TimeUS,CGpN,CGpE,CGpD,CGpe,PGpN,PGpE,PGpD,PGpe
 77703906, 0, 0, 0, 2.5, 0, 0, 0, 0
 77806365, 0, 0, 0, 2.5, 0, 0, 0, 2.5
 78006285, 0, 0, 0, 2.5, 0, 0, 0, 2.5
 78206205, 0, 0, 0, 2.5, 0, 0, 0, 2.5
 78406125, 0, 0, 0, 2.5, 0, 0, 0, 2.5
 78606045, 0, 0, 0, 2.5, 0, 0, 0, 2.5
 78805965, 0, 0, 0, 2.5, 0, 0, 0, 2.5
 79005885, 0, 0, 0, 2.5, 0, 0, 0, 2.5
 79205805, 0, 0, 0, 2.5, 0, 0, 0, 2.5
 79406558, 0, 0, 0, 2.5, 0, 0, 0, 2.5
 79606478, 0, 0, 0, 2.5, 0, 0, 0, 2.5
 79806398, 0, 0, 0, 2.5, 0, 0, 0, 2.5
 80006318, 0, 0, 0, 2.5, 0, 0, 0, 2.5
 80206238, 0, 0, 0, 2.5, 0, 0, 0, 2.5
 80406158, 0, 0, 0, 2.5, 0, 0, 0, 2.5
 80606078, 0, 0, 0, 2.5, 0, 0, 0, 2.5
 80805998, 0, 0, 0, 2.5, 0, 0, 0, 2.5
 81005918, 0, 0, 0, 2.5, 0, 0, 0, 2.5
 81205838, 0, 0, 0, 2.5, 0, 0, 0, 2.5
 81406591, 0, 0, 0, 2.5, 0, 0, 0, 2.5
 81606511, 0, 0, 0, 2.5, 0, 0, 0, 2.5
 81806431, 0, 0, 0, 2.5, 0, 0, 0, 2.5
 82006351, 0, 0, 0, 2.5, 0, 0, 0, 2.5
 82206271, 0, 0, 0, 2.5, 0, 0, 0, 2.5
 82406191, 0, 0, 0, 2.5, 0, 0, 0, 2.5
 82606111, 0, 0, 0, 2.5, 0, 0, 0, 2.5
 82806031, 0, 0, 0, 2.5, 0, 0, 0, 2.5
 83005951, 0, 0, 0, 2.5, 0, 0, 0, 2.5
 83205871, 0, 0, 0, 2.5, 0, 0, 0, 2.5
 83405791, 0, 0, 0, 2.5, 0, 0, 0, 2.5
 83606544, 0, 0, 0, 2.5, 0, 0, 0, 2.5
 83806464, 0, 0, 0, 2.5, 0, 0, 0, 2.5
 84006384, 0, 0, 0, 2.5, 0, 0, 0, 2.5
 84206304, 0, 0, 0, 2.5, 0, 0, 0, 2.5
 84406224, 0, 0, 0, 2.5, 0, 0, 0, 2.5
 84606144, 0, 0, 0, 2.5, 0, 0, 0, 2.5
 84806064, 0, 0, 0, 2.5, 0, 0, 0, 2.5
 85005984, 0, 0, 0, 2.5, 0, 0, 0, 2.5
 85205904, 0, 0, 0, 2.5, 0, 0, 0, 2.5
 85405824, 0, 0, 0, 2.5, 0, 0, 0, 2.5
 85606577, 0, 0, 0, 2.5, 0, 0, 0, 2.5
 85806497, 0, 0, 0, 2.5, 0, 0, 0, 2.5
 86006417, 0, 0, 0, 2.5, 0, 0, 0, 2.5
 86206337, 0, 0, 0, 2.5, 0, 0, 0, 2.5
 86406257, 0, 0, 0, 2.5, 0, 0, 0, 2.5
 86606177, 0, 0, 0, 2.5, 0, 0, 0, 2.5
 86806097, 0, 0, 0, 2.5, 0, 0, 0, 2.5
 87006017, 0, 0, 0, 2.5, 0, 0, 0, 2.5
 87205937, 0, 0, 0, 2.5, 0, 0, 0, 2.5
 87405857, 0, 0, 0, 2.5, 0, 0, 0, 2.5
 87605777, 0, 0, 0, 2.5, 0, 0, 0, 2.5
 87806530, 0, 0, 0, 2.5, 0, 0, 0, 2.5
 88006450, 0, 0, 0, 2.5, 0, 0, 0, 2.5
 88206370, 0, 0, 0, 2.5, 0, 0, 0, 2.5
 88406290, 0, 0, 0, 2.5, 0, 0, 0, 2.5
 88606210, 0, 0, 0, 2.5, 0, 0, 0, 2.5
 88806130, 0, 0, 0, 2.5, 0, 0, 0, 2.5
 89006050, 0, 0, 0, 2.5, 0, 0, 0, 2.5
 89205970, 0, 0, 0, 2.5, 0, 0, 0, 2.5
 89405890, 0, 0, 0, 2.5, 0, 0, 0, 2.5
 89605810, 0, 0, 0, 2.5, 0, 0, 0, 2.5
 89806563, 0, 0, 0, 2.5, 0, 0, 0, 2.5
 90006483, 0, 0, 0, 2.5, 0, 0, 0, 2.5
 90206403, 0, 0, 0, 2.5, 0, 0, 0, 2.5
 90406323, 0, 0, 0, 2.5, 0, 0, 0, 2.5
 90606243, 0, 0, 0, 2.5, 0, 0, 0, 2.5
 90806163, 0, 0, 0, 2.5, 0, 0, 0, 2.5
 91006083, 0, 0, 0, 2.5, 0, 0, 0, 2.5
 91206003, 0, 0, 0, 2.5, 0, 0, 0, 2.5
 91405923, 0, 0, 0, 2.5, 0, 0, 0, 2.5
 91605843, 0, 0, 0, 2.5, 0, 0, 0, 2.5
 91805763, 0, 0, 0, 2.5, 0, 0, 0, 2.5
 92006516, 0, 0, 0, 2.5, 0, 0, 0, 2.5
 92206436, 0, 0, 0, 2.5, 0, 0, 0, 2.5
 92406356, 0, 0, 0, 2.5, 0, 0, 0, 2.5
 92606276, 0, 0, 0, 2.5, 0, 0, 0, 2.5
 92806196, 0, 0, 0, 2.5, 0, 0, 0, 2.5
 93006116, 0, 0, 0, 2.5, 0, 0, 0, 2.5
 93206036, 0, 0, 0, 2.5, 0, 0, 0, 2.5
 93405956, 0, 0, 0, 2.5, 0, 0, 0, 2.5
 93605876, 0, 0, 0, 2.5, 0, 0, 0, 2.5
 93805796, 0, 0, 0, 2.5, 0, 0, 0, 2.5
 94006549, 0, 0, 0, 2.5, 0, 0, 0, 2.5
 94206469, 0, 0, 0, 2.5, 0, 0, 0, 2.5
 94406389, 0, 0, 0, 2.5, 0, 0, 0, 2.5
 94606309, 0, 0, 0, 2.5, 0, 0, 0, 2.5
 94806229, 0, 0, 0, 2.5, 0, 0, 0, 2.5
 95006149, 0, 0, 0, 2.5, 0, 0, 0, 2.5
 95206069, 0, 0, 0, 2.5, 0, 0, 0, 2.5
 95405989, 0, 0, 0, 2.5, 0, 0, 0, 2.5
 95605909, 0, 0, 0, 2.5, 0, 0, 0, 2.5
 95805829, 0, 0, 0, 2.5, 0, 0, 0, 2.5
 96006582, 0, 0, 0, 2.5, 0, 0, 0, 2.5
 96206502, 0, 0, 0, 2.5, 0, 0, 0, 2.5
 96406422, 0, 0, 0, 2.5, 0, 0, 0, 2.5
 96606342, 0, 0, 0, 2.5, 0, 0, 0, 2.5
 96806262, 0, 0, 0, 2.5, 0, 0, 0, 2.5
 97006182, 0, 0, 0, 2.5, 0, 0, 0, 2.5
 97206102, 0, 0, 0, 2.5, 0, 0, 0, 2.5
 97406022, 0, 0, 0, 2.5, 0, 0, 0, 2.5
 97605942, 0, 0, 0, 2.5, 0, 0, 0, 2.5
 97805862, 0, 0, 0, 2.5, 0, 0, 0, 2.5
 98005782, 0, 0, 0, 2.5, 0, 0, 0, 2.5
 98206535, 0, 0, 0, 2.5, 0, 0, 0, 2.5
 98406455, 0, 0, 0, 2.5, 0, 0, 0, 2.5
 98606375, 0, 0, 0, 2.5, 0, 0, 0, 2.5
 98806295, 0, 0, 0, 2.5, 0, 0, 0, 2.5
 99006215, 0, 0, 0, 2.5, 0, 0, 0, 2.5
 99206135, 0, 0, 0, 2.5, 0, 0, 0, 2.5
 99406055, 0, 0, 0, 2.5, 0, 0, 0, 2.5
 99605975, 0, 0, 0, 2.5, 0, 0, 0, 2.5
 99805895, 0, 0, 0, 2.5, 0, 0, 0, 2.5
 100005815, 0, 0, 0, 2.5, 0, 0, 0, 2.5
 100206568, 0, 0, 0, 2.5, 0, 0, 0, 2.5
 100406488, 0, 0, 0, 2.5, 0, 0, 0, 2.5
 100606408, 0, 0, 0, 2.5, 0, 0, 0, 2.5
 100806328, 0, 0, 0, 2.5, 0, 0, 0, 2.5
 101006248, 0, 0, 0, 2.5, 0, 0, 0, 2.5
 101206168, 0, 0, 0, 2.5, 0, 0, 0, 2.5
 101406088, 0, 0, 0, 2.5, 0, 0, 0, 2.5
 101606008, 0, 0, 0, 2.5, 0, 0, 0, 2.5
 101805928, 0, 0, 0, 2.5, 0, 0, 0, 2.5
 102005848, 0, 0, 0, 2.5, 0, 0, 0, 2.5
 102205768, 0, 0, 0, 2.5, 0, 0, 0, 2.5
 102406521, 0, 0, 0, 2.5, 0, 0, 0, 2.5
 102606441, 0, 0, 0, 2.5, 0, 0, 0, 2.5
 102806361, 0, 0, 0, 2.5, 0, 0, 0, 2.5
 103006281, 0, 0, 0, 2.5, 0, 0, 0, 2.5
 103206201, 0, 0, 0, 2.5, 0, 0, 0, 2.5
 103406121, 0, 0, 0, 2.5, 0, 0, 0, 2.5
 103606041, 0, 0, 0, 2.5, 0, 0, 0, 2.5
 103805961, 0, 0, 0, 2.5, 0, 0, 0, 2.5
 104005881, 0, 0, 0, 2.5, 0, 0, 0, 2.5
 104205801, 0, 0, 0, 2.5, 0, 0, 0, 2.5
 104406554, 0, 0, 0, 2.5, 0, 0, 0, 2.5
 104606474, 0, 0, 0, 2.5, 0, 0, 0, 2.5
 104806394, 0, 0, 0, 2.5, 0, 0, 0, 2.5
 105006314, 0, 0, 0, 2.5, 0, 0, 0, 2.5
 105206234, 0, 0, 0, 2.5, 0, 0, 0, 2.5
 105406154, 0, 0, 0, 2.5, 0, 0, 0, 2.5
 105606074, 0, 0, 0, 2.5, 0, 0, 0, 2.5
 105805994, 0, 0, 0, 2.5, 0, 0, 0, 2.5
 106005914, 0, 0, 0, 2.5, 0, 0, 0, 2.5
 106205834, 0, 0, 0, 2.5, 0, 0, 0, 2.5
 106406587, 0, 0, 0, 2.5, 0, 0, 0, 2.5
 106606507, 0, 0, 0, 2.5, 0, 0, 0, 2.5
 106806427, 0, 0, 0, 2.5, 0, 0, 0, 2.5
 107006347, 0, 0, 0, 2.5, 0, 0, 0, 2.5
 107206267, 0, 0, 0, 2.5, 0, 0, 0, 2.5
 107406187, 0, 0, 0, 2.5, 0, 0, 0, 2.5
 107606107, 0, 0, 0, 2.5, 0, 0, 0, 2.5
 107806027, 0, 0, 0, 2.5, 0, 0, 0, 2.5
 108005947, 0, 0, 0, 2.5, 0, 0, 0, 2.5
 108205867, 0, 0, 0, 2.5, 0, 0, 0, 2.5
 108405787, 0, 0, 0, 2.5, 0, 0, 0, 2.5
 108606540, 0, 0, 0, 2.5, 0, 0, 0, 2.5
 108806460, 0, 0, 0, 2.5, 0, 0, 0, 2.5
 109006380, 0, 0, 0, 2.5, 0, 0, 0, 2.5
 109206300, 0, 0, 0, 2.5, 0, 0, 0, 2.5
 109406220, 0, 0, 0, 2.5, 0, 0, 0, 2.5
 109606140, 0, 0, 0, 2.5, 0, 0, 0, 2.5
 109806060, 0, 0, 0, 2.5, 0, 0, 0, 2.5
 110005980, 0, 0, 0, 2.5, 0, 0, 0, 2.5
 110205900, 0, 0, 0, 2.5, 0, 0, 0, 2.5
 110405820, 0, 0, 0, 2.5, 0, 0, 0, 2.5
 110606573, 0, 0, 0, 2.5, 0, 0, 0, 2.5
 110806493, 0, 0, 0, 2.5, 0, 0, 0, 2.5
 111006413, 0, 0, 0, 2.5, 0, 0, 0, 2.5
 111206333, 0, 0, 0, 2.5, 0, 0, 0, 2.5
 111406253, 0, 0, 0, 2.5, 0, 0, 0, 2.5
 111606173, 0, 0, 0, 2.5, 0, 0, 0, 2.5
 111806093, 0, 0, 0, 2.5, 0, 0, 0, 2.5
 112006013, 0, 0, 0, 2.5, 0, 0, 0, 2.5
 112205933, 0, 0, 0, 2.5, 0, 0, 0, 2.5
 112405853, 0, 0, 0, 2.5, 0, 0, 0, 2.5
 112605773, 0, 0, 0, 2.5, 0, 0, 0, 2.5
 112806526, 0, 0, 0, 2.5, 0, 0, 0, 2.5
 113006446, 0, 0, 0, 2.5, 0, 0, 0, 2.5
 113206366, 0, 0, 0, 2.5, 0, 0, 0, 2.5
 113406286, 0, 0, 0, 2.5, 0, 0, 0, 2.5
 113606206, 0, 0, 0, 2.5, 0, 0, 0, 2.5
 113806126, 0, 0, 0, 2.5, 0, 0, 0, 2.5
 114006046, 0, 0, 0, 2.5, 0, 0, 0, 2.5
 114205966, 0, 0, 0, 2.5, 0, 0, 0, 2.5
 114405886, 0, 0, 0, 2.5, 0, 0, 0, 2.5
 114605806, 0, 0, 0, 2.5, 0, 0, 0, 2.5
 114806559, 0, 0, 0, 2.5, 0, 0, 0, 2.5
 115006479, 0, 0, 0, 2.5, 0, 0, 0, 2.5
 115206399, 0, 0, 0, 2.5, 0, 0, 0, 2.5
 115406319, 0, 0, 0, 2.5, 0, 0, 0, 2.5
 115606239, 0, 0, 0, 2.5, 0, 0, 0, 2.5
 115806159, 0, 0, 0, 2.5, 0, 0, 0, 2.5
 116006079, 0, 0, 0, 2.5, 0, 0, 0, 2.5
 116205999, 0, 0, 0, 2.5, 0, 0, 0, 2.5
 116405919, 0, 0, 0, 2.5, 0, 0, 0, 2.5
 116605839, 0, 0, 0, 2.5, 0, 0, 0, 2.5
 116806592, 0, 0, 0, 2.5, 0, 0, 0, 2.5
 117006512, 0, 0, 0, 2.5, 0, 0, 0, 2.5
 117206432, 0, 0, 0, 2.5, 0, 0, 0, 2.5
 117406352, 0, 0, 0, 2.5, 0, 0, 0, 2.5
 117606272, 0, 0, 0, 2.5, 0, 0, 0, 2.5
 117806192, 0, 0, 0, 2.5, 0, 0, 0, 2.5
 118006112, 0, 0, 0, 2.5, 0, 0, 0, 2.5
 118206032, 0, 0, 0, 2.5, 0, 0, 0, 2.5
 118405952, 0, 0, 0, 2.5, 0, 0, 0, 2.5
 118605872, 0, 0, 0, 2.5, 0, 0, 0, 2.5
 118805792, 0, 0, 0, 2.5, 0, 0, 0, 2.5
 119006545, 0, 0, 0, 2.5, 0, 0, 0, 2.5
 119206465, 0, 0, 0, 2.5, 0, 0, 0, 2.5
 119406385, 0, 0, 0, 2.5, 0, 0, 0, 2.5
 119606305, 0, 0, 0, 2.5, 0, 0, 0, 2.5
 119806225, 0, 0, 0, 2.5, 0, 0, 0, 2.5
 120006145, 0, 0, 0, 2.5, 0, 0, 0, 2.5
 120206065, 0, 0, 0, 2.5, 0, 0, 0, 2.5
 120405985, 0, 0, 0, 2.5, 0, 0, 0, 2.5
 120605905, 0, 0, 0, 2.5, 0, 0, 0, 2.5
 120805825, 0, 0, 0, 2.5, 0, 0, 0, 2.5
 121006578, 0, 0, 0, 2.5, 0, 0, 0, 2.5
 121206498, 0, 0, 0, 2.5, 0, 0, 0, 2.5
 121406418, 0, 0, 0, 2.5, 0, 0, 0, 2.5
 121606338, 0, 0, 0, 2.5, 0, 0, 0, 2.5
 121806258, 0, 0, 0, 2.5, 0, 0, 0, 2.5
 122006178, 0, 0, 0, 2.5, 0, 0, 0, 2.5
 122206098, 0, 0, 0, 2.5, 0, 0, 0, 2.5
 122406018, 0, 0, 0, 2.5, 0, 0, 0, 2.5
 122605938, 0, 0, 0, 2.5, 0, 0, 0, 2.5
 122805858, 0, 0, 0, 2.5, 0, 0, 0, 2.5
 123005778, 0, 0, 0, 2.5, 0, 0, 0, 2.5
 123206531, 0, 0, 0, 2.5, 0, 0, 0, 2.5
 123406451, 0, 0, 0, 2.5, 0, 0, 0, 2.5
 123606371, 0, 0, 0, 2.5, 0, 0, 0, 2.5
 123806291, 0, 0, 0, 2.5, 0, 0, 0, 2.5
 124006211, 0, 0, 0, 2.5, 0, 0, 0, 2.5
 124206131, 0, 0, 0, 2.5, 0, 0, 0, 2.5
 124406051, 0, 0, 0, 2.5, 0, 0, 0, 2.5
 124605971, 0, 0, 0, 2.5, 0, 0, 0, 2.5
 124805891, 0, 0, 0, 2.5, 0, 0, 0, 2.5
 125005811, 0, 0, 0, 2.5, 0, 0, 0, 2.5
 125206564, 0, 0, 0, 2.5, 0, 0, 0, 2.5
 125406484, 0, 0, 0, 2.5, 0, 0, 0, 2.5
 125606404, 0, 0, 0, 2.5, 0, 0, 0, 2.5
 125806324, 0, 0, 0, 2.5, 0, 0, 0, 2.5
 126006244, 0, 0, 0, 2.5, 0, 0, 0, 2.5
 126206164, 0, 0, 0, 2.5, 0, 0, 0, 2.5
 126406084, 0, 0, 0, 2.5, 0, 0, 0, 2.5
 126606004, 0, 0, 0, 2.5, 0, 0, 0, 2.5
 126805924, 0, 0, 0, 2.5, 0, 0, 0, 2.5
 127005844, 0, 0, 0, 2.5, 0, 0, 0, 2.5
 127205764, 0, 0, 0, 2.5, 0, 0, 0, 2.5
 127406517, 0, 0, 0, 2.5, 0, 0, 0, 2.5
 127606437, 0, 0, 0, 2.5, 0, 0, 0, 2.5
 127806357, 0, 0, 0, 2.5, 0, 0, 0, 2.5
 128006277, 0, 0, 0, 2.5, 0, 0, 0, 2.5
 128206197, 0, 0, 0, 2.5, 0, 0, 0, 2.5
 128406117, 0, 0, 0, 2.5, 0, 0, 0, 2.5
 128606037, 0, 0, 0, 2.5, 0, 0, 0, 2.5
 128805957, 0, 0, 0, 2.5, 0, 0, 0, 2.5
 129005877, 0, 0, 0, 2.5, 0, 0, 0, 2.5
 129205797, 0, 0, 0, 2.5, 0, 0, 0, 2.5
 129406550, 0, 0, 0, 2.5, 0, 0, 0, 2.5
 129606470, 0, 0, 0, 2.5, 0, 0, 0, 2.5
 129806390, 0, 0, 0, 2.5, 0, 0, 0, 2.5
 130006310, 0, 0, 0, 2.5, 0, 0, 0, 2.5
 130206230, 0, 0, 0, 2.5, 0, 0, 0, 2.5
 130406150, 0, 0, 0, 2.5, 0, 0, 0, 2.5
 130606070, 0, 0, 0, 2.5, 0, 0, 0, 2.5
 130805990, 0, 0, 0, 2.5, 0, 0, 0, 2.5
 131005910, 0, 0, 0, 2.5, 0, 0, 0, 2.5
 131205830, 0, 0, 0, 2.5, 0, 0, 0, 2.5
 131406583, 0, 0, 0, 2.5, 0, 0, 0, 2.5
 131606503, 0, 0, 0, 2.5, 0, 0, 0, 2.5
 131806423, 0, 0, 0, 2.5, 0, 0, 0, 2.5
 132006343, 0, 0, 0, 2.5, 0, 0, 0, 2.5
 132206263, 0, 0, 0, 2.5, 0, 0, 0, 2.5
 132406183, 0, 0, 0, 2.5, 0, 0, 0, 2.5
 132606103, 0, 0, 0, 2.5, 0, 0, 0, 2.5
 132806023, 0, 0, 0, 2.5, 0, 0, 0, 2.5
 133005943, 0, 0, 0, 2.5, 0, 0, 0, 2.5
 133205863, 0, 0, 0, 2.5, 0, 0, 0, 2.5
 133405783, 0, 0, 0, 2.5, 0, 0, 0, 2.5
 133606536, 0, 0, 0, 2.5, 0, 0, 0, 2.5
 133806456, 0, 0, 0, 2.5, 0, 0, 0, 2.5
 134006376, 0, 0, 0, 2.5, 0, 0, 0, 2.5
 134206296, 0, 0, 0, 2.5, 0, 0, 0, 2.5
 134406216, 0, 0, 0, 2.5, 0, 0, 0, 2.5
 134606136, 0, 0, 0, 2.5, 0, 0, 0, 2.5
 134806056, 0, 0, 0, 2.5, 0, 0, 0, 2.5
 135005976, 0, 0, 0, 2.5, 0, 0, 0, 2.5
 135205896, 0, 0, 0, 2.5, 0, 0, 0, 2.5
 135405816, 0, 0, 0, 2.5, 0, 0, 0, 2.5
 135606569, 0, 0, 0, 2.5, 0, 0, 0, 2.5
 135806489, 0, 0, 0, 2.5, 0, 0, 0, 2.5
 136006409, 0, 0, 0, 2.5, 0, 0, 0, 2.5
 136206329, 0, 0, 0, 2.5, 0, 0, 0, 2.5
 136406249, 0, 0, 0, 2.5, 0, 0, 0, 2.5
 136606169, 0, 0, 0, 2.5, 0, 0, 0, 2.5
 136806089, 0, 0, 0, 2.5, 0, 0, 0, 2.5
 137006009, 0, 0, 0, 2.5, 0, 0, 0, 2.5
 137205929, 0, 0, 0, 2.5, 0, 0, 0, 2.5
 137405849, 0, 0, 0, 2.5, 0, 0, 0, 2.5
 137605769, 0, 0, 0, 2.5, 0, 0, 0, 2.5
 137806522, 0, 0, 0, 2.5, 0, 0, 0, 2.5
 138006442, 0, 0, 0, 2.5, 0, 0, 0, 2.5
 138206362, 0, 0, 0, 2.5, 0, 0, 0, 2.5
 138406282, 0, 0, 0, 2.5, 0, 0, 0, 2.5
 138606202, 0, 0, 0, 2.5, 0, 0, 0, 2.5
 138806122, 0, 0, 0, 2.5, 0, 0, 0, 2.5
 139006042, 0, 0, 0, 2.5, 0, 0, 0, 2.5
 139205962, 0, 0, 0, 2.5, 0, 0, 0, 2.5
 139405882, 0, 0, 0, 2.5, 0, 0, 0, 2.5
 139605802, 0, 0, 0, 2.5, 0, 0, 0, 2.5
 139806555, 0, 0, 0, 2.5, 0, 0, 0, 2.5
 140006475, 0, 0, 0, 2.5, 0, 0, 0, 2.5
 140206395, 0, 0, 0, 2.5, 0, 0, 0, 2.5
 140406315, 0, 0, 0, 2.5, 0, 0, 0, 2.5
 140606235, 0, 0, 0, 2.5, 0, 0, 0, 2.5
 140806155, 0, 0, 0, 2.5, 0, 0, 0, 2.5
 141006075, 0, 0, 0, 2.5, 0, 0, 0, 2.5
 141205995, 0, 0, 0, 2.5, 0, 0, 0, 2.5
 141405915, 0, 0, 0, 2.5, 0, 0, 0, 2.5
 141605835, 0, 0, 0, 2.5, 0, 0, 0, 2.5
 141806588, 0, 0, 0, 2.5, 0, 0, 0, 2.5
 142006508, 0, 0, 0, 2.5, 0, 0, 0, 2.5
 142206428, 0, 0, 0, 2.5, 0, 0, 0, 2.5
 142406348, 0, 0, 0, 2.5, 0, 0, 0, 2.5
 142606268, 0, 0, 0, 2.5, 0, 0, 0, 2.5
 142806188, 0, 0, 0, 2.5, 0, 0, 0, 2.5
 143006108, 0, 0, 0, 2.5, 0, 0, 0, 2.5
 143206028, 0, 0, 0, 2.5, 0, 0, 0, 2.5
 143405948, 0, 0, 0, 2.5, 0, 0, 0, 2.5
 143605868, 0, 0, 0, 2.5, 0, 0, 0, 2.5
 143805788, 0, 0, 0, 2.5, 0, 0, 0, 2.5
 144006541, 0, 0, 0, 2.5, 0, 0, 0, 2.5
 144206461, 0, 0, 0, 2.5, 0, 0, 0, 2.5
 144406381, 0, 0, 0, 2.5, 0, 0, 0, 2.5
 144606301, 0, 0, 0, 2.5, 0, 0, 0, 2.5
 144806221, 0, 0, 0, 2.5, 0, 0, 0, 2.5
 145006141, 0, 0, 0, 2.5, 0, 0, 0, 2.5
 145206061, 0, 0, 0, 2.5, 0, 0, 0, 2.5
 145405981, 0, 0, -0.038, 2.5, 0, 0, 0, 2.5
 145605901, 0, 0, -0.68, 2.5, 0, 0, -0.038, 2.5
 145805821, -0.002, -0.002, -1.651, 2.5, 0, 0, -0.68, 2.5
 146006574, -0.012, -0.009000001, -3.108, 2.5, -0.002, -0.002, -1.651, 2.5
 146206494, -0.024, -0.019, -3.901, 2.5, -0.012, -0.009000001, -3.108, 2.5
 146406414, -0.036, -0.029, -4.565, 2.5, -0.024, -0.019, -3.901, 2.5
 146606334, -0.048, -0.039, -5.204, 2.5, -0.036, -0.029, -4.565, 2.5
 146806254, -0.058, -0.048, -5.743001, 2.5, -0.048, -0.039, -5.204, 2.5
 147006174, -0.067, -0.055, -6.188, 2.5, -0.058, -0.048, -5.743001, 2.5
 147206094, -0.074, -0.062, -6.56, 2.5, -0.067, -0.055, -6.188, 2.5
 147406014, -0.08000001, -0.068, -6.869, 2.5, -0.074, -0.062, -6.56, 2.5
 147605934, -0.085, -0.07300001, -7.123, 2.5, -0.08000001, -0.068, -6.869, 2.5
 147805854, -0.09, -0.07700001, -7.331, 2.5, -0.085, -0.07300001, -7.123, 2.5
 148005774, -0.093, -0.081, -7.5, 2.5, -0.09, -0.07700001, -7.331, 2.5
 148206527, -0.096, -0.08400001, -7.638, 2.5, -0.093, -0.081, -7.5, 2.5
 148406447, -0.09900001, -0.087, -7.746, 2.5, -0.096, -0.08400001, -7.638, 2.5
 148606367, -0.103, -0.089, -7.829, 2.5, -0.09900001, -0.087, -7.746, 2.5
 148806287, -0.107, -0.09, -7.896, 2.5, -0.103, -0.089, -7.829, 2.5
 149006207, -0.11, -0.09100001, -7.95, 2.5, -0.107, -0.09, -7.896, 2.5
 149206127, -0.113, -0.093, -7.993001, 2.5, -0.11, -0.09100001, -7.95, 2.5
 149406047, -0.116, -0.09500001, -8.024, 2.5, -0.113, -0.093, -7.993001, 2.5
 149605967, -0.119, -0.097, -7.652, 2.5, -0.116, -0.09500001, -8.024, 2.5
 149805887, -0.12, -0.098, -7.016, 2.5, -0.119, -0.097, -7.652, 2.5
 150005807, -0.121, -0.09900001, -6.491, 2.5, -0.12, -0.098, -7.016, 2.5
 150206560, -0.123, -0.101, -6.05, 2.5, -0.121, -0.09900001, -6.491, 2.5
 150406480, -0.11, -0.102, -5.727, 2.5, -0.123, -0.101, -6.05, 2.5
 150606400, -0.067, -0.104, -5.309, 2.5, -0.11, -0.102, -5.727, 2.5
 150806320, -0.035, -0.072, -4.694, 2.5, -0.067, -0.104, -5.309, 2.5
 151006240, -0.011, -0.036, -3.942, 2.5, -0.035, -0.072, -4.694, 2.5
 151206160, 0.012, -0.017, -3.221, 2.5, -0.011, -0.036, -3.942, 2.5
 151406080, 0.035, -0.002, -2.58, 2.5, 0.012, -0.017, -3.221, 2.5
 151606000, 0.058, 0.035, -2.039, 2.5, 0.035, -0.002, -2.58, 2.5
 151805920, 0.086, 0.07700001, -1.641, 2.5, 0.058, 0.035, -2.039, 2.5
 152005840, 0.109, 0.1, -1.405, 2.5, 0.086, 0.07700001, -1.641, 2.5
 152205760, 0.126, 0.085, -1.234, 2.5, 0.109, 0.1, -1.405, 2.5
 152406513, 0.135, 0.052, -1.093, 2.5, 0.126, 0.085, -1.234, 2.5
 152606433, 0.168, 0.026, -0.961, 2.5, 0.135, 0.052, -1.093, 2.5
 152806353, 0.203, 0.005, -0.827, 2.5, 0.168, 0.026, -0.961, 2.5
 153006273, 0.245, -0.007, -0.683, 2.5, 0.203, 0.005, -0.827, 2.5
 153206193, 0.28, 0.003, -0.528, 2.5, 0.245, -0.007, -0.683, 2.5
 153406113, 0.3, 0, -0.363, 2.5, 0.28, 0.003, -0.528, 2.5
 153606033, 0.286, -0.026, -0.188, 2.5, 0.3, 0, -0.363, 2.5
 153805953, 0.252, -0.059, -0.007, 2.5, 0.286, -0.026, -0.188, 2.5
 154005873, 0.213, -0.086, 0.131, 2.5, 0.252, -0.059, -0.007, 2.5
 154205793, 0.185, -0.089, 0.186, 2.5, 0.213, -0.086, 0.131, 2.5
 154406546, 0.162, -0.075, 0.189, 2.5, 0.185, -0.089, 0.186, 2.5
 154606466, 0.136, -0.072, 0.166, 2.5, 0.162, -0.075, 0.189, 2.5
 154806386, 0.134, -0.046, 0.133, 2.5, 0.136, -0.072, 0.166, 2.5
 155006306, 0.116, -0.022, 0.098, 2.5, 0.134, -0.046, 0.133, 2.5
 155206226, 0.08400001, 0.028, 0.067, 2.5, 0.116, -0.022, 0.098, 2.5
 155406146, 0.03, 0.101, 0.043, 2.5, 0.08400001, 0.028, 0.067, 2.5
 155606066, -0.018, 0.167, 0.024, 2.5, 0.03, 0.101, 0.043, 2.5
 155805986, -0.07, 0.242, 0.011, 2.5, -0.018, 0.167, 0.024, 2.5
 156005906, -0.128, 0.282, 0.003, 2.5, -0.07, 0.242, 0.011, 2.5
 156205826, -0.161, 0.284, -0.002, 2.5, -0.128, 0.282, 0.003, 2.5
 156406579, -0.188, 0.296, -0.005, 2.5, -0.161, 0.284, -0.002, 2.5
 156606499, -0.197, 0.303, -0.008, 2.5, -0.188, 0.296, -0.005, 2.5
 156806419, -0.193, 0.286, -0.011, 2.5, -0.197, 0.303, -0.008, 2.5
 157006339, -0.182, 0.214, -0.013, 2.5, -0.193, 0.286, -0.011, 2.5
 157206259, 0, 14.47784, -0.014, 2.5, -0.182, 0.214, -0.013, 2.5
 157406179, 0, 2.092651, -0.016, 2.5, 0, 14.47784, -0.014, 2.5
 157606099, 0, 14.4847, -0.017, 2.5, 0, 2.092651, -0.016, 2.5
 157806019, 0, 2.030995, -0.014, 2.5, 0, 14.4847, -0.017, 2.5
 158005939, 0, 14.29991, -0.008, 2.5, 0, 2.030995, -0.014, 2.5
 158205859, 0, 1.949169, -0.004, 2.5, 0, 14.29991, -0.008, 2.5
 158405779, 0, 14.51721, 0.004, 2.5, 0, 1.949169, -0.004, 2.5
 158606532, 0, 1.971308, 0.012, 2.5, 0, 14.51721, 0.004, 2.5
 158806452, 0, 14.16036, 0.027, 2.5, 0, 1.971308, 0.012, 2.5
 159006372, 0, 2.270717, 0.042, 2.5, 0, 14.16036, 0.027, 2.5
 159206292, 0, 14.12074, 0.071, 2.5, 0, 2.270717, 0.042, 2.5
 159406212, 0, 2.069507, 0.089, 2.5, 0, 14.12074, 0.071, 2.5
 159606132, 0, 13.93816, 0.106, 2.5, 0, 2.069507, 0.089, 2.5
 159806052, 0, 2.13866, 0.117, 2.5, 0, 13.93816, 0.106, 2.5
 160005972, 0, 13.97146, 0.118, 2.5, 0, 2.13866, 0.117, 2.5
 160205892, 0, 2.144416, 0.111, 2.5, 0, 13.97146, 0.118, 2.5
 160405812, 0, 13.81155, 0.096, 2.5, 0, 2.144416, 0.111, 2.5
 160606565, 0, 2.079485, 0.074, 2.5, 0, 13.81155, 0.096, 2.5
 160806485, 0, 14.04887, 0.05, 2.5, 0, 2.079485, 0.074, 2.5
 161006405, 0, 1.953923, 0.024, 2.5, 0, 14.04887, 0.05, 2.5
 161206325, 0, 13.96285, 0.001, 2.5, 0, 1.953923, 0.024, 2.5
 161406245, 0, 3.626835, -0.014, 2.5, 0, 13.96285, 0.001, 2.5
 161606165, 0, 14.68236, 0.031, 2.5, 0, 3.626835, -0.014, 2.5
 161806085, 0, 2.699732, 0.07700001, 2.5, 0, 14.68236, 0.031, 2.5
 162006005, 0, 13.37067, 0.101, 2.5, 0, 2.699732, 0.07700001, 2.5
 162205925, 0, 2.402391, 0.108, 2.5, 0, 13.37067, 0.101, 2.5
 162405845, 0, 13.7829, 0.114, 2.5, 0, 2.402391, 0.108, 2.5
 162605765, 0, 2.413756, 0.109, 2.5, 0, 13.7829, 0.114, 2.5
 162806518, 0, 13.75854, 0.098, 2.5, 0, 2.413756, 0.109, 2.5
 163006438, 0, 2.193721, 0.07700001, 2.5, 0, 13.75854, 0.098, 2.5
 163206358, 0, 13.72736, 0.056, 2.5, 0, 2.193721, 0.07700001, 2.5
 163406278, 0, 2.038149, 0.027, 2.5, 0, 13.72736, 0.056, 2.5
 163606198, 0, 13.69095, 0.004, 2.5, 0, 2.038149, 0.027, 2.5
 163806118, 0, 2.283459, -0.024, 2.5, 0, 13.69095, 0.004, 2.5
 164006038, 0, 13.62932, -0.046, 2.5, 0, 2.283459, -0.024, 2.5
 164205958, 0, 2.800796, -0.071, 2.5, 0, 13.62932, -0.046, 2.5
 164405878, 0, 13.38765, -0.081, 2.5, 0, 2.800796, -0.071, 2.5
 164605798, 0, 3.455148, -0.097, 2.5, 0, 13.38765, -0.081, 2.5
 164806551, 0, 13.01885, -0.09200001, 2.5, 0, 3.455148, -0.097, 2.5
 165006471, 0, 4.355985, -0.09500001, 2.5, 0, 13.01885, -0.09200001, 2.5
 165206391, 0, 12.48087, -0.071, 2.5, 0, 4.355985, -0.09500001, 2.5
 165406311, 0, 4.609215, -0.071, 2.5, 0, 12.48087, -0.071, 2.5
 165606231, 0, 12.35164, -0.054, 2.5, 0, 4.609215, -0.071, 2.5
 165806151, 0, 4.432191, -0.045, 2.5, 0, 12.35164, -0.054, 2.5
 166006071, 0, 12.23618, -0.041, 2.5, 0, 4.432191, -0.045, 2.5
 166205991, 0, 4.464334, -0.041, 2.5, 0, 12.23618, -0.041, 2.5
 166405911, 0, 12.06441, -0.045, 2.5, 0, 4.464334, -0.041, 2.5
 166605831, 0, 4.484996, -0.053, 2.5, 0, 12.06441, -0.045, 2.5
 166806584, 0, 11.97302, -0.06500001, 2.5, 0, 4.484996, -0.053, 2.5
 167006504, 0, 4.496523, -0.082, 2.5, 0, 11.97302, -0.06500001, 2.5
 167206424, 0, 12.19175, -0.103, 2.5, 0, 4.496523, -0.082, 2.5
 167406344, 0, 4.67811, -0.127, 2.5, 0, 12.19175, -0.103, 2.5
 167606264, 0, 12.41029, -0.155, 2.5, 0, 4.67811, -0.127, 2.5
 167806184, 0, 4.880073, -0.189, 2.5, 0, 12.41029, -0.155, 2.5
 168006104, 0, 12.83459, -0.227, 2.5, 0, 4.880073, -0.189, 2.5
 168206024, 0, 5.730082, -0.27, 2.5, 0, 12.83459, -0.227, 2.5
 168405944, 0, 13.26676, -0.328, 2.5, 0, 5.730082, -0.27, 2.5
 168605864, 0, 5.822889, -0.388, 2.5, 0, 13.26676, -0.328, 2.5
 168805784, 0, 13.1016, -0.44, 2.5, 0, 5.822889, -0.388, 2.5
 169006537, 0, 5.55401, -0.482, 2.5, 0, 13.1016, -0.44, 2.5
 169206457, 0, 12.71572, -0.508, 2.5, 0, 5.55401, -0.482, 2.5
 169406377, 0, 5.16573, -0.524, 2.5, 0, 12.71572, -0.508, 2.5
 169606297, 0, 12.40138, -0.525, 2.5, 0, 5.16573, -0.524, 2.5
 169806217, 0, 5.13248, -0.522, 2.5, 0, 12.40138, -0.525, 2.5
 170006137, 0, 12.04821, -0.509, 2.5, 0, 5.13248, -0.522, 2.5
 170206057, 0, 5.151902, -0.498, 2.5, 0, 12.04821, -0.509, 2.5
 170405977, 0, 11.86418, -0.481, 2.5, 0, 5.151902, -0.498, 2.5
 170605897, 0, 5.080085, -0.471, 2.5, 0, 11.86418, -0.481, 2.5
 170805817, 0, 11.64871, -0.455, 2.5, 0, 5.080085, -0.471, 2.5
 171006570, 0, 5.078805, -0.448, 2.5, 0, 11.64871, -0.455, 2.5
 171206490, 0, 11.42393, -0.433, 2.5, 0, 5.078805, -0.448, 2.5
 171406410, 0, 5.366194, -0.425, 2.5, 0, 11.42393, -0.433, 2.5
 171606330, 0, 11.23156, -0.407, 2.5, 0, 5.366194, -0.425, 2.5
 171806250, 0, 5.507198, -0.396, 2.5, 0, 11.23156, -0.407, 2.5
 172006170, 0, 11.12772, -0.374, 2.5, 0, 5.507198, -0.396, 2.5
 172206090, 0, 5.60202, -0.359, 2.5, 0, 11.12772, -0.374, 2.5
 172406010, 0, 11.31503, -0.331, 2.5, 0, 5.60202, -0.359, 2.5
 172605930, 0, 5.627567, -0.312, 2.5, 0, 11.31503, -0.331, 2.5
 172805850, 0, 11.52605, -0.279, 2.5, 0, 5.627567, -0.312, 2.5
 173005770, 0, 5.724849, -0.254, 2.5, 0, 11.52605, -0.279, 2.5
 173206523, 0, 11.48882, -0.215, 2.5, 0, 5.724849, -0.254, 2.5
 173406443, 0, 5.40892, -0.193, 2.5, 0, 11.48882, -0.215, 2.5
 173606363, 0, 11.20548, -0.207, 2.5, 0, 5.40892, -0.193, 2.5
 173806283, 0, 13.41147, -0.238, 2.5, 0, 11.20548, -0.207, 2.5
 174006203, 0, 12.89977, -0.359, 2.5, 0, 13.41147, -0.238, 2.5
 174206123, 0, 14.08982, -0.693, 2.5, 0, 12.89977, -0.359, 2.5
 174406043, 0, 12.86267, -0.901, 2.5, 0, 14.08982, -0.693, 2.5
 174605963, 0, 13.78809, -1.032, 2.5, 0, 12.86267, -0.901, 2.5
 174805883, 0, 10.23263, -1.098, 2.5, 0, 13.78809, -1.032, 2.5
 175005803, 0, 13.29895, -1.078, 2.5, 0, 10.23263, -1.098, 2.5
 175206556, 0, 11.50615, -0.9860001, 2.5, 0, 13.29895, -1.078, 2.5
 175406476, 0, 11.19702, -0.92, 2.5, 0, 11.50615, -0.9860001, 2.5
 175606396, 0, 12.93549, -0.923, 2.5, 0, 11.19702, -0.92, 2.5
 175806316, 0, 9.82779, -0.987, 2.5, 0, 12.93549, -0.923, 2.5
 176006236, 0, 12.41866, -1.074, 2.5, 0, 9.82779, -0.987, 2.5
 176206156, 0, 9.699451, -1.084, 2.5, 0, 12.41866, -1.074, 2.5
 176406076, 0, 11.35224, -0.989, 2.5, 0, 9.699451, -1.084, 2.5
 176605996, 0, 10.68132, -0.854, 2.5, 0, 11.35224, -0.989, 2.5
 176805916, 0, 12.39104, -0.7500001, 2.5, 0, 10.68132, -0.854, 2.5
 177005836, 0, 8.867993, -0.6670001, 2.5, 0, 12.39104, -0.7500001, 2.5
 177206589, 0, 11.73905, -0.595, 2.5, 0, 8.867993, -0.6670001, 2.5
 177406509, 0, 11.49399, -0.548, 2.5, 0, 11.73905, -0.595, 2.5
 177606429, 0, 11.74374, -0.511, 2.5, 0, 11.49399, -0.548, 2.5
 177806349, 0, 11.42606, -0.492, 2.5, 0, 11.74374, -0.511, 2.5
 178006269, 0, 9.047197, -0.486, 2.5, 0, 11.42606, -0.492, 2.5
 178206189, 0, 11.03552, -0.386, 2.5, 0, 9.047197, -0.486, 2.5
 178406109, 0, 9.581566, -0.248, 2.5, 0, 11.03552, -0.386, 2.5
 178606029, 0, 12.75848, -0.093, 2.5, 0, 9.581566, -0.248, 2.5
 178805949, 0, 10.10945, 0.288, 2.5, 0, 12.75848, -0.093, 2.5
 179005869, 0, 10.94845, 0.742, 2.5, 0, 10.10945, 0.288, 2.5
 179205789, 0, 9.141083, 1.143, 2.5, 0, 10.94845, 0.742, 2.5
 179406542, 0, 11.46745, 1.493, 2.5, 0, 9.141083, 1.143, 2.5
 179606462, 0, 10.66076, 1.735, 2.5, 0, 11.46745, 1.493, 2.5
 179806382, 0, 10.30783, 1.859, 2.5, 0, 10.66076, 1.735, 2.5
 180006302, 0, 9.975426, 1.886, 2.5, 0, 10.30783, 1.859, 2.5
 180206222, 0, 9.999853, 1.844, 2.5, 0, 9.975426, 1.886, 2.5
 180406142, 0, 10.43009, 1.763, 2.5, 0, 9.999853, 1.844, 2.5
 180606062, 0, 12.69509, 1.667, 2.5, 0, 10.43009, 1.763, 2.5
 180805982, 0, 9.289007, 1.526, 2.5, 0, 12.69509, 1.667, 2.5
 181005902, 0, 10.57344, 1.377, 2.5, 0, 9.289007, 1.526, 2.5
 181205822, 0, 9.911695, 1.286, 2.5, 0, 10.57344, 1.377, 2.5
 181406575, 0, 10.56225, 1.2, 2.5, 0, 9.911695, 1.286, 2.5
 181606495, 0, 9.067438, 1.132, 2.5, 0, 10.56225, 1.2, 2.5
 181806415, 0, 10.5077, 1.103, 2.5, 0, 9.067438, 1.132, 2.5
 182006335, 0, 9.104553, 1.093, 2.5, 0, 10.5077, 1.103, 2.5
 182206255, 0, 10.59259, 1.098, 2.5, 0, 9.104553, 1.093, 2.5
 182406175, 0, 9.02853, 1.158, 2.5, 0, 10.59259, 1.098, 2.5
 182606095, 0, 10.54605, 1.211, 2.5, 0, 9.02853, 1.158, 2.5
 182806015, 0, 8.940432, 1.31, 2.5, 0, 10.54605, 1.211, 2.5
 183005935, 0, 10.54316, 1.458, 2.5, 0, 8.940432, 1.31, 2.5
 183205855, 0, 9.06166, 1.595, 2.5, 0, 10.54316, 1.458, 2.5
 183405775, 0, 10.45368, 1.717, 2.5, 0, 9.06166, 1.595, 2.5
 183606528, 0, 9.012353, 1.887, 2.5, 0, 10.45368, 1.717, 2.5
 183806448, 0, 10.46872, 2.042, 2.5, 0, 9.012353, 1.887, 2.5
 184006368, 0, 9.354748, 2.182, 2.5, 0, 10.46872, 2.042, 2.5
 184206288, 0, 10.29522, 2.266, 2.5, 0, 9.354748, 2.182, 2.5
 184406208, 0, 9.320269, 2.348, 2.5, 0, 10.29522, 2.266, 2.5
 184606128, 0, 9.996138, 2.431, 2.5, 0, 9.320269, 2.348, 2.5
 184806048, 0, 9.613249, 2.516, 2.5, 0, 9.996138, 2.431, 2.5
 185005968, 0, 9.800322, 2.538, 2.5, 0, 9.613249, 2.516, 2.5
 185205888, 0, 9.738578, 2.534, 2.5, 0, 9.800322, 2.538, 2.5
 185405808, 0, 9.631811, 2.551, 2.5, 0, 9.738578, 2.534, 2.5
 185606561, 0, 9.719154, 2.535, 2.5, 0, 9.631811, 2.551, 2.5
 185806481, 0, 9.49033, 2.503, 2.5, 0, 9.719154, 2.535, 2.5
 186006401, 0, 9.487591, 2.489, 2.5, 0, 9.49033, 2.503, 2.5
 186206321, 0, 9.523621, 2.459, 2.5, 0, 9.487591, 2.489, 2.5
 186406241, 0, 9.392353, 2.431, 2.5, 0, 9.523621, 2.459, 2.5
 186606161, 0, 9.359343, 2.399, 2.5, 0, 9.392353, 2.431, 2.5
 186806081, 0, 9.243692, 2.341, 2.5, 0, 9.359343, 2.399, 2.5
 187006001, 0, 9.374363, 2.301, 2.5, 0, 9.243692, 2.341, 2.5
 187205921, 0, 9.147513, 2.281, 2.5, 0, 9.374363, 2.301, 2.5
 187405841, 0, 9.329159, 2.242, 2.5, 0, 9.147513, 2.281, 2.5
 187605761, 0, 9.095482, 2.204, 2.5, 0, 9.329159, 2.242, 2.5
 187806514, 0, 9.164784, 2.193, 2.5, 0, 9.095482, 2.204, 2.5
 188006434, 0, 9.019515, 2.179, 2.5, 0, 9.164784, 2.193, 2.5
 188206354, 0, 9.053831, 2.159, 2.5, 0, 9.019515, 2.179, 2.5
 188406274, 0, 8.907413, 2.136, 2.5, 0, 9.053831, 2.159, 2.5
 188606194, 0, 9.001104, 2.122, 2.5, 0, 8.907413, 2.136, 2.5
 188806114, 0, 8.888852, 2.114, 2.5, 0, 9.001104, 2.122, 2.5
 189006034, 0, 8.845073, 2.1, 2.5, 0, 8.888852, 2.114, 2.5
 189205954, 0, 8.887529, 2.074, 2.5, 0, 8.845073, 2.1, 2.5
 189405874, 0, 8.746895, 2.056, 2.5, 0, 8.887529, 2.074, 2.5
 189605794, 0, 8.689087, 2.042, 2.5, 0, 8.746895, 2.056, 2.5
 189806547, 0, 8.62659, 2.022, 2.5, 0, 8.689087, 2.042, 2.5
 190006467, 0, 8.575142, 2, 2.5, 0, 8.62659, 2.022, 2.5
 190206387, 0, 8.693541, 1.978, 2.5, 0, 8.575142, 2, 2.5
 190406307, 0, 8.428893, 1.955, 2.5, 0, 8.693541, 1.978, 2.5
 190606227, 0, 8.610673, 1.931, 2.5, 0, 8.428893, 1.955, 2.5
 190806147, 0, 8.296966, 1.905, 2.5, 0, 8.610673, 1.931, 2.5
 191006067, 0, 8.585878, 1.88, 2.5, 0, 8.296966, 1.905, 2.5
 191205987, 0, 8.331873, 1.854, 2.5, 0, 8.585878, 1.88, 2.5
 191405907, 0, 8.375443, 1.825, 2.5, 0, 8.331873, 1.854, 2.5
 191605827, 0, 8.325898, 1.797, 2.5, 0, 8.375443, 1.825, 2.5
 191806580, 0, 8.297915, 1.766, 2.5, 0, 8.325898, 1.797, 2.5
 192006500, 0, 8.327219, 1.733, 2.5, 0, 8.297915, 1.766, 2.5
 192206420, 0, 8.171081, 1.701, 2.5, 0, 8.327219, 1.733, 2.5
 192406340, 0, 8.227817, 1.672, 2.5, 0, 8.171081, 1.701, 2.5
 192606260, 0, 7.992638, 1.644, 2.5, 0, 8.227817, 1.672, 2.5
 192806180, 0, 8.12485, 1.615, 2.5, 0, 7.992638, 1.644, 2.5
 193006100, 0, 7.927814, 1.586, 2.5, 0, 8.12485, 1.615, 2.5
 193206020, 0, 8.052336, 1.555, 2.5, 0, 7.927814, 1.586, 2.5
 193405940, 0, 7.928527, 1.525, 2.5, 0, 8.052336, 1.555, 2.5
 193605860, 0, 7.988752, 1.496, 2.5, 0, 7.928527, 1.525, 2.5
 193805780, 0, 7.880703, 1.466, 2.5, 0, 7.988752, 1.496, 2.5
 194006533, 0, 7.897487, 1.439, 2.5, 0, 7.880703, 1.466, 2.5
 194206453, 0, 7.860384, 1.414, 2.5, 0, 7.897487, 1.439, 2.5
 194406373, 0, 7.710339, 1.39, 2.5, 0, 7.860384, 1.414, 2.5
 194606293, 0, 7.835807, 1.368, 2.5, 0, 7.710339, 1.39, 2.5
 194806213, 0, 7.570474, 1.348, 2.5, 0, 7.835807, 1.368, 2.5
 195006133, 0, 7.811045, 1.328, 2.5, 0, 7.570474, 1.348, 2.5
 195206053, 0, 7.484865, 1.309, 2.5, 0, 7.811045, 1.328, 2.5
 195405973, 0, 7.822381, 1.291, 2.5, 0, 7.484865, 1.309, 2.5
 195605893, 0, 7.407935, 1.276, 2.5, 0, 7.822381, 1.291, 2.5
 195805813, 0, 7.727336, 1.262, 2.5, 0, 7.407935, 1.276, 2.5
 196006566, 0, 7.408191, 1.249, 2.5, 0, 7.727336, 1.262, 2.5
 196206486, 0, 7.639639, 1.228, 2.5, 0, 7.408191, 1.249, 2.5
 196406406, 0, 7.393089, 1.17, 2.5, 0, 7.639639, 1.228, 2.5
 196606326, 0, 7.464094, 1.07, 2.5, 0, 7.393089, 1.17, 2.5
 196806246, 0, 7.35195, 0.929, 2.5, 0, 7.464094, 1.07, 2.5
 197006166, 0, 7.274889, 0.784, 2.5, 0, 7.35195, 0.929, 2.5
 197206086, 0, 7.34585, 0.68, 2.5, 0, 7.274889, 0.784, 2.5
 197406006, 0, 7.088917, 0.618, 2.5, 0, 7.34585, 0.68, 2.5
 197605926, 0, 7.332691, 0.578, 2.5, 0, 7.088917, 0.618, 2.5
 197805846, 0, 6.943781, 0.551, 2.5, 0, 7.332691, 0.578, 2.5
 198005766, 0, 7.373984, 0.531, 2.5, 0, 6.943781, 0.551, 2.5
 198206519, 0, 6.870025, 0.516, 2.5, 0, 7.373984, 0.531, 2.5
 198406439, 0, 7.420468, 0.505, 2.5, 0, 6.870025, 0.516, 2.5
 198606359, 0, 6.785061, 0.497, 2.5, 0, 7.420468, 0.505, 2.5
 198806279, 0, 7.348599, 0.475, 2.5, 0, 6.785061, 0.497, 2.5
 199006199, 0, 6.768682, 0.353, 2.5, 0, 7.348599, 0.475, 2.5
 199206119, 0, 7.252624, 0.162, 2.5, 0, 6.768682, 0.353, 2.5
 199406039, 0, 6.722837, -0.022, 2.5, 0, 7.252624, 0.162, 2.5
 199605959, 0, 7.283392, -0.166, 2.5, 0, 6.722837, -0.022, 2.5
 199805879, 0, 6.727216, -0.257, 2.5, 0, 7.283392, -0.166, 2.5
 200005799, 0, 7.463207, -0.3, 2.5, 0, 6.727216, -0.257, 2.5
 200206552, 0, 6.66484, -0.302, 2.5, 0, 7.463207, -0.3, 2.5
 200406472, 0, 7.591949, -0.27, 2.5, 0, 6.66484, -0.302, 2.5
 200606392, 0, 6.59377, -0.212, 2.5, 0, 7.591949, -0.27, 2.5
 200806312, 0, 7.58394, -0.136, 2.5, 0, 6.59377, -0.212, 2.5
 201006232, 0, 6.621209, -0.054, 2.5, 0, 7.58394, -0.136, 2.5
 201206152, 0, 7.462267, 0.027, 2.5, 0, 6.621209, -0.054, 2.5
 201406072, 0, 6.635955, 0.102, 2.5, 0, 7.462267, 0.027, 2.5
 201605992, 0, 7.426927, 0.172, 2.5, 0, 6.635955, 0.102, 2.5
 201805912, 0, 6.582452, 0.232, 2.5, 0, 7.426927, 0.172, 2.5
 202005832, 0, 7.455942, 0.28, 2.5, 0, 6.582452, 0.232, 2.5
 202206585, 0, 6.644018, 0.312, 2.5, 0, 7.455942, 0.28, 2.5
 202406505, 0, 7.451725, 0.281, 2.5, 0, 6.644018, 0.312, 2.5
 202606425, 0, 6.598495, 0.223, 2.5, 0, 7.451725, 0.281, 2.5
 202806345, 0, 7.453538, 0.199, 2.5, 0, 6.598495, 0.223, 2.5
 203006265, 0, 6.63368, 0.207, 2.5, 0, 7.453538, 0.199, 2.5
 203206185, 0, 7.40741, 0.243, 2.5, 0, 6.63368, 0.207, 2.5
 203406105, 0, 6.696615, 0.287, 2.5, 0, 7.40741, 0.243, 2.5
 203606025, 0, 7.436975, 0.336, 2.5, 0, 6.696615, 0.287, 2.5
 203805945, 0, 6.633897, 0.389, 2.5, 0, 7.436975, 0.336, 2.5
 204005865, 0, 7.485849, 0.433, 2.5, 0, 6.633897, 0.389, 2.5
 204205785, 0, 6.69452, 0.463, 2.5, 0, 7.485849, 0.433, 2.5
 204406538, 0, 7.489679, 0.492, 2.5, 0, 6.69452, 0.463, 2.5
 204606458, 0, 6.764527, 0.508, 2.5, 0, 7.489679, 0.492, 2.5
 204806378, 0, 7.444385, 0.514, 2.5, 0, 6.764527, 0.508, 2.5
 205006298, 0, 6.854016, 0.504, 2.5, 0, 7.444385, 0.514, 2.5
 205206218, 0, 7.262748, 0.237, 2.5, 0, 6.854016, 0.504, 2.5
 205406138, 0, 6.871094, 0.074, 2.5, 0, 7.262748, 0.237, 2.5
 205606058, 0, 7.300978, 0.042, 2.5, 0, 6.871094, 0.074, 2.5
 205805978, 0, 6.848835, 0.085, 2.5, 0, 7.300978, 0.042, 2.5
 206005898, 0, 7.230935, 0.166, 2.5, 0, 6.848835, 0.085, 2.5
 206205818, 0, 6.908974, 0.262, 2.5, 0, 7.230935, 0.166, 2.5
 206406571, 0, 7.277675, 0.354, 2.5, 0, 6.908974, 0.262, 2.5
 206606491, 0, 6.862417, 0.433, 2.5, 0, 7.277675, 0.354, 2.5
 206806411, 0, 7.441653, 0.499, 2.5, 0, 6.862417, 0.433, 2.5
 207006331, 0, 6.808822, 0.548, 2.5, 0, 7.441653, 0.499, 2.5
 207206251, 0, 7.46281, 0.585, 2.5, 0, 6.808822, 0.548, 2.5
 207406171, 0, 6.822367, 0.612, 2.5, 0, 7.46281, 0.585, 2.5
 207606091, 0, 7.506117, 0.631, 2.5, 0, 6.822367, 0.612, 2.5
 207806011, 0, 6.960011, 0.6440001, 2.5, 0, 7.506117, 0.631, 2.5
 208005931, 0, 7.458692, 0.6580001, 2.5, 0, 6.960011, 0.6440001, 2.5
 208205851, 0, 6.918558, 0.6670001, 2.5, 0, 7.458692, 0.6580001, 2.5
 208405771, 0, 7.38436, 0.673, 2.5, 0, 6.918558, 0.6670001, 2.5
 208606524, 0, 7.035273, 0.683, 2.5, 0, 7.38436, 0.673, 2.5
 208806444, 0, 7.314034, 0.693, 2.5, 0, 7.035273, 0.683, 2.5
 209006364, 0, 7.004203, 0.7, 2.5, 0, 7.314034, 0.693, 2.5
 209206284, 0, 7.273647, 0.706, 2.5, 0, 7.004203, 0.7, 2.5
 209406204, 0, 7.117276, 0.71, 2.5, 0, 7.273647, 0.706, 2.5
 209606124, 0, 7.200049, 0.715, 2.5, 0, 7.117276, 0.71, 2.5
 209806044, 0, 7.069329, 0.7180001, 2.5, 0, 7.200049, 0.715, 2.5
 210005964, 0, 7.292077, 0.7180001, 2.5, 0, 7.069329, 0.7180001, 2.5
 210205884, 0, 7.042545, 0.716, 2.5, 0, 7.292077, 0.7180001, 2.5
 210405804, 0, 7.180972, 0.712, 2.5, 0, 7.042545, 0.716, 2.5
 210606557, 0, 7.144846, 0.706, 2.5, 0, 7.180972, 0.712, 2.5
 210806477, 0, 7.186982, 0.698, 2.5, 0, 7.144846, 0.706, 2.5
 211006397, 0, 7.040648, 0.689, 2.5, 0, 7.186982, 0.698, 2.5
 211206317, 0, 7.125628, 0.68, 2.5, 0, 7.040648, 0.689, 2.5
 211406237, 0, 7.155742, 0.671, 2.5, 0, 7.125628, 0.68, 2.5
 211606157, 0, 7.087498, 0.663, 2.5, 0, 7.155742, 0.671, 2.5
 211806077, 0, 7.140842, 0.6530001, 2.5, 0, 7.087498, 0.663, 2.5
 212005997, 0, 7.054349, 0.641, 2.5, 0, 7.140842, 0.6530001, 2.5
 212205917, 0, 7.134488, 0.626, 2.5, 0, 7.054349, 0.641, 2.5
 212405837, 0, 7.055004, 0.612, 2.5, 0, 7.134488, 0.626, 2.5
 212606590, 0, 7.136714, 0.599, 2.5, 0, 7.055004, 0.612, 2.5
 212806510, 0, 7.027351, 0.585, 2.5, 0, 7.136714, 0.599, 2.5
 213006430, 0, 7.150462, 0.571, 2.5, 0, 7.027351, 0.585, 2.5
 213206350, 0, 6.896687, 0.558, 2.5, 0, 7.150462, 0.571, 2.5
 213406270, 0, 7.186882, 0.545, 2.5, 0, 6.896687, 0.558, 2.5
 213606190, 0, 6.389646, 0.5330001, 2.5, 0, 7.186882, 0.545, 2.5
 213806110, 0, 7.204609, 0.523, 2.5, 0, 6.389646, 0.5330001, 2.5
 214006030, 0, 6.298073, 0.512, 2.5, 0, 7.204609, 0.523, 2.5
 214205950, 0, 7.247993, 0.505, 2.5, 0, 6.298073, 0.512, 2.5
 214405870, 0, 6.352681, 0.497, 2.5, 0, 7.247993, 0.505, 2.5
 214605790, 0, 7.162278, 0.491, 2.5, 0, 6.352681, 0.497, 2.5
 214806543, 0, 6.389773, 0.484, 2.5, 0, 7.162278, 0.491, 2.5
 215006463, 0, 7.101308, 0.478, 2.5, 0, 6.389773, 0.484, 2.5
 215206383, 0, 6.592371, 0.471, 2.5, 0, 7.101308, 0.478, 2.5
 215406303, 0, 7.138022, 0.465, 2.5, 0, 6.592371, 0.471, 2.5
 215606223, 0, 6.488637, 0.458, 2.5, 0, 7.138022, 0.465, 2.5
 215806143, 0, 7.436481, 0.452, 2.5, 0, 6.488637, 0.458, 2.5
 216006063, 0, 6.260687, 0.446, 2.5, 0, 7.436481, 0.452, 2.5
 216205983, 0, 7.611168, 0.441, 2.5, 0, 6.260687, 0.446, 2.5
 216405903, 0, 6.375915, 0.435, 2.5, 0, 7.611168, 0.441, 2.5
 216605823, 0, 7.708999, 0.431, 2.5, 0, 6.375915, 0.435, 2.5
 216806576, 0, 6.626838, 0.426, 2.5, 0, 7.708999, 0.431, 2.5
 217006496, 0, 7.629745, 0.423, 2.5, 0, 6.626838, 0.426, 2.5
 217206416, 0, 6.804436, 0.42, 2.5, 0, 7.629745, 0.423, 2.5
 217406336, 0, 7.996645, 0.418, 2.5, 0, 6.804436, 0.42, 2.5
 217606256, 0, 6.872344, 0.416, 2.5, 0, 7.996645, 0.418, 2.5
 217806176, -0.054, -1.586, 0.414, 2.5, 0, 6.872344, 0.416, 2.5
 218006096, -0.029, -1.66, 0.413, 2.5, -0.054, -1.586, 0.414, 2.5
 218206016, -0.005, -1.728, 0.411, 2.5, -0.029, -1.66, 0.413, 2.5
 218405936, 0.017, -1.79, 0.408, 2.5, -0.005, -1.728, 0.411, 2.5
 218605856, 0.039, -1.849, 0.404, 2.5, 0.017, -1.79, 0.408, 2.5
 218805776, 0.061, -1.904, 0.397, 2.5, 0.039, -1.849, 0.404, 2.5
 219006529, 0.082, -1.958, 0.39, 2.5, 0.061, -1.904, 0.397, 2.5
 219206449, 0.101, -2.011, 0.381, 2.5, 0.082, -1.958, 0.39, 2.5
 219406369, 0.12, -2.061, 0.373, 2.5, 0.101, -2.011, 0.381, 2.5
 219606289, 0.137, -2.11, 0.365, 2.5, 0.12, -2.061, 0.373, 2.5
 219806209, 0.154, -2.158, 0.359, 2.5, 0.137, -2.11, 0.365, 2.5
 220006129, 0.17, -2.204, 0.353, 2.5, 0.154, -2.158, 0.359, 2.5
 220206049, 0.186, -2.248, 0.347, 2.5, 0.17, -2.204, 0.353, 2.5
 220405969, 0.201, -2.291, 0.343, 2.5, 0.186, -2.248, 0.347, 2.5
 220605889, 0.215, -2.333, 0.34, 2.5, 0.201, -2.291, 0.343, 2.5
 220805809, 0.229, -2.373, 0.345, 2.5, 0.215, -2.333, 0.34, 2.5
 221006562, 0.242, -2.412, 0.35, 2.5, 0.229, -2.373, 0.345, 2.5
 221206482, 0.255, -2.451, 0.355, 2.5, 0.242, -2.412, 0.35, 2.5
 221406402, 0.266, -2.488, 0.36, 2.5, 0.255, -2.451, 0.355, 2.5
 221606322, 0.277, -2.525, 0.364, 2.5, 0.266, -2.488, 0.36, 2.5
 221806242, 0.288, -2.56, 0.366, 2.5, 0.277, -2.525, 0.364, 2.5
 222006162, 0.299, -2.595, 0.368, 2.5, 0.288, -2.56, 0.366, 2.5
 222206082, 0.311, -2.628, 0.37, 2.5, 0.299, -2.595, 0.368, 2.5
 222406002, 0.321, -2.66, 0.369, 2.5, 0.311, -2.628, 0.37, 2.5
 222605922, 0.331, -2.693, 0.368, 2.5, 0.321, -2.66, 0.369, 2.5
 222805842, 0.34, -2.725, 0.372, 2.5, 0.331, -2.693, 0.368, 2.5
 223005762, 0.349, -2.756, 0.374, 2.5, 0.34, -2.725, 0.372, 2.5
 223206515, 0.358, -2.787, 0.373, 2.5, 0.349, -2.756, 0.374, 2.5
 223406435, 0.368, -2.817, 0.37, 2.5, 0.358, -2.787, 0.373, 2.5
 223606355, 0.378, -2.846, 0.368, 2.5, 0.368, -2.817, 0.37, 2.5
 223806275, 0.387, -2.874, 0.366, 2.5, 0.378, -2.846, 0.368, 2.5
 224006195, -0.066, 0.492, -0.058, 2.5, 0.387, -2.874, 0.366, 2.5
 224206115, -0.064, 0.478, -0.071, 2.5, -0.066, 0.492, -0.058, 2.5
 224406035, 0.016, -0.123, -0.081, 2.5, -0.064, 0.478, -0.071, 2.5
 224605955, 0.006, -0.049, 0.012, 2.5, 0.016, -0.123, -0.081, 2.5
 224805875, -0.003, 0.022, 0.012, 2.5, 0.006, -0.049, 0.012, 2.5
 225005795, 0, 0.003, -0.003, 2.5, -0.003, 0.022, 0.012, 2.5
 225206548, 0, -0.003, -0.001, 2.5, 0, 0.003, -0.003, 2.5
 225406468, 0, 0, 0, 2.5, 0, -0.003, -0.001, 2.5
 225606388, 0, 0, 0, 2.5, 0, 0, 0, 2.5
 225806308, 0, 0, 0, 2.5, 0, 0, 0, 2.5
 226006228, 0, 0, 0, 2.5, 0, 0, 0, 2.5
 226206148, 0, 0, 0, 2.5, 0, 0, 0, 2.5
 226406068, 0, 0, 0, 2.5, 0, 0, 0, 2.5
 226605988, 0, 0, 0, 2.5, 0, 0, 0, 2.5
 226805908, 0, 0, 0, 2.5, 0, 0, 0, 2.5
 227005828, 0, 0, 0, 2.5, 0, 0, 0, 2.5
 227206581, 0, 0, 0, 2.5, 0, 0, 0, 2.5
 227406501, 0, 0, 0, 2.5, 0, 0, 0, 2.5
 227606421, 0, 0, 0, 2.5, 0, 0, 0, 2.5
 227806341, 0, 0, 0, 2.5, 0, 0, 0, 2.5
 228006261, 0, 0, 0, 2.5, 0, 0, 0, 2.5
 228206181, 0, 0, 0, 2.5, 0, 0, 0, 2.5
 228406101, 0, 0, 0, 2.5, 0, 0, 0, 2.5
 228606021, 0, 0, 0, 2.5, 0, 0, 0, 2.5
 228805941, 0, 0, 0, 2.5, 0, 0, 0, 2.5
 229005861, 0, 0, 0, 2.5, 0, 0, 0, 2.5
 229205781, 0, 0, 0, 2.5, 0, 0, 0, 2.5
 229406534, 0, 0, 0, 2.5, 0, 0, 0, 2.5
 229606454, 0, 0, 0, 2.5, 0, 0, 0, 2.5
 229806374, 0, 0, 0, 2.5, 0, 0, 0, 2.5
 230006294, 0, 0, 0, 2.5, 0, 0, 0, 2.5
 230206214, 0, 0, 0, 2.5, 0, 0, 0, 2.5
 230406134, 0, 0, 0, 2.5, 0, 0, 0, 2.5
 230606054, 0, 0, 0, 2.5, 0, 0, 0, 2.5
 230805974, 0, 0, 0, 2.5, 0, 0, 0, 2.5
 231005894, 0, 0, 0, 2.5, 0, 0, 0, 2.5
 231205814, 0, 0, 0, 2.5, 0, 0, 0, 2.5
 231406567, 0, 0, 0, 2.5, 0, 0, 0, 2.5
 231606487, 0, 0, 0, 2.5, 0, 0, 0, 2.5
 231806407, 0, 0, 0, 2.5, 0, 0, 0, 2.5
 232006327, 0, 0, 0, 2.5, 0, 0, 0, 2.5
 232206247, 0, 0, 0, 2.5, 0, 0, 0, 2.5
