TimeUS,CAN,CAE,CAD,CAe
 139993980, -0.00327978, 0.004165063, -0.0001389424, 0.0003112754
 140093940, -0.00254416, 0.003483567, 4.556739E-05, 0.0002593962
 140193900, -0.002903442, 0.003365346, 0.0001036039, 0.0002593962
 140293860, -0.001921527, 0.003517929, -0.000271841, 0.0002593962
 140393820, 0.03086284, 7.766043E-05, -0.0001718882, 0.0002593962
 140493780, 0.1077613, -0.008538699, -0.0002486664, 0.0002593962
 140593740, 0.2061817, -0.0194713, 0.001954956, 0.0002593962
 140693700, 0.3119587, -0.03088265, 0.004739343, 0.0002593962
 140793660, 0.4204767, -0.04279632, 0.008166612, 0.0002593962
 140893620, 0.5253909, -0.05329661, 0.01034064, 0.0002593962
 140993580, 0.6282524, -0.06583492, 0.01255533, 0.0002593962
 141093540, 0.7289352, -0.07970467, 0.01464824, 0.0002593962
 141193500, 0.8239148, -0.0839007, 0.01671058, 0.0002593962
 141294293, 0.9178274, -0.1005811, 0.01898926, 0.0002615578
 141394253, 0.9570189, -0.09818014, 0.02092907, 0.0002593962
 141494213, 0.9583231, -0.1010159, 0.02236031, 0.0002593962
 141594173, 0.9279954, -0.09885161, 0.02277583, 0.0002593962
 141694133, 0.8850664, -0.08788422, 0.02214588, 0.0002593962
 141794093, 0.8391505, -0.0894455, 0.02109968, 0.0002593962
 141894053, 0.7944813, -0.08497191, 0.01909501, 0.0002593962
 141994013, 0.7390354, -0.07883582, -0.02833886, 0.0002593962
 142113965, 0.8363065, -0.08263848, -0.04339799, 0.0003112754
 142213925, 0.6254914, -0.06684466, 0.004882633, 0.0002593962
 142313885, 0.6905256, -0.07256941, 0.001552943, 0.0002593962
 142413845, 0.9168037, -0.09313217, -0.3907515, 0.0002593962
 142513805, 0.8545796, -0.09970982, -0.5700805, 0.0002593962
 142613765, 0.7868806, -0.09485476, -0.4966611, 0.0002593962
 142713725, 0.7325245, -0.0803154, -0.355576, 0.0002593962
 142813685, 0.6925135, -0.05965007, -0.2424928, 0.0002593962
 142913645, 0.6477598, -0.04970733, -0.2221722, 0.0002593962
 143013605, 0.6095689, -0.05143128, -0.1914655, 0.0002593962
 143113565, 0.5724123, -0.05804062, -0.192825, 0.0002593962
 143213525, 0.5308804, -0.0618828, -0.2103884, 0.0002593962
 143313485, 0.4912552, -0.05883968, -0.1988286, 0.0002593962
 143414278, 0.4604642, -0.05316216, -0.1887307, 0.0002615578
 143514238, 0.4204936, -0.05155559, -0.1745374, 0.0002593962
 143614198, 0.3955083, -0.04680728, -0.1646092, 0.0002593962
 143714158, 0.3624207, -0.03682513, -0.1422285, 0.0002593962
 143814118, 0.3327571, -0.04065217, -0.1663799, 0.0002593962
 143914078, 0.2936081, -0.04327372, -0.1834896, 0.0002593962
 144014038, 0.270139, -0.03849648, -0.1729557, 0.0002593962
 144113998, 0.2620351, -0.0212203, -0.1297169, 0.0002593962
 144233950, 0.2758267, -0.01597283, -0.1804855, 0.0003112754
 144333910, 0.2076449, -0.00601058, -0.1319359, 0.0002593962
 144433870, 0.1963504, -0.005388095, -0.1180513, 0.0002593962
 144533830, 0.181773, -0.03026557, -0.07350685, 0.0002593962
 144633790, 0.1647612, -0.03097912, -0.06130453, 0.0002593962
 144733750, 0.1520524, -0.02386005, -0.06231444, 0.0002593962
 144833710, 0.1472273, -0.01069286, -0.02982777, 0.0002593962
 144933670, 0.1373678, -0.007739719, -0.04324305, 0.0002593962
 145033630, 0.1193528, -0.007891701, -0.06529258, 0.0002593962
 145133590, 0.09848049, -0.01498286, -0.0862917, 0.0002593962
 145233550, 0.09096929, -0.007938712, -0.07408307, 0.0002593962
 145333510, 0.09125945, -0.004198359, -0.04696969, 0.0002593962
 145434303, 0.09929328, -0.001187766, -0.00778131, 0.0002593962
 145534263, 0.07852152, 0.0004368361, -0.03049614, 0.0002615578
 145634223, 0.05712422, -0.01108722, -0.04486115, 0.0002593962
 145734183, 0.05309997, -0.01348227, -0.02545138, 0.0002593962
 145834143, 0.04966316, -0.005499654, -0.03780811, 0.0002593962
 145934103, 0.02709803, -0.0113283, -0.07243682, 0.0002593962
 146034063, 0.01935481, -0.01133174, -0.07539918, 0.0002593962
 146134023, 0.03814128, -0.009135578, -0.0143173, 0.0002593962
 146253975, 0.05349024, -0.009092015, 0.05096187, 0.0003112754
 146353935, 0.03697154, 0.002657929, 0.005036312, 0.0002593962
 146453895, 0.02433145, -0.006717242, -0.02905008, 0.0002593962
 146553855, 0.03056553, -0.007826024, -0.00428182, 0.0002593962
 146653815, 0.02897585, 0.001209878, 0.00716146, 0.0002593962
 146753775, 0.03478289, 0.01527119, 0.02087092, 0.0002593962
 146853735, 0.02620106, 0.02624451, 0.01639195, 0.0002593962
 146953695, 0.03601164, 0.01615164, 0.05147419, 0.0002593962
 147053655, 0.03574208, 0.001180051, 0.04492959, 0.0002593962
 147153615, 0.04906616, -0.01106725, 0.1231399, 0.0002593962
 147253575, 0.05579638, -0.006199759, 0.1421932, 0.0002593962
 147353535, 0.04750392, -0.01101477, 0.113379, 0.0002593962
 147453495, 0.04405769, -0.009362674, 0.08653692, 0.0002593962
 147554288, 0.03167655, -0.01483708, 0.05150155, 0.0002615578
 147654248, 0.02762302, -0.01271641, 0.05278673, 0.0002593962
 147754208, 0.01235172, -0.003266112, 0.0937327, 0.0002593962
 147854168, 0.01308817, -0.00419243, 0.1411202, 0.0002593962
 147954128, 0.006216499, 0.008157285, 0.1317095, 0.0002593962
 148054088, 0.002412779, 0.0144667, 0.0890963, 0.0002593962
 148154048, 0.01120216, -0.003138036, 0.1079711, 0.0002593962
 148254008, 0.01483253, -0.02654692, 0.08419245, 0.0002593962
 148373960, 0.01753003, -0.01871073, 0.05288894, 0.0003112754
 148473920, 0.02370239, -0.004574924, 0.06169547, 0.0002593962
 148573880, 0.01916674, -0.006187245, 0.09774785, 0.0002593962
 148673840, 0.01579088, -0.003073961, 0.1100057, 0.0002593962
 148773800, -0.002762726, -0.04052384, 0.09566236, 0.0002593962
 148873760, 0.003159062, 0.05341728, 0.1019126, 0.0002593962
 148973720, 0.01374517, 0.2067516, 0.1546991, 0.0002593962
 149073680, 0.01503863, 0.2550116, 0.1555137, 0.0002593962
 149173640, -0.001863847, 0.2248177, 0.1059446, 0.0002593962
 149273600, -0.02494711, 0.1255112, 0.03336135, 0.0002593962
 149373560, -0.03493033, 0.03188691, 0.04053635, 0.0002593962
 149473520, -0.03136887, -0.02025826, 0.09172348, 0.0002593962
 149573480, -0.03309173, -0.01158309, 0.1179922, 0.0002593962
 149674273, -0.02792707, 0.02430758, 0.1517419, 0.0002615578
 149774233, -0.02503039, 0.06293175, 0.1828361, 0.0002593962
 149874193, -0.02272473, 0.09586471, 0.2073219, 0.0002593962
 149974153, -0.02134367, 0.1125224, 0.1561056, 0.0002593962
 150074113, -0.02611722, 0.09900203, 0.08383177, 0.0002593962
 150174073, -0.03070275, 0.09003217, 0.05081347, 0.0002593962
 150274033, -0.02587453, 0.06850573, 0.05477325, 0.0002593962
 150373993, -0.02584694, 0.04478525, 0.08293971, 0.0002593962
 150493945, -0.02588939, 0.05343627, 0.1393251, 0.0003112754
 150593905, -0.02169319, 0.04556524, 0.1086615, 0.0002593962
 150693865, -0.02388194, 0.03936873, 0.09172478, 0.0002593962
 150793825, -0.02341925, 0.05089991, 0.09384176, 0.0002593962
 150893785, -0.01969179, 0.05767203, 0.1163085, 0.0002593962
 150993745, -0.01169304, 0.05000556, 0.1534237, 0.0002593962
 151093705, -0.009325895, 0.03473776, 0.1541797, 0.0002593962
 151193665, -0.0119471, 0.03775861, 0.1126262, 0.0002593962
 151293625, -0.01919484, 0.04058379, 0.04007855, 0.0002593962
 151393585, -0.01969837, 0.04638619, 0.05316315, 0.0002593962
 151493545, -0.02105553, 0.04303015, 0.07864399, 0.0002593962
 151593505, -0.01399677, 0.05048432, 0.03636594, 0.0002593962
 151694298, -0.01663165, 0.04639263, 0.0192408, 0.0002593962
 151794258, -0.01551941, 0.04165934, 0.03122107, 0.0002615578
 151894218, -0.0129363, 0.03089994, 0.07528503, 0.0002593962
 151994178, -0.0154956, 0.02501444, 0.07934382, 0.0002593962
 152094138, -0.01524675, 0.03201812, 0.0781308, 0.0002593962
 152194098, -0.01503288, 0.02920655, 0.09312501, 0.0002593962
 152294058, -0.01674499, 0.02311153, 0.06877032, 0.0002593962
 152394018, -0.01456654, 0.02057161, 0.03256847, 0.0002593962
 152513970, -0.01755198, 0.03099815, 0.1038254, 0.0003112754
 152613930, -0.008724784, 0.02711117, 0.1011942, 0.0002593962
 152713890, -0.00843288, 0.03726359, 0.03763051, 0.0002593962
 152813850, -0.006393266, 0.02698651, 0.02335792, 0.0002593962
 152913810, -0.01028777, 0.02237072, 0.004326291, 0.0002593962
 153013770, -0.008911273, 0.03429939, 0.01959624, 0.0002593962
 153113730, -0.001781417, 0.02885992, 0.03649768, 0.0002593962
 153213690, -0.003911732, 0.02307832, 0.06765471, 0.0002593962
 153313650, 0.0020014, 0.01801099, 0.06831691, 0.0002593962
 153413610, 0.002497835, 0.02007778, 0.04908744, 0.0002593962
 153513570, -0.002304989, 0.02138704, 0.06154335, 0.0002593962
 153613530, -0.008169609, 0.02346588, 0.05711568, 0.0002593962
 153713490, -0.01041062, 0.02222558, 0.03326698, 0.0002593962
 153814283, -0.005674683, 0.0203937, 0.01581559, 0.0002615578
 153914243, -0.00668203, 0.01986273, -0.01919211, 0.0002593962
 154014203, -0.001651648, 0.02224328, 0.02695237, 0.0002593962
 154114163, 0.0009342347, 0.01789955, 0.03519431, 0.0002593962
 154214123, -0.0007498482, 0.01615815, 0.02585403, 0.0002593962
 154314083, 0.01212991, 0.01785476, 0.03259651, 0.0002593962
 154414043, 0.0113271, 0.01913569, 0.01761246, 0.0002593962
 154514003, 0.005905928, 0.02453636, -2.922805E-05, 0.0002593962
 154633955, 0.0003272917, 0.02784157, 0.0004633858, 0.0003112754
 154733915, -0.005785128, 0.02130144, 0.01625556, 0.0002593962
 154833875, -0.001590576, 0.01673364, 0.03972469, 0.0002593962
 154933835, 0.0001337697, 0.009516319, 0.05732369, 0.0002593962
 155033795, 0.002878571, 0.007073055, 0.05862498, 0.0002593962
 155133755, 0.006802537, 0.01213434, 0.02414043, 0.0002593962
 155233715, 0.022422, 0.006539318, 0.01951738, 0.0002593962
 155333675, 0.01490081, 0.01429925, 0.02349515, 0.0002593962
 155433635, 0.007970518, 0.002419126, 0.02495957, 0.0002593962
 155533595, 0.008983192, 0.001227321, -0.03562639, 0.0002593962
 155633555, 0.009424383, 0.009185674, -0.01076459, 0.0002593962
 155733515, 0.01013143, 0.006026281, -0.01032351, 0.0002593962
 155833475, 0.008414626, 0.007035095, -0.01194808, 0.0002593962
 155934268, 0.002813686, 0.01635355, -0.01470245, 0.0002615578
 156034228, 0.0030648, 0.01099378, 0.006462782, 0.0002593962
 156134188, 1.840999E-06, 0.01261419, 0.009926114, 0.0002593962
 156234148, 0.001047065, 0.01024247, 0.02265438, 0.0002593962
 156334108, 0.003814855, 0.01224278, -0.002684768, 0.0002593962
 156434068, 0.000611137, 0.01780578, -0.01123572, 0.0002593962
 156534028, 0.004465894, 0.0182848, 0.004746998, 0.0002593962
 156653980, 0.01490363, 0.008247787, 0.005679471, 0.0003112754
 156753940, 0.01238744, 0.01304212, 0.02703876, 0.0002593962
 156853900, 0.005415529, 0.006866258, 0.01142206, 0.0002593962
 156953860, -0.002615321, 0.006897747, 0.01302172, 0.0002593962
 157053820, -0.001103582, 0.0005248986, -0.01851779, 0.0002593962
 157153780, 0.005231271, 0.009806445, -0.01765908, 0.0002593962
 157253740, 0.00585114, 0.01204383, -0.02009274, 0.0002593962
 157353700, 0.007706046, 0.01692339, -0.002887076, 0.0002593962
 157453660, 0.005756466, 0.01264319, -0.02664099, 0.0002593962
 157553620, 0.004491688, 0.01255747, -0.001601561, 0.0002593962
 157653580, 0.004547635, 0.0006522068, -0.006315289, 0.0002593962
 157753540, 0.002203086, -0.001028229, 0.01649337, 0.0002593962
 157853500, 0.01091506, 0.006803412, 0.02922278, 0.0002593962
 157954293, 0.008672737, 0.001553616, 0.02924308, 0.0002615578
 158054253, 0.00644304, 0.007124369, -0.009811624, 0.0002593962
 158154213, 0.005747005, 0.001096031, 0.0002131372, 0.0002593962
 158254173, 0.009768972, 0.006096408, -0.01269411, 0.0002593962
 158354133, 0.01412772, 0.001312911, -0.00271209, 0.0002593962
 158454093, 0.01434292, 0.006092258, 0.035173, 0.0002593962
 158554053, 0.01581263, 0.007968643, 0.03366445, 0.0002593962
 158654013, 0.01296715, 0.007917789, -0.02021457, 0.0002593962
 158773965, 0.01283486, 0.002933527, -0.02860333, 0.0003112754
 158873925, 0.007771204, 0.001817223, 0.007910157, 0.0002593962
 158973885, 0.006320629, -0.0001663911, 0.01110828, 0.0002593962
 159073845, 0.008755778, 0.006097456, -0.01512485, 0.0002593962
 159173805, 0.001978685, 0.009675549, -0.04807711, 0.0002593962
 159273765, 0.004328308, 0.0142105, -0.05414768, 0.0002593962
 159373725, 0.001276412, 0.01714657, -0.007416523, 0.0002593962
 159473685, 0.01041333, 0.01991961, -0.01461668, 0.0002593962
 159573645, 0.008472119, 0.01520981, 0.006672335, 0.0002593962
 159673605, 0.009270322, 0.01153023, -0.01108237, 0.0002593962
 159773565, 0.00445378, -0.001766772, -0.0586543, 0.0002593962
 159873525, -0.002769373, 0.002146732, -0.02082419, 0.0002593962
 159973485, 0.006008201, -0.01399432, -0.003629605, 0.0002593962
 160074278, 0.01040411, -0.01805047, 0.01992281, 0.0002615578
 160174238, 0.005272297, -0.01120186, -0.005937355, 0.0002593962
 160274198, 0.009194121, -0.003301813, 0.02800116, 0.0002593962
 160374158, 0.007510281, 0.01960351, 0.0266183, 0.0002593962
 160474118, 0.004839756, 0.02895606, -0.01163201, 0.0002593962
 160574078, -0.0005408423, 0.01509909, -0.04916584, 0.0002593962
 160674038, -5.775515E-05, 0.005208569, 0.01102271, 0.0002593962
 160773998, 0.002110299, -0.003000535, 0.03024601, 0.0002593962
 160893950, 0.004713607, -0.003640472, -0.02700891, 0.0003112754
 160993910, 0.003786932, 0.002501678, -0.03106204, 0.0002593962
 161093870, 0.004016031, 0.01647431, -0.05740533, 0.0002593962
 161193830, 0.001815097, 0.01705011, -0.031927, 0.0002593962
 161293790, 0.006716114, 0.003467064, -0.01072871, 0.0002593962
 161393750, 0.01981756, 0.004418941, 0.009420306, 0.0002593962
 161493710, 0.01160936, 0.0125814, -0.005546944, 0.0002593962
 161593670, 0.005854847, 0.01643414, 0.01111221, 0.0002593962
 161693630, -0.001764948, 0.008263126, -0.03633222, 0.0002593962
 161793590, -0.006056936, 0.01431472, -0.02535105, 0.0002593962
 161893550, -0.002300921, 0.007299391, 0.01839553, 0.0002593962
 161993510, 0.004403442, 0.002421308, 0.01880459, 0.0002593962
 162094303, 0.003842041, 0.001533459, 0.01089548, 0.0002593962
 162194263, 0.004149445, 0.01156524, 0.0001098111, 0.0002615578
 162294223, 0.001053537, 0.00994363, 0.00601034, 0.0002593962
 162394183, -0.001697415, 0.0133948, -0.01068673, 0.0002593962
 162494143, 0.005530921, 0.01729202, -0.02703855, 0.0002593962
 162594103, 0.01190698, 0.008080281, -0.02582198, 0.0002593962
 162694063, 0.009020839, -0.009078491, 0.02727782, 0.0002593962
 162794023, 0.00927718, -0.004547331, 0.02087224, 0.0002593962
 162913975, 0.01359578, 0.002100291, 0.01910942, 0.0003112754
 163013935, 0.01786405, 0.003469698, 0.01072248, 0.0002593962
 163113895, 0.01479011, -0.003932408, -0.001002035, 0.0002593962
 163213855, 0.008509262, 0.00221436, -0.02494482, 0.0002593962
 163313815, 0.004944542, -0.000533701, -0.01036629, 0.0002593962
 163413775, 0.003964906, 0.008037788, -0.002940251, 0.0002593962
 163513735, -0.008033856, 0.006507142, -0.05020434, 0.0002593962
 163613695, 0.01375944, -0.001033454, -0.02190534, 0.0002593962
 163713655, 0.005424439, 0.0003060102, 0.006657559, 0.0002593962
 163813615, -0.0007462747, 0.005728715, 0.008170072, 0.0002593962
 163913575, 0.001297676, 0.004959305, -0.03609016, 0.0002593962
 164013535, 0.002101031, 0.0144507, -0.02561728, 0.0002593962
 164113495, 0.003154479, 0.01082977, -0.0132362, 0.0002593962
 164214288, -0.002788633, -0.001002836, 0.004880187, 0.0002615578
 164314248, -0.004342988, 0.001632756, 0.03703013, 0.0002593962
 164414208, -0.003273559, -0.002719599, -0.04248517, 0.0002593962
 164514168, -0.003059742, -0.0008603939, -0.02213209, 0.0002593962
 164614128, -0.004111578, 0.001274096, 0.001494906, 0.0002593962
 164714088, -0.003710768, 0.001598486, -0.02404493, 0.0002593962
 164814048, 0.006315274, 0.003751159, 0.0250387, 0.0002593962
 164914008, 0.005589079, 0.006052741, 0.01725003, 0.0002593962
 165033960, 0.003939696, 0.001891548, -0.01191189, 0.0003112754
 165133920, -0.009424157, -0.008220952, -0.01793036, 0.0002593962
 165233880, 0.01000848, 0.001921774, 0.01033092, 0.0002593962
 165333840, 0.009897623, 0.0110802, 0.02156281, 0.0002593962
 165433800, 0.008946047, 0.01415802, 0.005008457, 0.0002593962
 165533760, 0.005672762, -0.002403306, -0.02634325, 0.0002593962
 165633720, 0.001950056, -0.002927023, -0.007262509, 0.0002593962
 165733680, 0.003654283, 0.00351771, 0.0002546725, 0.0002593962
 165833640, -0.001764186, 0.0006649946, -0.0253745, 0.0002593962
 165933600, 0.004136202, -0.0003291258, -0.02136976, 0.0002593962
 166033560, -0.001408212, 0.006061685, 0.01050417, 0.0002593962
 166133520, 0.0009929547, 0.00418752, 0.005596134, 0.0002593962
 166233480, 0.01479888, 0.001296921, -0.02700934, 0.0002593962
 166334273, 0.009433288, -0.0005644328, -0.02607174, 0.0002615578
 166434233, 0.00379738, 0.001648942, 0.004461982, 0.0002593962
 166534193, 0.009823056, -0.002557522, -0.009324091, 0.0002593962
 166634153, 0.00512615, -0.003314165, -0.03127578, 0.0002593962
 166734113, -0.002669744, -0.0008141921, -0.02563937, 0.0002593962
 166834073, 0.0118954, -0.0002468252, -0.01517977, 0.0002593962
 166934033, 0.003459852, 0.0004858697, 0.004724415, 0.0002593962
 167033993, -0.002712343, 0.004079819, 0.04279768, 0.0002593962
 167153945, -0.006869333, 0.004034951, -0.00372075, 0.0003112754
 167253905, -0.009689518, 0.004991838, -0.01661979, 0.0002593962
 167353865, -0.02778321, 0.009808259, -0.02774682, 0.0002593962
 167453825, -0.01562222, 0.01484074, -0.005302272, 0.0002593962
 167553785, 0.02346024, 0.008249278, -0.01074386, 0.0002593962
 167653745, 0.02040998, 0.01922253, 0.01850097, 0.0002593962
 167753705, 0.01187975, 0.01620806, 0.004337425, 0.0002593962
 167853665, -0.006269025, 0.006027893, -0.008969531, 0.0002593962
 167953625, -0.005037152, 0.002155248, -0.01534201, 0.0002593962
 168053585, -0.006607583, 0.006668232, -0.03002275, 0.0002593962
 168153545, -0.03005515, 0.006300104, -0.01638477, 0.0002593962
 168253505, -0.03469731, 0.007150439, -0.02352204, 0.0002593962
 168354298, -0.0157676, -0.01398087, 0.02812398, 0.0002593962
 168454258, 0.01499766, -0.00629966, 0.02382773, 0.0002615578
 168554218, 0.04014083, 0.001881012, 0.02841583, 0.0002593962
 168654178, 0.01558299, 0.01102143, -0.005566353, 0.0002593962
 168754138, -0.000712503, 0.01228551, -0.02699526, 0.0002593962
 168854098, -0.01081674, 0.006430934, -0.06304885, 0.0002593962
 168954058, -0.01189343, 0.003731228, -0.01664977, 0.0002593962
 169054018, -0.02413605, 0.007813384, 0.01388715, 0.0002593962
 169173970, -0.04311469, 0.01506891, 0.04896084, 0.0003112754
 169273930, -0.003360875, -0.002782796, 0.06573535, 0.0002593962
 169373890, 0.03253501, -0.0025228, 0.02042875, 0.0002593962
 169473850, 0.03174845, -0.00602589, 0.01052552, 0.0002593962
 169573810, 0.01825661, 0.01237645, -0.0298561, 0.0002593962
 169673770, -0.002568271, 0.01699856, -0.03200234, 0.0002593962
 169773730, -0.01496846, 0.00941713, -0.05451379, 0.0002593962
 169873690, -0.007522806, 0.003112994, -0.05208585, 0.0002593962
 169973650, -0.003744532, -0.00211077, 0.001842744, 0.0002593962
 170073610, -0.0002042142, -0.00229718, 0.0361319, 0.0002593962
 170173570, -0.001935148, 0.01279578, 0.01816724, 0.0002593962
 170273530, 0.01195414, 0.01788996, 0.003667642, 0.0002593962
 170373490, 0.003430566, 0.01496176, 0.02547541, 0.0002593962
 170474283, 0.0008708132, -0.00304551, 0.03942646, 0.0002615578
 170574243, 6.791082E-05, 0.004102136, 0.01634016, 0.0002593962
 170674203, -0.003340364, -0.001312393, -0.004240389, 0.0002593962
 170774163, 0.0008965679, -0.002935277, -0.02312768, 0.0002593962
 170874123, 0.003524182, -0.000424553, -0.05668024, 0.0002593962
 170974083, 0.001099395, 0.01234074, -0.0382841, 0.0002593962
 171074043, 0.005659571, 0.01303053, 0.01482352, 0.0002593962
 171174003, 0.004434339, 0.003908932, 0.002980413, 0.0002593962
 171293955, 0.001923714, 1.945894E-05, -0.01273997, 0.0003112754
 171393915, 0.001425116, 0.005356358, -0.01170959, 0.0002593962
 171493875, -0.000192477, 0.003051051, 0.02396531, 0.0002593962
 171593835, -0.008755881, 0.002482909, 0.03292695, 0.0002593962
 171693795, 0.0009099818, 0.02134801, 0.004514719, 0.0002593962
 171793755, 0.01716012, 0.01841527, -0.01972212, 0.0002593962
 171893715, 0.004842973, 0.0147722, 0.007587668, 0.0002593962
 171993675, -0.004182621, -0.001795607, -0.003391254, 0.0002593962
 172093635, -0.00698789, -0.007091828, -0.01592197, 0.0002593962
 172193595, -0.01562601, 0.001720689, -0.005920196, 0.0002593962
 172293555, -0.03454964, 0.007470173, -0.01892869, 0.0002593962
 172393515, -0.01259698, 0.008271267, -0.007697268, 0.0002593962
 172493475, -0.005972182, 0.005176181, -0.02273908, 0.0002593962
 172594268, -0.005903236, -0.006102373, -0.01073815, 0.0002615578
 172694228, -1.966162E-05, -0.006212712, -0.03524568, 0.0002593962
 172794188, -0.00214382, 0.01180923, -0.005763466, 0.0002593962
 172894148, -0.003519806, 0.01660743, 0.02811833, 0.0002593962
 172994108, 0.006046599, 0.01567298, 0.0160353, 0.0002593962
 173094068, -0.002749698, 0.002382067, 0.02374581, 0.0002593962
 173194028, -0.006026877, 0.003068707, -0.01097332, 0.0002593962
 173313980, -0.008553727, 0.002072341, 0.007956992, 0.0003112754
 173413940, -0.01075002, 0.003261894, -0.0114354, 0.0002593962
 173513900, -0.007126083, 0.01331045, -0.02191413, 0.0002593962
 173613860, -0.006278613, 0.01389643, -0.01557295, 0.0002593962
 173713820, -0.001749575, 0.004965468, -0.00985252, 0.0002593962
 173813780, -0.00246374, -0.001258997, -0.02718179, 0.0002593962
 173913740, 0.0002932197, 0.01093257, -0.01250466, 0.0002593962
 174013700, 0.0005264113, 0.01179174, 0.02158462, 0.0002593962
 174113660, 0.004715525, 0.006276058, 0.03028244, 0.0002593962
 174213620, 0.0002120291, 0.01567478, 0.006549408, 0.0002593962
 174313580, -0.007591206, 0.01259051, -0.01921161, 0.0002593962
 174413540, -0.005133497, 0.01315866, -0.02539322, 0.0002593962
 174513500, -0.006535189, 0.003547208, 0.005462759, 0.0002593962
 174614293, -0.007161367, -0.003852535, 0.01141527, 0.0002615578
 174714253, -0.005249926, -0.003111462, 0.02439419, 0.0002593962
 174814213, 0.0003518288, -0.002322274, 0.02405663, 0.0002593962
 174914173, 0.002516654, 0.00683513, 0.0006865428, 0.0002593962
 175014133, 0.001722364, 0.008494055, 0.02095037, 0.0002593962
 175114093, 0.003881376, 0.007996016, 0.02256649, 0.0002593962
 175214053, 0.003771939, 0.003910328, 0.01093762, 0.0002593962
 175314013, 0.01410458, 0.01015067, -0.01861758, 0.0002593962
 175433965, 0.008670559, 0.006678972, 0.01759513, 0.0003112754
 175533925, -0.008355931, 0.003024606, -0.02678801, 0.0002593962
 175633885, -0.007051999, 0.002674811, -0.03884788, 0.0002593962
 175733845, -0.004376479, 0.007322229, -0.02092857, 0.0002593962
 175833805, -0.006346227, 0.009106557, 0.01101688, 0.0002593962
 175933765, -0.02236621, -0.005295946, 0.02592247, 0.0002593962
 176033725, 0.01957419, -0.001141345, 0.01390727, 0.0002593962
 176133685, 0.01020531, -0.009212513, -0.02296959, 0.0002593962
 176233645, 0.002696039, -0.005709088, -0.04602269, 0.0002593962
 176333605, 0.001913767, -0.005828484, -0.03800616, 0.0002593962
 176433565, -0.004863565, -0.01220542, -0.02137398, 0.0002593962
 176533525, -0.01421784, -0.006098399, 0.01170975, 0.0002593962
 176633485, -0.01182866, 0.005917317, -0.01240573, 0.0002593962
 176734278, -0.01446173, 0.01537241, -0.02623934, 0.0002615578
 176834238, -0.03754968, 0.01799296, 0.02393854, 0.0002593962
 176934198, -0.01410412, 0.01382203, 0.03259781, 0.0002593962
 177034158, 0.009180224, 0.003531014, 0.03844769, 0.0002593962
 177134118, 0.04083025, 0.002776715, 0.02034052, 0.0002593962
 177234078, 0.01372242, 0.01247001, 0.02409575, 0.0002593962
 177334038, 0.0005184173, 0.004009007, 0.03270597, 0.0002593962
 177433998, -0.01086032, -0.004111952, -0.000421823, 0.0002593962
 177553950, -0.007426745, -0.001466691, -0.01222481, 0.0003112754
 177653910, -0.004659591, -0.001422903, -0.02824464, 0.0002593962
 177753870, -0.007507022, 0.01280949, -0.02706003, 0.0002593962
 177853830, -0.002693431, 0.006971831, -0.04202125, 0.0002593962
 177953790, -0.004058776, 0.001886301, -0.04491528, 0.0002593962
 178053750, -0.009444576, -0.001704257, -0.02660125, 0.0002593962
 178153710, -0.004600379, 0.005997038, 0.02343246, 0.0002593962
 178253670, -0.004105922, 0.004644246, 0.03037409, 0.0002593962
 178353630, -0.000874856, 0.003550599, 0.01982007, 0.0002593962
 178453590, 0.00359123, 0.00478181, 0.01602829, 0.0002593962
 178553550, 0.002155696, 0.004379355, 0.01941193, 0.0002593962
 178653510, -0.003861152, 0.01297823, 0.0006954747, 0.0002593962
 178754303, -0.004097039, 0.01791216, -0.004933033, 0.0002593962
 178854263, -0.001723476, 0.02361651, 0.01600377, 0.0002615578
 178954223, -0.003034121, 0.01620945, 0.01076047, 0.0002593962
 179054183, 0.002810312, 0.01308039, 0.01325579, 0.0002593962
 179154143, -0.002937044, 0.02302308, -0.01776442, 0.0002593962
 179254103, -0.003877885, 0.01382087, -0.03293812, 0.0002593962
 179354063, -0.008047611, 0.01018433, -0.02330805, 0.0002593962
 179454023, -0.00394811, -0.002155713, 0.02859711, 0.0002593962
 179573975, -0.003501264, 0.007286381, -0.0003151493, 0.0003112754
 179673935, -0.00682469, -5.255354E-05, -0.02552091, 0.0002593962
 179773895, -0.008166867, -0.01067474, -0.02076763, 0.0002593962
 179873855, -0.0112444, -0.003646075, -0.02484946, 0.0002593962
 179973815, -0.006454886, 0.01095506, -0.02036528, 0.0002593962
 180073775, -0.003710374, 0.02597008, 0.01754944, 0.0002593962
 180173735, -0.004266525, 0.1680346, -0.01005926, 0.0002593962
 180273695, -0.01311272, -0.2754439, -0.1709304, 0.0002593962
 180373655, -0.08947834, -1.172066, -0.04031806, 0.0002593962
 180473615, -0.1317738, -1.472634, 0.6081967, 0.0002593962
 180573575, -0.1539284, -1.567919, 0.6964961, 0.0002593962
 180673535, -0.492714, -2.549115, -0.00923758, 0.0002593962
 180773495, -1.107359, -3.243235, -0.9840666, 0.0002593962
 180874288, -1.411679, -2.733887, -1.504631, 0.0002615578
 180974248, -1.109045, -1.643366, -1.177049, 0.0002593962
 181074208, -0.6418558, -0.8589318, -0.5060666, 0.0002593962
 181174168, -0.3213309, -0.4391537, 0.0577016, 0.0002593962
 181274128, -0.2235347, -0.2483618, 0.3599282, 0.0002593962
 181374088, -0.2292344, -0.1657418, 0.4956705, 0.0002593962
 181474048, -0.3076339, -0.2171459, 0.4245418, 0.0002593962
 181574008, -0.3975423, -0.3183182, 0.3040626, 0.0002593962
 181693960, -0.5480014, -0.4758108, 0.2543707, 0.0003112754
 181793920, -0.487525, -0.4406864, 0.1363917, 0.0002593962
 181893880, -0.5107881, -0.4651009, 0.09462349, 0.0002593962
 181993840, -0.5302839, -0.4676833, 0.07324001, 0.0002593962
 182093800, -0.5251664, -0.4461979, 0.07428207, 0.0002593962
 182193760, -0.51812, -0.4147614, 0.09105279, 0.0002593962
 182293720, -0.5396803, -0.4084653, 0.07051151, 0.0002593962
 182393680, -0.5409898, -0.3823574, 0.08025292, 0.0002593962
 182493640, -0.5485919, -0.3722485, 0.08710642, 0.0002593962
 182593600, -0.5480681, -0.3502351, 0.08896132, 0.0002593962
 182693560, -0.5596651, -0.3462114, 0.06900301, 0.0002593962
 182793520, -0.5678717, -0.3320424, 0.06022047, 0.0002593962
 182893480, -0.5538722, -0.3081682, 0.08277491, 0.0002593962
 182994273, -0.5645463, -0.2951803, 0.08509877, 0.0002615578
 183094233, -0.548511, -0.2699704, 0.08768337, 0.0002593962
 183194193, -0.5634061, -0.262569, 0.06355982, 0.0002593962
 183294153, -0.5859623, -0.2610369, 0.03670729, 0.0002593962
 183394113, -0.5618114, -0.223781, 0.05074615, 0.0002593962
 183494073, -0.5542348, -0.2080951, 0.05419355, 0.0002593962
 183594033, -0.5565503, -0.1972644, 0.05528531, 0.0002593962
 183693993, -0.5275802, -0.1711158, 0.0824527, 0.0002593962
 183813945, -0.6511738, -0.2006313, 0.07793111, 0.0003112754
 183913905, -0.5289277, -0.147827, 0.06962947, 0.0002593962
 184013865, -0.5391163, -0.1366932, 0.0571908, 0.0002593962
 184113825, -0.5543735, -0.1301047, 0.0295118, 0.0002593962
 184213785, -0.5339247, -0.111742, 0.03533822, 0.0002593962
 184313745, -0.5281504, -0.09699856, 0.03048137, 0.0002593962
 184413705, -0.5093436, -0.08959448, 0.03458152, 0.0002593962
 184513665, -0.4790685, -0.07356411, 0.05420359, 0.0002593962
 184613625, -0.4639076, -0.06177393, 0.06984103, 0.0002593962
 184713585, -0.4599051, -0.05114707, 0.0606788, 0.0002593962
 184813545, -0.4689753, -0.0414698, 0.03011992, 0.0002593962
 184913505, -0.4439479, -0.03266881, 0.03933919, 0.0002593962
 185014298, -0.4613914, -0.0257512, 0.02349345, 0.0002593962
 185114258, -0.4483558, -0.01847859, 0.03359348, 0.0002615578
 185214218, -0.4092035, -0.009447071, 0.06463219, 0.0002593962
 185314178, -0.3918928, -0.004570491, 0.05960461, 0.0002593962
 185414138, -0.4088106, -0.0004844347, 0.003087849, 0.0002593962
 185514098, -0.3847086, 0.007175673, 0.01128989, 0.0002593962
 185614058, -0.3573624, 0.00872559, 0.04132744, 0.0002593962
 185714018, -0.3598302, 0.01310853, 0.0341029, 0.0002593962
 185833970, -0.4220654, 0.02202624, 0.01924172, 0.0003112754
 185933930, -0.3310193, 0.007537196, 0.01146808, 0.0002593962
 186033890, -0.3276343, 0.0180534, -0.01423672, 0.0002593962
 186133850, -0.30538, 0.02599249, -0.01037271, 0.0002593962
 186233810, -0.2734995, 0.02788736, 0.01533056, 0.0002593962
 186333770, -0.249533, 0.0218539, 0.001048565, 0.0002593962
 186433730, -0.2450908, 0.02854072, -0.01081678, 0.0002593962
 186533690, -0.2356727, 0.02926097, -0.00962515, 0.0002593962
 186633650, -0.2301508, 0.02465951, -0.01996555, 0.0002593962
 186733610, -0.2143968, 0.02467068, -0.0260708, 0.0002593962
 186833570, -0.2085048, 0.02686123, -0.01294889, 0.0002593962
 186933530, -0.1891311, 0.02749537, -0.01770933, 0.0002593962
 187033490, -0.1602161, 0.02563178, 0.006064544, 0.0002593962
 187134283, -0.1561862, 0.02405499, 0.004137529, 0.0002615578
 187234243, -0.150867, 0.02103381, 0.008370722, 0.0002593962
 187334203, -0.1473973, 0.01474594, -0.01839787, 0.0002593962
 187434163, -0.1326743, 0.01241018, -0.03116103, 0.0002593962
 187534123, -0.1151176, 0.01146242, -0.03267226, 0.0002593962
 187634083, -0.09927404, 0.00673736, -0.04137436, 0.0002593962
 187734043, -0.09305535, 0.003131553, 0.006508073, 0.0002593962
 187834003, -0.08522344, 0.00409863, 0.02727001, 0.0002593962
 187953955, -0.09081528, 0.004155232, 0.03738579, 0.0003112754
 188053915, -0.06949259, -0.002498541, -0.03474117, 0.0002593962
 188153875, -0.04816787, -0.002469362, -0.06910593, 0.0002593962
 188253835, -0.04335324, -0.006213564, -0.07298052, 0.0002593962
 188353795, -0.03663019, -0.008162527, -0.03526554, 0.0002593962
 188453755, -0.03074717, -0.001160972, -0.02092242, 0.0002593962
 188553715, -0.021725, -0.004063531, -0.04267724, 0.0002593962
 188653675, -0.01470106, 0.001556402, -0.07839739, 0.0002593962
 188753635, -0.002192056, -0.0005121095, -0.06137644, 0.0002593962
 188853595, 0.008101921, -0.0005842581, -0.03287415, 0.0002593962
 188953555, 0.007657944, 0.001124451, -0.04461199, 0.0002593962
 189053515, 0.01188112, -0.0005829235, -0.02975055, 0.0002593962
 189153475, 0.02141296, -0.002545228, -0.02716369, 0.0002593962
 189254268, 0.03129265, -0.002732042, 0.0150342, 0.0002615578
 189354228, 0.04467372, -0.005213108, -0.003034092, 0.0002593962
 189454188, 0.05550349, -0.008048655, -0.04094001, 0.0002593962
 189554148, 0.05765465, -0.003497116, -0.03794555, 0.0002593962
 189654108, 0.0446896, -0.001143606, -0.08241853, 0.0002593962
 189754068, 0.0471736, -0.0007528837, -0.04334266, 0.0002593962
 189854028, 0.06930482, -0.005152705, -0.02758892, 0.0002593962
 189973980, 0.09330484, -0.005963028, -0.02559601, 0.0003112754
 190073940, 0.0749591, -0.01089775, -0.02118526, 0.0002593962
 190173900, 0.0728853, -0.01275288, -0.04369158, 0.0002593962
 190273860, 0.0685133, -0.006746439, -0.007829195, 0.0002593962
 190373820, 0.07939573, -0.009998538, 0.01162186, 0.0002593962
 190473780, 0.07708122, -0.0179392, 0.01566264, 0.0002593962
 190573740, 0.07684207, -0.009618076, 0.02322225, 0.0002593962
 190673700, 0.06911366, -0.01035824, 0.02748224, 0.0002593962
 190773660, 0.07756303, -0.01003379, -0.03535643, 0.0002593962
 190873620, 0.08269792, -0.008463463, -0.05255628, 0.0002593962
 190973580, 0.07969934, -0.01124902, -0.03025797, 0.0002593962
 191073540, 0.08553538, -0.02182188, -0.02395951, 0.0002593962
 191173500, 0.08970272, -0.01783659, -0.03993753, 0.0002593962
 191274293, 0.1009763, -0.01788516, -0.03296684, 0.0002615578
 191374253, 0.08043426, -0.01029514, -0.001126554, 0.0002593962
 191474213, 0.07754361, -0.01480269, 0.01901046, 0.0002593962
 191574173, 0.08298507, -0.008385238, -0.02460082, 0.0002593962
 191674133, 0.08120338, -0.01143311, -0.01759023, 0.0002593962
 191774093, 0.1042496, -0.01406165, -0.04091916, 0.0002593962
 191874053, 0.1113398, -0.008568491, -0.02062882, 0.0002593962
 191974013, 0.1049424, -0.01060692, -0.02091261, 0.0002593962
 192093965, 0.1177287, -0.01186797, -0.04287911, 0.0003112754
 192193925, 0.08346123, -0.005311245, -0.01706487, 0.0002593962
 192293885, 0.08219445, -0.002607103, 0.0007703655, 0.0002593962
 192393845, 0.09639241, -0.004848056, -0.02463894, 0.0002593962
 192493805, 0.09495988, -0.01417597, -0.02112298, 0.0002593962
 192593765, 0.08524106, -0.01385544, -0.005042719, 0.0002593962
 192693725, 0.07463294, -0.01127013, -0.001406374, 0.0002593962
 192793685, 0.07017823, -0.004810886, 0.01442999, 0.0002593962
 192893645, 0.07534367, -0.002918957, -0.01432446, 0.0002593962
 192993605, 0.07846437, -0.002161038, -0.04024286, 0.0002593962
 193093565, 0.09448361, -0.003443147, -0.02842649, 0.0002593962
 193193525, 0.09414543, -0.008572707, -0.01410238, 0.0002593962
 193293485, 0.08981799, -0.001569112, -0.001928064, 0.0002593962
 193394278, 0.08614725, -0.004477428, -0.03459826, 0.0002615578
 193494238, 0.08045888, -0.00563592, -0.04822881, 0.0002593962
 193594198, 0.08198036, -0.004678874, -0.01192663, 0.0002593962
 193694158, 0.06968619, 0.003162412, 0.00363687, 0.0002593962
 193794118, 0.07674462, -0.00129164, 0.0223487, 0.0002593962
 193894078, 0.08018687, -0.003486469, 0.03052904, 0.0002593962
 193994038, 0.07587201, -0.008216061, -0.001605469, 0.0002593962
 194093998, 0.07807811, 0.001191468, -0.06743524, 0.0002593962
 194213950, 0.0883287, -0.008876259, -0.07182477, 0.0003112754
 194313910, 0.059777, -0.00356976, 0.0006172187, 0.0002593962
 194413870, 0.05784043, 0.00640788, 0.001787214, 0.0002593962
 194513830, 0.05037799, 0.009000852, 0.01600151, 0.0002593962
 194613790, 0.06456736, -0.007628576, -0.03352951, 0.0002593962
 194713750, 0.0609884, -0.005603622, -0.006441104, 0.0002593962
 194813710, 0.05445775, 0.004148219, -0.004400104, 0.0002593962
 194913670, 0.05870815, -0.00486461, 0.01499492, 0.0002593962
 195013630, 0.05749718, -0.01009468, 0.008084228, 0.0002593962
 195113590, 0.05454347, -0.003987859, -0.005348583, 0.0002593962
 195213550, 0.04401287, -0.01234613, 0.03021902, 0.0002593962
 195313510, 0.04145575, -0.007355909, 0.057079, 0.0002593962
 195414303, 0.04152588, -0.007436621, 0.04702836, 0.0002593962
 195514263, 0.04616933, 0.004635734, -0.03282391, 0.0002615578
 195614223, 0.05531065, 0.004165475, -0.08398662, 0.0002593962
 195714183, 0.05578297, -0.006801814, -0.02675621, 0.0002593962
 195814143, 0.03776795, -0.002547313, 0.007750681, 0.0002593962
 195914103, 0.03666798, -9.611384E-05, 0.02168396, 0.0002593962
 196014063, 0.03797083, -0.002031514, -0.02689539, 0.0002593962
 196114023, 0.04025729, 0.001985547, -0.03151177, 0.0002593962
 196233975, 0.0398962, 0.004996572, -0.008409588, 0.0003112754
 196333935, 0.02381838, 0.002178072, -0.01502718, 0.0002593962
 196433895, 0.02888769, -0.003493193, -0.006795805, 0.0002593962
 196533855, 0.02910703, -0.004935861, 0.000525512, 0.0002593962
 196633815, 0.03845241, -0.007602806, -0.004261419, 0.0002593962
 196733775, 0.03783235, -0.004986358, -0.005254512, 0.0002593962
 196833735, 0.04271812, -0.001117463, 0.002611441, 0.0002593962
 196933695, 0.03313988, -0.001601527, 0.01648158, 0.0002593962
 197033655, 0.02652175, 0.004680516, 0.0005129288, 0.0002593962
 197133615, 0.02620367, 0.002561148, -0.008471132, 0.0002593962
 197233575, 0.01715089, -0.001091573, -0.007887879, 0.0002593962
 197333535, 0.01881002, 0.002579699, -0.001739512, 0.0002593962
 197433495, 0.01135274, -0.001957648, -0.0125565, 0.0002593962
 197534288, 0.004385412, -0.008764955, 0.01167016, 0.0002615578
 197634248, 0.02365128, -0.002646367, 0.01989664, 0.0002593962
 197734208, 0.02556997, 4.186078E-05, -0.02385324, 0.0002593962
 197834168, 0.02165275, 0.002560611, -0.02556075, 0.0002593962
 197934128, 0.009163941, -0.01067381, -0.001448405, 0.0002593962
 198034088, 0.003780711, -0.007432361, 0.004334546, 0.0002593962
 198134048, 0.002402656, -0.01639923, -0.02153315, 0.0002593962
 198234008, 0.003131248, -0.0008225925, -0.02620825, 0.0002593962
 198353960, 0.0135499, 0.002027652, 0.01066411, 0.0003112754
 198453920, 0.006229369, 0.00817176, -0.01932187, 0.0002593962
 198553880, 0.006200361, 0.01711084, 0.0165399, 0.0002593962
 198653840, 0.00785627, 0.00211025, 0.02934364, 0.0002593962
 198753800, 0.0137408, -0.02944713, 0.02682607, 0.0002593962
 198853760, 0.0008063384, -0.01730211, 0.01378967, 0.0002593962
 198953720, 0.02186489, 0.000773807, -0.05835194, 0.0002593962
 199053680, 0.004894029, 0.03427129, -0.06362762, 0.0002593962
 199153640, -0.002115654, 0.03877999, -0.006073953, 0.0002593962
 199253600, -0.004258712, 0.01555791, 0.03321386, 0.0002593962
 199353560, 0.004054904, 0.003794565, 0.03338847, 0.0002593962
 199453520, 0.02044003, -0.002449252, 0.04963075, 0.0002593962
 199553480, 0.00947135, -0.002761091, 0.04043486, 0.0002593962
 199654273, 0.002180739, -0.00394999, 0.01386163, 0.0002615578
 199754233, -0.006594236, 0.007789546, -0.01372492, 0.0002593962
 199854193, 0.008181488, 0.009757928, -0.00838648, 0.0002593962
 199954153, 0.007515133, 0.007678627, 0.01576862, 0.0002593962
 200054113, -0.0004497553, -0.009082957, 0.02833131, 0.0002593962
 200154073, -0.006609147, 0.0003871263, 0.01961635, 0.0002593962
 200254033, -0.01627506, 0.003976758, -0.01837924, 0.0002593962
 200353993, -0.01052038, -0.0003447237, -0.002584301, 0.0002593962
 200473945, 0.005556249, 0.009732056, 0.02327531, 0.0003112754
 200573905, 0.009995977, 0.008905513, -0.0267449, 0.0002593962
 200673865, -0.007461048, 0.009323243, -0.05283013, 0.0002593962
 200773825, -0.008341059, 0.007349825, 0.01159427, 0.0002593962
 200873785, -0.03087241, -0.009038712, 0.02463813, 0.0002593962
 200973745, -0.01833902, -0.003065981, 0.02467608, 0.0002593962
 201073705, -0.0107955, 0.007307324, -0.03104081, 0.0002593962
 201173665, -0.008876433, 0.005127379, -0.01184256, 0.0002593962
 201273625, -0.01008149, 0.002798814, 0.04660806, 0.0002593962
 201373585, 0.0009228182, 0.002289328, 0.05261087, 0.0002593962
 201473545, -0.003785454, 0.002923618, -0.008409273, 0.0002593962
 201573505, -0.0008311525, 0.00479802, -0.0627095, 0.0002593962
 201674298, -0.0002889738, -0.0009851735, 0.008589579, 0.0002593962
 201774258, -0.0005555341, -0.002371933, 0.01711312, 0.0002615578
 201874218, 0.005950266, 0.0003553781, 0.02775618, 0.0002593962
 201974178, 0.00285477, 0.001384121, 0.03504007, 0.0002593962
 202074138, 0.002449805, 0.02025453, 0.009823683, 0.0002593962
 202174098, -0.007457442, 0.01885969, -0.00901203, 0.0002593962
 202274058, 0.002687338, 0.007752698, -0.007544312, 0.0002593962
 202374018, 0.003528848, 0.002848609, 0.01738013, 0.0002593962
 202493970, -0.0100497, 0.001386557, 0.006257108, 0.0003112754
 202593930, -0.01921569, -0.002658268, 0.01837293, 0.0002593962
 202693890, -0.01791047, -0.001577632, 0.006724214, 0.0002593962
 202793850, -0.01440037, 0.007868892, 0.01316045, 0.0002593962
 202893810, 0.004968807, 0.005473174, -0.01245908, 0.0002593962
 202993770, 0.005601326, 0.001070963, -0.005568583, 0.0002593962
 203093730, 0.01792831, 0.001229308, 0.01997277, 0.0002593962
 203193690, 0.002053285, 0.001636798, -0.001658472, 0.0002593962
 203293650, -0.007852328, 0.0001528885, -0.01411949, 0.0002593962
 203393610, -0.008550217, 0.003349239, 0.004219312, 0.0002593962
 203493570, 0.001083174, 0.003258972, -0.02537177, 0.0002593962
 203593530, -0.0020197, -0.0008110262, 0.01146158, 0.0002593962
 203693490, -0.005088448, -0.004878225, 0.05438539, 0.0002593962
 203794283, -0.01388823, -0.01552393, 0.02609686, 0.0002615578
 203894243, -0.01923669, -0.02747252, -0.001080805, 0.0002593962
 203994203, -0.0214901, -0.006356376, 0.0145468, 0.0002593962
 204094163, -0.0146868, 0.006257617, 0.01627135, 0.0002593962
 204194123, -0.005599713, 0.004860009, 0.003262568, 0.0002593962
 204294083, -0.006781612, 0.00106598, -0.02774226, 0.0002593962
 204394043, -0.0008499855, 0.001530841, -0.01221568, 0.0002593962
 204494003, 0.00268994, -0.003007196, 0.002637484, 0.0002593962
 204613955, -0.005110787, -0.00466043, 0.004902804, 0.0003112754
 204713915, -0.01279931, 0.002834672, 0.0001937376, 0.0002593962
 204813875, -0.04097414, -0.002048599, 0.01008825, 0.0002593962
 204913835, -0.02481661, -0.00274498, 0.002172602, 0.0002593962
 205013795, -0.005113974, -0.002762074, 0.02306178, 0.0002593962
 205113755, 0.009398893, -0.0001963389, 0.01193534, 0.0002593962
 205213715, 0.01062609, 0.004267931, -0.03898578, 0.0002593962
 205313675, 0.001964171, -0.0005648882, -0.03647099, 0.0002593962
 205413635, -0.006547684, 0.000742402, 0.03365862, 0.0002593962
 205513595, -0.01464593, -0.003205034, 0.03195333, 0.0002593962
 205613555, -0.004394412, 0.009333392, 0.03193719, 0.0002593962
 205713515, 0.001369347, 0.01065689, 0.02957427, 0.0002593962
 205813475, -0.01326036, 0.004574712, 0.005896106, 0.0002593962
 205914268, -0.004403249, 0.006596017, -0.03246392, 0.0002615578
 206014228, -0.004349461, 0.01087573, -0.06292184, 0.0002593962
 206114188, -0.01752935, 0.001680418, -0.02076778, 0.0002593962
 206214148, -0.01546101, -0.000431077, -0.007756391, 0.0002593962
 206314108, 0.01188996, 5.146425E-05, 0.03358652, 0.0002593962
 206414068, 0.0145823, 0.0009521049, 0.02709642, 0.0002593962
 206514028, 0.01178214, 0.007022112, 0.01635304, 0.0002593962
 206633980, 0.001546866, 0.007818097, -0.009710193, 0.0003112754
 206733940, -0.006196504, 0.007448305, 0.01129609, 0.0002593962
 206833900, -0.0008318254, 0.01076666, -0.02120569, 0.0002593962
 206933860, -0.004440201, 0.02539686, -0.01605811, 0.0002593962
 207033820, -9.436824E-05, 0.0192489, 0.00658264, 0.0002593962
 207133780, 0.009089398, 0.005438872, 0.01710703, 0.0002593962
 207233740, 0.0126878, -0.02689015, 0.02967717, 0.0002593962
 207333700, 0.009632678, -0.02680682, 0.02962149, 0.0002593962
 207433660, 0.0007140528, -0.01164498, 0.05209687, 0.0002593962
 207533620, -0.003368402, -0.003197955, -0.00560541, 0.0002593962
 207633580, 0.002506905, 0.01295862, -0.0277927, 0.0002593962
 207733540, 0.00701458, 0.01695266, -0.04483425, 0.0002593962
 207833500, -0.000380136, 0.03189469, -0.01879463, 0.0002593962
 207934293, -0.005650432, 0.03293518, 0.002855086, 0.0002615578
 208034253, -0.003957012, 0.006916767, 0.002397073, 0.0002593962
 208134213, 0.001613515, -0.002437163, -0.01612887, 0.0002593962
 208234173, 0.0007303963, -0.01747053, 0.02309035, 0.0002593962
 208334133, 0.008364491, -0.04090493, 0.03389505, 0.0002593962
 208434093, 0.001810392, -0.009109019, 0.03342692, 0.0002593962
 208534053, -0.00121663, 0.004968736, 0.01376076, 0.0002593962
 208634013, 0.01024252, 0.04194072, -0.03187636, 0.0002593962
 208753965, 0.01627316, 0.04319404, -0.04691357, 0.0003112754
 208853925, 0.009868208, 0.01135847, -0.02009153, 0.0002593962
 208953885, 0.006968565, 0.003173753, -0.02628987, 0.0002593962
 209053845, 0.00827669, 2.084627E-05, -0.01895861, 0.0002593962
 209153805, 0.009219698, -0.001301875, -0.01044977, 0.0002593962
 209253765, -0.006413941, 0.003157042, 0.01874987, 0.0002593962
 209353725, -0.01576203, 0.001125241, 0.04796146, 0.0002593962
 209453685, 0.002808533, 0.001360156, 0.01457292, 0.0002593962
 209553645, 0.007570966, 0.003669574, 0.03291536, 0.0002593962
 209653605, 0.0005600052, 0.00232375, 0.01516218, 0.0002593962
 209753565, -0.004632597, 0.001166778, -0.004453803, 0.0002593962
 209853525, 0.0002105817, 0.002563257, -0.009491527, 0.0002593962
 209953485, -0.001321265, 0.0008347321, 0.01153551, 0.0002593962
 210054278, 0.002448814, 0.0005681509, -0.01031814, 0.0002615578
 210154238, 0.01358487, 0.00642758, -0.008335211, 0.0002593962
 210254198, -0.0009644952, 0.0002098358, 0.04253841, 0.0002593962
 210354158, -0.007055562, 0.001099327, -0.00133992, 0.0002593962
 210454118, 0.0008264242, 0.001999014, -0.00369543, 0.0002593962
 210554078, -0.002715939, 0.00417146, 0.01337559, 0.0002593962
 210654038, 0.134434, 0.0004960777, -0.01594096, 0.0002593962
 210753998, -0.1345308, 0.002115801, -0.142005, 0.0002593962
 210873950, -1.312919, 0.08201895, -0.1212459, 0.0003112754
 210973910, -1.463871, 0.1320081, 0.5875868, 0.0002593962
 211073870, -1.582072, 0.1644818, 0.6866853, 0.0002593962
 211173830, -2.507029, 0.5012013, 0.004286252, 0.0002593962
 211273790, -3.199327, 1.116057, -0.9923474, 0.0002593962
 211373750, -2.678288, 1.383867, -1.528727, 0.0002593962
 211473710, -1.599231, 1.072948, -1.188894, 0.0002593962
 211573670, -0.8079847, 0.578787, -0.4706391, 0.0002593962
 211673630, -0.4104657, 0.289263, 0.09161042, 0.0002593962
 211773590, -0.2293239, 0.199894, 0.3827108, 0.0002593962
 211873550, -0.1720911, 0.2372437, 0.456814, 0.0002593962
 211973510, -0.2372838, 0.324173, 0.392749, 0.0002593962
 212074303, -0.3304824, 0.4007081, 0.2867776, 0.0002593962
 212174263, -0.390025, 0.4389974, 0.2098109, 0.0002615578
 212274223, -0.4264061, 0.455062, 0.1558381, 0.0002593962
 212374183, -0.4557091, 0.4817623, 0.1179234, 0.0002593962
 212474143, -0.4593019, 0.4968479, 0.08270325, 0.0002593962
 212574103, -0.4315109, 0.5007061, 0.08442475, 0.0002593962
 212674063, -0.4335465, 0.5128632, 0.05926628, 0.0002593962
 212774023, -0.4002089, 0.5084755, 0.08231219, 0.0002593962
 212893975, -0.4798994, 0.6447684, 0.08384067, 0.0003112754
 212993935, -0.3887098, 0.5500084, 0.05077708, 0.0002593962
 213093895, -0.3626129, 0.5506497, 0.05743917, 0.0002593962
 213193855, -0.3395733, 0.5523841, 0.06257143, 0.0002593962
 213293815, -0.3146198, 0.5388777, 0.07836466, 0.0002593962
 213393775, -0.3151281, 0.5630838, 0.05808964, 0.0002593962
 213493735, -0.2980384, 0.5619841, 0.05715477, 0.0002593962
 213593695, -0.2773106, 0.5456412, 0.07179066, 0.0002593962
 213693655, -0.2515322, 0.545108, 0.06477709, 0.0002593962
 213793615, -0.2365868, 0.5343611, 0.06246294, 0.0002593962
 213893575, -0.2212998, 0.5303272, 0.06640156, 0.0002593962
 213993535, -0.2089265, 0.5347533, 0.05942781, 0.0002593962
 214093495, -0.1969256, 0.5537202, 0.04764063, 0.0002593962
 214194288, -0.1824649, 0.5645183, 0.03910026, 0.0002615578
 214294248, -0.1654632, 0.5398625, 0.04172835, 0.0002593962
 214394208, -0.1494015, 0.4979332, 0.08472542, 0.0002593962
 214494168, -0.1386708, 0.5095115, 0.07587191, 0.0002593962
 214594128, -0.1291604, 0.5275926, 0.03394934, 0.0002593962
 214694088, -0.1180439, 0.5375181, 0.01754398, 0.0002593962
 214794048, -0.09594925, 0.5083369, 0.03985424, 0.0002593962
 214894008, -0.08368089, 0.4782014, 0.06660334, 0.0002593962
 215013960, -0.1002517, 0.6179127, 0.02623922, 0.0003112754
 215113920, -0.06847052, 0.4870161, 0.01649523, 0.0002593962
 215213880, -0.0557161, 0.4540712, 0.04884207, 0.0002593962
 215313840, -0.04564894, 0.431807, 0.05732382, 0.0002593962
 215413800, -0.03878991, 0.436644, 0.03208138, 0.0002593962
 215513760, -0.02417606, 0.4155004, 0.02521631, 0.0002593962
 215613720, -0.01853613, 0.4015037, 0.0354916, 0.0002593962
 215713680, -0.01111548, 0.4085186, 0.01848939, 0.0002593962
 215813640, -0.003907842, 0.3894186, 0.01994616, 0.0002593962
 215913600, -0.000879335, 0.3832621, 0.01136166, 0.0002593962
 216013560, 0.00336821, 0.3609209, 0.02626735, 0.0002593962
 216113520, 0.009138065, 0.3470291, 0.01315143, 0.0002593962
 216213480, 0.01683224, 0.3179725, 0.02647977, 0.0002593962
 216314273, 0.01176289, 0.3315907, 0.002754109, 0.0002615578
 216414233, 0.02105139, 0.3100541, 0.01315393, 0.0002593962
 216514193, 0.01955056, 0.3041646, 0.001763963, 0.0002593962
 216614153, 0.02159085, 0.2798375, 0.01982648, 0.0002593962
 216714113, 0.02009351, 0.2599322, 0.01547095, 0.0002593962
 216814073, 0.01983308, 0.26309, -0.01129644, 0.0002593962
 216914033, 0.02140186, 0.2329385, 0.01776791, 0.0002593962
 217013993, 0.01589459, 0.2125476, 0.03180742, 0.0002593962
 217133945, 0.00699351, 0.2379123, 0.02446836, 0.0003112754
 217233905, 0.007129231, 0.1982753, -0.02991451, 0.0002593962
 217333865, 0.01340211, 0.1949366, -0.02873689, 0.0002593962
 217433825, 0.009912016, 0.1745221, 0.005931302, 0.0002593962
 217533785, 0.006952144, 0.155244, 0.007836581, 0.0002593962
 217633745, 0.001741008, 0.1432162, 0.002054518, 0.0002593962
 217733705, 0.01864546, 0.1429681, -0.02674729, 0.0002593962
 217833665, 0.008533944, 0.1239636, -0.01914345, 0.0002593962
 217933625, 0.006304862, 0.1128467, -0.003869673, 0.0002593962
 218033585, 0.005509751, 0.1178693, -0.04544159, 0.0002593962
 218133545, 0.004152574, 0.1087373, -0.03262334, 0.0002593962
 218233505, 0.002330289, 0.08703819, -0.001883764, 0.0002593962
 218334298, -0.00541447, 0.07579279, -0.009633415, 0.0002593962
 218434258, -0.02447705, 0.07353671, -0.0360326, 0.0002615578
 218534218, -0.01780365, 0.06244837, -0.03770073, 0.0002593962
 218634178, -0.01036657, 0.05573595, -0.05721512, 0.0002593962
 218734138, -0.007217682, 0.0481638, -0.04296309, 0.0002593962
 218834098, 0.002930005, 0.04114671, -0.02622134, 0.0002593962
 218934058, 0.005848594, 0.03865671, -0.03711481, 0.0002593962
 219034018, -0.01275926, 0.02738281, -0.05654255, 0.0002593962
 219153970, -0.02354982, 0.00685891, -0.03648122, 0.0003112754
 219253930, -0.01398823, -0.008325408, -0.04784397, 0.0002593962
 219353890, -0.009691695, -0.01278986, -0.00332663, 0.0002593962
 219453850, -0.01348886, -0.01564841, 0.005413617, 0.0002593962
 219553810, -0.01988955, -0.01812514, -0.06382107, 0.0002593962
 219653770, -0.01355454, -0.03007195, -0.07881233, 0.0002593962
 219753730, -0.01968427, -0.02873337, -0.02589775, 0.0002593962
 219853690, -0.01580906, -0.03792765, -0.01411561, 0.0002593962
 219953650, -0.01206452, -0.03644696, -0.03492675, 0.0002593962
 220053610, -0.009498554, -0.03027754, -0.04549062, 0.0002593962
 220153570, 0.00395823, -0.03586852, -0.05068469, 0.0002593962
 220253530, 0.006247815, -0.04803038, -0.05128319, 0.0002593962
 220353490, -0.02515757, -0.06004655, -0.01616037, 0.0002593962
 220454283, -0.01706543, -0.06407356, 0.002900699, 0.0002615578
 220554243, -0.01563847, -0.0595339, -0.0389063, 0.0002593962
 220654203, -0.001224082, -0.07102953, -0.03599502, 0.0002593962
 220754163, -0.002740856, -0.07496238, -0.01805381, 0.0002593962
 220854123, -0.01012425, -0.07496086, -0.05012759, 0.0002593962
 220954083, -0.007011835, -0.0718115, -0.02766644, 0.0002593962
 221054043, -0.0121816, -0.06871507, -0.02128448, 0.0002593962
 221154003, -0.03432324, -0.0666784, -0.06648538, 0.0002593962
 221273955, -0.02215551, -0.07213078, -0.05550696, 0.0003112754
 221373915, -0.009610651, -0.07368924, 0.007470679, 0.0002593962
 221473875, -0.01378348, -0.08303091, 0.0354088, 0.0002593962
 221573835, 0.004649202, -0.08376465, 0.005424342, 0.0002593962
 221673795, 0.0005870198, -0.08645724, -0.02102013, 0.0002593962
 221773755, -0.008822486, -0.08569218, -0.02910166, 0.0002593962
 221873715, -0.01470819, -0.07874038, 0.003464533, 0.0002593962
 221973675, -0.01852545, -0.06905852, -0.006060092, 0.0002593962
 222073635, -0.03613818, -0.07054288, -0.03215557, 0.0002593962
 222173595, -0.01953095, -0.07792956, -0.01866054, 0.0002593962
 222273555, -0.01412714, -0.07792658, -0.05024337, 0.0002593962
 222373515, -0.00374205, -0.07255414, -0.04339232, 0.0002593962
 222473475, 0.004229757, -0.07478556, -0.02263939, 0.0002593962
 222574268, -0.01165821, -0.1001469, -0.003160495, 0.0002615578
 222674228, -0.01391616, -0.08456724, 0.0209135, 0.0002593962
 222774188, -0.01576067, -0.08812363, 0.005181509, 0.0002593962
 222874148, -0.01431316, -0.08275649, -0.00740902, 0.0002593962
 222974108, -0.007303488, -0.08139048, -0.0125363, 0.0002593962
 223074068, -0.0002838452, -0.07526374, -0.02971543, 0.0002593962
 223174028, -0.004883377, -0.07446767, -0.03052927, 0.0002593962
 223293980, -0.01367292, -0.08203617, -0.02007288, 0.0003112754
 223393940, -0.01029262, -0.07761845, -0.02744224, 0.0002593962
 223493900, -0.009099671, -0.08552366, -0.01770726, 0.0002593962
 223593860, -0.00981262, -0.08173216, 0.005696297, 0.0002593962
 223693820, -0.01882955, -0.08707722, 0.01052233, 0.0002593962
 223793780, -0.01564516, -0.08777962, -0.01749473, 0.0002593962
 223893740, -0.01492757, -0.07805835, -0.01347843, 0.0002593962
 223993700, -0.008604242, -0.07107285, -0.02366271, 0.0002593962
 224093660, -0.005798107, -0.05842925, 0.01556829, 0.0002593962
 224193620, -0.006460316, -0.06175458, 0.01577232, 0.0002593962
 224293580, -0.001767604, -0.07982967, 0.007206026, 0.0002593962
 224393540, 0.002987916, -0.0783403, -0.03513078, 0.0002593962
 224493500, -0.01263238, -0.06798942, -0.01496903, 0.0002593962
 224594293, -0.009853421, -0.06172531, 0.002735916, 0.0002615578
 224694253, -0.01100411, -0.0618731, -0.006917569, 0.0002593962
 224794213, -0.0004051388, -0.06463727, -0.04061953, 0.0002593962
 224894173, 0.0009511664, -0.05530613, -0.04122982, 0.0002593962
 224994133, -0.003309447, -0.05348012, -0.01751017, 0.0002593962
 225094093, -0.01238433, -0.05262603, 0.02786838, 0.0002593962
 225194053, -0.01269867, -0.04433787, 0.02130993, 0.0002593962
 225294013, -0.007001942, -0.04512141, -0.005512711, 0.0002593962
 225413965, -0.004609535, -0.0609064, -0.01815248, 0.0003112754
 225513925, -0.008836829, -0.04658996, 0.03759401, 0.0002593962
 225613885, -0.008628658, -0.04135673, -0.01475172, 0.0002593962
 225713845, -0.008470748, -0.04924399, -0.03082775, 0.0002593962
 225813805, -0.004833555, -0.05677555, -0.001799722, 0.0002593962
 225913765, 0.001144535, -0.05442373, -0.02146177, 0.0002593962
 226013725, -0.006600928, -0.03149617, 0.00355012, 0.0002593962
 226113685, -0.003704705, -0.0239532, 0.0009842941, 0.0002593962
 226213645, -0.001734498, -0.03257411, -0.02739055, 0.0002593962
 226313605, -0.005980729, -0.0478008, -0.003707518, 0.0002593962
 226413565, -0.002262517, -0.04128684, 0.02223196, 0.0002593962
 226513525, -0.00544324, -0.02955922, 0.01050659, 0.0002593962
 226613485, -0.00569886, -0.03643341, 0.01177566, 0.0002593962
 226714278, -0.006226447, -0.04088738, -0.03578069, 0.0002615578
 226814238, -0.002478369, -0.02226125, -0.01268829, 0.0002593962
 226914198, -0.005566122, -0.009052087, 0.003429404, 0.0002593962
 227014158, -0.01399057, -0.01048791, 0.0009261142, 0.0002593962
 227114118, 0.01951593, -0.01413356, 0.01598987, 0.0002593962
 227214078, 0.01150451, -0.02156276, 0.009898078, 0.0002593962
 227314038, 0.0003296341, -0.02404046, -0.0348041, 0.0002593962
 227413998, -0.0005535214, -0.02429426, -0.009966495, 0.0002593962
 227533950, -0.00350875, -0.03378608, 0.02085618, 0.0003112754
 227633910, -0.003676979, -0.02944583, 0.01379418, 0.0002593962
 227733870, 0.001541348, -0.04224157, -0.01442955, 0.0002593962
 227833830, -0.0005575127, -0.02963554, 0.01114518, 0.0002593962
 227933790, 0.007118705, -0.02623353, 0.02686572, 0.0002593962
 228033750, 0.004916358, -0.01474336, 0.002272326, 0.0002593962
 228133710, 0.003237187, -0.01512888, 0.006380542, 0.0002593962
 228233670, 0.00661044, -0.007415703, 0.009335912, 0.0002593962
 228333630, 0.002974644, -0.01185823, 0.0180406, 0.0002593962
 228433590, 0.0006807196, -0.02363582, -0.01325288, 0.0002593962
 228533550, -0.001503824, -0.01677323, -0.01424959, 0.0002593962
 228633510, -0.001517089, -0.001623705, -0.009595321, 0.0002593962
 228734303, -0.0009113473, 0.002414809, 0.02810692, 0.0002593962
 228834263, -0.00213996, -0.009023681, 0.0295294, 0.0002615578
 228934223, -0.006437103, -0.0199149, -0.005132061, 0.0002593962
 229034183, -0.001849381, -0.008745415, -0.01370884, 0.0002593962
 229134143, 0.0004120687, -0.0113463, 0.01735294, 0.0002593962
 229234103, -0.004260174, 0.0009211949, 0.04711931, 0.0002593962
 229334063, -0.0005302125, 0.006490563, 0.02157067, 0.0002593962
 229434023, 0.0005065018, 0.008262008, -0.007115588, 0.0002593962
 229553975, -0.005317667, -0.003398796, 0.01608989, 0.0003112754
 229653935, -0.004947329, 0.0006222471, 0.006433773, 0.0002593962
 229753895, -0.002639121, -0.007211723, -0.02895104, 0.0002593962
 229853855, 0.006749358, -0.004136544, -0.03776335, 0.0002593962
 229953815, 0.002675798, -0.003468227, -0.00986007, 0.0002593962
 230053775, -0.002575911, 0.003739102, 0.0225642, 0.0002593962
 230153735, -0.02219916, 0.01293708, 0.03438947, 0.0002593962
 230253695, -0.01493528, 0.007040325, 0.03595588, 0.0002593962
 230353655, -0.006121767, -0.003421735, 0.01789855, 0.0002593962
 230453615, -0.005962601, -0.006873938, -0.008028747, 0.0002593962
 230553575, -0.002728116, 0.002184954, 0.01040831, 0.0002593962
 230653535, -0.001642503, -0.1295238, 0.01722949, 0.0002593962
 230753495, -0.00762719, 0.1483108, -0.1350444, 0.0002593962
 230854288, 0.06074177, 1.001823, -0.1342097, 0.0002615578
 230954248, 0.1215754, 1.459555, 0.4665498, 0.0002593962
 231054208, 0.1252069, 1.491474, 0.7492112, 0.0002593962
 231154168, 0.353798, 2.294121, 0.2239328, 0.0002593962
 231254128, 0.9342418, 3.219005, -0.7345325, 0.0002593962
 231354088, 1.372682, 2.987504, -1.476648, 0.0002593962
 231454048, 1.229852, 1.954173, -1.366207, 0.0002593962
 231554008, 0.7387238, 1.034111, -0.6831917, 0.0002593962
 231673960, 0.394224, 0.6265681, -0.01049152, 0.0003112754
 231773920, 0.1855201, 0.2844853, 0.3599815, 0.0002593962
 231873880, 0.2257098, 0.2222571, 0.4429919, 0.0002593962
 231973840, 0.2793299, 0.2287217, 0.4195704, 0.0002593962
 232073800, 0.3653361, 0.3224503, 0.3129226, 0.0002593962
 232173760, 0.4192669, 0.3975113, 0.2151431, 0.0002593962
 232273720, 0.4625655, 0.446699, 0.1433426, 0.0002593962
 232373680, 0.4698271, 0.4520607, 0.1170285, 0.0002593962
 232473640, 0.4957627, 0.4630741, 0.08393522, 0.0002593962
 232573600, 0.5398791, 0.4690315, 0.0505231, 0.0002593962
 232673560, 0.5490863, 0.4454457, 0.05342132, 0.0002593962
 232773520, 0.5648501, 0.428112, 0.03895115, 0.0002593962
 232873480, 0.5553934, 0.3918464, 0.06629278, 0.0002593962
 232974273, 0.5544248, 0.3761027, 0.05928153, 0.0002615578
 233074233, 0.5370905, 0.3460484, 0.06887594, 0.0002593962
 233174193, 0.532473, 0.3327784, 0.07596702, 0.0002593962
 233274153, 0.5359233, 0.3182062, 0.07258322, 0.0002593962
 233374113, 0.5160545, 0.2823624, 0.1032606, 0.0002593962
 233474073, 0.524725, 0.2744803, 0.09327495, 0.0002593962
 233574033, 0.5558841, 0.2800756, 0.05866118, 0.0002593962
 233673993, 0.5624024, 0.2685695, 0.0475913, 0.0002593962
 233793945, 0.6507601, 0.2923251, 0.1064079, 0.0003112754
 233893905, 0.5226581, 0.2145199, 0.08028904, 0.0002593962
 233993865, 0.5584918, 0.2164706, 0.02729684, 0.0002593962
 234093825, 0.5551627, 0.2020024, 0.03286792, 0.0002593962
 234193785, 0.5394745, 0.1743433, 0.05478822, 0.0002593962
 234293745, 0.5189801, 0.1536594, 0.07092357, 0.0002593962
 234393705, 0.5172269, 0.1452163, 0.0565171, 0.0002593962
 234493665, 0.5330939, 0.129502, 0.02651056, 0.0002593962
 234593625, 0.5178058, 0.1144839, 0.04033485, 0.0002593962
 234693585, 0.5057426, 0.09729473, 0.05599635, 0.0002593962
 234793545, 0.4885266, 0.09024221, 0.06662364, 0.0002593962
 234893505, 0.4800909, 0.07862318, 0.04385706, 0.0002593962
 234994298, 0.4775172, 0.06495235, 0.02077583, 0.0002593962
 235094258, 0.4630945, 0.05439397, 0.03699158, 0.0002615578
 235194218, 0.4449688, 0.04443356, 0.05471115, 0.0002593962
 235294178, 0.4436658, 0.03498142, 0.04810662, 0.0002593962
 235394138, 0.4381977, 0.02837636, 0.02522494, 0.0002593962
 235494098, 0.4201592, 0.02403335, 0.02893408, 0.0002593962
 235594058, 0.3729787, 0.01506535, 0.07169405, 0.0002593962
 235694018, 0.3694758, 0.01220386, 0.0560645, 0.0002593962
 235813970, 0.4435785, 0.01033822, 0.04106632, 0.0003112754
 235913930, 0.3511521, 0.0064224, 0.03373111, 0.0002593962
 236013890, 0.3459718, 0.001387872, 0.0252816, 0.0002593962
 236113850, 0.3339951, -0.001934638, 0.02105641, 0.0002593962
 236213810, 0.3306648, -0.00688692, 0.002001496, 0.0002593962
 236313770, 0.3286309, -0.007566461, -0.01676237, 0.0002593962
 236413730, 0.3047653, -0.01520739, 0.001582695, 0.0002593962
 236513690, 0.27543, -0.01552944, 0.02648907, 0.0002593962
 236613650, 0.2534323, -0.0160312, 0.03175564, 0.0002593962
 236713610, 0.2443579, -0.01695468, 0.01781987, 0.0002593962
 236813570, 0.2454439, -0.01809751, 0.0193324, 0.0002593962
 236913530, 0.2230091, -0.02108428, 0.0119471, 0.0002593962
 237013490, 0.1900731, -0.01018046, 0.03011636, 0.0002593962
 237114283, 0.1950617, -0.0100021, -0.01650432, 0.0002615578
 237214243, 0.1847127, -0.01325802, -0.04609177, 0.0002593962
 237314203, 0.1661878, -0.009485517, -0.0006399648, 0.0002593962
 237414163, 0.1690011, -0.01194135, 0.024208, 0.0002593962
 237514123, 0.1742052, -0.01367132, -0.01296073, 0.0002593962
 237614083, 0.1488823, -0.01049456, -0.004872689, 0.0002593962
 237714043, 0.1262523, -0.003506613, -0.02244993, 0.0002593962
 237814003, 0.116847, -0.0008012609, -0.04441106, 0.0002593962
 237933955, 0.1266417, -0.001955095, -0.02697155, 0.0003112754
 238033915, 0.09206076, -0.005146452, -0.005488946, 0.0002593962
 238133875, 0.09218183, -0.00257606, -0.01062905, 0.0002593962
 238233835, 0.09524643, -0.003474182, -0.03267367, 0.0002593962
 238333795, 0.07873091, -0.0002064193, -0.01329195, 0.0002593962
 238433755, 0.06678791, 0.004786798, -0.05296756, 0.0002593962
 238533715, 0.05694497, 0.007262972, -0.05706769, 0.0002593962
 238633675, 0.04035652, 0.01068199, -0.05063321, 0.0002593962
 238733635, 0.03250932, 0.0144197, -0.01987967, 0.0002593962
 238833595, 0.01550065, 0.01234881, 0.007118199, 0.0002593962
 238933555, 0.01104665, 0.01528775, -0.03323876, 0.0002593962
 239033515, 0.002773499, 0.01521835, -0.0747046, 0.0002593962
 239133475, -0.003207707, 0.00927206, -0.02311813, 0.0002593962
 239234268, 0.004141118, 0.01111268, -0.01366359, 0.0002615578
 239334228, 0.00194956, 0.009580299, -0.02338244, 0.0002593962
 239434188, -0.009652492, 0.007418869, 0.02911623, 0.0002593962
 239534148, -0.01618128, 0.01403198, -0.01611286, 0.0002593962
 239634108, -0.03440953, 0.0113577, -0.06342272, 0.0002593962
 239734068, -0.05364382, 0.01420655, -0.09871189, 0.0002593962
 239834028, -0.05000424, 0.01330897, -0.09242355, 0.0002593962
 239953980, -0.04318831, 0.01377489, -0.07274845, 0.0003112754
 240053940, -0.0312829, 0.007719432, -0.002264995, 0.0002593962
 240153900, -0.04218077, 0.01338437, -0.02107081, 0.0002593962
 240253860, -0.04450177, 0.007231534, -0.03760948, 0.0002593962
 240353820, -0.05283377, 0.00891818, -0.06575956, 0.0002593962
 240453780, -0.05871469, 0.0112272, -0.03686008, 0.0002593962
 240553740, -0.05967768, 0.006403115, 0.000554397, 0.0002593962
 240653700, -0.06269015, 0.0124247, -0.01425852, 0.0002593962
 240753660, -0.06822841, 0.0159787, -0.02042888, 0.0002593962
 240853620, -0.07189219, 0.01236843, -0.02858473, 0.0002593962
 240953580, -0.07837103, 0.007376291, -0.04712852, 0.0002593962
 241053540, -0.07152115, 0.008655255, -0.00692533, 0.0002593962
 241153500, -0.06846307, 0.009599352, -0.007015882, 0.0002593962
 241254293, -0.06937936, 0.006435296, -0.01274967, 0.0002615578
 241354253, -0.06789028, 0.007038184, -0.0385536, 0.0002593962
 241454213, -0.06163011, 0.007548928, -0.01547621, 0.0002593962
 241554173, -0.0698738, 0.007119841, -0.05267848, 0.0002593962
 241654133, -0.06828129, 0.009327415, -0.01563741, 0.0002593962
 241754093, -0.0731336, 0.01485235, 0.06480681, 0.0002593962
 241854053, -0.07819329, 0.01483255, 0.03282347, 0.0002593962
 241954013, -0.08414417, 0.02225013, -0.03923206, 0.0002593962
 242073965, -0.1149673, 0.01826415, -0.04364412, 0.0003112754
 242173925, -0.08448744, 0.01416817, -0.02940061, 0.0002593962
 242273885, -0.08599739, 0.009415397, -0.0452282, 0.0002593962
 242373845, -0.09256503, 0.009414264, -0.04007981, 0.0002593962
 242473805, -0.07195327, 0.008904898, -0.02269739, 0.0002593962
 242573765, -0.07898983, 0.01513901, -0.02053294, 0.0002593962
 242673725, -0.08328241, 0.01622883, -0.02172806, 0.0002593962
 242773685, -0.08604376, 0.01803859, 0.01539026, 0.0002593962
 242873645, -0.08533219, 0.01941316, -0.01740764, 0.0002593962
 242973605, -0.08899106, 0.01218387, -0.01296902, 0.0002593962
 243073565, -0.08028603, 0.01466943, 0.03994107, 0.0002593962
 243173525, -0.07453399, 0.01817383, -0.02679028, 0.0002593962
 243273485, -0.06748904, 0.004543821, -0.05417603, 0.0002593962
 243374278, -0.0733896, 0.004037587, -0.01612894, 0.0002615578
 243474238, -0.07076304, 0.008415197, -0.03529873, 0.0002593962
 243574198, -0.07446368, 0.01114892, -0.0343415, 0.0002593962
 243674158, -0.08250539, 0.009847144, -0.04186596, 0.0002593962
 243774118, -0.08385763, 0.006321716, -0.04652628, 0.0002593962
 243874078, -0.07418148, 0.006360669, 0.0105101, 0.0002593962
 243974038, -0.06539665, 0.003709763, 0.03965584, 0.0002593962
 244073998, -0.06167912, 0.003723745, 0.02531623, 0.0002593962
 244193950, -0.05930732, 0.01205455, 0.0255283, 0.0003112754
 244293910, -0.05192376, 0.001627582, -0.02296248, 0.0002593962
 244393870, -0.06346973, 0.004216795, -0.02271304, 0.0002593962
 244493830, -0.07195705, 0.010993, -0.01683606, 0.0002593962
 244593790, -0.06284063, 0.01280192, -0.02843905, 0.0002593962
 244693750, -0.06164907, 0.005377814, 0.001889531, 0.0002593962
 244793710, -0.05303267, 0.01045748, 0.01806179, 0.0002593962
 244893670, -0.05504048, 0.01313117, 0.0004606403, 0.0002593962
 244993630, -0.05306296, 0.009538732, -0.01711558, 0.0002593962
 245093590, -0.05414562, 0.004860265, -0.003706965, 0.0002593962
 245193550, -0.05852488, 0.009120682, -0.01513224, 0.0002593962
 245293510, -0.06033148, 0.006207722, -0.0147287, 0.0002593962
 245394303, -0.0421385, 0.00423539, 0.02522266, 0.0002593962
 245494263, -0.04467355, 0.01522842, 0.005321307, 0.0002615578
 245594223, -0.0494318, 0.02422391, 0.01922715, 0.0002593962
 245694183, -0.05101254, 0.01458633, 0.01895837, 0.0002593962
 245794143, -0.04617313, 0.007660591, -0.01190084, 0.0002593962
 245894103, -0.03879112, -0.002764932, -0.04241884, 0.0002593962
 245994063, -0.04732154, 0.003089756, -0.04053325, 0.0002593962
 246094023, -0.04043817, -0.004393104, -0.03539577, 0.0002593962
 246213975, -0.04678651, 0.004707721, -0.02133638, 0.0003112754
 246313935, -0.0250258, 0.003048433, 0.03953452, 0.0002593962
 246413895, -0.01798307, 0.004606079, 0.04248469, 0.0002593962
 246513855, -0.0283348, 0.000442506, 0.03734493, 0.0002593962
 246613815, -0.03178929, 0.0004217924, 0.006828389, 0.0002593962
 246713775, -0.03595223, -0.001162362, 0.02048435, 0.0002593962
 246813735, -0.03716993, -0.009842724, -0.02321996, 0.0002593962
 246913695, -0.0307575, -0.01315142, -0.01363054, 0.0002593962
 247013655, -0.02304662, 0.00185382, 0.04443713, 0.0002593962
 247113615, -0.02519058, 0.003178463, 0.005640138, 0.0002593962
 247213575, -0.02472349, -0.001426581, -0.01777055, 0.0002593962
 247313535, -0.02982955, 0.001366967, -0.01110664, 0.0002593962
 247413495, -0.03616013, 0.0003887124, 0.005665086, 0.0002593962
 247514288, -0.02947745, -0.001869402, 0.01647831, 0.0002615578
 247614248, -0.02041767, -0.003165217, -0.01734483, 0.0002593962
 247714208, -0.0171256, -0.002344211, -0.02312794, 0.0002593962
 247814168, -0.009691956, 0.009889523, -0.004421858, 0.0002593962
 247914128, -0.01367187, 0.002842803, 0.01221632, 0.0002593962
 248014088, -0.02603867, 0.005416953, 0.04683202, 0.0002593962
 248114048, -0.01658538, 0.006906331, 0.04027731, 0.0002593962
 248214008, -0.02452236, 0.002209544, -0.003139994, 0.0002593962
 248333960, -0.0207452, -0.01822965, -0.04278621, 0.0003112754
 248433920, -0.01896741, -0.007071092, 0.005130765, 0.0002593962
 248533880, -0.01521952, -0.002060861, 0.003513094, 0.0002593962
 248633840, -0.01230963, -0.0001256903, 0.01710373, 0.0002593962
 248733800, -0.03115247, 0.00197328, 0.006827321, 0.0002593962
 248833760, -0.02738251, 0.004371255, 0.005825163, 0.0002593962
 248933720, -0.02073515, 0.007308356, 0.01094693, 0.0002593962
 249033680, 0.01534394, 0.0007437868, 0.004792718, 0.0002593962
 249133640, -0.01485732, -0.001262139, -0.003678852, 0.0002593962
 249233600, 0.01601825, -0.002001317, -0.02648924, 0.0002593962
 249333560, -0.001422987, 0.00877661, 0.0218783, 0.0002593962
 249433520, -0.02020995, -0.0006339545, 0.03751117, 0.0002593962
 249533480, -0.01231235, 0.002837003, 0.01475399, 0.0002593962
 249634273, -0.008250582, 0.01277954, 0.006831639, 0.0002615578
 249734233, -0.009377841, 0.007392662, -0.01793157, 0.0002593962
 249834193, -0.01027759, 0.003087801, -0.02652312, 0.0002593962
 249934153, -0.01559119, 0.009349528, 0.02387288, 0.0002593962
 250034113, -0.004013532, 0.003143675, -0.01104089, 0.0002593962
 250134073, -0.005336085, 0.007608848, 0.02291047, 0.0002593962
 250234033, -0.0005094812, 0.002021797, 0.02516199, 0.0002593962
 250333993, 0.004771927, 0.01031509, 0.01683635, 0.0002593962
 250453945, 0.001454946, 0.01220581, 0.05206612, 0.0003112754
 250553905, 0.005915576, 0.004246885, 0.01421945, 0.0002593962
 250653865, -0.007809078, 0.006796526, -0.02065218, 0.0002593962
 250753825, -0.004482264, 0.003820332, -0.006672478, 0.0002593962
 250853785, 0.009328734, 0.008839577, -0.009290639, 0.0002593962
 250953745, -0.001888996, 0.00915107, -0.01898507, 0.0002593962
 251053705, -0.009948689, 0.004799216, 0.006547167, 0.0002593962
 251153665, -0.00823503, -0.001281368, -0.0199853, 0.0002593962
 251253625, -0.005118282, -0.004377964, -0.02966008, 0.0002593962
 251353585, -0.005856873, 0.002126387, -0.01557521, 0.0002593962
 251453545, -0.002419677, 0.001187515, -0.01562554, 0.0002593962
 251553505, 0.008711886, -0.00190207, 0.0405852, 0.0002593962
 251654298, 0.03022842, 0.001531144, 0.05854573, 0.0002593962
 251754258, 0.03959857, 0.006238414, 0.03063267, 0.0002615578
 251854218, 0.009488687, 0.01046949, 0.01930009, 0.0002593962
 251954178, -0.005762616, 0.006753203, -0.00997295, 0.0002593962
 252054138, -0.007821059, -0.005517186, 0.01077589, 0.0002593962
 252154098, 0.002027979, 0.003794249, 0.004254727, 0.0002593962
 252254058, 0.002220966, 0.008609438, -0.003648624, 0.0002593962
 252354018, -0.002546641, 0.01834443, 0.01041912, 0.0002593962
 252473970, 0.003709797, 0.0125975, 0.01944497, 0.0003112754
 252573930, 0.001013354, -0.0008599725, -0.02515099, 0.0002593962
 252673890, 0.000745821, -0.002180501, -0.02284524, 0.0002593962
 252773850, 0.007339492, -0.0007135074, 0.00716452, 0.0002593962
 252873810, -0.001263761, -0.01408204, -0.02002263, 0.0002593962
 252973770, -0.00103353, -0.00762499, 0.03687641, 0.0002593962
 253073730, 0.01858439, -0.003042868, 0.02212765, 0.0002593962
 253173690, 0.003365732, -0.001085965, -0.01499503, 0.0002593962
 253273650, 0.001372675, 0.005069753, 0.01292046, 0.0002593962
 253373610, 0.007732547, 0.01102222, 0.001638787, 0.0002593962
 253473570, 0.006105135, 0.005322738, 0.01789593, 0.0002593962
 253573530, 0.001957371, 0.007030181, 0.003007467, 0.0002593962
 253673490, -0.005884236, 0.002562064, -0.0005060459, 0.0002593962
 253774283, -0.008742439, 0.004309051, 0.01574627, 0.0002615578
 253874243, 0.00144272, 0.01408022, 0.02661257, 0.0002593962
 253974203, 0.0001342389, 0.02536172, -0.004893081, 0.0002593962
 254074163, -0.004654774, 0.009658344, -0.03482157, 0.0002593962
 254174123, 0.003321167, 0.003386888, -0.04411571, 0.0002593962
 254274083, 0.007577516, 0.009219304, 0.0164375, 0.0002593962
 254374043, 0.005698068, 0.005136515, 0.006649742, 0.0002593962
 254474003, -0.001451172, 0.00583988, 0.04790352, 0.0002593962
 254593955, -0.0005519222, 0.00653637, 0.06703697, 0.0003112754
 254693915, 0.01002311, 0.001532576, -0.01963031, 0.0002593962
 254793875, -0.001720803, -0.001552669, -0.05988593, 0.0002593962
 254893835, -0.002628872, 0.008794712, -0.02399468, 0.0002593962
 254993795, 0.01363652, 0.004199232, -0.004182239, 0.0002593962
 255093755, 0.006763344, -0.001762714, 0.04450673, 0.0002593962
 255193715, -0.005770571, 0.006086418, 0.02485843, 0.0002593962
 255293675, -0.01308333, 0.008950878, -0.02525699, 0.0002593962
 255393635, -0.01646823, 0.007460549, -0.03094705, 0.0002593962
 255493595, -0.01236533, 0.006997018, -0.002656103, 0.0002593962
 255593555, -0.004374711, 0.004151588, 0.0003872276, 0.0002593962
 255693515, 0.01849366, -0.003486122, -0.02536213, 0.0002593962
 255793475, 0.03951656, -0.002016112, -0.01000414, 0.0002593962
 255894268, 0.01577465, 0.002936465, -0.003960808, 0.0002615578
 255994228, -0.00465021, 0.004452526, 0.0179015, 0.0002593962
 256094188, -0.002767767, -0.00183766, -0.004324832, 0.0002593962
 256194148, 0.004995871, -0.008672121, 0.01861205, 0.0002593962
 256294108, 0.007635608, -0.004293531, 0.006553821, 0.0002593962
 256394068, 0.004120643, -0.002281364, 0.009945381, 0.0002593962
 256494028, -0.02102189, 0.003217372, -0.0104266, 0.0002593962
 256613980, -0.02206861, 0.001788401, 0.005358907, 0.0003112754
 256713940, -0.01772016, -0.002218056, -0.009236025, 0.0002593962
 256813900, -0.01645635, 0.0006128918, -0.0293961, 0.0002593962
 256913860, -0.00152963, -0.003468825, -0.04152744, 0.0002593962
 257013820, 0.008562176, -0.00130422, 0.0007109847, 0.0002593962
 257113780, 0.005050237, 0.005511496, 0.02985794, 0.0002593962
 257213740, 0.004927285, 0.007651699, 0.03962898, 0.0002593962
 257313700, -0.0003013696, 0.01341434, 0.03557013, 0.0002593962
 257413660, 0.006617229, 0.01146438, 0.03495337, 0.0002593962
 257513620, 0.005337844, 0.0128907, -0.004335653, 0.0002593962
 257613580, 0.00880006, 0.01167491, 0.005857442, 0.0002593962
 257713540, -0.006642703, 0.01078515, 0.003375677, 0.0002593962
 257813500, -0.01480709, 0.009636854, -0.01711604, 0.0002593962
 257914293, -0.004749745, 0.009457746, -0.04099961, 0.0002615578
 258014253, 0.007117325, 0.01000257, -0.01035961, 0.0002593962
 258114213, 0.009613216, 0.01137065, 0.03020104, 0.0002593962
 258214173, 0.008355054, 0.01033765, 0.02019147, 0.0002593962
 258314133, 0.003337221, 0.005814813, -0.005293959, 0.0002593962
 258414093, 8.236978E-05, 0.009389474, 0.03703646, 0.0002593962
 258514053, 0.0049243, 0.01076098, 0.02581182, 0.0002593962
 258614013, -0.0006042966, 0.004452861, 0.0155742, 0.0002593962
 258733965, 0.006963269, 0.006874365, -0.02344281, 0.0003112754
 258833925, -0.003395548, 0.0009646764, -0.05093977, 0.0002593962
 258933885, -0.001531225, 0.0006292609, -0.08216868, 0.0002593962
 259033845, 0.0003344298, -1.259526E-05, -0.003852972, 0.0002593962
 259133805, -0.0103963, 0.007505801, 0.02195726, 0.0002593962
 259233765, -0.002077871, 0.001585279, 0.02100373, 0.0002593962
 259333725, -0.001972478, -0.002080064, -0.02634667, 0.0002593962
 259433685, 0.000471463, -0.005861263, -0.03871219, 0.0002593962
 259533645, 0.006467032, -0.000159994, -0.007941654, 0.0002593962
 259633605, 0.004938054, 0.004777686, 0.0007407084, 0.0002593962
 259733565, 0.004155425, 0.004691828, 0.07140803, 0.0002593962
 259833525, -0.0001149905, 0.009406943, 0.05089272, 0.0002593962
 259933485, 0.01012962, 0.007513282, 0.008810123, 0.0002593962
 260034278, 0.002398057, 0.006786719, 0.006201807, 0.0002615578
 260134238, -0.0006828418, 0.005161302, -0.02854656, 0.0002593962
 260234198, -0.002143552, 0.004167649, -0.03175398, 0.0002593962
 260334158, -0.00349514, 0.006750238, 0.02466738, 0.0002593962
 260434118, 0.003873884, 0.006132936, 0.02140326, 0.0002593962
 260534078, 0.0192109, -0.00177316, 0.04705814, 0.0002593962
 260634038, -0.08503588, -0.001029478, 0.003599624, 0.0002593962
 260733998, 0.01757032, 0.001015541, -0.1520811, 0.0002593962
 260853950, 1.100561, -0.07118338, -0.2027714, 0.0003112754
 260953910, 1.462882, -0.1337808, 0.462993, 0.0002593962
 261053870, 1.484639, -0.137773, 0.7450154, 0.0002593962
 261153830, 2.297087, -0.3897704, 0.1948394, 0.0002593962
 261253790, 3.204912, -0.9957716, -0.7881133, 0.0002593962
 261353750, 2.924688, -1.40499, -1.475926, 0.0002593962
 261453710, 1.848614, -1.194932, -1.309641, 0.0002593962
 261553670, 0.9411446, -0.6793762, -0.5958819, 0.0002593962
 261653630, 0.4546569, -0.3061226, 0.04956721, 0.0002593962
 261753590, 0.2685167, -0.2070971, 0.3474485, 0.0002593962
 261853550, 0.2201262, -0.2518708, 0.4317458, 0.0002593962
 261953510, 0.2624284, -0.3349929, 0.3756149, 0.0002593962
 262054303, 0.3204893, -0.3977, 0.2829734, 0.0002593962
 262154263, 0.3587037, -0.4172828, 0.2267423, 0.0002615578
 262254223, 0.4098248, -0.4480921, 0.1618657, 0.0002593962
 262354183, 0.4460304, -0.4867598, 0.1039171, 0.0002593962
 262454143, 0.4367531, -0.4805398, 0.1026703, 0.0002593962
 262554103, 0.4264213, -0.4887263, 0.08973352, 0.0002593962
 262654063, 0.4253033, -0.524931, 0.06262755, 0.0002593962
 262754023, 0.4078315, -0.5283772, 0.07156821, 0.0002593962
 262873975, 0.4749794, -0.6481504, 0.09641898, 0.0003112754
 262973935, 0.3598203, -0.5242016, 0.08221329, 0.0002593962
 263073895, 0.3679067, -0.5649073, 0.05338136, 0.0002593962
 263173855, 0.3579334, -0.5680587, 0.05439094, 0.0002593962
 263273815, 0.3287037, -0.5539566, 0.07227273, 0.0002593962
 263373775, 0.3156471, -0.5732416, 0.05171298, 0.0002593962
 263473735, 0.2982092, -0.5727233, 0.05263837, 0.0002593962
 263573695, 0.2632105, -0.5355844, 0.07809277, 0.0002593962
 263673655, 0.2473913, -0.5260819, 0.06786783, 0.0002593962
 263773615, 0.231775, -0.5327688, 0.0635768, 0.0002593962
 263873575, 0.2167785, -0.5519118, 0.05100306, 0.0002593962
 263973535, 0.1904025, -0.5289748, 0.05833212, 0.0002593962
 264073495, 0.1724395, -0.5040351, 0.08151613, 0.0002593962
 264174288, 0.1591717, -0.5068781, 0.08349976, 0.0002615578
 264274248, 0.1478752, -0.5169762, 0.0639364, 0.0002593962
 264374208, 0.1435946, -0.5255684, 0.06502041, 0.0002593962
 264474168, 0.1333785, -0.5316192, 0.05286908, 0.0002593962
 264574128, 0.1223813, -0.5249211, 0.04940836, 0.0002593962
 264674088, 0.1111245, -0.5255165, 0.04432379, 0.0002593962
 264774048, 0.103641, -0.5155611, 0.02930279, 0.0002593962
 264874008, 0.09098216, -0.5034322, 0.01351289, 0.0002593962
 264993960, 0.08484414, -0.5689443, 0.06239765, 0.0003112754
 265093920, 0.06181769, -0.4339194, 0.07186928, 0.0002593962
 265193880, 0.05300304, -0.4622941, 0.02867742, 0.0002593962
 265293840, 0.03570599, -0.4305151, 0.0493337, 0.0002593962
 265393800, 0.0322202, -0.4328441, 0.04615287, 0.0002593962
 265493760, 0.02701293, -0.4253239, 0.0417331, 0.0002593962
 265593720, 0.0199289, -0.4078815, 0.03597285, 0.0002593962
 265693680, 0.01751022, -0.4059123, 0.01188813, 0.0002593962
 265793640, 0.007987262, -0.4041221, 0.007586104, 0.0002593962
 265893600, 0.003612573, -0.3859498, 0.003712161, 0.0002593962
 265993560, -0.005009139, -0.3487923, 0.016367, 0.0002593962
 266093520, -0.008566941, -0.3188286, 0.0222732, 0.0002593962
 266193480, -0.01448951, -0.3085895, 0.03008436, 0.0002593962
 266294273, -0.01361239, -0.3037527, 0.04119353, 0.0002615578
 266394233, -0.01115151, -0.2902774, 0.05156117, 0.0002593962
 266494193, -0.01582794, -0.2729451, 0.03476935, 0.0002593962
 266594153, -0.01558212, -0.2676665, 0.02098557, 0.0002593962
 266694113, -0.01674683, -0.2386435, 0.04336106, 0.0002593962
 266794073, -0.01499933, -0.2432364, 0.01356593, 0.0002593962
 266894033, -0.008449791, -0.255349, -0.03248359, 0.0002593962
 266993993, -0.01462531, -0.2537946, -0.05316642, 0.0002593962
 267113945, -0.02005802, -0.2592163, -0.02134737, 0.0003112754
 267213905, -0.0131839, -0.1947799, 0.002818983, 0.0002593962
 267313865, -0.01135945, -0.1844051, -0.01925993, 0.0002593962
 267413825, -0.01832265, -0.1727767, -0.03254333, 0.0002593962
 267513785, -0.01157901, -0.1549293, -0.004515148, 0.0002593962
 267613745, -0.008954132, -0.1449524, -0.003909902, 0.0002593962
 267713705, -0.01117794, -0.1446661, -0.01118056, 0.0002593962
 267813665, -0.008743973, -0.1288241, 0.007506933, 0.0002593962
 267913625, -0.008877675, -0.112518, -0.01419523, 0.0002593962
 268013585, -0.01790597, -0.09906395, -0.02352857, 0.0002593962
 268113545, -0.01249484, -0.08745604, -0.001183723, 0.0002593962
 268213505, -0.004119559, -0.08091044, -0.014024, 0.0002593962
 268314298, 0.01978516, -0.08086637, -0.04373083, 0.0002593962
 268414258, 0.02408835, -0.07344449, -0.06390315, 0.0002615578
 268514218, 0.00612688, -0.0645193, -0.04282269, 0.0002593962
 268614178, 8.2321E-05, -0.0596684, -0.03909914, 0.0002593962
 268714138, 0.002201546, -0.04384387, -0.03549436, 0.0002593962
 268814098, 0.00317089, -0.02949053, -0.04826086, 0.0002593962
 268914058, 0.006756363, -0.02625834, -0.02983467, 0.0002593962
 269014018, 0.004937308, -0.01572054, 0.02668516, 0.0002593962
 269133970, -0.003590099, 0.001097883, 0.01144105, 0.0003112754
 269233930, 0.006853718, 0.005806341, -0.06376351, 0.0002593962
 269333890, 0.02193, 0.002886847, -0.06276774, 0.0002593962
 269433850, 0.02389106, 0.006564677, -0.01978196, 0.0002593962
 269533810, 0.03129777, 0.0126245, -0.03413607, 0.0002593962
 269633770, 0.02469003, 0.02254518, -0.07177886, 0.0002593962
 269733730, 0.010483, 0.02605153, -0.06802385, 0.0002593962
 269833690, 0.00589641, 0.03488241, -0.01107268, 0.0002593962
 269933650, 0.01995267, 0.04311542, 0.004947027, 0.0002593962
 270033610, 0.02640701, 0.04855345, -0.009455092, 0.0002593962
 270133570, 0.03748731, 0.0555619, -0.03312701, 0.0002593962
 270233530, 0.02766001, 0.0557303, -0.04589268, 0.0002593962
 270333490, 0.0003580562, 0.05440289, -0.04287698, 0.0002593962
 270434283, 0.001712189, 0.06212011, -0.03376997, 0.0002615578
 270534243, 0.005368454, 0.05651991, -0.02360755, 0.0002593962
 270634203, 0.01751215, 0.07163174, -0.04096277, 0.0002593962
 270734163, 0.01412366, 0.07208544, -0.03850608, 0.0002593962
 270834123, 0.03410989, 0.07148001, -0.06577025, 0.0002593962
 270934083, 0.020886, 0.06789639, -0.03322916, 0.0002593962
 271034043, 0.007084272, 0.06690118, 0.01672684, 0.0002593962
 271134003, 0.007702026, 0.08196836, 0.003498366, 0.0002593962
 271253955, 0.004159339, 0.09505233, -0.02453499, 0.0003112754
 271353915, -0.001820326, 0.07975845, -0.0123797, 0.0002593962
 271453875, 0.005914501, 0.08045551, -0.02014028, 0.0002593962
 271553835, 0.01748908, 0.08792529, -0.04594439, 0.0002593962
 271653795, 0.01788083, 0.08642952, -0.0431616, 0.0002593962
 271753755, 0.02198091, 0.08335579, -0.01523811, 0.0002593962
 271853715, 0.02008387, 0.081284, -0.005769214, 0.0002593962
 271953675, 0.01724434, 0.08403203, 0.02188873, 0.0002593962
 272053635, 0.01925662, 0.08039185, 0.01838931, 0.0002593962
 272153595, 0.008733648, 0.09064415, -0.01341471, 0.0002593962
 272253555, 0.0112169, 0.09676372, -0.03762812, 0.0002593962
 272353515, 0.01414819, 0.08972044, -0.03176626, 0.0002593962
 272453475, 0.009606999, 0.07963833, -0.03589365, 0.0002593962
 272554268, 0.0188178, 0.08836596, -0.04821433, 0.0002615578
 272654228, 0.02010239, 0.08533797, -0.02883106, 0.0002593962
 272754188, 0.00924696, 0.07748498, -0.03573944, 0.0002593962
 272854148, 0.006408596, 0.07479961, 0.003575887, 0.0002593962
 272954108, 0.007815646, 0.08953154, 0.01820492, 0.0002593962
 273054068, 0.009491171, 0.09361946, 0.01810818, 0.0002593962
 273154028, -0.004117242, 0.1009587, -0.04631996, 0.0002593962
 273273980, 0.003814049, 0.1031542, 0.01032248, 0.0003112754
 273373940, 0.01517469, 0.07476204, 0.03799202, 0.0002593962
 273473900, 0.01116164, 0.07719448, -0.001651628, 0.0002593962
 273573860, 0.00926275, 0.07975376, -0.03024924, 0.0002593962
 273673820, 0.006489645, 0.07997759, -0.04002821, 0.0002593962
 273773780, 0.007944331, 0.08204839, -0.02936993, 0.0002593962
 273873740, 0.004605254, 0.07550405, -0.02205009, 0.0002593962
 273973700, 0.004134742, 0.07398023, -0.01804735, 0.0002593962
 274073660, 0.01845657, 0.07610819, -0.01367593, 0.0002593962
 274173620, 0.008423451, 0.07912044, -0.02348058, 0.0002593962
 274273580, 0.009245418, 0.07806395, 0.005051231, 0.0002593962
 274373540, 0.007020937, 0.06480357, -0.0002519648, 0.0002593962
 274473500, 0.004568679, 0.05101468, -0.01617724, 0.0002593962
 274574293, 0.007722528, 0.05663743, 0.0062646, 0.0002615578
 274674253, 0.004152353, 0.05394186, 0.03028644, 0.0002593962
 274774213, -0.002354826, 0.0592745, 0.0007018335, 0.0002593962
 274874173, 0.007724984, 0.07209704, -0.01037933, 0.0002593962
 274974133, 0.01612242, 0.06857665, -0.001830208, 0.0002593962
 275074093, 0.01484218, 0.06170199, -0.02477687, 0.0002593962
 275174053, 0.008616433, 0.06228332, -0.002889488, 0.0002593962
 275274013, 0.005354686, 0.06870945, -0.0339957, 0.0002593962
 275393965, 0.001980801, 0.07322199, -0.02134172, 0.0003112754
 275493925, 0.007651926, 0.05613992, -0.002880908, 0.0002593962
 275593885, -0.005085233, 0.05128369, -0.03620283, 0.0002593962
 275693845, 0.0189939, 0.0533604, -0.01204538, 0.0002593962
 275793805, 0.01102587, 0.0597604, -0.01030621, 0.0002593962
 275893765, 0.00219185, 0.06138574, -0.01968458, 0.0002593962
 275993725, -0.006779451, 0.05093656, -0.009414072, 0.0002593962
 276093685, -6.458766E-05, 0.04474014, 0.02043301, 0.0002593962
 276193645, 0.004546007, 0.0369733, 0.01296634, 0.0002593962
 276293605, 0.003283399, 0.04029081, -0.002734177, 0.0002593962
 276393565, 0.001960073, 0.03228644, 0.02808891, 0.0002593962
 276493525, 0.0004041812, 0.03130975, 0.0150136, 0.0002593962
 276593485, -0.004963588, 0.04262082, -0.03047272, 0.0002593962
 276694278, -0.008759872, 0.03880177, -0.005563879, 0.0002615578
 276794238, -0.002867925, 0.03359953, 0.005978567, 0.0002593962
 276894198, -0.005908753, 0.03400249, 0.02060442, 0.0002593962
 276994158, -0.006189593, 0.03227271, 0.02459334, 0.0002593962
 277094118, 0.004430043, 0.03600349, 0.02925115, 0.0002593962
 277194078, 0.004481418, 0.02997907, 0.01206367, 0.0002593962
 277294038, 0.000895114, 0.02395964, 0.01758698, 0.0002593962
 277393998, -0.0002213302, 0.01408934, -0.04045339, 0.0002593962
 277513950, -0.008977436, 0.01815531, -0.05228824, 0.0003112754
 277613910, -0.002656085, 0.01953203, -0.02591169, 0.0002593962
 277713870, 0.001619178, 0.02528969, 0.03260769, 0.0002593962
 277813830, 0.002414346, 0.02029053, 0.04803849, 0.0002593962
 277913790, -0.0006675594, 0.02372167, 0.03490227, 0.0002593962
 278013750, 0.0005924632, 0.0256416, 0.0342584, 0.0002593962
 278113710, -0.005158767, 0.02139978, 0.05862916, 0.0002593962
 278213670, -0.0006410327, 0.01329612, -0.002759288, 0.0002593962
 278313630, -0.004666469, 0.01365741, -0.05431062, 0.0002593962
 278413590, 0.002625581, 0.01573562, -0.03694818, 0.0002593962
 278513550, 0.005132962, 0.01430854, -0.003124398, 0.0002593962
 278613510, -0.001181954, 0.003445844, 0.01426172, 0.0002593962
 278714303, -0.0001028255, 0.008371452, -0.004547082, 0.0002593962
 278814263, -0.00401475, 0.01512661, 0.009884277, 0.0002615578
 278914223, -0.001098458, 0.02448468, 0.03502482, 0.0002593962
 279014183, -0.03332163, 0.01468934, 0.03716427, 0.0002593962
 279114143, -0.4538978, -0.0544989, -0.0114234, 0.0002593962
 279214103, -0.702719, -0.09004956, -0.04959718, 0.0002593962
 279314063, -0.814231, 0.480655, -0.1614929, 0.0002593962
 279414023, -0.8930085, 1.110364, 0.135766, 0.0002593962
 279533975, -1.10427, 1.38788, 0.7838391, 0.0003112754
 279633935, -0.9564857, 1.346379, 0.5029324, 0.0002593962
 279733895, -1.240779, 2.004302, -0.09392488, 0.0002593962
 279833855, -1.627264, 2.189377, -0.7580084, 0.0002593962
 279933815, -1.715056, 1.598889, -1.003166, 0.0002593962
 280033775, -1.4215, 0.8067175, -0.7043821, 0.0002593962
 280133735, -1.034867, 0.2773573, -0.211405, 0.0002593962
 280233695, -0.7675259, 0.04013429, 0.1699077, 0.0002593962
 280333655, -0.649161, -0.02155443, 0.3559566, 0.0002593962
 280433615, -0.6306605, 0.002319407, 0.3871728, 0.0002593962
 280533575, -0.6657507, 0.06041252, 0.3242327, 0.0002593962
 280633535, -0.7191675, 0.1170731, 0.2183731, 0.0002593962
 280733495, -0.7614894, 0.1462852, 0.111168, 0.0002593962
 280834288, -0.781752, 0.1387707, 0.03513641, 0.0002615578
 280934248, -0.7532641, 0.1009253, 0.005683637, 0.0002593962
 281034208, -0.7096413, 0.05627479, 0.01687989, 0.0002593962
 281134168, -0.6627072, 0.01846735, 0.04959882, 0.0002593962
 281234128, -0.6247158, -0.007392652, 0.08317637, 0.0002593962
 281334088, -0.6009406, -0.02240984, 0.1029309, 0.0002593962
 281434048, -0.5926753, -0.03107765, 0.1044716, 0.0002593962
 281534008, -0.5914553, -0.03862065, 0.0908308, 0.0002593962
 281653960, -0.7227834, -0.06062579, 0.08345706, 0.0003112754
 281753920, -0.5863152, -0.06509271, 0.04688246, 0.0002593962
 281853880, -0.5749844, -0.08224558, 0.03307562, 0.0002593962
 281953840, -0.5586828, -0.1002291, 0.02713715, 0.0002593962
 282053800, -0.538974, -0.1173159, 0.02833593, 0.0002593962
 282153760, -0.5188968, -0.1335486, 0.03309925, 0.0002593962
 282253720, -0.5014736, -0.1466032, 0.03795793, 0.0002593962
 282353680, -0.4867209, -0.159361, 0.04063493, 0.0002593962
 282453640, -0.4740404, -0.171186, 0.04072614, 0.0002593962
 282553600, -0.4616804, -0.1830808, 0.0390214, 0.0002593962
 282653560, -0.4496681, -0.194656, 0.03470265, 0.0002593962
 282753520, -0.4376224, -0.2060709, 0.02979953, 0.0002593962
 282853480, -0.423997, -0.217348, 0.02599427, 0.0002593962
 282954273, -0.4130048, -0.2298915, 0.02400517, 0.0002615578
 283054233, -0.3932008, -0.2373966, 0.0222217, 0.0002593962
 283154193, -0.3766872, -0.2460364, 0.02109338, 0.0002593962
 283254153, -0.3606634, -0.2541276, 0.01877592, 0.0002593962
 283354113, -0.3436157, -0.261283, 0.01635742, 0.0002593962
 283454073, -0.3261882, -0.2665356, 0.01546166, 0.0002593962
 283554033, -0.308616, -0.2706647, 0.0153566, 0.0002593962
 283653993, -0.2904526, -0.2734368, 0.01508783, 0.0002593962
 283773945, -0.3305897, -0.3357982, 0.01822326, 0.0003112754
 283873905, -0.2505649, -0.2750959, 0.01422109, 0.0002593962
 283973865, -0.2344713, -0.274433, 0.01268915, 0.0002593962
 284073825, -0.2191542, -0.2733327, 0.01033186, 0.0002593962
 284173785, -0.2032207, -0.2711204, 0.009204805, 0.0002593962
 284273745, -0.1877877, -0.2670732, 0.01012928, 0.0002593962
 284373705, -0.1728141, -0.2620203, 0.01206686, 0.0002593962
 284473665, -0.1584337, -0.2563044, 0.01371581, 0.0002593962
 284573625, -0.1455268, -0.249928, 0.01480944, 0.0002593962
 284673585, -0.1338057, -0.2435546, 0.01469595, 0.0002593962
 284773545, -0.1232624, -0.2373533, 0.01375024, 0.0002593962
 284873505, -0.11342, -0.2306889, 0.01165769, 0.0002593962
 284974298, -0.1043115, -0.2245287, 0.009345054, 0.0002593962
 285074258, -0.09642261, -0.2193004, 0.006695786, 0.0002615578
 285174218, -0.08770363, -0.2119329, 0.004126319, 0.0002593962
 285274178, -0.07970877, -0.2052517, 0.002708496, 0.0002593962
 285374138, -0.0719458, -0.1980213, 0.002409162, 0.0002593962
 285474098, -0.06469479, -0.1907823, 0.002432784, 0.0002593962
 285574058, -0.05816601, -0.1831856, 0.003280929, 0.0002593962
 285674018, -0.0521233, -0.1756984, 0.003996404, 0.0002593962
 285793970, -0.05682196, -0.204841, 0.005052719, 0.0003112754
 285893930, -0.04125509, -0.1598987, 0.002983568, 0.0002593962
 285993890, -0.03692739, -0.1538119, 0.0003214122, 0.0002593962
 286093850, -0.03314852, -0.1471938, -0.002041276, 0.0002593962
 286193810, -0.02901255, -0.1413675, -0.002860279, 0.0002593962
 286293770, -0.02531674, -0.1353166, -0.00259942, 0.0002593962
 286393730, -0.02213235, -0.1292068, -0.002219256, 0.0002593962
 286493690, -0.01878501, -0.123545, -0.002492889, 0.0002593962
 286593650, -0.01632306, -0.1177975, -0.003975412, 0.0002593962
 286693610, -0.01372212, -0.1125831, -0.005544742, 0.0002593962
 286793570, -0.01117173, -0.1068655, -0.006551391, 0.0002593962
 286893530, -0.008672043, -0.1021932, -0.007171756, 0.0002593962
 286993490, -0.006312174, -0.09716184, -0.006763194, 0.0002593962
 287094283, -0.004320471, -0.09313318, -0.006091686, 0.0002615578
 287194243, -0.002384839, -0.08748617, -0.004684824, 0.0002593962
 287294203, -0.0007785532, -0.08316619, -0.00375646, 0.0002593962
 287394163, 0.0004009668, -0.07909939, -0.002944273, 0.0002593962
 287494123, 0.00137377, -0.0748398, -0.002560259, 0.0002593962
 287594083, 0.002372108, -0.07096718, -0.003275009, 0.0002593962
 287694043, 0.00350641, -0.06726997, -0.004077882, 0.0002593962
 287794003, 0.004210992, -0.06359452, -0.004866989, 0.0002593962
 287913955, 0.006532108, -0.0726539, -0.006387777, 0.0003112754
 288013915, 0.005931176, -0.0554819, -0.004970155, 0.0002593962
 288113875, 0.006843973, -0.05219988, -0.004409923, 0.0002593962
 288213835, 0.007307809, -0.0494054, -0.003643552, 0.0002593962
 288313795, 0.007870822, -0.04669109, -0.003144055, 0.0002593962
 288413755, 0.008212153, -0.04417327, -0.002400611, 0.0002593962
 288513715, 0.008182707, -0.04131469, -0.00264964, 0.0002593962
 288613675, 0.008502791, -0.03908419, -0.002441555, 0.0002593962
 288713635, 0.008744846, -0.03695645, -0.002276892, 0.0002593962
 288813595, 0.009146238, -0.03499521, -0.002604596, 0.0002593962
 288913555, 0.008936176, -0.03269542, -0.003543561, 0.0002593962
 289013515, 0.008901546, -0.03087021, -0.004227101, 0.0002593962
 289113475, 0.009288115, -0.0290788, -0.005132043, 0.0002593962
 289214268, 0.009704238, -0.02765985, -0.004883924, 0.0002615578
 289314228, 0.009763035, -0.02543262, -0.003615334, 0.0002593962
 289414188, 0.01011142, -0.02367663, -0.002041839, 0.0002593962
 289514148, 0.01006351, -0.02262439, -0.001041415, 0.0002593962
 289614108, 0.009822729, -0.02111559, -0.0002279895, 0.0002593962
 289714068, 0.00960071, -0.01968026, -0.0005933676, 0.0002593962
 289814028, 0.009165743, -0.01869411, -0.001021215, 0.0002593962
 289933980, 0.01087886, -0.02076351, -0.002338837, 0.0003112754
 290033940, 0.00889896, -0.01579462, -0.002631746, 0.0002593962
 290133900, 0.009059364, -0.01451345, -0.003356192, 0.0002593962
 290233860, 0.009115309, -0.01335827, -0.003546478, 0.0002593962
 290333820, 0.009173346, -0.01254567, -0.003692465, 0.0002593962
 290433780, 0.009194583, -0.01136267, -0.003437488, 0.0002593962
 290533740, 0.009277369, -0.01048501, -0.00258961, 0.0002593962
 290633700, 0.009187959, -0.009815477, -0.002090257, 0.0002593962
 290733660, 0.009092925, -0.00927515, -0.001524201, 0.0002593962
 290833620, 0.008765248, -0.008611975, -0.0007901749, 0.0002593962
 290933580, 0.008763213, -0.007936606, -0.00116663, 0.0002593962
 291033540, 0.008433579, -0.007150247, -0.001733391, 0.0002593962
 291133500, 0.008426434, -0.006271228, -0.002459896, 0.0002593962
 291234293, 0.008589115, -0.005565881, -0.003147522, 0.0002615578
 291334253, 0.008622507, -0.004991646, -0.002829564, 0.0002593962
 291434213, 0.008457908, -0.004843059, -0.002254404, 0.0002593962
 291534173, 0.008454023, -0.004472997, -0.001374486, 0.0002593962
 291634133, 0.008156773, -0.00422753, -0.0005406981, 0.0002593962
 291734093, 0.008100585, -0.00398891, -0.000416322, 0.0002593962
 291834053, 0.007804402, -0.003905721, -0.0004095632, 0.0002593962
 291934013, 0.007717337, -0.003742714, -0.0004985626, 0.0002593962
 292053965, 0.009152232, -0.004204338, -0.0005292015, 0.0003112754
 292153925, 0.007077977, -0.003140089, -0.0005309841, 0.0002593962
 292253885, 0.006704013, -0.002985885, -0.0002900584, 0.0002593962
 292353845, 0.006774441, -0.00290322, -0.0005158267, 0.0002593962
 292453805, 0.006544352, -0.002783061, -0.001056963, 0.0002593962
 292553765, 0.00646247, -0.002516698, -0.001588777, 0.0002593962
 292653725, 0.006347412, -0.002251188, -0.00244001, 0.0002593962
 292753685, 0.006550475, -0.002047373, -0.003031509, 0.0002593962
 292853645, 0.006511373, -0.001910337, -0.002924779, 0.0002593962
 292953605, 0.006573305, -0.001709291, -0.002322355, 0.0002593962
 293053565, 0.0067065, -0.001545624, -0.001887777, 0.0002593962
 293153525, 0.006664045, -0.001705517, -0.00156484, 0.0002593962
 293253485, 0.006540719, -0.001208093, -0.001257012, 0.0002593962
 293354278, 0.006504604, -0.001368796, -0.0008447267, 0.0002615578
 293454238, 0.006348921, -0.001248789, -0.0006810706, 0.0002593962
 293554198, 0.005974209, -0.001353889, -0.0007853322, 0.0002593962
 293654158, 0.006024707, -0.001084594, -0.001010586, 0.0002593962
 293754118, 0.006119639, -0.001091906, -0.001103989, 0.0002593962
 293854078, 0.005861628, -0.0007602472, -0.001148146, 0.0002593962
