TimeUS,CGpN,CGpE,CGpD,CGpe,PGpN,PGpE,PGpD,PGpe
 141033564, 0, 0, 0, 2.5, 0, 0, 0, 2.5
 141233484, 0, 0, 0, 2.5, 0, 0, 0, 2.5
 141434237, 0, 0, 0, 2.5, 0, 0, 0, 2.5
 141634157, 0.08000001, -0.008, 0, 2.5, 0, 0, 0, 2.5
 141834077, 0.531, -0.055, 0.004, 2.5, 0.08000001, -0.008, 0, 2.5
 142033997, 1.457, -0.152, 0.023, 2.5, 0.531, -0.055, 0.004, 2.5
 142233917, 2.847, -0.299, 0.054, 2.5, 1.457, -0.152, 0.023, 2.5
 142433837, 4.661, -0.491, 0.098, 2.5, 2.847, -0.299, 0.054, 2.5
 142633757, 6.771, -0.7090001, 0.152, 2.5, 4.661, -0.491, 0.098, 2.5
 142833677, 8.836, -0.929, 0.21, 2.5, 6.771, -0.7090001, 0.152, 2.5
 143033597, 10.717, -1.127, 0.266, 2.5, 8.836, -0.929, 0.21, 2.5
 143233517, 12.38, -1.299, 0.23, 2.5, 10.717, -1.127, 0.266, 2.5
 143434270, 13.826, -1.45, 0.225, 2.5, 12.38, -1.299, 0.23, 2.5
 143634190, 15.544, -1.636, -0.093, 2.5, 13.826, -1.45, 0.225, 2.5
 143834110, 17.39, -1.857, -1.376, 2.5, 15.544, -1.636, -0.093, 2.5
 144034030, 18.958, -2.068, -2.153, 2.5, 17.39, -1.857, -1.376, 2.5
 144233950, 20.325, -2.247, -2.676, 2.5, 18.958, -2.068, -2.153, 2.5
 144433870, 21.536, -2.353, -3.126, 2.5, 20.325, -2.247, -2.676, 2.5
 144633790, 22.575, -2.44, -3.594, 2.5, 21.536, -2.353, -3.126, 2.5
 144833710, 23.466, -2.565, -3.95, 2.5, 22.575, -2.44, -3.594, 2.5
 145033630, 24.23, -2.654, -4.264, 2.5, 23.466, -2.565, -3.95, 2.5
 145233550, 24.886, -2.716, -4.567, 2.5, 24.23, -2.654, -4.264, 2.5
 145434303, 25.416, -2.785, -4.899, 2.5, 24.886, -2.716, -4.567, 2.5
 145634223, 25.898, -2.828, -5.1, 2.5, 25.416, -2.785, -4.899, 2.5
 145834143, 26.288, -2.873, -5.308, 2.5, 25.898, -2.828, -5.1, 2.5
 146034063, 26.617, -2.929, -5.49, 2.5, 26.288, -2.873, -5.308, 2.5
 146233983, 26.856, -2.981, -5.754, 2.5, 26.617, -2.929, -5.49, 2.5
 146433903, 27.097, -3.023, -5.815, 2.5, 26.856, -2.981, -5.754, 2.5
 146633823, 27.298, -3.047, -5.917, 2.5, 27.097, -3.023, -5.815, 2.5
 146833743, 27.458, -3.077, -5.995, 2.5, 27.298, -3.047, -5.917, 2.5
 147033663, 27.581, -3.048, -6.059, 2.5, 27.458, -3.077, -5.995, 2.5
 147233583, 27.677, -3.037, -6.143, 2.5, 27.581, -3.048, -6.059, 2.5
 147433503, 27.782, -3.062, -6.095, 2.5, 27.677, -3.037, -6.143, 2.5
 147634256, 27.856, -3.09, -6.107, 2.5, 27.782, -3.062, -6.095, 2.5
 147834176, 27.893, -3.13, -6.194, 2.5, 27.856, -3.09, -6.107, 2.5
 148034096, 27.988, -3.154, -6.059, 2.5, 27.893, -3.13, -6.194, 2.5
 148234016, 28.104, -3.149, -5.821, 2.5, 27.988, -3.154, -6.059, 2.5
 148433936, 28.217, -3.197, -5.583, 2.5, 28.104, -3.149, -5.821, 2.5
 148633856, 28.309, -3.233, -5.45, 2.5, 28.217, -3.197, -5.583, 2.5
 148833776, 28.427, -3.257, -5.212, 2.5, 28.309, -3.233, -5.45, 2.5
 149033696, 28.523, -3.285, -5.04, 2.5, 28.427, -3.257, -5.212, 2.5
 149233616, 28.549, -3.291, -4.77, 2.5, 28.523, -3.285, -5.04, 2.5
 149433536, 28.555, -3.29, -4.587, 2.5, 28.549, -3.291, -4.77, 2.5
 149634289, 28.587, -3.318, -4.374, 2.5, 28.555, -3.29, -4.587, 2.5
 149834209, 28.593, -3.336, -4.116, 2.5, 28.587, -3.318, -4.374, 2.5
 150034129, 28.633, -2.921, -3.723, 2.5, 28.593, -3.336, -4.116, 2.5
 150234049, 28.65, -2.489, -3.429, 2.5, 28.633, -2.921, -3.723, 2.5
 150433969, 28.587, -2.366, -3.404, 2.5, 28.65, -2.489, -3.429, 2.5
 150633889, 28.52, -2.349, -3.168, 2.5, 28.587, -2.366, -3.404, 2.5
 150833809, 28.476, -2.204, -2.833, 2.5, 28.52, -2.349, -3.168, 2.5
 151033729, 28.422, -2.013, -2.57, 2.5, 28.476, -2.204, -2.833, 2.5
 151233649, 28.382, -1.892, -2.204, 2.5, 28.422, -2.013, -2.57, 2.5
 151433569, 28.335, -1.837, -1.934, 2.5, 28.382, -1.892, -2.204, 2.5
 151633489, 28.275, -1.739, -1.764, 2.5, 28.335, -1.837, -1.934, 2.5
 151834242, 28.223, -1.604, -1.604, 2.5, 28.275, -1.739, -1.764, 2.5
 152034162, 28.174, -1.485, -1.45, 2.5, 28.223, -1.604, -1.604, 2.5
 152234082, 28.133, -1.413, -1.219, 2.5, 28.174, -1.485, -1.45, 2.5
 152434002, 28.09, -1.347, -0.9680001, 2.5, 28.133, -1.413, -1.219, 2.5
 152633922, 28.057, -1.295, -0.816, 2.5, 28.09, -1.347, -0.9680001, 2.5
 152833842, 28.033, -1.223, -0.551, 2.5, 28.057, -1.295, -0.816, 2.5
 153033762, 28.007, -1.137, -0.45, 2.5, 28.033, -1.223, -0.551, 2.5
 153233682, 27.977, -1.054, -0.386, 2.5, 28.007, -1.137, -0.45, 2.5
 153433602, 27.952, -0.9960001, -0.221, 2.5, 27.977, -1.054, -0.386, 2.5
 153633522, 27.941, -0.9480001, -0.052, 2.5, 27.952, -0.9960001, -0.221, 2.5
 153834275, 27.923, -0.89, 0.116, 2.5, 27.941, -0.9480001, -0.052, 2.5
 154034195, 27.906, -0.835, 0.187, 2.5, 27.923, -0.89, 0.116, 2.5
 154234115, 27.895, -0.776, 0.241, 2.5, 27.906, -0.835, 0.187, 2.5
 154434035, 27.885, -0.733, 0.333, 2.5, 27.895, -0.776, 0.241, 2.5
 154633955, 27.886, -0.689, 0.429, 2.5, 27.885, -0.733, 0.333, 2.5
 154833875, 27.896, -0.631, 0.471, 2.5, 27.886, -0.689, 0.429, 2.5
 155033795, 27.895, -0.5840001, 0.566, 2.5, 27.896, -0.631, 0.471, 2.5
 155233715, 27.902, -0.564, 0.706, 2.5, 27.895, -0.5840001, 0.566, 2.5
 155433635, 27.923, -0.5470001, 0.754, 2.5, 27.902, -0.564, 0.706, 2.5
 155633555, 27.935, -0.532, 0.8060001, 2.5, 27.923, -0.5470001, 0.754, 2.5
 155833475, 27.952, -0.515, 0.779, 2.5, 27.935, -0.532, 0.8060001, 2.5
 156034228, 27.966, -0.486, 0.779, 2.5, 27.952, -0.515, 0.779, 2.5
 156234148, 27.971, -0.446, 0.804, 2.5, 27.966, -0.486, 0.779, 2.5
 156434068, 27.992, -0.418, 0.872, 2.5, 27.971, -0.446, 0.804, 2.5
 156633988, 28.016, -0.378, 0.8700001, 2.5, 27.992, -0.418, 0.872, 2.5
 156833908, 28.036, -0.345, 0.8890001, 2.5, 28.016, -0.378, 0.8700001, 2.5
 157033828, 28.064, -0.326, 0.951, 2.5, 28.036, -0.345, 0.8890001, 2.5
 157233748, 28.076, -0.325, 0.9680001, 2.5, 28.064, -0.326, 0.951, 2.5
 157433668, 28.092, -0.309, 0.924, 2.5, 28.076, -0.325, 0.9680001, 2.5
 157633588, 28.117, -0.279, 0.8850001, 2.5, 28.092, -0.309, 0.924, 2.5
 157833508, 28.132, -0.264, 0.868, 2.5, 28.117, -0.279, 0.8850001, 2.5
 158034261, 28.16, -0.258, 0.9120001, 2.5, 28.132, -0.264, 0.868, 2.5
 158234181, 28.193, -0.254, 0.947, 2.5, 28.16, -0.258, 0.9120001, 2.5
 158434101, 28.206, -0.249, 0.933, 2.5, 28.193, -0.254, 0.947, 2.5
 158634021, 28.243, -0.245, 0.952, 2.5, 28.206, -0.249, 0.933, 2.5
 158833941, 28.277, -0.233, 0.9950001, 2.5, 28.243, -0.245, 0.952, 2.5
 159033861, 28.303, -0.233, 0.9770001, 2.5, 28.277, -0.233, 0.9950001, 2.5
 159233781, 28.327, -0.238, 0.9960001, 2.5, 28.303, -0.233, 0.9770001, 2.5
 159433701, 28.346, -0.225, 0.906, 2.5, 28.327, -0.238, 0.9960001, 2.5
 159633621, 28.37, -0.197, 0.8840001, 2.5, 28.346, -0.225, 0.906, 2.5
 159833541, 28.41, -0.172, 0.89, 2.5, 28.37, -0.197, 0.8840001, 2.5
 160034294, 28.436, -0.176, 0.795, 2.5, 28.41, -0.172, 0.89, 2.5
 160234214, 28.46, -0.215, 0.807, 2.5, 28.436, -0.176, 0.795, 2.5
 160434134, 28.478, -0.243, 0.812, 2.5, 28.46, -0.215, 0.807, 2.5
 160634054, 28.499, -0.196, 0.837, 2.5, 28.478, -0.243, 0.812, 2.5
 160833974, 28.513, -0.168, 0.7640001, 2.5, 28.499, -0.196, 0.837, 2.5
 161033894, 28.528, -0.184, 0.814, 2.5, 28.513, -0.168, 0.7640001, 2.5
 161233814, 28.561, -0.185, 0.7410001, 2.5, 28.528, -0.184, 0.814, 2.5
 161433734, 28.577, -0.153, 0.659, 2.5, 28.561, -0.185, 0.7410001, 2.5
 161633654, 28.59, -0.143, 0.6620001, 2.5, 28.577, -0.153, 0.659, 2.5
 161833574, 28.598, -0.118, 0.666, 2.5, 28.59, -0.143, 0.6620001, 2.5
 162033494, 28.623, -0.102, 0.645, 2.5, 28.598, -0.118, 0.666, 2.5
 162234247, 28.652, -0.104, 0.698, 2.5, 28.623, -0.102, 0.645, 2.5
 162434167, 28.668, -0.094, 0.697, 2.5, 28.652, -0.104, 0.698, 2.5
 162634087, 28.682, -0.072, 0.6670001, 2.5, 28.668, -0.094, 0.697, 2.5
 162834007, 28.687, -0.07700001, 0.62, 2.5, 28.682, -0.072, 0.6670001, 2.5
 163033927, 28.714, -0.097, 0.661, 2.5, 28.687, -0.07700001, 0.62, 2.5
 163233847, 28.737, -0.101, 0.693, 2.5, 28.714, -0.097, 0.661, 2.5
 163433767, 28.758, -0.119, 0.663, 2.5, 28.737, -0.101, 0.693, 2.5
 163633687, 28.777, -0.123, 0.6530001, 2.5, 28.758, -0.119, 0.663, 2.5
 163833607, 28.811, -0.127, 0.5930001, 2.5, 28.777, -0.123, 0.6530001, 2.5
 164033527, 28.848, -0.128, 0.611, 2.5, 28.811, -0.127, 0.5930001, 2.5
 164234280, 28.885, -0.114, 0.55, 2.5, 28.848, -0.128, 0.611, 2.5
 164434200, 28.905, -0.113, 0.5470001, 2.5, 28.885, -0.114, 0.55, 2.5
 164634120, 28.914, -0.126, 0.521, 2.5, 28.905, -0.113, 0.5470001, 2.5
 164834040, 28.928, -0.132, 0.514, 2.5, 28.914, -0.126, 0.521, 2.5
 165033960, 28.945, -0.129, 0.5330001, 2.5, 28.928, -0.132, 0.514, 2.5
 165233880, 28.959, -0.119, 0.524, 2.5, 28.945, -0.129, 0.5330001, 2.5
 165433800, 28.974, -0.128, 0.503, 2.5, 28.959, -0.119, 0.524, 2.5
 165633720, 28.986, -0.104, 0.508, 2.5, 28.974, -0.128, 0.503, 2.5
 165833640, 29.006, -0.129, 0.454, 2.5, 28.986, -0.104, 0.508, 2.5
 166033560, 29.02, -0.139, 0.418, 2.5, 29.006, -0.129, 0.454, 2.5
 166233480, 29.035, -0.137, 0.404, 2.5, 29.02, -0.139, 0.418, 2.5
 166434233, 29.059, -0.128, 0.366, 2.5, 29.035, -0.137, 0.404, 2.5
 166634153, 29.075, -0.127, 0.329, 2.5, 29.059, -0.128, 0.366, 2.5
 166834073, 29.083, -0.132, 0.274, 2.5, 29.075, -0.127, 0.329, 2.5
 167033993, 29.089, -0.137, 0.231, 2.5, 29.083, -0.132, 0.274, 2.5
 167233913, 29.105, -0.142, 0.288, 2.5, 29.089, -0.137, 0.231, 2.5
 167433833, 29.119, -0.141, 0.27, 2.5, 29.105, -0.142, 0.288, 2.5
 167633753, 29.123, -0.125, 0.242, 2.5, 29.119, -0.141, 0.27, 2.5
 167833673, 29.129, -0.105, 0.232, 2.5, 29.123, -0.125, 0.242, 2.5
 168033593, 29.154, -0.08400001, 0.224, 2.5, 29.129, -0.105, 0.232, 2.5
 168233513, 29.159, -0.078, 0.178, 2.5, 29.154, -0.08400001, 0.224, 2.5
 168434266, 29.153, -0.064, 0.117, 2.5, 29.159, -0.078, 0.178, 2.5
 168634186, 29.153, -0.09200001, 0.141, 2.5, 29.153, -0.064, 0.117, 2.5
 168834106, 29.158, -0.09, 0.158, 2.5, 29.153, -0.09200001, 0.141, 2.5
 169034026, 29.147, -0.078, 0.085, 2.5, 29.158, -0.09, 0.158, 2.5
 169233946, 29.144, -0.07, 0.098, 2.5, 29.147, -0.078, 0.085, 2.5
 169433866, 29.148, -0.064, 0.209, 2.5, 29.144, -0.07, 0.098, 2.5
 169633786, 29.163, -0.085, 0.259, 2.5, 29.148, -0.064, 0.209, 2.5
 169833706, 29.176, -0.07600001, 0.199, 2.5, 29.163, -0.085, 0.259, 2.5
 170033626, 29.184, -0.07, 0.11, 2.5, 29.176, -0.07600001, 0.199, 2.5
 170233546, 29.186, -0.097, 0.131, 2.5, 29.184, -0.07, 0.11, 2.5
 170434299, 29.199, -0.09, 0.157, 2.5, 29.186, -0.097, 0.131, 2.5
 170634219, 29.218, -0.09, 0.21, 2.5, 29.199, -0.09, 0.157, 2.5
 170834139, 29.226, -0.108, 0.233, 2.5, 29.218, -0.09, 0.21, 2.5
 171034059, 29.238, -0.134, 0.165, 2.5, 29.226, -0.108, 0.233, 2.5
 171233979, 29.248, -0.122, 0.093, 2.5, 29.238, -0.134, 0.165, 2.5
 171433899, 29.263, -0.122, 0.108, 2.5, 29.248, -0.122, 0.093, 2.5
 171633819, 29.267, -0.12, 0.09200001, 2.5, 29.263, -0.122, 0.108, 2.5
 171833739, 29.276, -0.11, 0.143, 2.5, 29.267, -0.12, 0.09200001, 2.5
 172033659, 29.262, -0.06900001, 0.112, 2.5, 29.276, -0.11, 0.143, 2.5
 172233579, 29.255, -0.07, 0.102, 2.5, 29.262, -0.06900001, 0.112, 2.5
 172433499, 29.262, -0.09, 0.085, 2.5, 29.255, -0.07, 0.102, 2.5
 172634252, 29.268, -0.08800001, 0.061, 2.5, 29.262, -0.09, 0.085, 2.5
 172834172, 29.241, -0.105, 0.004, 2.5, 29.268, -0.08800001, 0.061, 2.5
 173034092, 29.238, -0.09100001, -0.003, 2.5, 29.241, -0.105, 0.004, 2.5
 173234012, 29.246, -0.058, 0.063, 2.5, 29.238, -0.09100001, -0.003, 2.5
 173433932, 29.237, -0.044, 0.071, 2.5, 29.246, -0.058, 0.063, 2.5
 173633852, 29.224, -0.033, 0.06900001, 2.5, 29.237, -0.044, 0.071, 2.5
 173833772, 29.228, 0.004, 0.027, 2.5, 29.224, -0.033, 0.06900001, 2.5
 174033692, 29.237, 0.008, -0.022, 2.5, 29.228, 0.004, 0.027, 2.5
 174233612, 29.244, 0.034, -0.018, 2.5, 29.237, 0.008, -0.022, 2.5
 174433532, 29.25, 0.059, -0.006, 2.5, 29.244, 0.034, -0.018, 2.5
 174634285, 29.238, 0.087, -0.052, 2.5, 29.25, 0.059, -0.006, 2.5
 174834205, 29.233, 0.083, -0.027, 2.5, 29.238, 0.087, -0.052, 2.5
 175034125, 29.237, 0.072, 0.021, 2.5, 29.233, 0.083, -0.027, 2.5
 175234045, 29.248, 0.07700001, 0.061, 2.5, 29.237, 0.072, 0.021, 2.5
 175433965, 29.279, 0.078, 0.08000001, 2.5, 29.248, 0.07700001, 0.061, 2.5
 175633885, 29.305, 0.089, 0.074, 2.5, 29.279, 0.078, 0.08000001, 2.5
 175833805, 29.267, 0.096, -0.002, 2.5, 29.305, 0.089, 0.074, 2.5
 176033725, 29.24, 0.116, 0, 2.5, 29.267, 0.096, -0.002, 2.5
 176233645, 29.315, 0.113, 0.061, 2.5, 29.24, 0.116, 0, 2.5
 176433565, 29.326, 0.09900001, -0.016, 2.5, 29.315, 0.113, 0.061, 2.5
 176633485, 29.32, 0.081, -0.087, 2.5, 29.326, 0.09900001, -0.016, 2.5
 176834238, 29.314, 0.071, -0.06900001, 2.5, 29.32, 0.081, -0.087, 2.5
 177034158, 29.309, 0.09100001, -0.049, 2.5, 29.314, 0.071, -0.06900001, 2.5
 177234078, 29.314, 0.102, 0.039, 2.5, 29.309, 0.09100001, -0.049, 2.5
 177433998, 29.325, 0.109, 0.075, 2.5, 29.314, 0.102, 0.039, 2.5
 177633918, 29.333, 0.102, 0.105, 2.5, 29.325, 0.109, 0.075, 2.5
 177833838, 29.342, 0.08800001, 0.08000001, 2.5, 29.333, 0.102, 0.105, 2.5
 178033758, 29.341, 0.09900001, -0.005, 2.5, 29.342, 0.08800001, 0.08000001, 2.5
 178233678, 29.335, 0.086, -0.116, 2.5, 29.341, 0.09900001, -0.005, 2.5
 178433598, 29.328, 0.08800001, -0.078, 2.5, 29.335, 0.086, -0.116, 2.5
 178633518, 29.331, 0.082, -0.031, 2.5, 29.328, 0.08800001, -0.078, 2.5
 178834271, 29.332, 0.08400001, 0.004, 2.5, 29.331, 0.082, -0.031, 2.5
 179034191, 29.333, 0.116, 0.04, 2.5, 29.332, 0.08400001, 0.004, 2.5
 179234111, 29.338, 0.139, 0.07700001, 2.5, 29.333, 0.116, 0.04, 2.5
 179434031, 29.342, 0.172, 0.027, 2.5, 29.338, 0.139, 0.07700001, 2.5
 179633951, 29.345, 0.187, 0.019, 2.5, 29.342, 0.172, 0.027, 2.5
 179833871, 29.344, 0.201, 0.014, 2.5, 29.345, 0.187, 0.019, 2.5
 180033791, 29.339, 0.184, -0.035, 2.5, 29.344, 0.201, 0.014, 2.5
 180233711, 29.334, 0.195, -0.053, 2.5, 29.339, 0.184, -0.035, 2.5
 180433631, 29.329, 0.203, -0.037, 2.5, 29.334, 0.195, -0.053, 2.5
 180633551, 29.332, 0.202, -0.052, 2.5, 29.329, 0.203, -0.037, 2.5
 180834304, 29.326, 0.235, -0.049, 2.5, 29.332, 0.202, -0.052, 2.5
 181034224, 29.324, 0.273, -0.016, 2.5, 29.326, 0.235, -0.049, 2.5
 181234144, 29.321, 0.275, 0.01, 2.5, 29.324, 0.273, -0.016, 2.5
 181434064, 29.323, 0.309, -0.037, 2.5, 29.321, 0.275, 0.01, 2.5
 181633984, 29.325, 0.206, -0.006, 2.5, 29.323, 0.309, -0.037, 2.5
 181833904, 29.258, 1.212, -0.342, 2.5, 29.325, 0.206, -0.006, 2.5
 182033824, 28.874, 4.546, 0.878, 2.5, 29.258, 1.212, -0.342, 2.5
 182233744, 27.158, 11.008, 0.641, 2.5, 28.874, 4.546, 0.878, 2.5
 182433664, 23.474, 17.436, -2.367, 2.5, 27.158, 11.008, 0.641, 2.5
 182633584, 21.395, 19.916, -3.493, 2.5, 23.474, 17.436, -2.367, 2.5
 182833504, 20.256, 21.142, -2.939, 2.5, 21.395, 19.916, -3.493, 2.5
 183034257, 18.791, 22.558, -2.507, 2.5, 20.256, 21.142, -2.939, 2.5
 183234177, 16.986, 24.109, -2.472, 2.5, 18.791, 22.558, -2.507, 2.5
 183434097, 15.098, 25.373, -2.426, 2.5, 16.986, 24.109, -2.472, 2.5
 183634017, 13.171, 26.378, -2.228, 2.5, 15.098, 25.373, -2.426, 2.5
 183833937, 11.131, 27.257, -2.043, 2.5, 13.171, 26.378, -2.228, 2.5
 184033857, 8.987, 28.02, -1.905, 2.5, 11.131, 27.257, -2.043, 2.5
 184233777, 6.754, 28.602, -1.827, 2.5, 8.987, 28.02, -1.905, 2.5
 184433697, 4.481, 28.991, -1.742, 2.5, 6.754, 28.602, -1.827, 2.5
 184633617, 2.207, 29.208, -1.622, 2.5, 4.481, 28.991, -1.742, 2.5
 184833537, -0.036, 29.255, -1.495, 2.5, 2.207, 29.208, -1.622, 2.5
 185034290, -2.307, 29.128, -1.392, 2.5, -0.036, 29.255, -1.495, 2.5
 185234210, -4.598, 28.81, -1.309, 2.5, -2.307, 29.128, -1.392, 2.5
 185434130, -6.764, 28.334, -1.203, 2.5, -4.598, 28.81, -1.309, 2.5
 185634050, -8.917001, 27.679, -1.109, 2.5, -6.764, 28.334, -1.203, 2.5
 185833970, -10.968, 26.871, -1.009, 2.5, -8.917001, 27.679, -1.109, 2.5
 186033890, -12.925, 25.906, -0.9250001, 2.5, -10.968, 26.871, -1.009, 2.5
 186233810, -14.727, 24.819, -0.8190001, 2.5, -12.925, 25.906, -0.9250001, 2.5
 186433730, -16.322, 23.654, -0.657, 2.5, -14.727, 24.819, -0.8190001, 2.5
 186633650, -17.778, 22.423, -0.456, 2.5, -16.322, 23.654, -0.657, 2.5
 186833570, -19.096, 21.151, -0.27, 2.5, -17.778, 22.423, -0.456, 2.5
 187033490, -20.233, 19.876, -0.059, 2.5, -19.096, 21.151, -0.27, 2.5
 187234243, -21.183, 18.629, 0.215, 2.5, -20.233, 19.876, -0.059, 2.5
 187434163, -21.981, 17.432, 0.498, 2.5, -21.183, 18.629, 0.215, 2.5
 187634083, -22.685, 16.259, 0.777, 2.5, -21.981, 17.432, 0.498, 2.5
 187834003, -23.318, 15.091, 1.075, 2.5, -22.685, 16.259, 0.777, 2.5
 188033923, -23.847, 14.013, 1.378, 2.5, -23.318, 15.091, 1.075, 2.5
 188233843, -24.313, 12.975, 1.661, 2.5, -23.847, 14.013, 1.378, 2.5
 188433763, -24.769, 11.878, 1.873, 2.5, -24.313, 12.975, 1.661, 2.5
 188633683, -25.161, 10.841, 2.075, 2.5, -24.769, 11.878, 1.873, 2.5
 188833603, -25.53, 9.824, 2.217, 2.5, -25.161, 10.841, 2.075, 2.5
 189033523, -25.865, 8.855, 2.355, 2.5, -25.53, 9.824, 2.217, 2.5
 189234276, -26.154, 7.940001, 2.466, 2.5, -25.865, 8.855, 2.355, 2.5
 189434196, -26.405, 7.078001, 2.582, 2.5, -26.154, 7.940001, 2.466, 2.5
 189634116, -26.632, 6.224, 2.68, 2.5, -26.405, 7.078001, 2.582, 2.5
 189834036, -26.849, 5.372, 2.658, 2.5, -26.632, 6.224, 2.68, 2.5
 190033956, -27.036, 4.586, 2.635, 2.5, -26.849, 5.372, 2.658, 2.5
 190233876, -27.205, 3.846, 2.641, 2.5, -27.036, 4.586, 2.635, 2.5
 190433796, -27.353, 3.16, 2.575, 2.5, -27.205, 3.846, 2.641, 2.5
 190633716, -27.475, 2.554, 2.587, 2.5, -27.353, 3.16, 2.575, 2.5
 190833636, -27.584, 2.007, 2.612, 2.5, -27.475, 2.554, 2.587, 2.5
 191033556, -27.706, 1.473, 2.529, 2.5, -27.584, 2.007, 2.612, 2.5
 191233476, -27.818, 0.973, 2.419, 2.5, -27.706, 1.473, 2.529, 2.5
 191434229, -27.927, 0.487, 2.266, 2.5, -27.818, 0.973, 2.419, 2.5
 191634149, -28.01, 0.083, 2.191, 2.5, -27.927, 0.487, 2.266, 2.5
 191834069, -28.092, -0.272, 2.091, 2.5, -28.01, 0.083, 2.191, 2.5
 192033989, -28.171, -0.64, 1.971, 2.5, -28.092, -0.272, 2.091, 2.5
 192233909, -28.236, -0.9950001, 1.843, 2.5, -28.171, -0.64, 1.971, 2.5
 192433829, -28.282, -1.274, 1.716, 2.5, -28.236, -0.9950001, 1.843, 2.5
 192633749, -28.308, -1.538, 1.599, 2.5, -28.282, -1.274, 1.716, 2.5
 192833669, -28.332, -1.765, 1.504, 2.5, -28.308, -1.538, 1.599, 2.5
 193033589, -28.316, -1.947, 1.424, 2.5, -28.332, -1.765, 1.504, 2.5
 193233509, -28.281, -2.123, 1.295, 2.5, -28.316, -1.947, 1.424, 2.5
 193434262, -28.263, -2.309, 1.227, 2.5, -28.281, -2.123, 1.295, 2.5
 193634182, -28.248, -2.469, 1.122, 2.5, -28.263, -2.309, 1.227, 2.5
 193834102, -28.244, -2.605, 1.018, 2.5, -28.248, -2.469, 1.122, 2.5
 194034022, -28.225, -2.719, 1.009, 2.5, -28.244, -2.605, 1.018, 2.5
 194233942, -28.208, -2.823, 0.955, 2.5, -28.225, -2.719, 1.009, 2.5
 194433862, -28.2, -2.918, 0.7960001, 2.5, -28.208, -2.823, 0.955, 2.5
 194633782, -28.194, -2.988, 0.7870001, 2.5, -28.2, -2.918, 0.7960001, 2.5
 194833702, -28.194, -3.054, 0.723, 2.5, -28.194, -2.988, 0.7870001, 2.5
 195033622, -28.206, -3.122, 0.675, 2.5, -28.194, -3.054, 0.723, 2.5
 195233542, -28.221, -3.193, 0.655, 2.5, -28.206, -3.122, 0.675, 2.5
 195434295, -28.23, -3.25, 0.652, 2.5, -28.221, -3.193, 0.655, 2.5
 195634215, -28.235, -3.304, 0.705, 2.5, -28.23, -3.25, 0.652, 2.5
 195834135, -28.249, -3.361, 0.539, 2.5, -28.235, -3.304, 0.705, 2.5
 196034055, -28.253, -3.405, 0.499, 2.5, -28.249, -3.361, 0.539, 2.5
 196233975, -28.251, -3.436, 0.435, 2.5, -28.253, -3.405, 0.499, 2.5
 196433895, -28.266, -3.454, 0.371, 2.5, -28.251, -3.436, 0.435, 2.5
 196633815, -28.276, -3.468, 0.311, 2.5, -28.266, -3.454, 0.371, 2.5
 196833735, -28.281, -3.506, 0.26, 2.5, -28.276, -3.468, 0.311, 2.5
 197033655, -28.279, -3.556, 0.204, 2.5, -28.281, -3.506, 0.26, 2.5
 197233575, -28.279, -3.59, 0.183, 2.5, -28.279, -3.556, 0.204, 2.5
 197433495, -28.288, -3.615, 0.141, 2.5, -28.279, -3.59, 0.183, 2.5
 197634248, -28.298, -3.629, 0.09900001, 2.5, -28.288, -3.615, 0.141, 2.5
 197834168, -28.316, -3.641, 0.093, 2.5, -28.298, -3.629, 0.09900001, 2.5
 198034088, -28.312, -3.671, 0.002, 2.5, -28.316, -3.641, 0.093, 2.5
 198234008, -28.325, -3.687, -0.034, 2.5, -28.312, -3.671, 0.002, 2.5
 198433928, -28.332, -3.69, -0.118, 2.5, -28.325, -3.687, -0.034, 2.5
 198633848, -28.338, -3.704, -0.156, 2.5, -28.332, -3.69, -0.118, 2.5
 198833768, -28.341, -3.715, -0.141, 2.5, -28.338, -3.704, -0.156, 2.5
 199033688, -28.34, -3.743, -0.133, 2.5, -28.341, -3.715, -0.141, 2.5
 199233608, -28.347, -3.764, -0.294, 2.5, -28.34, -3.743, -0.133, 2.5
 199433528, -28.353, -3.751, -0.297, 2.5, -28.347, -3.764, -0.294, 2.5
 199634281, -28.364, -3.776, -0.25, 2.5, -28.353, -3.751, -0.297, 2.5
 199834201, -28.374, -3.794, -0.238, 2.5, -28.364, -3.776, -0.25, 2.5
 200034121, -28.381, -3.792, -0.312, 2.5, -28.374, -3.794, -0.238, 2.5
 200234041, -28.397, -3.817, -0.312, 2.5, -28.381, -3.792, -0.312, 2.5
 200433961, -28.399, -3.8, -0.34, 2.5, -28.397, -3.817, -0.312, 2.5
 200633881, -28.416, -3.805, -0.374, 2.5, -28.399, -3.8, -0.34, 2.5
 200833801, -28.423, -3.832, -0.468, 2.5, -28.416, -3.805, -0.374, 2.5
 201033721, -28.43, -3.829, -0.489, 2.5, -28.423, -3.832, -0.468, 2.5
 201233641, -28.433, -3.842, -0.515, 2.5, -28.43, -3.829, -0.489, 2.5
 201433561, -28.433, -3.844, -0.555, 2.5, -28.433, -3.842, -0.515, 2.5
 201633481, -28.459, -3.853, -0.49, 2.5, -28.433, -3.844, -0.555, 2.5
 201834234, -28.493, -3.859, -0.597, 2.5, -28.459, -3.853, -0.49, 2.5
 202034154, -28.466, -3.873, -0.577, 2.5, -28.493, -3.859, -0.597, 2.5
 202234074, -28.469, -3.9, -0.536, 2.5, -28.466, -3.873, -0.577, 2.5
 202433994, -28.514, -3.923, -0.558, 2.5, -28.469, -3.9, -0.536, 2.5
 202633914, -28.531, -3.95, -0.5700001, 2.5, -28.514, -3.923, -0.558, 2.5
 202833834, -28.536, -3.927, -0.586, 2.5, -28.531, -3.95, -0.5700001, 2.5
 203033754, -28.537, -3.906, -0.598, 2.5, -28.536, -3.927, -0.586, 2.5
 203233674, -28.552, -3.919, -0.61, 2.5, -28.537, -3.906, -0.598, 2.5
 203433594, -28.575, -3.954, -0.6160001, 2.5, -28.552, -3.919, -0.61, 2.5
 203633514, -28.576, -3.966, -0.6720001, 2.5, -28.575, -3.954, -0.6160001, 2.5
 203834267, -28.587, -3.978, -0.692, 2.5, -28.576, -3.966, -0.6720001, 2.5
 204034187, -28.613, -3.969, -0.651, 2.5, -28.587, -3.978, -0.692, 2.5
 204234107, -28.626, -3.946, -0.6300001, 2.5, -28.613, -3.969, -0.651, 2.5
 204434027, -28.645, -3.947, -0.634, 2.5, -28.626, -3.946, -0.6300001, 2.5
 204633947, -28.656, -3.959, -0.701, 2.5, -28.645, -3.947, -0.634, 2.5
 204833867, -28.662, -3.967, -0.744, 2.5, -28.656, -3.959, -0.701, 2.5
 205033787, -28.667, -3.937, -0.767, 2.5, -28.662, -3.967, -0.744, 2.5
 205233707, -28.67, -3.941, -0.756, 2.5, -28.667, -3.937, -0.767, 2.5
 205433627, -28.661, -3.968, -0.8100001, 2.5, -28.67, -3.941, -0.756, 2.5
 205633547, -28.695, -3.963, -0.776, 2.5, -28.661, -3.968, -0.8100001, 2.5
 205834300, -28.74, -3.951, -0.698, 2.5, -28.695, -3.963, -0.776, 2.5
 206034220, -28.757, -3.937, -0.665, 2.5, -28.74, -3.951, -0.698, 2.5
 206234140, -28.76, -3.924, -0.763, 2.5, -28.757, -3.937, -0.665, 2.5
 206434060, -28.778, -3.893, -0.765, 2.5, -28.76, -3.924, -0.763, 2.5
 206633980, -28.8, -3.908, -0.717, 2.5, -28.778, -3.893, -0.765, 2.5
 206833900, -28.818, -3.915, -0.735, 2.5, -28.8, -3.908, -0.717, 2.5
 207033820, -28.828, -3.911, -0.7600001, 2.5, -28.818, -3.915, -0.735, 2.5
 207233740, -28.831, -3.917, -0.775, 2.5, -28.828, -3.911, -0.7600001, 2.5
 207433660, -28.837, -3.959, -0.737, 2.5, -28.831, -3.917, -0.775, 2.5
 207633580, -28.867, -3.986, -0.659, 2.5, -28.837, -3.959, -0.737, 2.5
 207833500, -28.88, -3.987, -0.684, 2.5, -28.867, -3.986, -0.659, 2.5
 208034253, -28.874, -3.985, -0.744, 2.5, -28.88, -3.987, -0.684, 2.5
 208234173, -28.866, -3.967, -0.743, 2.5, -28.874, -3.985, -0.744, 2.5
 208434093, -28.858, -3.961, -0.7450001, 2.5, -28.866, -3.967, -0.743, 2.5
 208634013, -28.842, -3.967, -0.668, 2.5, -28.858, -3.961, -0.7450001, 2.5
 208833933, -28.812, -3.975, -0.649, 2.5, -28.842, -3.967, -0.668, 2.5
 209033853, -28.806, -4.004, -0.6760001, 2.5, -28.812, -3.975, -0.649, 2.5
 209233773, -28.766, -4.016, -0.728, 2.5, -28.806, -4.004, -0.6760001, 2.5
 209433693, -28.74, -4.019, -0.725, 2.5, -28.766, -4.016, -0.728, 2.5
 209633613, -28.751, -3.999, -0.618, 2.5, -28.74, -4.019, -0.725, 2.5
 209833533, -28.728, -4.004, -0.526, 2.5, -28.751, -3.999, -0.618, 2.5
 210034286, -28.713, -3.994, -0.512, 2.5, -28.728, -4.004, -0.526, 2.5
 210234206, -28.705, -3.99, -0.491, 2.5, -28.713, -3.994, -0.512, 2.5
 210434126, -28.711, -4.006, -0.446, 2.5, -28.705, -3.99, -0.491, 2.5
 210634046, -28.691, -3.993, -0.425, 2.5, -28.711, -4.006, -0.446, 2.5
 210833966, -28.686, -3.982, -0.382, 2.5, -28.691, -3.993, -0.425, 2.5
 211033886, -28.685, -3.971, -0.4, 2.5, -28.686, -3.982, -0.382, 2.5
 211233806, -28.684, -3.937, -0.426, 2.5, -28.685, -3.971, -0.4, 2.5
 211433726, -28.687, -3.92, -0.407, 2.5, -28.684, -3.937, -0.426, 2.5
 211633646, -28.722, -3.746, -0.388, 2.5, -28.687, -3.92, -0.407, 2.5
 211833566, -28.778, -3.286, -0.291, 2.5, -28.722, -3.746, -0.388, 2.5
 212033486, -28.837, -2.682, -0.266, 2.5, -28.778, -3.286, -0.291, 2.5
 212234239, -28.907, -1.957, -0.372, 2.5, -28.837, -2.682, -0.266, 2.5
 212434159, -28.981, -1.123, -0.446, 2.5, -28.907, -1.957, -0.372, 2.5
 212634079, -29.042, -0.131, -0.446, 2.5, -28.981, -1.123, -0.446, 2.5
 212833999, -29.083, 0.998, -0.493, 2.5, -29.042, -0.131, -0.446, 2.5
 213033919, -29.089, 2.247, -0.596, 2.5, -29.083, 0.998, -0.493, 2.5
 213233839, -29.023, 3.67, -0.7640001, 2.5, -29.089, 2.247, -0.596, 2.5
 213433759, -28.868, 5.168, -0.9030001, 2.5, -29.023, 3.67, -0.7640001, 2.5
 213633679, -28.606, 6.763, -1.047, 2.5, -28.868, 5.168, -0.9030001, 2.5
 213833599, -28.254, 8.381001, -1.159, 2.5, -28.606, 6.763, -1.047, 2.5
 214033519, -27.79, 9.991, -1.244, 2.5, -28.254, 8.381001, -1.159, 2.5
 214234272, -27.206, 11.607, -1.322, 2.5, -27.79, 9.991, -1.244, 2.5
 214434192, -26.473, 13.219, -1.412, 2.5, -27.206, 11.607, -1.322, 2.5
 214634112, -25.719, 14.66, -1.381, 2.5, -26.473, 13.219, -1.412, 2.5
 214834032, -24.852, 16.068, -1.387, 2.5, -25.719, 14.66, -1.381, 2.5
 215033952, -23.94, 17.325, -1.339, 2.5, -24.852, 16.068, -1.387, 2.5
 215233872, -22.986, 18.469, -1.269, 2.5, -23.94, 17.325, -1.339, 2.5
 215433792, -22.056, 19.449, -1.138, 2.5, -22.986, 18.469, -1.269, 2.5
 215633712, -21.158, 20.294, -0.964, 2.5, -22.056, 19.449, -1.138, 2.5
 215833632, -20.299, 21.014, -0.7590001, 2.5, -21.158, 20.294, -0.964, 2.5
 216033552, -19.449, 21.67, -0.552, 2.5, -20.299, 21.014, -0.7590001, 2.5
 216234305, -18.649, 22.25, -0.31, 2.5, -19.449, 21.67, -0.552, 2.5
 216434225, -17.891, 22.75, -0.072, 2.5, -18.649, 22.25, -0.31, 2.5
 216634145, -17.138, 23.224, 0.129, 2.5, -17.891, 22.75, -0.072, 2.5
 216834065, -16.449, 23.634, 0.338, 2.5, -17.138, 23.224, 0.129, 2.5
 217033985, -15.797, 24.01, 0.511, 2.5, -16.449, 23.634, 0.338, 2.5
 217233905, -15.229, 24.326, 0.729, 2.5, -15.797, 24.01, 0.511, 2.5
 217433825, -14.699, 24.609, 0.851, 2.5, -15.229, 24.326, 0.729, 2.5
 217633745, -14.213, 24.855, 0.979, 2.5, -14.699, 24.609, 0.851, 2.5
 217833665, -13.827, 25.058, 1.147, 2.5, -14.213, 24.855, 0.979, 2.5
 218033585, -13.48, 25.241, 1.246, 2.5, -13.827, 25.058, 1.147, 2.5
 218233505, -13.176, 25.396, 1.3, 2.5, -13.48, 25.241, 1.246, 2.5
 218434258, -12.927, 25.521, 1.355, 2.5, -13.176, 25.396, 1.3, 2.5
 218634178, -12.761, 25.63, 1.381, 2.5, -12.927, 25.521, 1.355, 2.5
 218834098, -12.653, 25.713, 1.345, 2.5, -12.761, 25.63, 1.381, 2.5
 219034018, -12.598, 25.773, 1.338, 2.5, -12.653, 25.713, 1.345, 2.5
 219233938, -12.595, 25.819, 1.266, 2.5, -12.598, 25.773, 1.338, 2.5
 219433858, -12.68, 25.812, 1.2, 2.5, -12.595, 25.819, 1.266, 2.5
 219633778, -12.823, 25.782, 1.207, 2.5, -12.68, 25.812, 1.2, 2.5
 219833698, -13.021, 25.728, 1.06, 2.5, -12.823, 25.782, 1.207, 2.5
 220033618, -13.247, 25.647, 1.006, 2.5, -13.021, 25.728, 1.06, 2.5
 220233538, -13.498, 25.57, 0.9080001, 2.5, -13.247, 25.647, 1.006, 2.5
 220434291, -13.762, 25.463, 0.7820001, 2.5, -13.498, 25.57, 0.9080001, 2.5
 220634211, -14.106, 25.313, 0.721, 2.5, -13.762, 25.463, 0.7820001, 2.5
 220834131, -14.489, 25.133, 0.608, 2.5, -14.106, 25.313, 0.721, 2.5
 221034051, -14.899, 24.924, 0.497, 2.5, -14.489, 25.133, 0.608, 2.5
 221233971, -15.309, 24.694, 0.399, 2.5, -14.899, 24.924, 0.497, 2.5
 221433891, -15.739, 24.439, 0.211, 2.5, -15.309, 24.694, 0.399, 2.5
 221633811, -16.173, 24.179, 0.2, 2.5, -15.739, 24.439, 0.211, 2.5
 221833731, -16.629, 23.884, 0.179, 2.5, -16.173, 24.179, 0.2, 2.5
 222033651, -17.114, 23.547, 0.101, 2.5, -16.629, 23.884, 0.179, 2.5
 222233571, -17.6, 23.21, 0.027, 2.5, -17.114, 23.547, 0.101, 2.5
 222433491, -18.1, 22.846, -0.051, 2.5, -17.6, 23.21, 0.027, 2.5
 222634244, -18.597, 22.463, -0.144, 2.5, -18.1, 22.846, -0.051, 2.5
 222834164, -19.109, 22.036, -0.138, 2.5, -18.597, 22.463, -0.144, 2.5
 223034084, -19.625, 21.598, -0.152, 2.5, -19.109, 22.036, -0.138, 2.5
 223234004, -20.128, 21.125, -0.216, 2.5, -19.625, 21.598, -0.152, 2.5
 223433924, -20.62, 20.633, -0.292, 2.5, -20.128, 21.125, -0.216, 2.5
 223633844, -21.114, 20.12, -0.336, 2.5, -20.62, 20.633, -0.292, 2.5
 223833764, -21.606, 19.588, -0.308, 2.5, -21.114, 20.12, -0.336, 2.5
 224033684, -22.097, 19.03, -0.319, 2.5, -21.606, 19.588, -0.308, 2.5
 224233604, -22.564, 18.47, -0.358, 2.5, -22.097, 19.03, -0.319, 2.5
 224433524, -22.984, 17.922, -0.315, 2.5, -22.564, 18.47, -0.358, 2.5
 224634277, -23.423, 17.319, -0.341, 2.5, -22.984, 17.922, -0.315, 2.5
 224834197, -23.817, 16.738, -0.344, 2.5, -23.423, 17.319, -0.341, 2.5
 225034117, -24.211, 16.145, -0.404, 2.5, -23.817, 16.738, -0.344, 2.5
 225234037, -24.558, 15.569, -0.401, 2.5, -24.211, 16.145, -0.404, 2.5
 225433957, -24.878, 15.022, -0.339, 2.5, -24.558, 15.569, -0.401, 2.5
 225633877, -25.203, 14.453, -0.321, 2.5, -24.878, 15.022, -0.339, 2.5
 225833797, -25.505, 13.887, -0.283, 2.5, -25.203, 14.453, -0.321, 2.5
 226033717, -25.815, 13.279, -0.289, 2.5, -25.505, 13.887, -0.283, 2.5
 226233637, -26.092, 12.701, -0.299, 2.5, -25.815, 13.279, -0.289, 2.5
 226433557, -26.355, 12.116, -0.332, 2.5, -26.092, 12.701, -0.299, 2.5
 226633477, -26.611, 11.533, -0.28, 2.5, -26.355, 12.116, -0.332, 2.5
 226834230, -26.845, 10.956, -0.244, 2.5, -26.611, 11.533, -0.28, 2.5
 227034150, -27.054, 10.373, -0.265, 2.5, -26.845, 10.956, -0.244, 2.5
 227234070, -27.23, 9.837001, -0.238, 2.5, -27.054, 10.373, -0.265, 2.5
 227433990, -27.406, 9.3, -0.186, 2.5, -27.23, 9.837001, -0.238, 2.5
 227633910, -27.591, 8.715, -0.206, 2.5, -27.406, 9.3, -0.186, 2.5
 227833830, -27.754, 8.144, -0.169, 2.5, -27.591, 8.715, -0.206, 2.5
 228033750, -27.913, 7.555, -0.157, 2.5, -27.754, 8.144, -0.169, 2.5
 228233670, -28.056, 6.986001, -0.128, 2.5, -27.913, 7.555, -0.157, 2.5
 228433590, -28.185, 6.436, -0.113, 2.5, -28.056, 6.986001, -0.128, 2.5
 228633510, -28.309, 5.865, -0.11, 2.5, -28.185, 6.436, -0.113, 2.5
 228834263, -28.418, 5.288, -0.152, 2.5, -28.309, 5.865, -0.11, 2.5
 229034183, -28.509, 4.753, -0.11, 2.5, -28.418, 5.288, -0.152, 2.5
 229234103, -28.576, 4.173, -0.142, 2.5, -28.509, 4.753, -0.11, 2.5
 229434023, -28.639, 3.658, -0.081, 2.5, -28.576, 4.173, -0.142, 2.5
 229633943, -28.699, 3.15, -0.053, 2.5, -28.639, 3.658, -0.081, 2.5
 229833863, -28.753, 2.649, -0.019, 2.5, -28.699, 3.15, -0.053, 2.5
 230033783, -28.786, 2.084, -0.07300001, 2.5, -28.753, 2.649, -0.019, 2.5
 230233703, -28.816, 1.548, -0.081, 2.5, -28.786, 2.084, -0.07300001, 2.5
 230433623, -28.83, 1.069, -0.046, 2.5, -28.816, 1.548, -0.081, 2.5
 230633543, -28.835, 0.557, -0.037, 2.5, -28.83, 1.069, -0.046, 2.5
 230834296, -28.844, 0.074, 0.008, 2.5, -28.835, 0.557, -0.037, 2.5
 231034216, -28.844, -0.412, 0.007, 2.5, -28.844, 0.074, 0.008, 2.5
 231234136, -28.837, -0.9490001, -0.01, 2.5, -28.844, -0.412, 0.007, 2.5
 231434056, -28.827, -1.453, -0.01, 2.5, -28.837, -0.9490001, -0.01, 2.5
 231633976, -28.797, -1.937, -0.019, 2.5, -28.827, -1.453, -0.01, 2.5
 231833896, -28.746, -2.42, -0.011, 2.5, -28.797, -1.937, -0.019, 2.5
 232033816, -28.704, -2.906, -0.016, 2.5, -28.746, -2.42, -0.011, 2.5
 232233736, -28.66, -3.381, 0.029, 2.5, -28.704, -2.906, -0.016, 2.5
 232433656, -28.608, -3.864, 0.052, 2.5, -28.66, -3.381, 0.029, 2.5
 232633576, -28.541, -4.33, 0.105, 2.5, -28.608, -3.864, 0.052, 2.5
 232833496, -28.477, -4.827, 0.025, 2.5, -28.541, -4.33, 0.105, 2.5
 233034249, -28.391, -5.324, -0.03, 2.5, -28.477, -4.827, 0.025, 2.5
 233234169, -28.301, -5.811, -0.019, 2.5, -28.391, -5.324, -0.03, 2.5
 233434089, -28.195, -6.28, 0.007, 2.5, -28.301, -5.811, -0.019, 2.5
 233634009, -28.076, -6.713, 0.075, 2.5, -28.195, -6.28, 0.007, 2.5
 233833929, -27.96, -7.185, 0.025, 2.5, -28.076, -6.713, 0.075, 2.5
 234033849, -27.852, -7.621, 0.082, 2.5, -27.96, -7.185, 0.025, 2.5
 234233769, -27.724, -8.095, 0.07300001, 2.5, -27.852, -7.621, 0.082, 2.5
 234433689, -27.58, -8.532001, 0.059, 2.5, -27.724, -8.095, 0.07300001, 2.5
 234633609, -27.444, -8.964001, 0.07, 2.5, -27.58, -8.532001, 0.059, 2.5
 234833529, -27.292, -9.396001, 0.048, 2.5, -27.444, -8.964001, 0.07, 2.5
 235034282, -27.163, -9.791, 0.08800001, 2.5, -27.292, -9.396001, 0.048, 2.5
 235234202, -26.999, -10.228, 0.07, 2.5, -27.163, -9.791, 0.08800001, 2.5
 235434122, -26.844, -10.656, 0.089, 2.5, -26.999, -10.228, 0.07, 2.5
 235634042, -26.67, -11.105, 0.038, 2.5, -26.844, -10.656, 0.089, 2.5
 235833962, -26.504, -11.527, 0.097, 2.5, -26.67, -11.105, 0.038, 2.5
 236033882, -26.328, -11.964, 0.097, 2.5, -26.504, -11.527, 0.097, 2.5
 236233802, -26.129, -12.389, 0.06900001, 2.5, -26.328, -11.964, 0.097, 2.5
 236433722, -25.917, -12.826, 0, 2.5, -26.129, -12.389, 0.06900001, 2.5
 236633642, -25.705, -13.245, -0.074, 2.5, -25.917, -12.826, 0, 2.5
 236833562, -25.499, -13.633, -0.013, 2.5, -25.705, -13.245, -0.074, 2.5
 237033482, -25.274, -14.022, -0.022, 2.5, -25.499, -13.633, -0.013, 2.5
 237234235, -25.032, -14.439, 0.013, 2.5, -25.274, -14.022, -0.022, 2.5
 237434155, -24.762, -14.898, -0.059, 2.5, -25.032, -14.439, 0.013, 2.5
 237634075, -24.522, -15.295, -0.045, 2.5, -24.762, -14.898, -0.059, 2.5
 237833995, -24.288, -15.667, -0.045, 2.5, -24.522, -15.295, -0.045, 2.5
 238033915, -24.03, -16.066, -0.041, 2.5, -24.288, -15.667, -0.045, 2.5
 238233835, -23.774, -16.435, -0.006, 2.5, -24.03, -16.066, -0.041, 2.5
 238433755, -23.52, -16.777, -0.014, 2.5, -23.774, -16.435, -0.006, 2.5
 238633675, -23.263, -17.135, -0.009000001, 2.5, -23.52, -16.777, -0.014, 2.5
 238833595, -22.977, -17.528, -0.039, 2.5, -23.263, -17.135, -0.009000001, 2.5
 239033515, -22.699, -17.895, 0.022, 2.5, -22.977, -17.528, -0.039, 2.5
 239234268, -22.394, -18.284, -0.03, 2.5, -22.699, -17.895, 0.022, 2.5
 239434188, -22.104, -18.64, 0.004, 2.5, -22.394, -18.284, -0.03, 2.5
 239634108, -21.83, -18.969, 0.104, 2.5, -22.104, -18.64, 0.004, 2.5
 239834028, -21.519, -19.342, 0.107, 2.5, -21.83, -18.969, 0.104, 2.5
 240033948, -21.162, -19.736, -0.016, 2.5, -21.519, -19.342, 0.107, 2.5
 240233868, -20.848, -20.059, -0.046, 2.5, -21.162, -19.736, -0.016, 2.5
 240433788, -20.539, -20.372, -0.033, 2.5, -20.848, -20.059, -0.046, 2.5
 240633708, -20.223, -20.689, -0.07600001, 2.5, -20.539, -20.372, -0.033, 2.5
 240833628, -19.889, -20.978, -0.022, 2.5, -20.223, -20.689, -0.07600001, 2.5
 241033548, -19.542, -21.299, -0.014, 2.5, -19.889, -20.978, -0.022, 2.5
 241234301, -19.184, -21.624, -0.039, 2.5, -19.542, -21.299, -0.014, 2.5
 241434221, -18.85, -21.923, -0.018, 2.5, -19.184, -21.624, -0.039, 2.5
 241634141, -18.527, -22.205, -0.033, 2.5, -18.85, -21.923, -0.018, 2.5
 241834061, -18.18, -22.485, -0.063, 2.5, -18.527, -22.205, -0.033, 2.5
 242033981, -17.836, -22.767, 0.09, 2.5, -18.18, -22.485, -0.063, 2.5
 242233901, -17.437, -23.09, 0.049, 2.5, -17.836, -22.767, 0.09, 2.5
 242433821, -17.04, -23.387, 0.008, 2.5, -17.437, -23.09, 0.049, 2.5
 242633741, -16.64, -23.669, -0.045, 2.5, -17.04, -23.387, 0.008, 2.5
 242833661, -16.257, -23.93, -0.079, 2.5, -16.64, -23.669, -0.045, 2.5
 243033581, -15.878, -24.185, -0.021, 2.5, -16.257, -23.93, -0.079, 2.5
 243233501, -15.486, -24.436, 0.022, 2.5, -15.878, -24.185, -0.021, 2.5
 243434254, -15.103, -24.683, 0.009000001, 2.5, -15.486, -24.436, 0.022, 2.5
 243634174, -14.708, -24.92, -0.014, 2.5, -15.103, -24.683, 0.009000001, 2.5
 243834094, -14.291, -25.158, -0.06, 2.5, -14.708, -24.92, -0.014, 2.5
 244034014, -13.851, -25.4, -0.09900001, 2.5, -14.291, -25.158, -0.06, 2.5
 244233934, -13.469, -25.599, -0.019, 2.5, -13.851, -25.4, -0.09900001, 2.5
 244433854, -13.103, -25.794, 0.028, 2.5, -13.469, -25.599, -0.019, 2.5
 244633774, -12.678, -26.007, 0.005, 2.5, -13.103, -25.794, 0.028, 2.5
 244833694, -12.204, -26.231, -0.025, 2.5, -12.678, -26.007, 0.005, 2.5
 245033614, -11.757, -26.419, -0.019, 2.5, -12.204, -26.231, -0.025, 2.5
 245233534, -11.31, -26.603, -0.05, 2.5, -11.757, -26.419, -0.019, 2.5
 245434287, -10.854, -26.789, -0.056, 2.5, -11.31, -26.603, -0.05, 2.5
 245634207, -10.426, -26.957, -0.006, 2.5, -10.854, -26.789, -0.056, 2.5
 245834127, -9.995001, -27.132, 0.042, 2.5, -10.426, -26.957, -0.006, 2.5
 246034047, -9.554001, -27.302, 0.037, 2.5, -9.995001, -27.132, 0.042, 2.5
 246233967, -9.084001, -27.461, -0.042, 2.5, -9.554001, -27.302, 0.037, 2.5
 246433887, -8.621, -27.607, -0.085, 2.5, -9.084001, -27.461, -0.042, 2.5
 246633807, -8.223001, -27.727, -0.015, 2.5, -8.621, -27.607, -0.085, 2.5
 246833727, -7.782001, -27.858, 0.016, 2.5, -8.223001, -27.727, -0.015, 2.5
 247033647, -7.298, -27.994, 0.008, 2.5, -7.782001, -27.858, 0.016, 2.5
 247233567, -6.849, -28.113, 0.034, 2.5, -7.298, -27.994, 0.008, 2.5
 247433487, -6.381001, -28.223, -0.023, 2.5, -6.849, -28.113, 0.034, 2.5
 247634240, -5.893, -28.333, -0.023, 2.5, -6.381001, -28.223, -0.023, 2.5
 247834160, -5.394, -28.431, -0.036, 2.5, -5.893, -28.333, -0.023, 2.5
 248034080, -4.91, -28.515, -0.071, 2.5, -5.394, -28.431, -0.036, 2.5
 248234000, -4.459, -28.588, -0.005, 2.5, -4.91, -28.515, -0.071, 2.5
 248433920, -3.988, -28.664, 0.023, 2.5, -4.459, -28.588, -0.005, 2.5
 248633840, -3.481, -28.729, 0, 2.5, -3.988, -28.664, 0.023, 2.5
 248833760, -3.002, -28.781, 0.001, 2.5, -3.481, -28.729, 0, 2.5
 249033680, -2.523, -28.819, -0.01, 2.5, -3.002, -28.781, 0.001, 2.5
 249233600, -2.029, -28.841, -0.008, 2.5, -2.523, -28.819, -0.01, 2.5
 249433520, -1.562, -28.851, -0.057, 2.5, -2.029, -28.841, -0.008, 2.5
 249634273, -1.095, -28.873, 0.003, 2.5, -1.562, -28.851, -0.057, 2.5
 249834193, -0.622, -28.893, 0.01, 2.5, -1.095, -28.873, 0.003, 2.5
 250034113, -0.119, -28.902, -0.053, 2.5, -0.622, -28.893, 0.01, 2.5
 250234033, 0.396, -28.905, -0.051, 2.5, -0.119, -28.902, -0.053, 2.5
 250433953, 0.8700001, -28.894, -0.02, 2.5, 0.396, -28.905, -0.051, 2.5
 250633873, 1.3, -28.886, 0.035, 2.5, 0.8700001, -28.894, -0.02, 2.5
 250833793, 1.747, -28.87, 0.05, 2.5, 1.3, -28.886, 0.035, 2.5
 251033713, 2.243, -28.842, 0.044, 2.5, 1.747, -28.87, 0.05, 2.5
 251233633, 2.75, -28.807, 0.012, 2.5, 2.243, -28.842, 0.044, 2.5
 251433553, 3.287, -28.755, -0.055, 2.5, 2.75, -28.807, 0.012, 2.5
 251633473, 3.803, -28.691, -0.109, 2.5, 3.287, -28.755, -0.055, 2.5
 251834226, 4.238, -28.631, -0.035, 2.5, 3.803, -28.691, -0.109, 2.5
 252034146, 4.663, -28.565, 0.021, 2.5, 4.238, -28.631, -0.035, 2.5
 252234066, 5.16, -28.489, 0.042, 2.5, 4.663, -28.565, 0.021, 2.5
 252433986, 5.652, -28.394, 0.025, 2.5, 5.16, -28.489, 0.042, 2.5
 252633906, 6.147, -28.292, 0.018, 2.5, 5.652, -28.394, 0.025, 2.5
 252833826, 6.643, -28.177, -0.046, 2.5, 6.147, -28.292, 0.018, 2.5
 253033746, 7.094, -28.057, -0.074, 2.5, 6.643, -28.177, -0.046, 2.5
 253233666, 7.511, -27.925, -0.015, 2.5, 7.094, -28.057, -0.074, 2.5
 253433586, 7.978, -27.771, -0.001, 2.5, 7.511, -27.925, -0.015, 2.5
 253633506, 8.448, -27.633, 0.016, 2.5, 7.978, -27.771, -0.001, 2.5
 253834259, 8.917001, -27.5, 0.034, 2.5, 8.448, -27.633, 0.016, 2.5
 254034179, 9.385, -27.355, 0.07600001, 2.5, 8.917001, -27.5, 0.034, 2.5
 254234099, 9.864, -27.189, 0.055, 2.5, 9.385, -27.355, 0.07600001, 2.5
 254434019, 10.345, -27.014, -0.004, 2.5, 9.864, -27.189, 0.055, 2.5
 254633939, 10.787, -26.844, 0.034, 2.5, 10.345, -27.014, -0.004, 2.5
 254833859, 11.222, -26.681, 0.13, 2.5, 10.787, -26.844, 0.034, 2.5
 255033779, 11.704, -26.482, 0.024, 2.5, 11.222, -26.681, 0.13, 2.5
 255233699, 12.157, -26.276, 0.024, 2.5, 11.704, -26.482, 0.024, 2.5
 255433619, 12.616, -26.064, 0.068, 2.5, 12.157, -26.276, 0.024, 2.5
 255633539, 13.085, -25.827, 0, 2.5, 12.616, -26.064, 0.068, 2.5
 255834292, 13.509, -25.605, -0.002, 2.5, 13.085, -25.827, 0, 2.5
 256034212, 13.903, -25.386, -0.035, 2.5, 13.509, -25.605, -0.002, 2.5
 256234132, 14.318, -25.16, 0.014, 2.5, 13.903, -25.386, -0.035, 2.5
 256434052, 14.706, -24.914, 0.036, 2.5, 14.318, -25.16, 0.014, 2.5
 256633972, 15.089, -24.665, 0.022, 2.5, 14.706, -24.914, 0.036, 2.5
 256833892, 15.498, -24.396, 0.015, 2.5, 15.089, -24.665, 0.022, 2.5
 257033812, 15.94, -24.118, -0.031, 2.5, 15.498, -24.396, 0.015, 2.5
 257233732, 16.353, -23.841, -0.052, 2.5, 15.94, -24.118, -0.031, 2.5
 257433652, 16.717, -23.593, 0.009000001, 2.5, 16.353, -23.841, -0.052, 2.5
 257633572, 17.067, -23.348, 0.072, 2.5, 16.717, -23.593, 0.009000001, 2.5
 257833492, 17.424, -23.095, 0.074, 2.5, 17.067, -23.348, 0.072, 2.5
 258034245, 17.831, -22.79, 0.059, 2.5, 17.424, -23.095, 0.074, 2.5
 258234165, 18.215, -22.496, -0.002, 2.5, 17.831, -22.79, 0.059, 2.5
 258434085, 18.549, -22.228, 0.028, 2.5, 18.215, -22.496, -0.002, 2.5
 258634005, 18.877, -21.952, 0.07300001, 2.5, 18.549, -22.228, 0.028, 2.5
 258833925, 19.222, -21.658, 0.118, 2.5, 18.877, -21.952, 0.07300001, 2.5
 259033845, 19.597, -21.319, 0.039, 2.5, 19.222, -21.658, 0.118, 2.5
 259233765, 19.951, -20.964, -0.061, 2.5, 19.597, -21.319, 0.039, 2.5
 259433685, 20.28, -20.642, -0.026, 2.5, 19.951, -20.964, -0.061, 2.5
 259633605, 20.612, -20.3, -0.082, 2.5, 20.28, -20.642, -0.026, 2.5
 259833525, 20.926, -19.982, -0.06500001, 2.5, 20.612, -20.3, -0.082, 2.5
 260034278, 21.214, -19.684, 0.07700001, 2.5, 20.926, -19.982, -0.06500001, 2.5
 260234198, 21.529, -19.344, 0.079, 2.5, 21.214, -19.684, 0.07700001, 2.5
 260434118, 21.873, -18.952, 0.01, 2.5, 21.529, -19.344, 0.079, 2.5
 260634038, 22.185, -18.593, 0.051, 2.5, 21.873, -18.952, 0.01, 2.5
 260833958, 22.468, -18.258, 0.09900001, 2.5, 22.185, -18.593, 0.051, 2.5
 261033878, 22.784, -17.864, 0.013, 2.5, 22.468, -18.258, 0.09900001, 2.5
 261233798, 23.098, -17.459, -0.012, 2.5, 22.784, -17.864, 0.013, 2.5
 261433718, 23.404, -17.062, -0.022, 2.5, 23.098, -17.459, -0.012, 2.5
 261633638, 23.68, -16.675, -0.008, 2.5, 23.404, -17.062, -0.022, 2.5
 261833558, 23.908, -16.346, 0.17, 2.5, 23.68, -16.675, -0.008, 2.5
 262033478, 24.172, -15.972, 0.187, 2.5, 23.908, -16.346, 0.17, 2.5
 262234231, 24.464, -15.523, 0.068, 2.5, 24.172, -15.972, 0.187, 2.5
 262434151, 24.737, -15.118, 0.12, 2.5, 24.464, -15.523, 0.068, 2.5
 262634071, 24.994, -14.715, 0.127, 2.5, 24.737, -15.118, 0.12, 2.5
 262833991, 25.245, -14.289, 0.13, 2.5, 24.994, -14.715, 0.127, 2.5
 263033911, 25.493, -13.848, 0.09, 2.5, 25.245, -14.289, 0.13, 2.5
 263233831, 25.743, -13.414, 0.093, 2.5, 25.493, -13.848, 0.09, 2.5
 263433751, 25.977, -12.992, 0.044, 2.5, 25.743, -13.414, 0.093, 2.5
 263633671, 26.184, -12.561, 0.01, 2.5, 25.977, -12.992, 0.044, 2.5
 263833591, 26.383, -12.13, 0.07, 2.5, 26.184, -12.561, 0.01, 2.5
 264033511, 26.594, -11.665, 0.057, 2.5, 26.383, -12.13, 0.07, 2.5
 264234264, 26.79, -11.187, 0.05, 2.5, 26.594, -11.665, 0.057, 2.5
 264434184, 26.981, -10.744, 0.103, 2.5, 26.79, -11.187, 0.05, 2.5
 264634104, 27.149, -10.314, 0.074, 2.5, 26.981, -10.744, 0.103, 2.5
 264834024, 27.292, -9.896001, 0.071, 2.5, 27.149, -10.314, 0.074, 2.5
 265033944, 27.447, -9.456, 0.064, 2.5, 27.292, -9.896001, 0.071, 2.5
 265233864, 27.602, -9.034, 0.125, 2.5, 27.447, -9.456, 0.064, 2.5
 265433784, 27.738, -8.595, 0.103, 2.5, 27.602, -9.034, 0.125, 2.5
 265633704, 27.872, -8.165, 0.08000001, 2.5, 27.738, -8.595, 0.103, 2.5
 265833624, 28.011, -7.728, 0.086, 2.5, 27.872, -8.165, 0.08000001, 2.5
 266033544, 28.149, -7.267, 0.022, 2.5, 28.011, -7.728, 0.086, 2.5
 266234297, 28.279, -6.78, 0.027, 2.5, 28.149, -7.267, 0.022, 2.5
 266434217, 28.399, -6.29, 0.041, 2.5, 28.279, -6.78, 0.027, 2.5
 266634137, 28.504, -5.839, 0.052, 2.5, 28.399, -6.29, 0.041, 2.5
 266834057, 28.607, -5.363, 0.09200001, 2.5, 28.504, -5.839, 0.052, 2.5
 267033977, 28.706, -4.868, 0.109, 2.5, 28.607, -5.363, 0.09200001, 2.5
 267233897, 28.786, -4.319, -0.027, 2.5, 28.706, -4.868, 0.109, 2.5
 267433817, 28.845, -3.792, -0.036, 2.5, 28.786, -4.319, -0.027, 2.5
 267633737, 28.905, -3.266, -0.09900001, 2.5, 28.845, -3.792, -0.036, 2.5
 267833657, 28.952, -2.779, -0.081, 2.5, 28.905, -3.266, -0.09900001, 2.5
 268033577, 28.992, -2.32, -0.043, 2.5, 28.952, -2.779, -0.081, 2.5
 268233497, 29.018, -1.835, -0.018, 2.5, 28.992, -2.32, -0.043, 2.5
 268434250, 29.032, -1.354, 0.022, 2.5, 29.018, -1.835, -0.018, 2.5
 268634170, 29.051, -0.855, -0.046, 2.5, 29.032, -1.354, 0.022, 2.5
 268834090, 29.064, -0.39, -0.061, 2.5, 29.051, -0.855, -0.046, 2.5
 269034010, 29.072, 0.072, -0.053, 2.5, 29.064, -0.39, -0.061, 2.5
 269233930, 29.076, 0.493, 0.056, 2.5, 29.072, 0.072, -0.053, 2.5
 269433850, 29.061, 0.98, 0.055, 2.5, 29.076, 0.493, 0.056, 2.5
 269633770, 29.042, 1.454, 0.018, 2.5, 29.061, 0.98, 0.055, 2.5
 269833690, 29.019, 1.93, -0.031, 2.5, 29.042, 1.454, 0.018, 2.5
 270033610, 28.988, 2.385, -0.018, 2.5, 29.019, 1.93, -0.031, 2.5
 270233530, 28.961, 2.843, 0.066, 2.5, 28.988, 2.385, -0.018, 2.5
 270434283, 28.921, 3.326, 0.054, 2.5, 28.961, 2.843, 0.066, 2.5
 270634203, 28.865, 3.797, 0.051, 2.5, 28.921, 3.326, 0.054, 2.5
 270834123, 28.804, 4.256, 0.04, 2.5, 28.865, 3.797, 0.051, 2.5
 271034043, 28.721, 4.721, -0.016, 2.5, 28.804, 4.256, 0.04, 2.5
 271233963, 28.637, 5.15, 0.025, 2.5, 28.721, 4.721, -0.016, 2.5
 271433883, 28.547, 5.599, 0.08400001, 2.5, 28.637, 5.15, 0.025, 2.5
 271633803, 28.455, 6.06, 0.105, 2.5, 28.547, 5.599, 0.08400001, 2.5
 271833723, 28.35, 6.573, 0.036, 2.5, 28.455, 6.06, 0.105, 2.5
 272033643, 28.238, 7.053, 0.031, 2.5, 28.35, 6.573, 0.036, 2.5
 272233563, 28.133, 7.504, 0.109, 2.5, 28.238, 7.053, 0.031, 2.5
 272433483, 28.006, 7.987, 0.108, 2.5, 28.133, 7.504, 0.109, 2.5
 272634236, 27.867, 8.483001, 0.063, 2.5, 28.006, 7.987, 0.108, 2.5
 272834156, 27.715, 8.983001, 0.006, 2.5, 27.867, 8.483001, 0.063, 2.5
 273034076, 27.561, 9.440001, -0.019, 2.5, 27.715, 8.983001, 0.006, 2.5
 273233996, 27.41, 9.88, 0.062, 2.5, 27.561, 9.440001, -0.019, 2.5
 273433916, 27.235, 10.361, 0.047, 2.5, 27.41, 9.88, 0.062, 2.5
 273633836, 27.072, 10.797, 0.115, 2.5, 27.235, 10.361, 0.047, 2.5
 273833756, 26.885, 11.272, 0.06500001, 2.5, 27.072, 10.797, 0.115, 2.5
 274033676, 26.682, 11.732, 0.019, 2.5, 26.885, 11.272, 0.06500001, 2.5
 274233596, 26.481, 12.17, -0.006, 2.5, 26.682, 11.732, 0.019, 2.5
 274433516, 26.263, 12.623, -0.009000001, 2.5, 26.481, 12.17, -0.006, 2.5
 274634269, 26.053, 13.042, 0.005, 2.5, 26.263, 12.623, -0.009000001, 2.5
 274834189, 25.841, 13.462, 0.034, 2.5, 26.053, 13.042, 0.005, 2.5
 275034109, 25.61, 13.897, 0.042, 2.5, 25.841, 13.462, 0.034, 2.5
 275234029, 25.361, 14.35, 0.022, 2.5, 25.61, 13.897, 0.042, 2.5
 275433949, 25.097, 14.791, -0.012, 2.5, 25.361, 14.35, 0.022, 2.5
 275633869, 24.838, 15.221, -0.036, 2.5, 25.097, 14.791, -0.012, 2.5
 275833789, 24.579, 15.638, -0.06900001, 2.5, 24.838, 15.221, -0.036, 2.5
 276033709, 24.304, 16.058, -0.074, 2.5, 24.579, 15.638, -0.06900001, 2.5
 276233629, 24.013, 16.475, -0.079, 2.5, 24.304, 16.058, -0.074, 2.5
 276433549, 23.74, 16.862, -0.057, 2.5, 24.013, 16.475, -0.079, 2.5
 276634302, 23.47, 17.235, -0.016, 2.5, 23.74, 16.862, -0.057, 2.5
 276834222, 23.176, 17.622, -0.05, 2.5, 23.47, 17.235, -0.016, 2.5
 277034142, 22.888, 18.002, -0.044, 2.5, 23.176, 17.622, -0.05, 2.5
 277234062, 22.589, 18.366, -0.008, 2.5, 22.888, 18.002, -0.044, 2.5
 277433982, 22.292, 18.738, 0.027, 2.5, 22.589, 18.366, -0.008, 2.5
 277633902, 21.99, 19.094, -0.035, 2.5, 22.292, 18.738, 0.027, 2.5
 277833822, 21.667, 19.455, -0.081, 2.5, 21.99, 19.094, -0.035, 2.5
 278033742, 21.357, 19.792, 0.013, 2.5, 21.667, 19.455, -0.081, 2.5
 278233662, 21.045, 20.131, 0.08800001, 2.5, 21.357, 19.792, 0.013, 2.5
 278433582, 20.728, 20.475, 0.127, 2.5, 21.045, 20.131, 0.08800001, 2.5
 278633502, 20.352, 20.853, 0.035, 2.5, 20.728, 20.475, 0.127, 2.5
 278834255, 19.992, 21.224, 0.032, 2.5, 20.352, 20.853, 0.035, 2.5
 279034175, 19.624, 21.587, 0.023, 2.5, 19.992, 21.224, 0.032, 2.5
 279234095, 19.26, 21.917, 0.075, 2.5, 19.624, 21.587, 0.023, 2.5
 279434015, 18.869, 22.247, 0.07300001, 2.5, 19.26, 21.917, 0.075, 2.5
 279633935, 18.477, 22.575, 0.048, 2.5, 18.869, 22.247, 0.07300001, 2.5
 279833855, 18.094, 22.895, 0.045, 2.5, 18.477, 22.575, 0.048, 2.5
 280033775, 17.695, 23.2, -0.017, 2.5, 18.094, 22.895, 0.045, 2.5
 280233695, 17.31, 23.493, 0.021, 2.5, 17.695, 23.2, -0.017, 2.5
 280433615, 16.943, 23.771, 0.015, 2.5, 17.31, 23.493, 0.021, 2.5
 280633535, 16.57, 24.028, 0.024, 2.5, 16.943, 23.771, 0.015, 2.5
 280834288, 16.17, 24.288, -0.015, 2.5, 16.57, 24.028, 0.024, 2.5
 281034208, 15.79, 24.537, -0.003, 2.5, 16.17, 24.288, -0.015, 2.5
 281234128, 15.39, 24.794, -0.031, 2.5, 15.79, 24.537, -0.003, 2.5
 281434048, 14.975, 25.046, -0.024, 2.5, 15.39, 24.794, -0.031, 2.5
 281633968, 14.572, 25.272, -0.038, 2.5, 14.975, 25.046, -0.024, 2.5
 281833888, 14.185, 25.481, -0.047, 2.5, 14.572, 25.272, -0.038, 2.5
 282033808, 13.771, 25.701, -0.049, 2.5, 14.185, 25.481, -0.047, 2.5
 282233728, 13.332, 25.929, -0.046, 2.5, 13.771, 25.701, -0.049, 2.5
 282433648, 12.918, 26.145, 0.002, 2.5, 13.332, 25.929, -0.046, 2.5
 282633568, 12.495, 26.365, -0.075, 2.5, 12.918, 26.145, 0.002, 2.5
 282833488, 12.041, 26.565, -0.129, 2.5, 12.495, 26.365, -0.075, 2.5
 283034241, 11.591, 26.754, -0.086, 2.5, 12.041, 26.565, -0.129, 2.5
 283234161, 11.147, 26.931, -0.06, 2.5, 11.591, 26.754, -0.086, 2.5
 283434081, 10.716, 27.095, -0.054, 2.5, 11.147, 26.931, -0.06, 2.5
 283634001, 10.299, 27.251, -0.013, 2.5, 10.716, 27.095, -0.054, 2.5
 283833921, 9.866, 27.41, 0.019, 2.5, 10.299, 27.251, -0.013, 2.5
 284033841, 9.385, 27.574, -0.045, 2.5, 9.866, 27.41, 0.019, 2.5
 284233761, 8.937, 27.726, -0.031, 2.5, 9.385, 27.574, -0.045, 2.5
 284433681, 8.509001, 27.862, 0.008, 2.5, 8.937, 27.726, -0.031, 2.5
 284633601, 8.015, 28.003, -0.008, 2.5, 8.509001, 27.862, 0.008, 2.5
 284833521, 7.538001, 28.143, -0.034, 2.5, 8.015, 28.003, -0.008, 2.5
 285034274, 7.069, 28.279, -0.055, 2.5, 7.538001, 28.143, -0.034, 2.5
 285234194, 6.578001, 28.394, -0.089, 2.5, 7.069, 28.279, -0.055, 2.5
 285434114, 6.166, 28.497, 0.018, 2.5, 6.578001, 28.394, -0.089, 2.5
 285634034, 5.732, 28.591, 0.074, 2.5, 6.166, 28.497, 0.018, 2.5
 285833954, 5.274, 28.677, 0.121, 2.5, 5.732, 28.591, 0.074, 2.5
 286033874, 4.735, 28.769, 0.035, 2.5, 5.274, 28.677, 0.121, 2.5
 286233794, 4.236, 28.855, 0.041, 2.5, 4.735, 28.769, 0.035, 2.5
 286433714, 3.724, 28.926, -0.04, 2.5, 4.236, 28.855, 0.041, 2.5
 286633634, 3.231, 28.978, -0.085, 2.5, 3.724, 28.926, -0.04, 2.5
 286833554, 2.753, 29.027, -0.094, 2.5, 3.231, 28.978, -0.085, 2.5
 287033474, 2.34, 29.076, 0, 2.5, 2.753, 29.027, -0.094, 2.5
 287234227, 1.885, 29.106, 0.026, 2.5, 2.34, 29.076, 0, 2.5
 287434147, 1.382, 29.131, 0.044, 2.5, 1.885, 29.106, 0.026, 2.5
 287634067, 0.84, 29.154, 0.01, 2.5, 1.382, 29.131, 0.044, 2.5
 287833987, 0.319, 29.163, 0.003, 2.5, 0.84, 29.154, 0.01, 2.5
 288033907, -0.202, 29.171, 0.031, 2.5, 0.319, 29.163, 0.003, 2.5
 288233827, -0.7220001, 29.178, -0.034, 2.5, -0.202, 29.171, 0.031, 2.5
 288433747, -1.222, 29.156, 0.02, 2.5, -0.7220001, 29.178, -0.034, 2.5
 288633667, -1.71, 29.127, 0.016, 2.5, -1.222, 29.156, 0.02, 2.5
 288833587, -2.223, 29.09, 0.03, 2.5, -1.71, 29.127, 0.016, 2.5
 289033507, -2.737, 29.036, 0, 2.5, -2.223, 29.09, 0.03, 2.5
 289234260, -3.253, 28.971, -0.122, 2.5, -2.737, 29.036, 0, 2.5
 289434180, -3.711, 28.917, -0.07300001, 2.5, -3.253, 28.971, -0.122, 2.5
 289634100, -4.169, 28.855, -0.035, 2.5, -3.711, 28.917, -0.07300001, 2.5
 289834020, -4.622, 28.78, -0.014, 2.5, -4.169, 28.855, -0.035, 2.5
 290033940, -5.114, 28.693, -0.024, 2.5, -4.622, 28.78, -0.014, 2.5
 290233860, -5.593, 28.603, -0.016, 2.5, -5.114, 28.693, -0.024, 2.5
 290433780, -6.055, 28.502, -0.026, 2.5, -5.593, 28.603, -0.016, 2.5
 290633700, -6.548, 28.384, -0.051, 2.5, -6.055, 28.502, -0.026, 2.5
 290833620, -7.041, 28.257, -0.116, 2.5, -6.548, 28.384, -0.051, 2.5
 291033540, -7.513, 28.125, -0.111, 2.5, -7.041, 28.257, -0.116, 2.5
 291234293, -7.934, 28.007, -0.035, 2.5, -7.513, 28.125, -0.111, 2.5
 291434213, -8.368, 27.886, 0.045, 2.5, -7.934, 28.007, -0.035, 2.5
 291634133, -8.861, 27.732, -0.004, 2.5, -8.368, 27.886, 0.045, 2.5
 291834053, -9.316, 27.583, -0.021, 2.5, -8.861, 27.732, -0.004, 2.5
 292033973, -9.742001, 27.429, -0.021, 2.5, -9.316, 27.583, -0.021, 2.5
 292233893, -10.193, 27.271, -0.028, 2.5, -9.742001, 27.429, -0.021, 2.5
 292433813, -10.683, 27.088, -0.029, 2.5, -10.193, 27.271, -0.028, 2.5
 292633733, -11.173, 26.884, -0.082, 2.5, -10.683, 27.088, -0.029, 2.5
 292833653, -11.646, 26.672, -0.068, 2.5, -11.173, 26.884, -0.082, 2.5
 293033573, -12.116, 26.491, -0.034, 2.5, -11.646, 26.672, -0.068, 2.5
 293233493, -12.544, 26.302, 0.04, 2.5, -12.116, 26.491, -0.034, 2.5
 293434246, -12.963, 26.102, 0.053, 2.5, -12.544, 26.302, 0.04, 2.5
 293634166, -13.392, 25.902, 0.066, 2.5, -12.963, 26.102, 0.053, 2.5
 293834086, -13.851, 25.662, 0.06, 2.5, -13.392, 25.902, 0.066, 2.5
 294034006, -14.312, 25.413, -0.001, 2.5, -13.851, 25.662, 0.06, 2.5
 294233926, -14.728, 25.183, -0.015, 2.5, -14.312, 25.413, -0.001, 2.5
 294433846, -15.141, 24.924, -0.057, 2.5, -14.728, 25.183, -0.015, 2.5
 294633766, -15.532, 24.676, -0.043, 2.5, -15.141, 24.924, -0.057, 2.5
 294833686, -15.928, 24.416, -0.001, 2.5, -15.532, 24.676, -0.043, 2.5
 295033606, -16.343, 24.131, -0.047, 2.5, -15.928, 24.416, -0.001, 2.5
 295233526, -16.721, 23.858, -0.053, 2.5, -16.343, 24.131, -0.047, 2.5
 295434279, -17.1, 23.576, -0.063, 2.5, -16.721, 23.858, -0.053, 2.5
 295634199, -17.459, 23.313, 0.008, 2.5, -17.1, 23.576, -0.063, 2.5
 295834119, -17.803, 23.053, 0.064, 2.5, -17.459, 23.313, 0.008, 2.5
 296034039, -18.158, 22.779, 0.055, 2.5, -17.803, 23.053, 0.064, 2.5
 296233959, -18.551, 22.46, -0.001, 2.5, -18.158, 22.779, 0.055, 2.5
 296433879, -18.912, 22.157, -0.009000001, 2.5, -18.551, 22.46, -0.001, 2.5
 296633799, -19.255, 21.859, -0.047, 2.5, -18.912, 22.157, -0.009000001, 2.5
 296833719, -19.598, 21.546, -0.04, 2.5, -19.255, 21.859, -0.047, 2.5
 297033639, -19.952, 21.214, 0, 2.5, -19.598, 21.546, -0.04, 2.5
 297233559, -20.307, 20.879, 0, 2.5, -19.952, 21.214, 0, 2.5
 297433479, -20.637, 20.559, 0, 2.5, -20.307, 20.879, 0, 2.5
 297634232, -20.951, 20.239, -0.036, 2.5, -20.637, 20.559, 0, 2.5
 297834152, -21.275, 19.898, -0.025, 2.5, -20.951, 20.239, -0.036, 2.5
 298034072, -21.599, 19.537, -0.06, 2.5, -21.275, 19.898, -0.025, 2.5
 298233992, -21.898, 19.2, -0.027, 2.5, -21.599, 19.537, -0.06, 2.5
 298433912, -22.2, 18.844, -0.045, 2.5, -21.898, 19.2, -0.027, 2.5
 298633832, -22.5, 18.487, -0.053, 2.5, -22.2, 18.844, -0.045, 2.5
 298833752, -22.778, 18.14, -0.024, 2.5, -22.5, 18.487, -0.053, 2.5
 299033672, -23.052, 17.781, -0.03, 2.5, -22.778, 18.14, -0.024, 2.5
 299233592, -23.355, 17.39, -0.003, 2.5, -23.052, 17.781, -0.03, 2.5
 299433512, -23.636, 17.007, 0.03, 2.5, -23.355, 17.39, -0.003, 2.5
 299634265, -23.921, 16.6, 0.002, 2.5, -23.636, 17.007, 0.03, 2.5
 299834185, -24.196, 16.203, 0.038, 2.5, -23.921, 16.6, 0.002, 2.5
 300034105, -24.462, 15.794, -0.03, 2.5, -24.196, 16.203, 0.038, 2.5
 300234025, -24.739, 15.348, -0.112, 2.5, -24.462, 15.794, -0.03, 2.5
 300433945, -24.996, 14.909, -0.141, 2.5, -24.739, 15.348, -0.112, 2.5
 300633865, -25.23, 14.507, -0.08400001, 2.5, -24.996, 14.909, -0.141, 2.5
 300833785, -25.459, 14.095, -0.071, 2.5, -25.23, 14.507, -0.08400001, 2.5
 301033705, -25.691, 13.656, -0.12, 2.5, -25.459, 14.095, -0.071, 2.5
 301233625, -25.924, 13.2, -0.104, 2.5, -25.691, 13.656, -0.12, 2.5
 301433545, -26.127, 12.779, -0.051, 2.5, -25.924, 13.2, -0.104, 2.5
 301634298, -26.328, 12.382, -0.008, 2.5, -26.127, 12.779, -0.051, 2.5
 301834218, -26.523, 11.946, -0.013, 2.5, -26.328, 12.382, -0.008, 2.5
 302034138, -26.724, 11.467, -0.081, 2.5, -26.523, 11.946, -0.013, 2.5
 302234058, -26.916, 10.992, -0.093, 2.5, -26.724, 11.467, -0.081, 2.5
 302433978, -27.091, 10.57, -0.044, 2.5, -26.916, 10.992, -0.093, 2.5
 302633898, -27.269, 10.119, -0.053, 2.5, -27.091, 10.57, -0.044, 2.5
 302833818, -27.441, 9.649, -0.038, 2.5, -27.269, 10.119, -0.053, 2.5
 303033738, -27.619, 9.158, 0.013, 2.5, -27.441, 9.649, -0.038, 2.5
 303233658, -27.783, 8.664001, 0.008, 2.5, -27.619, 9.158, 0.013, 2.5
 303433578, -27.925, 8.204, -0.006, 2.5, -27.783, 8.664001, 0.008, 2.5
 303633498, -28.059, 7.72, -0.04, 2.5, -27.925, 8.204, -0.006, 2.5
 303834251, -28.2, 7.205, -0.075, 2.5, -28.059, 7.72, -0.04, 2.5
 304034171, -28.319, 6.706, -0.052, 2.5, -28.2, 7.205, -0.075, 2.5
 304234091, -28.435, 6.189, -0.08000001, 2.5, -28.319, 6.706, -0.052, 2.5
 304434011, -28.537, 5.704, -0.06, 2.5, -28.435, 6.189, -0.08000001, 2.5
 304633931, -28.629, 5.225, -0.029, 2.5, -28.537, 5.704, -0.06, 2.5
 304833851, -28.715, 4.735, 0.03, 2.5, -28.629, 5.225, -0.029, 2.5
 305033771, -28.792, 4.23, -0.014, 2.5, -28.715, 4.735, 0.03, 2.5
 305233691, -28.847, 3.767, 0.003, 2.5, -28.792, 4.23, -0.014, 2.5
 305433611, -28.899, 3.269, -0.02, 2.5, -28.847, 3.767, 0.003, 2.5
 305633531, -28.952, 2.812, 0.013, 2.5, -28.899, 3.269, -0.02, 2.5
 305834284, -29.003, 2.321, 0.016, 2.5, -28.952, 2.812, 0.013, 2.5
 306034204, -29.031, 1.856, 0.101, 2.5, -29.003, 2.321, 0.016, 2.5
 306234124, -29.059, 1.358, 0.039, 2.5, -29.031, 1.856, 0.101, 2.5
 306434044, -29.082, 0.8650001, 0.022, 2.5, -29.059, 1.358, 0.039, 2.5
 306633964, -29.094, 0.363, 0.013, 2.5, -29.082, 0.8650001, 0.022, 2.5
 306833884, -29.093, -0.13, 0.019, 2.5, -29.094, 0.363, 0.013, 2.5
 307033804, -29.08, -0.628, 0.01, 2.5, -29.093, -0.13, 0.019, 2.5
 307233724, -29.059, -1.094, 0.057, 2.5, -29.08, -0.628, 0.01, 2.5
 307433644, -29.023, -1.601, 0.019, 2.5, -29.059, -1.094, 0.057, 2.5
 307633564, -28.991, -2.096, -0.002, 2.5, -29.023, -1.601, 0.019, 2.5
 307833484, -28.956, -2.583, -0.07700001, 2.5, -28.991, -2.096, -0.002, 2.5
 308034237, -28.914, -3.074, -0.06, 2.5, -28.956, -2.583, -0.07700001, 2.5
 308234157, -28.843, -3.559, -0.045, 2.5, -28.914, -3.074, -0.06, 2.5
 308434077, -28.767, -4.032, -0.013, 2.5, -28.843, -3.559, -0.045, 2.5
 308633997, -28.691, -4.557, -0.029, 2.5, -28.767, -4.032, -0.013, 2.5
 308833917, -28.613, -5.059, -0.007, 2.5, -28.691, -4.557, -0.029, 2.5
 309033837, -28.516, -5.523, -0.009000001, 2.5, -28.613, -5.059, -0.007, 2.5
 309233757, -28.431, -5.97, 0.037, 2.5, -28.516, -5.523, -0.009000001, 2.5
 309433677, -28.344, -6.434, 0.033, 2.5, -28.431, -5.97, 0.037, 2.5
 309633597, -28.228, -6.917, 0.004, 2.5, -28.344, -6.434, 0.033, 2.5
 309833517, -28.124, -7.366, 0.037, 2.5, -28.228, -6.917, 0.004, 2.5
 310034270, -28.006, -7.829, 0.027, 2.5, -28.124, -7.366, 0.037, 2.5
 310234190, -27.853, -8.318001, -0.019, 2.5, -28.006, -7.829, 0.027, 2.5
 310434110, -27.692, -8.81, -0.059, 2.5, -27.853, -8.318001, -0.019, 2.5
 310634030, -27.553, -9.242001, -0.047, 2.5, -27.692, -8.81, -0.059, 2.5
 310833950, -27.417, -9.664001, -0.043, 2.5, -27.553, -9.242001, -0.047, 2.5
 311033870, -27.253, -10.072, -0.017, 2.5, -27.417, -9.664001, -0.043, 2.5
 311233790, -27.096, -10.454, 0.026, 2.5, -27.253, -10.072, -0.017, 2.5
 311433710, -26.93, -10.841, 0.042, 2.5, -27.096, -10.454, 0.026, 2.5
 311633630, -26.739, -11.275, 0.011, 2.5, -26.93, -10.841, 0.042, 2.5
 311833550, -26.555, -11.693, -0.006, 2.5, -26.739, -11.275, 0.011, 2.5
 312034303, -26.396, -12.082, 0.066, 2.5, -26.555, -11.693, -0.006, 2.5
 312234223, -26.221, -12.478, 0.044, 2.5, -26.396, -12.082, 0.066, 2.5
 312434143, -25.999, -12.92, -0.011, 2.5, -26.221, -12.478, 0.044, 2.5
 312634063, -25.789, -13.346, 0.001, 2.5, -25.999, -12.92, -0.011, 2.5
 312833983, -25.586, -13.746, 0.023, 2.5, -25.789, -13.346, 0.001, 2.5
 313033903, -25.355, -14.162, -0.002, 2.5, -25.586, -13.746, 0.023, 2.5
 313233823, -25.107, -14.592, -0.005, 2.5, -25.355, -14.162, -0.002, 2.5
 313433743, -24.85, -15.036, -0.021, 2.5, -25.107, -14.592, -0.005, 2.5
 313633663, -24.558, -15.485, -0.071, 2.5, -24.85, -15.036, -0.021, 2.5
 313833583, -24.312, -15.879, -0.036, 2.5, -24.558, -15.485, -0.071, 2.5
 314033503, -24.052, -16.267, -0.029, 2.5, -24.312, -15.879, -0.036, 2.5
 314234256, -23.776, -16.658, -0.032, 2.5, -24.052, -16.267, -0.029, 2.5
 314434176, -23.487, -17.072, -0.014, 2.5, -23.776, -16.658, -0.032, 2.5
 314634096, -23.189, -17.466, -0.014, 2.5, -23.487, -17.072, -0.014, 2.5
 314834016, -22.897, -17.852, -0.038, 2.5, -23.189, -17.466, -0.014, 2.5
 315033936, -22.612, -18.222, -0.045, 2.5, -22.897, -17.852, -0.038, 2.5
 315233856, -22.322, -18.58, -0.016, 2.5, -22.612, -18.222, -0.045, 2.5
 315433776, -22.002, -18.941, -0.01, 2.5, -22.322, -18.58, -0.016, 2.5
 315633696, -21.696, -19.291, 0.039, 2.5, -22.002, -18.941, -0.01, 2.5
 315833616, -21.368, -19.664, 0.047, 2.5, -21.696, -19.291, 0.039, 2.5
 316033536, -21, -20.046, -0.028, 2.5, -21.368, -19.664, 0.047, 2.5
 316234289, -20.64, -20.402, -0.044, 2.5, -21, -20.046, -0.028, 2.5
 316434209, -20.305, -20.74, -0.016, 2.5, -20.64, -20.402, -0.044, 2.5
 316634129, -19.97, -21.052, -0.014, 2.5, -20.305, -20.74, -0.016, 2.5
 316834049, -19.63, -21.354, -0.015, 2.5, -19.97, -21.052, -0.014, 2.5
 317033969, -19.285, -21.67, 0.02, 2.5, -19.63, -21.354, -0.015, 2.5
 317233889, -18.94, -21.995, 0.068, 2.5, -19.285, -21.67, 0.02, 2.5
 317433809, -18.582, -22.298, 0.045, 2.5, -18.94, -21.995, 0.068, 2.5
 317633729, -18.205, -22.604, 0.036, 2.5, -18.582, -22.298, 0.045, 2.5
 317833649, -17.839, -22.912, 0.043, 2.5, -18.205, -22.604, 0.036, 2.5
 318033569, -17.46, -23.203, 0.014, 2.5, -17.839, -22.912, 0.043, 2.5
 318233489, -17.108, -23.457, 0.089, 2.5, -17.46, -23.203, 0.014, 2.5
 318434242, -16.692, -23.751, 0.036, 2.5, -17.108, -23.457, 0.089, 2.5
 318634162, -16.275, -24.055, -0.016, 2.5, -16.692, -23.751, 0.036, 2.5
 318834082, -15.858, -24.34, -0.032, 2.5, -16.275, -24.055, -0.016, 2.5
 319034002, -15.426, -24.606, -0.032, 2.5, -15.858, -24.34, -0.032, 2.5
 319233922, -14.995, -24.851, -0.045, 2.5, -15.426, -24.606, -0.032, 2.5
 319433842, -14.581, -25.099, -0.039, 2.5, -14.995, -24.851, -0.045, 2.5
 319633762, -14.171, -25.333, 0.002, 2.5, -14.581, -25.099, -0.039, 2.5
 319833682, -13.732, -25.563, 0.029, 2.5, -14.171, -25.333, 0.002, 2.5
 320033602, -13.275, -25.815, 0.044, 2.5, -13.732, -25.563, 0.029, 2.5
 320233522, -12.82, -26.044, 0.016, 2.5, -13.275, -25.815, 0.044, 2.5
 320434275, -12.367, -26.252, -0.05, 2.5, -12.82, -26.044, 0.016, 2.5
 320634195, -11.952, -26.435, 0.013, 2.5, -12.367, -26.252, -0.05, 2.5
 320834115, -11.543, -26.614, 0.043, 2.5, -11.952, -26.435, 0.013, 2.5
 321034035, -11.1, -26.799, 0.003, 2.5, -11.543, -26.614, 0.043, 2.5
 321233955, -10.653, -26.98, -0.052, 2.5, -11.1, -26.799, 0.003, 2.5
 321433875, -10.249, -27.14, 0.009000001, 2.5, -10.653, -26.98, -0.052, 2.5
 321633795, -9.807, -27.298, 0.052, 2.5, -10.249, -27.14, 0.009000001, 2.5
 321833715, -9.375, -27.452, 0.051, 2.5, -9.807, -27.298, 0.052, 2.5
 322033635, -8.874001, -27.614, 0.019, 2.5, -9.375, -27.452, 0.051, 2.5
 322233555, -8.392, -27.772, 0.026, 2.5, -8.874001, -27.614, 0.019, 2.5
 322433475, -7.91, -27.911, -0.052, 2.5, -8.392, -27.772, 0.026, 2.5
 322634228, -7.438, -28.045, -0.108, 2.5, -7.91, -27.911, -0.052, 2.5
 322834148, -7.006001, -28.145, -0.067, 2.5, -7.438, -28.045, -0.108, 2.5
 323034068, -6.595, -28.26, 0.041, 2.5, -7.006001, -28.145, -0.067, 2.5
 323233988, -6.106, -28.373, 0.075, 2.5, -6.595, -28.26, 0.041, 2.5
 323433908, -5.594, -28.473, 0.024, 2.5, -6.106, -28.373, 0.075, 2.5
 323633828, -5.084, -28.576, 0.031, 2.5, -5.594, -28.473, 0.024, 2.5
 323833748, -4.596, -28.661, -0.02, 2.5, -5.084, -28.576, 0.031, 2.5
 324033668, -4.128, -28.716, -0.066, 2.5, -4.596, -28.661, -0.02, 2.5
 324233588, -3.662, -28.776, -0.051, 2.5, -4.128, -28.716, -0.066, 2.5
 324433508, -3.185, -28.832, -0.058, 2.5, -3.662, -28.776, -0.051, 2.5
 324634261, -2.733, -28.87, -0.044, 2.5, -3.185, -28.832, -0.058, 2.5
 324834181, -2.28, -28.899, -0.021, 2.5, -2.733, -28.87, -0.044, 2.5
 325034101, -1.809, -28.926, -0.015, 2.5, -2.28, -28.899, -0.021, 2.5
 325234021, -1.322, -28.949, -0.037, 2.5, -1.809, -28.926, -0.015, 2.5
 325433941, -0.822, -28.959, -0.085, 2.5, -1.322, -28.949, -0.037, 2.5
 325633861, -0.367, -28.966, -0.058, 2.5, -0.822, -28.959, -0.085, 2.5
 325833781, 0.063, -28.971, 0.043, 2.5, -0.367, -28.966, -0.058, 2.5
 326033701, 0.55, -28.96, -0.025, 2.5, 0.063, -28.971, 0.043, 2.5
 326233621, 1.005, -28.939, -0.006, 2.5, 0.55, -28.96, -0.025, 2.5
 326433541, 1.456, -28.926, 0.101, 2.5, 1.005, -28.939, -0.006, 2.5
 326634294, 1.958, -28.906, 0.054, 2.5, 1.456, -28.926, 0.101, 2.5
 326834214, 2.448, -28.862, -0.029, 2.5, 1.958, -28.906, 0.054, 2.5
 327034134, 2.895, -28.815, 0.002, 2.5, 2.448, -28.862, -0.029, 2.5
 327234054, 3.367, -28.763, -0.021, 2.5, 2.895, -28.815, 0.002, 2.5
 327433974, 3.819, -28.699, -0.052, 2.5, 3.367, -28.763, -0.021, 2.5
 327633894, 4.27, -28.636, -0.009000001, 2.5, 3.819, -28.699, -0.052, 2.5
 327833814, 4.757, -28.553, -0.002, 2.5, 4.27, -28.636, -0.009000001, 2.5
 328033734, 5.212, -28.477, 0.002, 2.5, 4.757, -28.553, -0.002, 2.5
 328233654, 5.647, -28.397, 0.027, 2.5, 5.212, -28.477, 0.002, 2.5
 328433574, 6.113, -28.297, 0, 2.5, 5.647, -28.397, 0.027, 2.5
 328633494, 6.557, -28.197, 0.005, 2.5, 6.113, -28.297, 0, 2.5
 328834247, 7.008, -28.097, 0.003, 2.5, 6.557, -28.197, 0.005, 2.5
 329034167, 7.476, -27.974, -0.008, 2.5, 7.008, -28.097, 0.003, 2.5
 329234087, 7.924, -27.85, 0.037, 2.5, 7.476, -27.974, -0.008, 2.5
 329434007, 8.352, -27.734, 0.101, 2.5, 7.924, -27.85, 0.037, 2.5
 329633927, 8.795, -27.607, 0.08000001, 2.5, 8.352, -27.734, 0.101, 2.5
 329833847, 9.267, -27.475, 0.031, 2.5, 8.795, -27.607, 0.08000001, 2.5
 330033767, 9.731001, -27.331, 0, 2.5, 9.267, -27.475, 0.031, 2.5
 330233687, 10.163, -27.179, 0.056, 2.5, 9.731001, -27.331, 0, 2.5
 330433607, 10.585, -27.017, 0.047, 2.5, 10.163, -27.179, 0.056, 2.5
 330633527, 11.014, -26.834, 0.056, 2.5, 10.585, -27.017, 0.047, 2.5
 330834280, 11.47, -26.64, 0.061, 2.5, 11.014, -26.834, 0.056, 2.5
 331034200, 11.916, -26.44, 0.08400001, 2.5, 11.47, -26.64, 0.061, 2.5
 331234120, 12.355, -26.233, 0.062, 2.5, 11.916, -26.44, 0.08400001, 2.5
 331434040, 12.837, -26.004, -0.008, 2.5, 12.355, -26.233, 0.062, 2.5
 331633960, 13.327, -25.768, -0.06900001, 2.5, 12.837, -26.004, -0.008, 2.5
 331833880, 13.746, -25.551, -0.035, 2.5, 13.327, -25.768, -0.06900001, 2.5
 332033800, 14.126, -25.344, 0.018, 2.5, 13.746, -25.551, -0.035, 2.5
 332233720, 14.536, -25.105, 0.061, 2.5, 14.126, -25.344, 0.018, 2.5
 332433640, 14.962, -24.851, 0.071, 2.5, 14.536, -25.105, 0.061, 2.5
 332633560, 15.393, -24.574, 0.005, 2.5, 14.962, -24.851, 0.071, 2.5
 332833480, 15.801, -24.325, 0.019, 2.5, 15.393, -24.574, 0.005, 2.5
 333034233, 16.206, -24.053, 0.015, 2.5, 15.801, -24.325, 0.019, 2.5
 333234153, 16.596, -23.773, -0.027, 2.5, 16.206, -24.053, 0.015, 2.5
 333434073, 16.994, -23.504, 0.005, 2.5, 16.596, -23.773, -0.027, 2.5
 333633993, 17.385, -23.239, 0.017, 2.5, 16.994, -23.504, 0.005, 2.5
 333833913, 17.763, -22.951, 0.05, 2.5, 17.385, -23.239, 0.017, 2.5
 334033833, 18.145, -22.657, 0.063, 2.5, 17.763, -22.951, 0.05, 2.5
 334233753, 18.525, -22.372, 0.102, 2.5, 18.145, -22.657, 0.063, 2.5
 334433673, 18.878, -22.085, 0.17, 2.5, 18.525, -22.372, 0.102, 2.5
 334633593, 19.256, -21.751, 0.132, 2.5, 18.878, -22.085, 0.17, 2.5
 334833513, 19.642, -21.407, 0.045, 2.5, 19.256, -21.751, 0.132, 2.5
 335034266, 20, -21.086, 0.054, 2.5, 19.642, -21.407, 0.045, 2.5
 335234186, 20.37, -20.739, 0.068, 2.5, 20, -21.086, 0.054, 2.5
 335434106, 20.722, -20.37, -0.02, 2.5, 20.37, -20.739, 0.068, 2.5
 335634026, 21.063, -20.026, -0.08400001, 2.5, 20.722, -20.37, -0.02, 2.5
 335833946, 21.365, -19.705, -0.047, 2.5, 21.063, -20.026, -0.08400001, 2.5
 336033866, 21.647, -19.392, 0.043, 2.5, 21.365, -19.705, -0.047, 2.5
 336233786, 21.946, -19.048, 0.096, 2.5, 21.647, -19.392, 0.043, 2.5
 336433706, 22.26, -18.672, 0.138, 2.5, 21.946, -19.048, 0.096, 2.5
 336633626, 22.61, -18.275, 0.07700001, 2.5, 22.26, -18.672, 0.138, 2.5
 336833546, 22.916, -17.898, 0.034, 2.5, 22.61, -18.275, 0.07700001, 2.5
 337034299, 23.213, -17.515, -0.02, 2.5, 22.916, -17.898, 0.034, 2.5
 337234219, 23.492, -17.157, 0.064, 2.5, 23.213, -17.515, -0.02, 2.5
 337434139, 23.767, -16.774, 0.039, 2.5, 23.492, -17.157, 0.064, 2.5
 337634059, 24.05, -16.37, 0.019, 2.5, 23.767, -16.774, 0.039, 2.5
 337833979, 24.349, -15.934, -0.017, 2.5, 24.05, -16.37, 0.019, 2.5
 338033899, 24.608, -15.525, -0.056, 2.5, 24.349, -15.934, -0.017, 2.5
 338233819, 24.838, -15.126, -0.013, 2.5, 24.608, -15.525, -0.056, 2.5
 338433739, 25.091, -14.694, -0.041, 2.5, 24.838, -15.126, -0.013, 2.5
 338633659, 25.322, -14.3, 0.007, 2.5, 25.091, -14.694, -0.041, 2.5
 338833579, 25.55, -13.9, 0.035, 2.5, 25.322, -14.3, 0.007, 2.5
 339033499, 25.786, -13.47, 0.051, 2.5, 25.55, -13.9, 0.035, 2.5
 339234252, 26.032, -13.001, 0.017, 2.5, 25.786, -13.47, 0.051, 2.5
 339434172, 26.264, -12.549, 0.017, 2.5, 26.032, -13.001, 0.017, 2.5
 339634092, 26.477, -12.095, -0.032, 2.5, 26.264, -12.549, 0.017, 2.5
 339834012, 26.687, -11.634, -0.062, 2.5, 26.477, -12.095, -0.032, 2.5
 340033932, 26.891, -11.164, -0.017, 2.5, 26.687, -11.634, -0.062, 2.5
 340233852, 27.09, -10.684, -0.013, 2.5, 26.891, -11.164, -0.017, 2.5
 340433772, 27.269, -10.205, -0.037, 2.5, 27.09, -10.684, -0.013, 2.5
 340633692, 27.424, -9.753, 0.021, 2.5, 27.269, -10.205, -0.037, 2.5
 340833612, 27.578, -9.295, 0.002, 2.5, 27.424, -9.753, 0.021, 2.5
 341033532, 27.719, -8.833, 0.013, 2.5, 27.578, -9.295, 0.002, 2.5
 341234285, 27.867, -8.374001, 0.056, 2.5, 27.719, -8.833, 0.013, 2.5
 341434205, 28.015, -7.822001, -0.042, 2.5, 27.867, -8.374001, 0.056, 2.5
 341634125, 28.14, -7.312, -0.08000001, 2.5, 28.015, -7.822001, -0.042, 2.5
 341834045, 28.259, -6.816, -0.072, 2.5, 28.14, -7.312, -0.08000001, 2.5
 342033965, 28.379, -6.327, 0, 2.5, 28.259, -6.816, -0.072, 2.5
 342233885, 28.483, -5.879, 0.04, 2.5, 28.379, -6.327, 0, 2.5
 342433805, 28.576, -5.414, 0.041, 2.5, 28.483, -5.879, 0.04, 2.5
 342633725, 28.665, -4.892, 0.015, 2.5, 28.576, -5.414, 0.041, 2.5
 342833645, 28.753, -4.368, -0.006, 2.5, 28.665, -4.892, 0.015, 2.5
 343033565, 28.822, -3.89, -0.009000001, 2.5, 28.753, -4.368, -0.006, 2.5
 343233485, 28.884, -3.446, 0.05, 2.5, 28.822, -3.89, -0.009000001, 2.5
 343434238, 28.935, -2.95, 0.066, 2.5, 28.884, -3.446, 0.05, 2.5
 343634158, 28.97, -2.408, -0.087, 2.5, 28.935, -2.95, 0.066, 2.5
 343834078, 28.999, -1.949, -0.039, 2.5, 28.97, -2.408, -0.087, 2.5
 344033998, 29.034, -1.471, 0.009000001, 2.5, 28.999, -1.949, -0.039, 2.5
 344233918, 29.049, -1.021, 0.07, 2.5, 29.034, -1.471, 0.009000001, 2.5
 344433838, 29.062, -0.56, 0.089, 2.5, 29.049, -1.021, 0.07, 2.5
 344633758, 29.076, -0.09200001, -0.016, 2.5, 29.062, -0.56, 0.089, 2.5
 344833678, 29.078, 0.374, -0.023, 2.5, 29.076, -0.09200001, -0.016, 2.5
 345033598, 29.079, 0.8240001, 0.028, 2.5, 29.078, 0.374, -0.023, 2.5
 345233518, 29.07, 1.25, 0.08800001, 2.5, 29.079, 0.8240001, 0.028, 2.5
 345434271, 29.043, 1.718, 0.034, 2.5, 29.07, 1.25, 0.08800001, 2.5
 345634191, 29.021, 2.182, 0.112, 2.5, 29.043, 1.718, 0.034, 2.5
 345834111, 28.994, 2.63, 0.082, 2.5, 29.021, 2.182, 0.112, 2.5
 346034031, 28.942, 3.105, 0, 2.5, 28.994, 2.63, 0.082, 2.5
 346233951, 28.89, 3.539, 0.085, 2.5, 28.942, 3.105, 0, 2.5
 346433871, 28.827, 3.983, 0.094, 2.5, 28.89, 3.539, 0.085, 2.5
 346633791, 28.748, 4.494, 0.021, 2.5, 28.827, 3.983, 0.094, 2.5
 346833711, 28.667, 4.982, -0.052, 2.5, 28.748, 4.494, 0.021, 2.5
 347033631, 28.583, 5.442, -0.041, 2.5, 28.667, 4.982, -0.052, 2.5
 347233551, 28.503, 5.871, -0.015, 2.5, 28.583, 5.442, -0.041, 2.5
 347434304, 28.405, 6.318, -0.007, 2.5, 28.503, 5.871, -0.015, 2.5
 347634224, 28.293, 6.814, -0.011, 2.5, 28.405, 6.318, -0.007, 2.5
 347834144, 28.18, 7.287, -0.015, 2.5, 28.293, 6.814, -0.011, 2.5
 348034064, 28.062, 7.746, -0.038, 2.5, 28.18, 7.287, -0.015, 2.5
 348233984, 27.931, 8.193001, -0.025, 2.5, 28.062, 7.746, -0.038, 2.5
 348433904, 27.796, 8.643001, 0.04, 2.5, 27.931, 8.193001, -0.025, 2.5
 348633824, 27.648, 9.128, -0.005, 2.5, 27.796, 8.643001, 0.04, 2.5
 348833744, 27.495, 9.577001, 0.035, 2.5, 27.648, 9.128, -0.005, 2.5
 349033664, 27.333, 10.034, 0.016, 2.5, 27.495, 9.577001, 0.035, 2.5
 349233584, 27.184, 10.449, -0.001, 2.5, 27.333, 10.034, 0.016, 2.5
 349433504, 27.012, 10.879, 0.045, 2.5, 27.184, 10.449, -0.001, 2.5
 349634257, 26.844, 11.294, 0.087, 2.5, 27.012, 10.879, 0.045, 2.5
 349834177, 26.67, 11.707, 0.125, 2.5, 26.844, 11.294, 0.087, 2.5
 350034097, 26.468, 12.165, 0.083, 2.5, 26.67, 11.707, 0.125, 2.5
 350234017, 26.261, 12.616, 0.054, 2.5, 26.468, 12.165, 0.083, 2.5
 350433937, 26.046, 13.051, 0.029, 2.5, 26.261, 12.616, 0.054, 2.5
 350633857, 25.831, 13.473, 0.057, 2.5, 26.046, 13.051, 0.029, 2.5
 350833777, 25.602, 13.904, 0.048, 2.5, 25.831, 13.473, 0.057, 2.5
 351033697, 25.366, 14.333, 0.038, 2.5, 25.602, 13.904, 0.048, 2.5
 351233617, 25.127, 14.753, 0.034, 2.5, 25.366, 14.333, 0.038, 2.5
 351433537, 24.86, 15.193, -0.054, 2.5, 25.127, 14.753, 0.034, 2.5
 351634290, 24.593, 15.606, -0.021, 2.5, 24.86, 15.193, -0.054, 2.5
 351834210, 24.339, 16.002, 0.063, 2.5, 24.593, 15.606, -0.021, 2.5
 352034130, 24.076, 16.388, 0.008, 2.5, 24.339, 16.002, 0.063, 2.5
 352234050, 23.791, 16.797, -0.002, 2.5, 24.076, 16.388, 0.008, 2.5
 352433970, 23.506, 17.191, 0.066, 2.5, 23.791, 16.797, -0.002, 2.5
 352633890, 23.236, 17.566, 0.114, 2.5, 23.506, 17.191, 0.066, 2.5
 352833810, 22.966, 17.955, 0.133, 2.5, 23.236, 17.566, 0.114, 2.5
 353033730, 22.659, 18.385, 0.096, 2.5, 22.966, 17.955, 0.133, 2.5
 353233650, 22.317, 18.802, 0.054, 2.5, 22.659, 18.385, 0.096, 2.5
 353433570, 22.014, 19.184, 0.08000001, 2.5, 22.317, 18.802, 0.054, 2.5
 353633490, 21.703, 19.547, 0.102, 2.5, 22.014, 19.184, 0.08000001, 2.5
 353834243, 21.348, 19.924, 0.017, 2.5, 21.703, 19.547, 0.102, 2.5
 354034163, 21.022, 20.269, 0.029, 2.5, 21.348, 19.924, 0.017, 2.5
 354234083, 20.666, 20.617, -0.04, 2.5, 21.022, 20.269, 0.029, 2.5
 354434003, 20.281, 20.971, -0.146, 2.5, 20.666, 20.617, -0.04, 2.5
 354633923, 19.931, 21.293, -0.09100001, 2.5, 20.281, 20.971, -0.146, 2.5
 354833843, 19.606, 21.585, 0.008, 2.5, 19.931, 21.293, -0.09100001, 2.5
 355033763, 19.256, 21.891, 0.047, 2.5, 19.606, 21.585, 0.008, 2.5
 355233683, 18.888, 22.204, 0.024, 2.5, 19.256, 21.891, 0.047, 2.5
 355433603, 18.489, 22.532, -0.03, 2.5, 18.888, 22.204, 0.024, 2.5
 355633523, 18.108, 22.853, -0.028, 2.5, 18.489, 22.532, -0.03, 2.5
 355834276, 17.696, 23.187, -0.07300001, 2.5, 18.108, 22.853, -0.028, 2.5
 356034196, 17.314, 23.497, -0.078, 2.5, 17.696, 23.187, -0.07300001, 2.5
 356234116, 16.935, 23.769, -0.006, 2.5, 17.314, 23.497, -0.078, 2.5
 356434036, 16.522, 24.051, -0.022, 2.5, 16.935, 23.769, -0.006, 2.5
 356633956, 16.136, 24.322, 0.009000001, 2.5, 16.522, 24.051, -0.022, 2.5
 356833876, 15.736, 24.577, 0.044, 2.5, 16.136, 24.322, 0.009000001, 2.5
 357033796, 15.323, 24.83, 0.045, 2.5, 15.736, 24.577, 0.044, 2.5
 357233716, 14.88, 25.1, 0.082, 2.5, 15.323, 24.83, 0.045, 2.5
 357433636, 14.41, 25.375, 0.035, 2.5, 14.88, 25.1, 0.082, 2.5
 357633556, 13.938, 25.645, -0.05, 2.5, 14.41, 25.375, 0.035, 2.5
 357833476, 13.496, 25.883, -0.061, 2.5, 13.938, 25.645, -0.05, 2.5
 358034229, 13.077, 26.086, -0.043, 2.5, 13.496, 25.883, -0.061, 2.5
 358234149, 12.651, 26.287, 0.039, 2.5, 13.077, 26.086, -0.043, 2.5
 358434069, 12.214, 26.492, 0.025, 2.5, 12.651, 26.287, 0.039, 2.5
 358633989, 11.785, 26.69, 0.06, 2.5, 12.214, 26.492, 0.025, 2.5
 358833909, 11.304, 26.916, -0.018, 2.5, 11.785, 26.69, 0.06, 2.5
 359033829, 10.847, 27.109, -0.031, 2.5, 11.304, 26.916, -0.018, 2.5
 359233749, 10.391, 27.279, -0.04, 2.5, 10.847, 27.109, -0.031, 2.5
 359433669, 9.948001, 27.44, -0.009000001, 2.5, 10.391, 27.279, -0.04, 2.5
 359633589, 9.472, 27.596, -0.03, 2.5, 9.948001, 27.44, -0.009000001, 2.5
 359833509, 9.002001, 27.74, -0.031, 2.5, 9.472, 27.596, -0.03, 2.5
 360034262, 8.564, 27.874, 0.006, 2.5, 9.002001, 27.74, -0.031, 2.5
 360234182, 8.096001, 28.011, -0.03, 2.5, 8.564, 27.874, 0.006, 2.5
 360434102, 7.631001, 28.137, -0.016, 2.5, 8.096001, 28.011, -0.03, 2.5
 360634022, 7.139, 28.256, -0.02, 2.5, 7.631001, 28.137, -0.016, 2.5
 360833942, 6.664001, 28.38, 0, 2.5, 7.139, 28.256, -0.02, 2.5
 361033862, 6.194, 28.497, -0.03, 2.5, 6.664001, 28.38, 0, 2.5
 361233782, 5.724, 28.585, -0.1, 2.5, 6.194, 28.497, -0.03, 2.5
 361433702, 5.31, 28.668, -0.006, 2.5, 5.724, 28.585, -0.1, 2.5
 361633622, 4.853, 28.753, 0.002, 2.5, 5.31, 28.668, -0.006, 2.5
 361833542, 4.366, 28.834, 0.005, 2.5, 4.853, 28.753, 0.002, 2.5
 362034295, 3.892, 28.918, -0.001, 2.5, 4.366, 28.834, 0.005, 2.5
 362234215, 3.435, 28.985, 0.05, 2.5, 3.892, 28.918, -0.001, 2.5
 362434135, 2.95, 29.039, 0.05, 2.5, 3.435, 28.985, 0.05, 2.5
 362634055, 2.439, 29.082, -0.016, 2.5, 2.95, 29.039, 0.05, 2.5
 362833975, 1.977, 29.12, 0.003, 2.5, 2.439, 29.082, -0.016, 2.5
 363033895, 1.511, 29.144, -0.004, 2.5, 1.977, 29.12, 0.003, 2.5
 363233815, 1.037, 29.155, 0.02, 2.5, 1.511, 29.144, -0.004, 2.5
 363433735, 0.506, 29.166, -0.023, 2.5, 1.037, 29.155, 0.02, 2.5
 363633655, 0.011, 29.169, -0.049, 2.5, 0.506, 29.166, -0.023, 2.5
 363833575, -0.488, 29.159, -0.054, 2.5, 0.011, 29.169, -0.049, 2.5
 364033495, -0.9910001, 29.133, -0.061, 2.5, -0.488, 29.159, -0.054, 2.5
 364234248, -1.479, 29.106, -0.061, 2.5, -0.9910001, 29.133, -0.061, 2.5
 364434168, -1.945, 29.072, -0.06500001, 2.5, -1.479, 29.106, -0.061, 2.5
 364634088, -2.405, 29.034, -0.015, 2.5, -1.945, 29.072, -0.06500001, 2.5
 364834008, -2.872, 28.995, -0.002, 2.5, -2.405, 29.034, -0.015, 2.5
 365033928, -3.337, 28.947, 0.026, 2.5, -2.872, 28.995, -0.002, 2.5
 365233848, -3.796, 28.884, 0.015, 2.5, -3.337, 28.947, 0.026, 2.5
 365433768, -4.308, 28.811, -0.07, 2.5, -3.796, 28.884, 0.015, 2.5
 365633688, -4.804, 28.734, -0.093, 2.5, -4.308, 28.811, -0.07, 2.5
 365833608, -5.283, 28.646, -0.06, 2.5, -4.804, 28.734, -0.093, 2.5
 366033528, -5.757, 28.55, -0.07600001, 2.5, -5.283, 28.646, -0.06, 2.5
 366234281, -6.2, 28.454, -0.031, 2.5, -5.757, 28.55, -0.07600001, 2.5
 366434201, -6.632, 28.36, 0.001, 2.5, -6.2, 28.454, -0.031, 2.5
 366634121, -7.098001, 28.238, -0.059, 2.5, -6.632, 28.36, 0.001, 2.5
 366834041, -7.556, 28.122, -0.005, 2.5, -7.098001, 28.238, -0.059, 2.5
 367033961, -8.055, 27.978, 0, 2.5, -7.556, 28.122, -0.005, 2.5
 367233881, -8.514, 27.843, -0.083, 2.5, -8.055, 27.978, 0, 2.5
 367433801, -8.975, 27.704, -0.075, 2.5, -8.514, 27.843, -0.083, 2.5
 367633721, -9.453, 27.553, -0.085, 2.5, -8.975, 27.704, -0.075, 2.5
 367833641, -9.907001, 27.385, -0.025, 2.5, -9.453, 27.553, -0.085, 2.5
 368033561, -10.361, 27.214, -0.024, 2.5, -9.907001, 27.385, -0.025, 2.5
 368233481, -10.822, 27.035, -0.066, 2.5, -10.361, 27.214, -0.024, 2.5
 368434234, -11.277, 26.84, -0.102, 2.5, -10.822, 27.035, -0.066, 2.5
 368634154, -11.694, 26.66, -0.09200001, 2.5, -11.277, 26.84, -0.102, 2.5
 368834074, -12.106, 26.472, -0.047, 2.5, -11.694, 26.66, -0.09200001, 2.5
 369033994, -12.528, 26.282, 0.008, 2.5, -12.106, 26.472, -0.047, 2.5
 369233914, -12.999, 26.053, -0.026, 2.5, -12.528, 26.282, 0.008, 2.5
 369433834, -13.461, 25.817, -0.037, 2.5, -12.999, 26.053, -0.026, 2.5
 369633754, -13.886, 25.59, -0.068, 2.5, -13.461, 25.817, -0.037, 2.5
 369833674, -14.265, 25.387, 0.043, 2.5, -13.886, 25.59, -0.068, 2.5
 370033594, -14.698, 25.146, 0.008, 2.5, -14.265, 25.387, 0.043, 2.5
 370233514, -15.129, 24.896, 0.019, 2.5, -14.698, 25.146, 0.008, 2.5
 370434267, -15.536, 24.642, -0.018, 2.5, -15.129, 24.896, 0.019, 2.5
 370634187, -15.906, 24.403, 0.013, 2.5, -15.536, 24.642, -0.018, 2.5
 370834107, -16.295, 24.137, 0.03, 2.5, -15.906, 24.403, 0.013, 2.5
 371034027, -16.694, 23.871, 0.05, 2.5, -16.295, 24.137, 0.03, 2.5
 371233947, -17.103, 23.582, 0.047, 2.5, -16.694, 23.871, 0.05, 2.5
 371433867, -17.508, 23.285, 0.036, 2.5, -17.103, 23.582, 0.047, 2.5
 371633787, -17.929, 22.964, 0.015, 2.5, -17.508, 23.285, 0.036, 2.5
 371833707, -18.333, 22.642, -0.003, 2.5, -17.929, 22.964, 0.015, 2.5
 372033627, -18.704, 22.333, -0.011, 2.5, -18.333, 22.642, -0.003, 2.5
 372233547, -19.063, 22.019, -0.034, 2.5, -18.704, 22.333, -0.011, 2.5
 372434300, -19.422, 21.701, -0.053, 2.5, -19.063, 22.019, -0.034, 2.5
 372634220, -19.771, 21.365, -0.037, 2.5, -19.422, 21.701, -0.053, 2.5
 372834140, -20.132, 21.027, -0.059, 2.5, -19.771, 21.365, -0.037, 2.5
 373034060, -20.455, 20.717, 0.039, 2.5, -20.132, 21.027, -0.059, 2.5
 373233980, -20.796, 20.382, 0.038, 2.5, -20.455, 20.717, 0.039, 2.5
 373433900, -21.143, 20.024, 0.032, 2.5, -20.796, 20.382, 0.038, 2.5
 373633820, -21.486, 19.655, -0.022, 2.5, -21.143, 20.024, 0.032, 2.5
 373833740, -21.822, 19.28, -0.037, 2.5, -21.486, 19.655, -0.022, 2.5
 374033660, -22.151, 18.896, -0.071, 2.5, -21.822, 19.28, -0.037, 2.5
 374233580, -22.45, 18.531, -0.039, 2.5, -22.151, 18.896, -0.071, 2.5
 374433500, -22.739, 18.149, -0.064, 2.5, -22.45, 18.531, -0.039, 2.5
 374634253, -23.03, 17.769, -0.031, 2.5, -22.739, 18.149, -0.064, 2.5
 374834173, -23.325, 17.368, -0.04, 2.5, -23.03, 17.769, -0.031, 2.5
 375034093, -23.619, 16.968, -0.062, 2.5, -23.325, 17.368, -0.04, 2.5
 375234013, -23.897, 16.579, -0.061, 2.5, -23.619, 16.968, -0.062, 2.5
 375433933, -24.154, 16.214, 0, 2.5, -23.897, 16.579, -0.061, 2.5
 375633853, -24.418, 15.831, -0.013, 2.5, -24.154, 16.214, 0, 2.5
 375833773, -24.664, 15.455, -0.001, 2.5, -24.418, 15.831, -0.013, 2.5
 376033693, -24.895, 15.065, 0.025, 2.5, -24.664, 15.455, -0.001, 2.5
 376233613, -25.131, 14.674, 0.059, 2.5, -24.895, 15.065, 0.025, 2.5
 376433533, -25.371, 14.259, 0.032, 2.5, -25.131, 14.674, 0.059, 2.5
 376634286, -25.613, 13.807, -0.08800001, 2.5, -25.371, 14.259, 0.032, 2.5
 376834206, -25.826, 13.39, -0.067, 2.5, -25.613, 13.807, -0.08800001, 2.5
 377034126, -26.026, 12.998, 0.02, 2.5, -25.826, 13.39, -0.067, 2.5
 377234046, -26.227, 12.555, 0.017, 2.5, -26.026, 12.998, 0.02, 2.5
 377433966, -26.45, 12.082, -0.014, 2.5, -26.227, 12.555, 0.017, 2.5
 377633886, -26.668, 11.611, -0.031, 2.5, -26.45, 12.082, -0.014, 2.5
 377833806, -26.866, 11.15, -0.06, 2.5, -26.668, 11.611, -0.031, 2.5
 378033726, -27.051, 10.709, -0.032, 2.5, -26.866, 11.15, -0.06, 2.5
 378233646, -27.224, 10.249, 0.023, 2.5, -27.051, 10.709, -0.032, 2.5
 378433566, -27.405, 9.779, 0.068, 2.5, -27.224, 10.249, 0.023, 2.5
 378633486, -27.57, 9.276, 0.004, 2.5, -27.405, 9.779, 0.068, 2.5
 378834239, -27.714, 8.793, 0.032, 2.5, -27.57, 9.276, 0.004, 2.5
 379034159, -27.864, 8.322001, 0.055, 2.5, -27.714, 8.793, 0.032, 2.5
 379234079, -28.004, 7.883, 0.061, 2.5, -27.864, 8.322001, 0.055, 2.5
 379433999, -28.135, 7.438, 0.052, 2.5, -28.004, 7.883, 0.061, 2.5
 379633919, -28.264, 6.977, 0.022, 2.5, -28.135, 7.438, 0.052, 2.5
 379833839, -28.371, 6.485, -0.009000001, 2.5, -28.264, 6.977, 0.022, 2.5
 380033759, -28.462, 6.02, 0.026, 2.5, -28.371, 6.485, -0.009000001, 2.5
 380233679, -28.546, 5.548, 0.019, 2.5, -28.462, 6.02, 0.026, 2.5
 380433599, -28.636, 5.072, 0.028, 2.5, -28.546, 5.548, 0.019, 2.5
 380633519, -28.719, 4.621, 0.141, 2.5, -28.636, 5.072, 0.028, 2.5
 380834272, -28.783, 4.139, 0.118, 2.5, -28.719, 4.621, 0.141, 2.5
 381034192, -28.852, 3.639, 0.017, 2.5, -28.783, 4.139, 0.118, 2.5
 381234112, -28.915, 3.161, -0.037, 2.5, -28.852, 3.639, 0.017, 2.5
 381434032, -28.964, 2.687, -0.046, 2.5, -28.915, 3.161, -0.037, 2.5
 381633952, -29.006, 2.218, 0.024, 2.5, -28.964, 2.687, -0.046, 2.5
 381833872, -29.036, 1.755, 0.089, 2.5, -29.006, 2.218, 0.024, 2.5
 382033792, -27.893, 1.193, 0.019, 2.5, -29.036, 1.755, 0.089, 2.5
 382233712, -26.15, 0.666, 0.109, 2.5, -27.893, 1.193, 0.019, 2.5
 382433632, -24.46, 0.252, 0.281, 2.5, -26.15, 0.666, 0.109, 2.5
 382633552, -22.946, -0.051, 0.488, 2.5, -24.46, 0.252, 0.281, 2.5
 382834305, -21.614, -0.313, 0.703, 2.5, -22.946, -0.051, 0.488, 2.5
