TimeUS,CGpN,CGpE,CGpD,CGpe,PGpN,PGpE,PGpD,PGpe
 139834044, 0, 0, 0, 2.5, 0, 0, 0, 2.5
 140033964, 0, 0, 0, 2.5, 0, 0, 0, 2.5
 140233884, 0, 0, 0, 2.5, 0, 0, 0, 2.5
 140433804, 0.009000001, -0.001, 0, 2.5, 0, 0, 0, 2.5
 140633724, 0.248, -0.026, 0, 2.5, 0.009000001, -0.001, 0, 2.5
 140833644, 0.932, -0.098, 0.012, 2.5, 0.248, -0.026, 0, 2.5
 141033564, 2.091, -0.219, 0.037, 2.5, 0.932, -0.098, 0.012, 2.5
 141233484, 3.697, -0.388, 0.074, 2.5, 2.091, -0.219, 0.037, 2.5
 141434237, 5.712, -0.601, 0.124, 2.5, 3.697, -0.388, 0.074, 2.5
 141634157, 7.838, -0.823, 0.181, 2.5, 5.712, -0.601, 0.124, 2.5
 141834077, 9.820001, -1.029, 0.239, 2.5, 7.838, -0.823, 0.181, 2.5
 142033997, 11.597, -1.218, 0.274, 2.5, 9.820001, -1.029, 0.239, 2.5
 142233917, 13.148, -1.382, 0.205, 2.5, 11.597, -1.218, 0.274, 2.5
 142433837, 14.594, -1.536, 0.238, 2.5, 13.148, -1.382, 0.205, 2.5
 142633757, 16.553, -1.757, -0.9160001, 2.5, 14.594, -1.536, 0.238, 2.5
 142833677, 18.224, -1.975, -1.925, 2.5, 16.553, -1.757, -0.9160001, 2.5
 143033597, 19.7, -2.113, -2.401, 2.5, 18.224, -1.975, -1.925, 2.5
 143233517, 21.002, -2.22, -2.833, 2.5, 19.7, -2.113, -2.401, 2.5
 143434270, 22.126, -2.359, -3.294, 2.5, 21.002, -2.22, -2.833, 2.5
 143634190, 23.093, -2.488, -3.726, 2.5, 22.126, -2.359, -3.294, 2.5
 143834110, 23.919, -2.593, -4.087, 2.5, 23.093, -2.488, -3.726, 2.5
 144034030, 24.615, -2.683, -4.437, 2.5, 23.919, -2.593, -4.087, 2.5
 144233950, 25.187, -2.766, -4.812, 2.5, 24.615, -2.683, -4.437, 2.5
 144433870, 25.679, -2.79, -5.109, 2.5, 25.187, -2.766, -4.812, 2.5
 144633790, 26.092, -2.802, -5.371, 2.5, 25.679, -2.79, -5.109, 2.5
 144833710, 26.447, -2.87, -5.51, 2.5, 26.092, -2.802, -5.371, 2.5
 145033630, 26.754, -2.904, -5.611, 2.5, 26.447, -2.87, -5.51, 2.5
 145233550, 27.016, -2.921, -5.723, 2.5, 26.754, -2.904, -5.611, 2.5
 145434303, 27.21, -2.949, -5.883, 2.5, 27.016, -2.921, -5.723, 2.5
 145634223, 27.407, -2.959, -5.928, 2.5, 27.21, -2.949, -5.883, 2.5
 145834143, 27.542, -2.974, -5.996, 2.5, 27.407, -2.959, -5.928, 2.5
 146034063, 27.651, -3.003, -6.053, 2.5, 27.542, -2.974, -5.996, 2.5
 146233983, 27.704, -3.031, -6.204, 2.5, 27.651, -3.003, -6.053, 2.5
 146433903, 27.793, -3.053, -6.162, 2.5, 27.704, -3.031, -6.204, 2.5
 146633823, 27.866, -3.061, -6.178, 2.5, 27.793, -3.053, -6.162, 2.5
 146833743, 27.932, -3.077, -6.175, 2.5, 27.866, -3.061, -6.178, 2.5
 147033663, 27.989, -3.04, -6.178, 2.5, 27.932, -3.077, -6.175, 2.5
 147233583, 28.03, -3.021, -6.218, 2.5, 27.989, -3.04, -6.178, 2.5
 147433503, 28.091, -3.039, -6.138, 2.5, 28.03, -3.021, -6.218, 2.5
 147634256, 28.127, -3.061, -6.12, 2.5, 28.091, -3.039, -6.138, 2.5
 147834176, 28.13, -3.098, -6.201, 2.5, 28.127, -3.061, -6.12, 2.5
 148034096, 28.171, -3.117, -6.154, 2.5, 28.13, -3.098, -6.201, 2.5
 148234016, 28.211, -3.105, -6.093, 2.5, 28.171, -3.117, -6.154, 2.5
 148433936, 28.237, -3.144, -6.059, 2.5, 28.211, -3.105, -6.093, 2.5
 148633856, 28.237, -3.17, -6.122, 2.5, 28.237, -3.144, -6.059, 2.5
 148833776, 28.264, -3.188, -6.068, 2.5, 28.237, -3.17, -6.122, 2.5
 149033696, 28.277, -3.207, -6.07, 2.5, 28.264, -3.188, -6.068, 2.5
 149233616, 28.268, -3.209, -5.975, 2.5, 28.277, -3.207, -6.07, 2.5
 149433536, 28.197, -3.197, -5.961, 2.5, 28.268, -3.209, -5.975, 2.5
 149634289, 28.15, -3.216, -5.917, 2.5, 28.197, -3.197, -5.961, 2.5
 149834209, 28.127, -3.207, -5.857, 2.5, 28.15, -3.216, -5.917, 2.5
 150034129, 28.158, -3.217, -5.687, 2.5, 28.127, -3.207, -5.857, 2.5
 150234049, 28.185, -3.205, -5.6, 2.5, 28.158, -3.217, -5.687, 2.5
 150433969, 28.169, -3.178, -5.688, 2.5, 28.185, -3.205, -5.6, 2.5
 150633889, 28.171, -3.16, -5.7, 2.5, 28.169, -3.178, -5.688, 2.5
 150833809, 28.188, -3.167, -5.669, 2.5, 28.171, -3.16, -5.7, 2.5
 151033729, 28.194, -3.19, -5.683, 2.5, 28.188, -3.167, -5.669, 2.5
 151233649, 28.241, -3.198, -5.523, 2.5, 28.194, -3.19, -5.683, 2.5
 151433569, 28.265, -3.226, -5.454, 2.5, 28.241, -3.198, -5.523, 2.5
 151633489, 28.26, -3.228, -5.503, 2.5, 28.265, -3.226, -5.454, 2.5
 151834242, 28.258, -3.219, -5.567, 2.5, 28.26, -3.228, -5.503, 2.5
 152034162, 28.253, -3.228, -5.627, 2.5, 28.258, -3.219, -5.567, 2.5
 152234082, 28.258, -3.26, -5.578, 2.5, 28.253, -3.228, -5.627, 2.5
 152434002, 28.26, -3.272, -5.487, 2.5, 28.258, -3.26, -5.578, 2.5
 152633922, 28.245, -3.313, -5.495, 2.5, 28.26, -3.272, -5.487, 2.5
 152833842, 28.275, -3.316, -5.357, 2.5, 28.245, -3.313, -5.495, 2.5
 153033762, 28.267, -3.319, -5.395, 2.5, 28.275, -3.316, -5.357, 2.5
 153233682, 28.261, -3.323, -5.465, 2.5, 28.267, -3.319, -5.395, 2.5
 153433602, 28.29, -3.339, -5.408, 2.5, 28.261, -3.323, -5.465, 2.5
 153633522, 28.319, -3.353, -5.343, 2.5, 28.29, -3.339, -5.408, 2.5
 153834275, 28.333, -3.354, -5.256, 2.5, 28.319, -3.353, -5.343, 2.5
 154034195, 28.332, -3.362, -5.267, 2.5, 28.333, -3.354, -5.256, 2.5
 154234115, 28.327, -3.364, -5.28, 2.5, 28.332, -3.362, -5.267, 2.5
 154434035, 28.329, -3.376, -5.249, 2.5, 28.327, -3.364, -5.28, 2.5
 154633955, 28.335, -3.374, -5.224, 2.5, 28.329, -3.376, -5.249, 2.5
 154833875, 28.329, -3.355, -5.266, 2.5, 28.335, -3.374, -5.224, 2.5
 155033795, 28.328, -3.353, -5.216, 2.5, 28.329, -3.355, -5.266, 2.5
 155233715, 28.362, -3.377, -5.105, 2.5, 28.328, -3.353, -5.216, 2.5
 155433635, 28.38, -3.396, -5.094, 2.5, 28.362, -3.377, -5.105, 2.5
 155633555, 28.39, -3.413, -5.049, 2.5, 28.38, -3.396, -5.094, 2.5
 155833475, 28.386, -3.43, -5.095, 2.5, 28.39, -3.413, -5.049, 2.5
 156034228, 28.396, -3.442, -5.109, 2.5, 28.386, -3.43, -5.095, 2.5
 156234148, 28.397, -3.436, -5.101, 2.5, 28.396, -3.442, -5.109, 2.5
 156434068, 28.408, -3.442, -5.051, 2.5, 28.397, -3.436, -5.101, 2.5
 156633988, 28.408, -3.432, -5.074, 2.5, 28.408, -3.442, -5.051, 2.5
 156833908, 28.413, -3.427, -5.056, 2.5, 28.408, -3.432, -5.074, 2.5
 157033828, 28.432, -3.433, -4.984, 2.5, 28.413, -3.427, -5.056, 2.5
 157233748, 28.442, -3.448, -4.952, 2.5, 28.432, -3.433, -4.984, 2.5
 157433668, 28.441, -3.446, -4.979, 2.5, 28.442, -3.448, -4.952, 2.5
 157633588, 28.443, -3.43, -5.012, 2.5, 28.441, -3.446, -4.979, 2.5
 157833508, 28.441, -3.435, -5.031, 2.5, 28.443, -3.43, -5.012, 2.5
 158034261, 28.453, -3.447, -4.98, 2.5, 28.441, -3.435, -5.031, 2.5
 158234181, 28.47, -3.459, -4.942, 2.5, 28.453, -3.447, -4.98, 2.5
 158434101, 28.476, -3.466, -4.942, 2.5, 28.47, -3.459, -4.942, 2.5
 158634021, 28.492, -3.474, -4.885, 2.5, 28.476, -3.466, -4.942, 2.5
 158833941, 28.526, -3.473, -4.721, 2.5, 28.492, -3.474, -4.885, 2.5
 159033861, 28.558, -3.485, -4.531, 2.5, 28.526, -3.473, -4.721, 2.5
 159233781, 28.622, -3.507, -4.27, 2.5, 28.558, -3.485, -4.531, 2.5
 159433701, 28.671, -3.504, -4.149, 2.5, 28.622, -3.507, -4.27, 2.5
 159633621, 28.738, -3.487, -3.961, 2.5, 28.671, -3.504, -4.149, 2.5
 159833541, 28.812, -3.477, -3.758, 2.5, 28.738, -3.487, -3.961, 2.5
 160034294, 28.853, -3.495, -3.675, 2.5, 28.812, -3.477, -3.758, 2.5
 160234214, 28.916, -3.558, -3.469, 2.5, 28.853, -3.495, -3.675, 2.5
 160434134, 28.969, -3.602, -3.281, 2.5, 28.916, -3.558, -3.469, 2.5
 160634054, 29.029, -3.574, -3.073, 2.5, 28.969, -3.602, -3.281, 2.5
 160833974, 29.034, -3.573, -3.009, 2.5, 29.029, -3.574, -3.073, 2.5
 161033894, 29.01, -3.654, -2.796, 2.5, 29.034, -3.573, -3.009, 2.5
 161233814, 29.179, -2.502, -2.505, 2.5, 29.01, -3.654, -2.796, 2.5
 161433734, 29.263, -1.148, -2.372, 2.5, 29.179, -2.502, -2.505, 2.5
 161633654, 29.172, -0.516, -3.031, 2.5, 29.263, -1.148, -2.372, 2.5
 161833574, 29.078, -0.493, -2.91, 2.5, 29.172, -0.516, -3.031, 2.5
 162033494, 29.012, -0.22, -2.362, 2.5, 29.078, -0.493, -2.91, 2.5
 162234247, 28.94, 0.257, -1.889, 2.5, 29.012, -0.22, -2.362, 2.5
 162434167, 28.853, 0.698, -1.728, 2.5, 28.94, 0.257, -1.889, 2.5
 162634087, 28.771, 0.9850001, -1.654, 2.5, 28.853, 0.698, -1.728, 2.5
 162834007, 28.702, 1.225, -1.493, 2.5, 28.771, 0.9850001, -1.654, 2.5
 163033927, 28.637, 1.48, -1.211, 2.5, 28.702, 1.225, -1.493, 2.5
 163233847, 28.576, 1.765, -0.964, 2.5, 28.637, 1.48, -1.211, 2.5
 163433767, 28.527, 2.009, -0.811, 2.5, 28.576, 1.765, -0.964, 2.5
 163633687, 28.479, 2.225, -0.647, 2.5, 28.527, 2.009, -0.811, 2.5
 163833607, 28.432, 2.452, -0.536, 2.5, 28.479, 2.225, -0.647, 2.5
 164033527, 28.385, 2.666, -0.381, 2.5, 28.432, 2.452, -0.536, 2.5
 164234280, 28.34, 2.892, -0.324, 2.5, 28.385, 2.666, -0.381, 2.5
 164434200, 28.292, 3.076, -0.213, 2.5, 28.34, 2.892, -0.324, 2.5
 164634120, 28.258, 3.236, -0.122, 2.5, 28.292, 3.076, -0.213, 2.5
 164834040, 28.236, 3.396, -0.026, 2.5, 28.258, 3.236, -0.122, 2.5
 165033960, 28.206, 3.557, 0.08400001, 2.5, 28.236, 3.396, -0.026, 2.5
 165233880, 28.146, 3.715, 0.156, 2.5, 28.206, 3.557, 0.08400001, 2.5
 165433800, 28.114, 3.842, 0.226, 2.5, 28.146, 3.715, 0.156, 2.5
 165633720, 28.107, 3.982, 0.335, 2.5, 28.114, 3.842, 0.226, 2.5
 165833640, 28.103, 4.082, 0.354, 2.5, 28.107, 3.982, 0.335, 2.5
 166033560, 28.093, 4.188, 0.365, 2.5, 28.103, 4.082, 0.354, 2.5
 166233480, 28.069, 4.298, 0.382, 2.5, 28.093, 4.188, 0.365, 2.5
 166434233, 28.053, 4.408, 0.392, 2.5, 28.069, 4.298, 0.382, 2.5
 166634153, 28.034, 4.502, 0.419, 2.5, 28.053, 4.408, 0.392, 2.5
 166834073, 28.027, 4.582, 0.44, 2.5, 28.034, 4.502, 0.419, 2.5
 167033993, 28.023, 4.656, 0.466, 2.5, 28.027, 4.582, 0.44, 2.5
 167233913, 28.018, 4.722, 0.564, 2.5, 28.023, 4.656, 0.466, 2.5
 167433833, 28.016, 4.796, 0.5840001, 2.5, 28.018, 4.722, 0.564, 2.5
 167633753, 28.01, 4.88, 0.569, 2.5, 28.016, 4.796, 0.5840001, 2.5
 167833673, 27.987, 4.962, 0.567, 2.5, 28.01, 4.88, 0.569, 2.5
 168033593, 27.976, 5.044, 0.577, 2.5, 27.987, 4.962, 0.567, 2.5
 168233513, 27.976, 5.104, 0.567, 2.5, 27.976, 5.044, 0.577, 2.5
 168434266, 27.971, 5.166, 0.553, 2.5, 27.976, 5.104, 0.567, 2.5
 168634186, 27.969, 5.189, 0.598, 2.5, 27.971, 5.166, 0.553, 2.5
 168834106, 27.969, 5.24, 0.62, 2.5, 27.969, 5.189, 0.598, 2.5
 169034026, 27.964, 5.3, 0.565, 2.5, 27.969, 5.24, 0.62, 2.5
 169233946, 27.956, 5.349, 0.589, 2.5, 27.964, 5.3, 0.565, 2.5
 169433866, 27.953, 5.389, 0.703, 2.5, 27.956, 5.349, 0.589, 2.5
 169633786, 27.968, 5.407, 0.743, 2.5, 27.953, 5.389, 0.703, 2.5
 169833706, 27.973, 5.452, 0.682, 2.5, 27.968, 5.407, 0.743, 2.5
 170033626, 27.984, 5.489, 0.606, 2.5, 27.973, 5.452, 0.682, 2.5
 170233546, 28.004, 5.491, 0.64, 2.5, 27.984, 5.489, 0.606, 2.5
 170434299, 28.022, 5.525, 0.679, 2.5, 28.004, 5.491, 0.64, 2.5
 170634219, 28.037, 5.552, 0.73, 2.5, 28.022, 5.525, 0.679, 2.5
 170834139, 28.058, 5.556, 0.747, 2.5, 28.037, 5.552, 0.73, 2.5
 171034059, 28.085, 5.557, 0.68, 2.5, 28.058, 5.556, 0.747, 2.5
 171233979, 28.088, 5.591, 0.6020001, 2.5, 28.085, 5.557, 0.68, 2.5
 171433899, 28.09, 5.614, 0.6, 2.5, 28.088, 5.591, 0.6020001, 2.5
 171633819, 28.091, 5.637, 0.581, 2.5, 28.09, 5.614, 0.6, 2.5
 171833739, 28.102, 5.669, 0.646, 2.5, 28.091, 5.637, 0.581, 2.5
 172033659, 28.103, 5.732, 0.633, 2.5, 28.102, 5.669, 0.646, 2.5
 172233579, 28.111, 5.755, 0.627, 2.5, 28.103, 5.732, 0.633, 2.5
 172433499, 28.13, 5.755, 0.603, 2.5, 28.111, 5.755, 0.627, 2.5
 172634252, 28.146, 5.773, 0.571, 2.5, 28.13, 5.755, 0.603, 2.5
 172834172, 28.162, 5.776, 0.515, 2.5, 28.146, 5.773, 0.571, 2.5
 173034092, 28.165, 5.813, 0.498, 2.5, 28.162, 5.776, 0.515, 2.5
 173234012, 28.164, 5.87, 0.553, 2.5, 28.165, 5.813, 0.498, 2.5
 173433932, 28.166, 5.909, 0.559, 2.5, 28.164, 5.87, 0.553, 2.5
 173633852, 28.167, 5.946, 0.5560001, 2.5, 28.166, 5.909, 0.559, 2.5
 173833772, 28.173, 6.014, 0.505, 2.5, 28.167, 5.946, 0.5560001, 2.5
 174033692, 28.183, 6.052001, 0.436, 2.5, 28.173, 6.014, 0.505, 2.5
 174233612, 28.189, 6.116, 0.429, 2.5, 28.183, 6.052001, 0.436, 2.5
 174433532, 28.19, 6.18, 0.425, 2.5, 28.189, 6.116, 0.429, 2.5
 174634285, 28.172, 6.246, 0.357, 2.5, 28.19, 6.18, 0.425, 2.5
 174834205, 28.176, 6.285, 0.363, 2.5, 28.172, 6.246, 0.357, 2.5
 175034125, 28.163, 6.311, 0.388, 2.5, 28.176, 6.285, 0.363, 2.5
 175234045, 28.193, 6.344, 0.409, 2.5, 28.163, 6.311, 0.388, 2.5
 175433965, 28.15, 6.383, 0.416, 2.5, 28.193, 6.344, 0.409, 2.5
 175633885, 28.133, 6.477, 0.416, 2.5, 28.15, 6.383, 0.416, 2.5
 175833805, 28.123, 6.631001, 0.366, 2.5, 28.133, 6.477, 0.416, 2.5
 176033725, 28.093, 6.867, 0.351, 2.5, 28.123, 6.631001, 0.366, 2.5
 176233645, 27.997, 7.333, 0.391, 2.5, 28.093, 6.867, 0.351, 2.5
 176433565, 27.787, 7.291, 0.055, 2.5, 27.997, 7.333, 0.391, 2.5
 176633485, 27.926, 5.547, 0.497, 2.5, 27.787, 7.291, 0.055, 2.5
 176834238, 28.253, 4.379, 0.544, 2.5, 27.926, 5.547, 0.497, 2.5
 177034158, 28.43, 4.178, -0.259, 2.5, 28.253, 4.379, 0.544, 2.5
 177234078, 28.396, 4.256, 0.199, 2.5, 28.43, 4.178, -0.259, 2.5
 177433998, 28.262, 3.751, 0.798, 2.5, 28.396, 4.256, 0.199, 2.5
 177633918, 28.07, 3.102, 1.209, 2.5, 28.262, 3.751, 0.798, 2.5
 177833838, 27.85, 2.669, 1.356, 2.5, 28.07, 3.102, 1.209, 2.5
 178033758, 27.61, 2.443, 1.6, 2.5, 27.85, 2.669, 1.356, 2.5
 178233678, 27.438, 2.159, 2.005, 2.5, 27.61, 2.443, 1.6, 2.5
 178433598, 27.326, 1.822, 2.461, 2.5, 27.438, 2.159, 2.005, 2.5
 178633518, 27.274, 1.482, 2.784, 2.5, 27.326, 1.822, 2.461, 2.5
 178834271, 27.254, 1.187, 3.015, 2.5, 27.274, 1.482, 2.784, 2.5
 179034191, 27.248, 0.936, 3.23, 2.5, 27.254, 1.187, 3.015, 2.5
 179234111, 27.252, 0.6760001, 3.454, 2.5, 27.248, 0.936, 3.23, 2.5
 179434031, 27.272, 0.417, 3.589, 2.5, 27.252, 0.6760001, 3.454, 2.5
 179633951, 27.296, 0.163, 3.714, 2.5, 27.272, 0.417, 3.589, 2.5
 179833871, 27.312, -0.07700001, 3.815, 2.5, 27.296, 0.163, 3.714, 2.5
 180033791, 27.335, -0.329, 3.864, 2.5, 27.312, -0.07700001, 3.815, 2.5
 180233711, 27.359, -0.543, 3.913, 2.5, 27.335, -0.329, 3.864, 2.5
 180433631, 27.375, -0.74, 3.983, 2.5, 27.359, -0.543, 3.913, 2.5
 180633551, 27.391, -0.9300001, 4.025, 2.5, 27.375, -0.74, 3.983, 2.5
 180834304, 27.39, -1.067, 4.06, 2.5, 27.391, -0.9300001, 4.025, 2.5
 181034224, 27.386, -1.182, 4.117, 2.5, 27.39, -1.067, 4.06, 2.5
 181234144, 27.389, -1.32, 4.181, 2.5, 27.386, -1.182, 4.117, 2.5
 181434064, 27.416, -1.429, 4.185, 2.5, 27.389, -1.32, 4.181, 2.5
 181633984, 27.432, -1.519, 4.25, 2.5, 27.416, -1.429, 4.185, 2.5
 181833904, 27.438, -1.572, 4.26, 2.5, 27.432, -1.519, 4.25, 2.5
 182033824, 27.446, -1.629, 4.279, 2.5, 27.438, -1.572, 4.26, 2.5
 182233744, 27.467, -1.702, 4.281, 2.5, 27.446, -1.629, 4.279, 2.5
 182433664, 27.474, -1.76, 4.325, 2.5, 27.467, -1.702, 4.281, 2.5
 182633584, 27.478, -1.79, 4.331, 2.5, 27.474, -1.76, 4.325, 2.5
 182833504, 27.507, -1.816, 4.342, 2.5, 27.478, -1.79, 4.331, 2.5
 183034257, 27.518, -1.83, 4.323, 2.5, 27.507, -1.816, 4.342, 2.5
 183234177, 27.528, -1.85, 4.365, 2.5, 27.518, -1.83, 4.323, 2.5
 183434097, 27.546, -1.842, 4.4, 2.5, 27.528, -1.85, 4.365, 2.5
 183634017, 27.573, -1.798, 4.405, 2.5, 27.546, -1.842, 4.4, 2.5
 183833937, 27.593, -1.762, 4.418, 2.5, 27.573, -1.798, 4.405, 2.5
 184033857, 27.618, -1.719, 4.347, 2.5, 27.593, -1.762, 4.418, 2.5
 184233777, 27.62, -1.681, 4.359, 2.5, 27.618, -1.719, 4.347, 2.5
 184433697, 27.648, -1.626, 4.415, 2.5, 27.62, -1.681, 4.359, 2.5
 184633617, 27.678, -1.548, 4.463, 2.5, 27.648, -1.626, 4.415, 2.5
 184833537, 27.685, -1.474, 4.512, 2.5, 27.678, -1.548, 4.463, 2.5
 185034290, 27.703, -1.409, 4.489, 2.5, 27.685, -1.474, 4.512, 2.5
 185234210, 27.718, -1.35, 4.45, 2.5, 27.703, -1.409, 4.489, 2.5
 185434130, 27.735, -1.311, 4.49, 2.5, 27.718, -1.35, 4.45, 2.5
 185634050, 27.771, -1.246, 4.375, 2.5, 27.735, -1.311, 4.49, 2.5
 185833970, 27.809, -1.174, 4.149, 2.5, 27.771, -1.246, 4.375, 2.5
 186033890, 27.879, -1.11, 3.889, 2.5, 27.809, -1.174, 4.149, 2.5
 186233810, 27.924, -1.047, 3.637, 2.5, 27.879, -1.11, 3.889, 2.5
 186433730, 27.963, -0.98, 3.438, 2.5, 27.924, -1.047, 3.637, 2.5
 186633650, 27.998, -0.8850001, 3.243, 2.5, 27.963, -0.98, 3.438, 2.5
 186833570, 28.045, -0.8010001, 3.023, 2.5, 27.998, -0.8850001, 3.243, 2.5
 187033490, 28.151, -0.731, 2.815, 2.5, 28.045, -0.8010001, 3.023, 2.5
 187234243, 28.227, -0.6620001, 2.665, 2.5, 28.151, -0.731, 2.815, 2.5
 187434163, 28.331, -0.598, 2.518, 2.5, 28.227, -0.6620001, 2.665, 2.5
 187634083, 28.531, -0.532, 2.317, 2.5, 28.331, -0.598, 2.518, 2.5
 187834003, 28.687, -0.437, 2.081, 2.5, 28.531, -0.532, 2.317, 2.5
 188033923, 28.839, -0.402, 1.949, 2.5, 28.687, -0.437, 2.081, 2.5
 188233843, 28.993, -0.374, 1.805, 2.5, 28.839, -0.402, 1.949, 2.5
 188433763, 29.134, -0.303, 1.514, 2.5, 28.993, -0.374, 1.805, 2.5
 188633683, 29.256, -0.258, 1.337, 2.5, 29.134, -0.303, 1.514, 2.5
 188833603, 29.373, -0.221, 1.126, 2.5, 29.256, -0.258, 1.337, 2.5
 189033523, 29.476, -0.176, 0.941, 2.5, 29.373, -0.221, 1.126, 2.5
 189234276, 29.537, -0.153, 0.775, 2.5, 29.476, -0.176, 0.941, 2.5
 189434196, 29.542, -0.131, 0.706, 2.5, 29.537, -0.153, 0.775, 2.5
 189634116, 29.483, -0.08800001, 0.703, 2.5, 29.542, -0.131, 0.706, 2.5
 189834036, 29.364, -0.081, 0.684, 2.5, 29.483, -0.08800001, 0.703, 2.5
 190033956, 29.216, -0.078, 0.765, 2.5, 29.364, -0.081, 0.684, 2.5
 190233876, 29.07, -0.045, 0.924, 2.5, 29.216, -0.078, 0.765, 2.5
 190433796, 28.933, -0.034, 1.072, 2.5, 29.07, -0.045, 0.924, 2.5
 190633716, 28.799, 0.001, 1.313, 2.5, 28.933, -0.034, 1.072, 2.5
 190833636, 28.669, 0.022, 1.57, 2.5, 28.799, 0.001, 1.313, 2.5
 191033556, 28.572, 0.017, 1.716, 2.5, 28.669, 0.022, 1.57, 2.5
 191233476, 28.514, 0.007, 1.847, 2.5, 28.572, 0.017, 1.716, 2.5
 191434229, 28.5, 0.015, 1.935, 2.5, 28.514, 0.007, 1.847, 2.5
 191634149, 28.487, 0.025, 2.096, 2.5, 28.5, 0.015, 1.935, 2.5
 191834069, 28.491, 0.026, 2.185, 2.5, 28.487, 0.025, 2.096, 2.5
 192033989, 28.5, 0.047, 2.214, 2.5, 28.491, 0.026, 2.185, 2.5
 192233909, 28.513, 0.067, 2.247, 2.5, 28.5, 0.047, 2.214, 2.5
 192433829, 28.527, 0.046, 2.297, 2.5, 28.513, 0.067, 2.247, 2.5
 192633749, 28.535, 0.049, 2.372, 2.5, 28.527, 0.046, 2.297, 2.5
 192833669, 28.551, 0.04, 2.492, 2.5, 28.535, 0.049, 2.372, 2.5
 193033589, 28.555, 0.014, 2.627, 2.5, 28.551, 0.04, 2.492, 2.5
 193233509, 28.564, 0.005, 2.571, 2.5, 28.555, 0.014, 2.627, 2.5
 193434262, 28.555, 0.04, 2.661, 2.5, 28.564, 0.005, 2.571, 2.5
 193634182, 28.546, 0.055, 2.789, 2.5, 28.555, 0.04, 2.661, 2.5
 193834102, 28.539, 0.055, 2.888, 2.5, 28.546, 0.055, 2.789, 2.5
 194034022, 28.519, 0.064, 3.034, 2.5, 28.539, 0.055, 2.888, 2.5
 194233942, 28.515, 0.075, 3.12, 2.5, 28.519, 0.064, 3.034, 2.5
 194433862, 28.505, 0.074, 3.094, 2.5, 28.515, 0.075, 3.12, 2.5
 194633782, 28.465, 0.066, 3.175, 2.5, 28.505, 0.074, 3.094, 2.5
 194833702, 28.471, 0.06, 3.116, 2.5, 28.465, 0.066, 3.175, 2.5
 195033622, 28.504, 0.056, 2.991, 2.5, 28.471, 0.06, 3.116, 2.5
 195233542, 28.568, 0.05, 2.853, 2.5, 28.504, 0.056, 2.991, 2.5
 195434295, 28.574, 0.018, 2.734, 2.5, 28.568, 0.05, 2.853, 2.5
 195634215, 28.575, -0.004, 2.694, 2.5, 28.574, 0.018, 2.734, 2.5
 195834135, 28.601, -0.014, 2.475, 2.5, 28.575, -0.004, 2.694, 2.5
 196034055, 28.637, -0.008, 2.381, 2.5, 28.601, -0.014, 2.475, 2.5
 196233975, 28.662, 0.009000001, 2.243, 2.5, 28.637, -0.008, 2.381, 2.5
 196433895, 28.786, 0.017, 2.091, 2.5, 28.662, 0.009000001, 2.243, 2.5
 196633815, 28.962, 0.008, 1.93, 2.5, 28.786, 0.017, 2.091, 2.5
 196833735, 29.105, 0.016, 1.744, 2.5, 28.962, 0.008, 1.93, 2.5
 197033655, 29.232, 0.039, 1.545, 2.5, 29.105, 0.016, 1.744, 2.5
 197233575, 29.36, 0.041, 1.398, 2.5, 29.232, 0.039, 1.545, 2.5
 197433495, 29.475, 0.029, 1.223, 2.5, 29.36, 0.041, 1.398, 2.5
 197634248, 29.586, 0.008, 1.039, 2.5, 29.475, 0.029, 1.223, 2.5
 197834168, 29.681, -0.014, 0.8940001, 2.5, 29.586, 0.008, 1.039, 2.5
 198034088, 29.737, -0.019, 0.665, 2.5, 29.681, -0.014, 0.8940001, 2.5
 198234008, 29.807, -0.041, 0.53, 2.5, 29.737, -0.019, 0.665, 2.5
 198433928, 29.898, -0.06900001, 0.357, 2.5, 29.807, -0.041, 0.53, 2.5
 198633848, 29.939, -0.078, 0.232, 2.5, 29.898, -0.06900001, 0.357, 2.5
 198833768, 29.979, -0.09, 0.168, 2.5, 29.939, -0.078, 0.232, 2.5
 199033688, 30.139, -0.06900001, 0.015, 2.5, 29.979, -0.09, 0.168, 2.5
 199233608, 30.391, -0.057, -0.454, 2.5, 30.139, -0.06900001, 0.015, 2.5
 199433528, 30.557, -0.06900001, -0.826, 2.5, 30.391, -0.057, -0.454, 2.5
 199634281, 30.676, -0.032, -1.166, 2.5, 30.557, -0.06900001, -0.826, 2.5
 199834201, 30.766, -0.009000001, -1.489, 2.5, 30.676, -0.032, -1.166, 2.5
 200034121, 30.808, -0.008, -1.841, 2.5, 30.766, -0.009000001, -1.489, 2.5
 200234041, 30.829, 0.023, -2.058, 2.5, 30.808, -0.008, -1.841, 2.5
 200433961, 30.824, 0.012, -2.3, 2.5, 30.829, 0.023, -2.058, 2.5
 200633881, 30.809, 0.023, -2.523, 2.5, 30.824, 0.012, -2.3, 2.5
 200833801, 30.77, 0.039, -2.799, 2.5, 30.809, 0.023, -2.523, 2.5
 201033721, 30.744, 0.008, -2.843, 2.5, 30.77, 0.039, -2.799, 2.5
 201233641, 30.719, 0.013, -2.784, 2.5, 30.744, 0.008, -2.843, 2.5
 201433561, 30.618, 0.017, -2.699, 2.5, 30.719, 0.013, -2.784, 2.5
 201633481, 30.538, 0.027, -2.499, 2.5, 30.618, 0.017, -2.699, 2.5
 201834234, 30.432, 0.031, -2.459, 2.5, 30.538, 0.027, -2.499, 2.5
 202034154, 30.257, 0.031, -2.246, 2.5, 30.432, 0.031, -2.459, 2.5
 202234074, 30.146, 0.034, -2.006, 2.5, 30.257, 0.031, -2.246, 2.5
 202433994, 30.02, 0.034, -1.84, 2.5, 30.146, 0.034, -2.006, 2.5
 202633914, 29.894, 0.048, -1.652, 2.5, 30.02, 0.034, -1.84, 2.5
 202833834, 29.788, 0.012, -1.466, 2.5, 29.894, 0.048, -1.652, 2.5
 203033754, 29.68, -0.022, -1.286, 2.5, 29.788, 0.012, -1.466, 2.5
 203233674, 29.579, -0.023, -1.13, 2.5, 29.68, -0.022, -1.286, 2.5
 203433594, 29.511, -0.013, -0.973, 2.5, 29.579, -0.023, -1.13, 2.5
 203633514, 29.443, -0.036, -0.86, 2.5, 29.511, -0.013, -0.973, 2.5
 203834267, 29.361, -0.057, -0.728, 2.5, 29.443, -0.036, -0.86, 2.5
 204034187, 29.299, -0.09100001, -0.568, 2.5, 29.361, -0.057, -0.728, 2.5
 204234107, 29.264, -0.127, -0.441, 2.5, 29.299, -0.09100001, -0.568, 2.5
 204434027, 29.235, -0.136, -0.356, 2.5, 29.264, -0.127, -0.441, 2.5
 204633947, 29.223, -0.138, -0.342, 2.5, 29.235, -0.136, -0.356, 2.5
 204833867, 29.177, -0.142, -0.32, 2.5, 29.223, -0.138, -0.342, 2.5
 205033787, 29.128, -0.177, -0.276, 2.5, 29.177, -0.142, -0.32, 2.5
 205233707, 29.077, -0.18, -0.205, 2.5, 29.128, -0.177, -0.276, 2.5
 205433627, 29.022, -0.158, -0.21, 2.5, 29.077, -0.18, -0.205, 2.5
 205633547, 29.017, -0.167, -0.127, 2.5, 29.022, -0.158, -0.21, 2.5
 205834300, 29.022, -0.177, -0.013, 2.5, 29.017, -0.167, -0.127, 2.5
 206034220, 29.015, -0.174, 0.042, 2.5, 29.022, -0.177, -0.013, 2.5
 206234140, 29.001, -0.174, -0.063, 2.5, 29.015, -0.174, 0.042, 2.5
 206434060, 28.987, -0.196, -0.07600001, 2.5, 29.001, -0.174, -0.063, 2.5
 206633980, 28.979, -0.171, -0.017, 2.5, 28.987, -0.196, -0.07600001, 2.5
 206833900, 28.963, -0.147, -0.006, 2.5, 28.979, -0.171, -0.017, 2.5
 207033820, 28.944, -0.152, -0.004, 2.5, 28.963, -0.147, -0.006, 2.5
 207233740, 28.957, -0.171, 0, 2.5, 28.944, -0.152, -0.004, 2.5
 207433660, 28.965, -0.161, 0.044, 2.5, 28.957, -0.171, 0, 2.5
 207633580, 28.976, -0.156, 0.125, 2.5, 28.965, -0.161, 0.044, 2.5
 207833500, 28.982, -0.159, 0.101, 2.5, 28.976, -0.156, 0.125, 2.5
 208034253, 28.984, -0.152, 0.041, 2.5, 28.982, -0.159, 0.101, 2.5
 208234173, 28.98, -0.146, 0.025, 2.5, 28.984, -0.152, 0.041, 2.5
 208434093, 28.977, -0.115, -0.004, 2.5, 28.98, -0.146, 0.025, 2.5
 208634013, 28.981, -0.082, 0.046, 2.5, 28.977, -0.115, -0.004, 2.5
 208833933, 29.082, -0.066, -0.015, 2.5, 28.981, -0.082, 0.046, 2.5
 209033853, 29.298, -0.036, -0.265, 2.5, 29.082, -0.066, -0.015, 2.5
 209233773, 29.559, -0.019, -0.679, 2.5, 29.298, -0.036, -0.265, 2.5
 209433693, 29.812, -0.014, -1.105, 2.5, 29.559, -0.019, -0.679, 2.5
 209633613, 30.026, -0.035, -1.445, 2.5, 29.812, -0.014, -1.105, 2.5
 209833533, 30.182, -0.023, -1.768, 2.5, 30.026, -0.035, -1.445, 2.5
 210034286, 30.286, -0.03, -2.157, 2.5, 30.182, -0.023, -1.768, 2.5
 210234206, 30.351, -0.031, -2.496, 2.5, 30.286, -0.03, -2.157, 2.5
 210434126, 30.381, 0, -2.752, 2.5, 30.351, -0.031, -2.496, 2.5
 210634046, 30.39, 0, -3.002, 2.5, 30.381, 0, -2.752, 2.5
 210833966, 30.394, 0.018, -3.124, 2.5, 30.39, 0, -3.002, 2.5
 211033886, 30.392, 0.042, -3.182, 2.5, 30.394, 0.018, -3.124, 2.5
 211233806, 30.34, 0.037, -3.149, 2.5, 30.392, 0.042, -3.182, 2.5
 211433726, 30.235, 0.044, -3.012, 2.5, 30.34, 0.037, -3.149, 2.5
 211633646, 30.078, 0.074, -2.842, 2.5, 30.235, 0.044, -3.012, 2.5
 211833566, 29.924, 0.097, -2.584, 2.5, 30.078, 0.074, -2.842, 2.5
 212033486, 29.767, 0.118, -2.374, 2.5, 29.924, 0.097, -2.584, 2.5
 212234239, 29.602, 0.116, -2.231, 2.5, 29.767, 0.118, -2.374, 2.5
 212434159, 29.455, 0.104, -2.033, 2.5, 29.602, 0.116, -2.231, 2.5
 212634079, 29.329, 0.07300001, -1.768, 2.5, 29.455, 0.104, -2.033, 2.5
 212833999, 29.213, 0.068, -1.517, 2.5, 29.329, 0.07300001, -1.768, 2.5
 213033919, 29.109, 0.08400001, -1.299, 2.5, 29.213, 0.068, -1.517, 2.5
 213233839, 29.017, 0.08800001, -1.183, 2.5, 29.109, 0.08400001, -1.299, 2.5
 213433759, 28.943, 0.079, -1.026, 2.5, 29.017, 0.08800001, -1.183, 2.5
 213633679, 28.87, 0.046, -0.8850001, 2.5, 28.943, 0.079, -1.026, 2.5
 213833599, 28.815, 0.016, -0.721, 2.5, 28.87, 0.046, -0.8850001, 2.5
 214033519, 28.757, 0.015, -0.5560001, 2.5, 28.815, 0.016, -0.721, 2.5
 214234272, 28.709, 0.015, -0.428, 2.5, 28.757, 0.015, -0.5560001, 2.5
 214434192, 28.665, 0.003, -0.372, 2.5, 28.709, 0.015, -0.428, 2.5
 214634112, 28.638, -0.007, -0.226, 2.5, 28.665, 0.003, -0.372, 2.5
 214834032, 28.609, -0.023, -0.21, 2.5, 28.638, -0.007, -0.226, 2.5
 215033952, 28.534, -0.037, -0.174, 2.5, 28.609, -0.023, -0.21, 2.5
 215233872, 28.343, -0.057, -0.04, 2.5, 28.534, -0.037, -0.174, 2.5
 215433792, 28.048, -0.07, 0.257, 2.5, 28.343, -0.057, -0.04, 2.5
 215633712, 27.736, -0.07600001, 0.671, 2.5, 28.048, -0.07, 0.257, 2.5
 215833632, 27.402, -0.064, 1.111, 2.5, 27.736, -0.07600001, 0.671, 2.5
 216033552, 27.08, -0.06, 1.515, 2.5, 27.402, -0.064, 1.111, 2.5
 216234305, 26.826, -0.056, 1.933, 2.5, 27.08, -0.06, 1.515, 2.5
 216434225, 26.653, -0.04, 2.338, 2.5, 26.826, -0.056, 1.933, 2.5
 216634145, 26.55, -0.043, 2.651, 2.5, 26.653, -0.04, 2.338, 2.5
 216834065, 26.498, -0.05, 2.932, 2.5, 26.55, -0.043, 2.651, 2.5
 217033985, 26.491, -0.051, 3.131, 2.5, 26.498, -0.05, 2.932, 2.5
 217233905, 26.511, -0.035, 3.251, 2.5, 26.491, -0.051, 3.131, 2.5
 217433825, 26.554, 0.002, 3.195, 2.5, 26.511, -0.035, 3.251, 2.5
 217633745, 26.626, 0.019, 3.078, 2.5, 26.554, 0.002, 3.195, 2.5
 217833665, 26.711, 0.033, 3.006, 2.5, 26.626, 0.019, 3.078, 2.5
 218033585, 26.873, 0.043, 2.885, 2.5, 26.711, 0.033, 3.006, 2.5
 218233505, 27.067, 0.045, 2.722, 2.5, 26.873, 0.043, 2.885, 2.5
 218434258, 27.162, 0.031, 2.53, 2.5, 27.067, 0.045, 2.722, 2.5
 218634178, 27.341, 0.019, 2.339, 2.5, 27.162, 0.031, 2.53, 2.5
 218834098, 27.649, -0.011, 2.121, 2.5, 27.341, 0.019, 2.339, 2.5
 219034018, 27.714, -0.049, 1.9, 2.5, 27.649, -0.011, 2.121, 2.5
 219233938, 27.85, -0.078, 1.642, 2.5, 27.714, -0.049, 1.9, 2.5
 219433858, 28.141, -0.071, 1.449, 2.5, 27.85, -0.078, 1.642, 2.5
 219633778, 28.284, -0.064, 1.319, 2.5, 28.141, -0.071, 1.449, 2.5
 219833698, 28.306, -0.063, 1.025, 2.5, 28.284, -0.064, 1.319, 2.5
 220033618, 28.439, -0.059, 0.8980001, 2.5, 28.306, -0.063, 1.025, 2.5
 220233538, 28.552, -0.072, 0.775, 2.5, 28.439, -0.059, 0.8980001, 2.5
 220434291, 28.594, -0.097, 0.6210001, 2.5, 28.552, -0.072, 0.775, 2.5
 220634211, 28.691, -0.075, 0.536, 2.5, 28.594, -0.097, 0.6210001, 2.5
 220834131, 28.759, -0.06, 0.4, 2.5, 28.691, -0.075, 0.536, 2.5
 221034051, 28.814, -0.034, 0.275, 2.5, 28.759, -0.06, 0.4, 2.5
 221233971, 28.855, -0.039, 0.18, 2.5, 28.814, -0.034, 0.275, 2.5
 221433891, 28.889, -0.083, 0.015, 2.5, 28.855, -0.039, 0.18, 2.5
 221633811, 28.956, -0.086, 0.023, 2.5, 28.889, -0.083, 0.015, 2.5
 221833731, 28.989, -0.064, 0.01, 2.5, 28.956, -0.086, 0.023, 2.5
 222033651, 29.009, -0.042, -0.071, 2.5, 28.989, -0.064, 0.01, 2.5
 222233571, 29.04, -0.054, -0.13, 2.5, 29.009, -0.042, -0.071, 2.5
 222433491, 29.069, -0.072, -0.192, 2.5, 29.04, -0.054, -0.13, 2.5
 222634244, 29.096, -0.107, -0.263, 2.5, 29.069, -0.072, -0.192, 2.5
 222834164, 29.11, -0.085, -0.257, 2.5, 29.096, -0.107, -0.263, 2.5
 223034084, 29.128, -0.081, -0.241, 2.5, 29.11, -0.085, -0.257, 2.5
 223234004, 29.035, -0.109, -0.204, 2.5, 29.128, -0.081, -0.241, 2.5
 223433924, 28.781, -0.15, -0.066, 2.5, 29.035, -0.109, -0.204, 2.5
 223633844, 28.489, -0.17, 0.196, 2.5, 28.781, -0.15, -0.066, 2.5
 223833764, 28.198, -0.158, 0.595, 2.5, 28.489, -0.17, 0.196, 2.5
 224033684, 27.902, -0.152, 0.989, 2.5, 28.198, -0.158, 0.595, 2.5
 224233604, 27.687, -0.172, 1.369, 2.5, 27.902, -0.152, 0.989, 2.5
 224433524, 27.549, -0.185, 1.78, 2.5, 27.687, -0.172, 1.369, 2.5
 224634277, 27.468, -0.171, 2.058, 2.5, 27.549, -0.185, 1.78, 2.5
 224834197, 27.409, -0.171, 2.318, 2.5, 27.468, -0.171, 2.058, 2.5
 225034117, 27.367, -0.175, 2.498, 2.5, 27.409, -0.171, 2.318, 2.5
 225234037, 27.362, -0.177, 2.651, 2.5, 27.367, -0.175, 2.498, 2.5
 225433957, 27.381, -0.17, 2.723, 2.5, 27.362, -0.177, 2.651, 2.5
 225633877, 27.492, -0.159, 2.644, 2.5, 27.381, -0.17, 2.723, 2.5
 225833797, 27.529, -0.152, 2.536, 2.5, 27.492, -0.159, 2.644, 2.5
 226033717, 27.572, -0.121, 2.392, 2.5, 27.529, -0.152, 2.536, 2.5
 226233637, 27.668, -0.117, 2.301, 2.5, 27.572, -0.121, 2.392, 2.5
 226433557, 27.726, -0.117, 2.172, 2.5, 27.668, -0.117, 2.301, 2.5
 226633477, 27.91, -0.086, 2.063, 2.5, 27.726, -0.117, 2.172, 2.5
 226834230, 28.136, -0.058, 1.914, 2.5, 27.91, -0.086, 2.063, 2.5
 227034150, 28.292, -0.037, 1.646, 2.5, 28.136, -0.058, 1.914, 2.5
 227234070, 28.348, -0.038, 1.416, 2.5, 28.292, -0.037, 1.646, 2.5
 227433990, 28.479, -0.023, 1.248, 2.5, 28.348, -0.038, 1.416, 2.5
 227633910, 28.733, 0.016, 1.037, 2.5, 28.479, -0.023, 1.248, 2.5
 227833830, 28.841, 0.063, 0.8650001, 2.5, 28.733, 0.016, 1.037, 2.5
 228033750, 28.863, 0.124, 0.666, 2.5, 28.841, 0.063, 0.8650001, 2.5
 228233670, 28.899, 0.164, 0.572, 2.5, 28.863, 0.124, 0.666, 2.5
 228433590, 28.997, 0.175, 0.526, 2.5, 28.899, 0.164, 0.572, 2.5
 228633510, 29.076, 0.199, 0.436, 2.5, 28.997, 0.175, 0.526, 2.5
 228834263, 29.131, 0.205, 0.27, 2.5, 29.076, 0.199, 0.436, 2.5
 229034183, 29.221, 0.198, 0.195, 2.5, 29.131, 0.205, 0.27, 2.5
 229234103, 29.254, 0.212, 0.047, 2.5, 29.221, 0.198, 0.195, 2.5
 229434023, 29.267, 0.213, 0.017, 2.5, 29.254, 0.212, 0.047, 2.5
 229633943, 29.277, 0.207, -0.021, 2.5, 29.267, 0.213, 0.017, 2.5
 229833863, 29.297, 0.206, -0.027, 2.5, 29.277, 0.207, -0.021, 2.5
 230033783, 29.219, 0.218, -0.06900001, 2.5, 29.297, 0.206, -0.027, 2.5
 230233703, 28.92, 0.216, 0.08800001, 2.5, 29.219, 0.218, -0.06900001, 2.5
 230433623, 28.769, 0.192, 0.444, 2.5, 28.92, 0.216, 0.08800001, 2.5
 230633543, 28.466, 0.196, 0.807, 2.5, 28.769, 0.192, 0.444, 2.5
 230834296, 28.174, 0.187, 1.177, 2.5, 28.466, 0.196, 0.807, 2.5
 231034216, 28.006, 0.163, 1.529, 2.5, 28.174, 0.187, 1.177, 2.5
 231234136, 27.905, 0.173, 1.838, 2.5, 28.006, 0.163, 1.529, 2.5
 231434056, 27.828, 0.172, 2.132, 2.5, 27.905, 0.173, 1.838, 2.5
 231633976, 27.791, 0.16, 2.383, 2.5, 27.828, 0.172, 2.132, 2.5
 231833896, 27.772, 0.15, 2.609, 2.5, 27.791, 0.16, 2.383, 2.5
 232033816, 27.761, 0.134, 2.731, 2.5, 27.772, 0.15, 2.609, 2.5
 232233736, 27.773, 0.117, 2.755, 2.5, 27.761, 0.134, 2.731, 2.5
 232433656, 27.805, 0.097, 2.681, 2.5, 27.773, 0.117, 2.755, 2.5
 232633576, 27.842, 0.083, 2.621, 2.5, 27.805, 0.097, 2.681, 2.5
 232833496, 27.892, 0.062, 2.432, 2.5, 27.842, 0.083, 2.621, 2.5
 233034249, 27.97, 0.056, 2.249, 2.5, 27.892, 0.062, 2.432, 2.5
 233234169, 28.047, 0.068, 2.134, 2.5, 27.97, 0.056, 2.249, 2.5
 233434089, 28.192, 0.07, 2.026, 2.5, 28.047, 0.068, 2.134, 2.5
 233634009, 28.418, 0.052, 1.934, 2.5, 28.192, 0.07, 2.026, 2.5
 233833929, 28.582, 0.044, 1.675, 2.5, 28.418, 0.052, 1.934, 2.5
 234033849, 28.645, 0.043, 1.497, 2.5, 28.582, 0.044, 1.675, 2.5
 234233769, 28.79, 0.066, 1.296, 2.5, 28.645, 0.043, 1.497, 2.5
 234433689, 28.863, 0.063, 1.126, 2.5, 28.79, 0.066, 1.296, 2.5
 234633609, 28.979, 0.066, 0.974, 2.5, 28.863, 0.063, 1.126, 2.5
 234833529, 29.076, 0.067, 0.8, 2.5, 28.979, 0.066, 0.974, 2.5
 235034282, 29.158, 0.054, 0.703, 2.5, 29.076, 0.067, 0.8, 2.5
 235234202, 29.235, 0.062, 0.532, 2.5, 29.158, 0.054, 0.703, 2.5
 235434122, 29.29, 0.032, 0.434, 2.5, 29.235, 0.062, 0.532, 2.5
 235634042, 29.336, -0.015, 0.296, 2.5, 29.29, 0.032, 0.434, 2.5
 235833962, 29.387, -0.049, 0.295, 2.5, 29.336, -0.015, 0.296, 2.5
 236033882, 29.445, -0.063, 0.231, 2.5, 29.387, -0.049, 0.295, 2.5
 236233802, 29.468, -0.08000001, 0.145, 2.5, 29.445, -0.063, 0.231, 2.5
 236433722, 28.592, 0.034, -0.118, 2.5, 29.468, -0.08000001, 0.145, 2.5
 236633642, 26.618, -2.186, -0.143, 2.5, 28.592, 0.034, -0.118, 2.5
 236833562, 24.374, -5.193, 1.176, 2.5, 26.618, -2.186, -0.143, 2.5
 237033482, 20.848, -10.334, 0.247, 2.5, 24.374, -5.193, 1.176, 2.5
 237234235, 17.148, -13.103, -1.546, 2.5, 20.848, -10.334, 0.247, 2.5
 237434155, 15.076, -13.402, -1.504, 2.5, 17.148, -13.103, -1.546, 2.5
 237634075, 13.594, -13.321, -0.65, 2.5, 15.076, -13.402, -1.504, 2.5
 237833995, 12.008, -13.459, -0.031, 2.5, 13.594, -13.321, -0.65, 2.5
 238033915, 10.285, -13.717, 0.175, 2.5, 12.008, -13.459, -0.031, 2.5
 238233835, 8.665, -13.853, 0.271, 2.5, 10.285, -13.717, 0.175, 2.5
 238433755, 7.221, -13.853, 0.465, 2.5, 8.665, -13.853, 0.271, 2.5
 238633675, 5.855, -13.801, 0.698, 2.5, 7.221, -13.853, 0.465, 2.5
 238833595, 4.489, -13.717, 0.859, 2.5, 5.855, -13.801, 0.698, 2.5
 239033515, 3.149, -13.571, 0.942, 2.5, 4.489, -13.717, 0.859, 2.5
 239234268, 1.887, -13.345, 1.006, 2.5, 3.149, -13.571, 0.942, 2.5
 239434188, 0.708, -13.048, 1.088, 2.5, 1.887, -13.345, 1.006, 2.5
 239634108, -0.396, -12.694, 1.178, 2.5, 0.708, -13.048, 1.088, 2.5
 239834028, -1.453, -12.288, 1.249, 2.5, -0.396, -12.694, 1.178, 2.5
 240033948, -2.458, -11.826, 1.296, 2.5, -1.453, -12.288, 1.249, 2.5
 240233868, -3.405, -11.312, 1.331, 2.5, -2.458, -11.826, 1.296, 2.5
 240433788, -4.279, -10.753, 1.361, 2.5, -3.405, -11.312, 1.331, 2.5
 240633708, -5.07, -10.159, 1.392, 2.5, -4.279, -10.753, 1.361, 2.5
 240833628, -5.778, -9.545, 1.419, 2.5, -5.07, -10.159, 1.392, 2.5
 241033548, -6.398, -8.924001, 1.448, 2.5, -5.778, -9.545, 1.419, 2.5
 241234301, -6.936, -8.307, 1.484, 2.5, -6.398, -8.924001, 1.448, 2.5
 241434221, -7.411, -7.697001, 1.518, 2.5, -6.936, -8.307, 1.484, 2.5
 241634141, -7.824, -7.102, 1.543, 2.5, -7.411, -7.697001, 1.518, 2.5
 241834061, -8.176001, -6.525, 1.559, 2.5, -7.824, -7.102, 1.543, 2.5
 242033981, -8.471001, -5.979, 1.573, 2.5, -8.176001, -6.525, 1.559, 2.5
 242233901, -8.713, -5.467, 1.591, 2.5, -8.471001, -5.979, 1.573, 2.5
 242433821, -8.916, -4.989, 1.612, 2.5, -8.713, -5.467, 1.591, 2.5
 242633741, -9.087001, -4.54, 1.629, 2.5, -8.916, -4.989, 1.612, 2.5
 242833661, -9.233001, -4.116, 1.635, 2.5, -9.087001, -4.54, 1.629, 2.5
 243033581, -9.354, -3.718, 1.63, 2.5, -9.233001, -4.116, 1.635, 2.5
 243233501, -9.450001, -3.348, 1.621, 2.5, -9.354, -3.718, 1.63, 2.5
 243434254, -9.525001, -3.007, 1.61, 2.5, -9.450001, -3.348, 1.621, 2.5
 243634174, -9.582001, -2.692, 1.592, 2.5, -9.525001, -3.007, 1.61, 2.5
 243834094, -9.622001, -2.402, 1.578, 2.5, -9.582001, -2.692, 1.592, 2.5
 244034014, -9.649, -2.14, 1.573, 2.5, -9.622001, -2.402, 1.578, 2.5
 244233934, -9.666, -1.903, 1.571, 2.5, -9.649, -2.14, 1.573, 2.5
 244433854, -9.677, -1.687, 1.562, 2.5, -9.666, -1.903, 1.571, 2.5
 244633774, -9.68, -1.489, 1.548, 2.5, -9.677, -1.687, 1.562, 2.5
 244833694, -9.677, -1.311, 1.536, 2.5, -9.68, -1.489, 1.548, 2.5
 245033614, -9.669001, -1.152, 1.527, 2.5, -9.677, -1.311, 1.536, 2.5
 245233534, -9.657001, -1.01, 1.518, 2.5, -9.669001, -1.152, 1.527, 2.5
 245434287, -9.642, -0.8840001, 1.507, 2.5, -9.657001, -1.01, 1.518, 2.5
 245634207, -9.625, -0.768, 1.496, 2.5, -9.642, -0.8840001, 1.507, 2.5
 245834127, -9.606001, -0.66, 1.484, 2.5, -9.625, -0.768, 1.496, 2.5
 246034047, -9.585, -0.563, 1.47, 2.5, -9.606001, -0.66, 1.484, 2.5
 246233967, -9.561001, -0.478, 1.454, 2.5, -9.585, -0.563, 1.47, 2.5
 246433887, -9.536, -0.404, 1.439, 2.5, -9.561001, -0.478, 1.454, 2.5
 246633807, -9.508, -0.335, 1.429, 2.5, -9.536, -0.404, 1.439, 2.5
 246833727, -9.481001, -0.267, 1.422, 2.5, -9.508, -0.335, 1.429, 2.5
 247033647, -9.453, -0.201, 1.416, 2.5, -9.481001, -0.267, 1.422, 2.5
 247233567, -9.427, -0.137, 1.41, 2.5, -9.453, -0.201, 1.416, 2.5
 247433487, -9.400001, -0.07600001, 1.401, 2.5, -9.427, -0.137, 1.41, 2.5
 247634240, -9.373, -0.02, 1.39, 2.5, -9.400001, -0.07600001, 1.401, 2.5
 247834160, -9.345, 0.029, 1.378, 2.5, -9.373, -0.02, 1.39, 2.5
 248034080, -9.317, 0.074, 1.37, 2.5, -9.345, 0.029, 1.378, 2.5
 248234000, -9.288, 0.115, 1.365, 2.5, -9.317, 0.074, 1.37, 2.5
 248433920, -9.261001, 0.151, 1.362, 2.5, -9.288, 0.115, 1.365, 2.5
 248633840, -9.235001, 0.182, 1.359, 2.5, -9.261001, 0.151, 1.362, 2.5
 248833760, -9.21, 0.209, 1.35, 2.5, -9.235001, 0.182, 1.359, 2.5
 249033680, -9.184, 0.23, 1.341, 2.5, -9.21, 0.209, 1.35, 2.5
 249233600, -9.159, 0.247, 1.337, 2.5, -9.184, 0.23, 1.341, 2.5
 249433520, -9.134001, 0.262, 1.335, 2.5, -9.159, 0.247, 1.337, 2.5
 249634273, -9.111, 0.28, 1.332, 2.5, -9.134001, 0.262, 1.335, 2.5
 249834193, -9.088, 0.301, 1.325, 2.5, -9.111, 0.28, 1.332, 2.5
 250034113, -9.065001, 0.322, 1.317, 2.5, -9.088, 0.301, 1.325, 2.5
 250234033, -9.041, 0.343, 1.313, 2.5, -9.065001, 0.322, 1.317, 2.5
 250433953, -9.019, 0.363, 1.312, 2.5, -9.041, 0.343, 1.313, 2.5
 250633873, -8.998, 0.378, 1.311, 2.5, -9.019, 0.363, 1.312, 2.5
 250833793, -8.978001, 0.39, 1.305, 2.5, -8.998, 0.378, 1.311, 2.5
