TimeUS,CGpN,CGpE,CGpD,CGpe,PGpN,PGpE,PGpD,PGpe
 170560915, 0, 0, 0, 0.01, 0, 0, 0, 0
 170630887, 0, 0, 0, 0.01, 0, 0, 0, 0.01
 170830807, 0, 0, 0, 0.01, 0, 0, 0, 0.01
 171030727, 0, 0, 0, 0.01, 0, 0, 0, 0.01
 171231480, 0, 0, 0, 0.01, 0, 0, 0, 0.01
 171431400, 0, 0, 0, 0.01, 0, 0, 0, 0.01
 171631320, 0, 0, 0, 0.01, 0, 0, 0, 0.01
 171831240, 0, 0, 0, 0.01, 0, 0, 0, 0.01
 172031160, 0, 0, 0, 0.01, 0, 0, 0, 0.01
 172231080, 0, 0, 0, 0.01, 0, 0, 0, 0.01
 172431000, 0, 0, 0, 0.01, 0, 0, 0, 0.01
 172630920, 0, 0, 0, 0.01, 0, 0, 0, 0.01
 172830840, 0, 0, 0, 0.01, 0, 0, 0, 0.01
 173030760, 0, 0, 0, 0.01, 0, 0, 0, 0.01
 173230680, 0, 0, 0, 0.01, 0, 0, 0, 0.01
 173431433, 0, 0, 0, 0.01, 0, 0, 0, 0.01
 173631353, 0, 0, 0, 0.01, 0, 0, 0, 0.01
 173831273, 0, 0, 0, 0.01, 0, 0, 0, 0.01
 174031193, 0, 0, 0, 0.01, 0, 0, 0, 0.01
 174231113, 0, 0, 0, 0.01, 0, 0, 0, 0.01
 174431033, 0, 0, 0, 0.01, 0, 0, 0, 0.01
 174630953, 0, 0, 0, 0.01, 0, 0, 0, 0.01
 174830873, 0, 0, 0, 0.01, 0, 0, 0, 0.01
 175030793, 0, 0, 0, 0.01, 0, 0, 0, 0.01
 175230713, 0, 0, 0, 0.01, 0, 0, 0, 0.01
 175431466, 0, 0, 0, 0.01, 0, 0, 0, 0.01
 175631386, 0, 0, 0, 0.01, 0, 0, 0, 0.01
 175831306, 0, 0, 0, 0.01, 0, 0, 0, 0.01
 176031226, 0, 0, 0, 0.01, 0, 0, 0, 0.01
 176231146, 0, 0, 0, 0.01, 0, 0, 0, 0.01
 176431066, 0, 0, 0, 0.01, 0, 0, 0, 0.01
 176630986, 0, 0, 0, 0.01, 0, 0, 0, 0.01
 176830906, 0, 0, 0, 0.01, 0, 0, 0, 0.01
 177030826, 0, 0, 0, 0.01, 0, 0, 0, 0.01
 177230746, 0, 0, 0, 0.01, 0, 0, 0, 0.01
 177430666, 0, 0, 0, 0.01, 0, 0, 0, 0.01
 177631419, 0, 0, 0, 0.01, 0, 0, 0, 0.01
 177831339, 0, 0, 0, 0.01, 0, 0, 0, 0.01
 178031259, 0, 0, 0, 0.01, 0, 0, 0, 0.01
 178231179, 0, 0, 0, 0.01, 0, 0, 0, 0.01
 178431099, 0, 0, 0, 0.01, 0, 0, 0, 0.01
 178631019, 0, 0, 0, 0.01, 0, 0, 0, 0.01
 178830939, 0, 0, 0, 0.01, 0, 0, 0, 0.01
 179030859, 0, 0, 0, 0.01, 0, 0, 0, 0.01
 179230779, 0, 0, 0, 0.01, 0, 0, 0, 0.01
 179430699, 0, 0, 0, 0.01, 0, 0, 0, 0.01
 179631452, 0, 0, 0, 0.01, 0, 0, 0, 0.01
 179831372, 0, 0, 0, 0.01, 0, 0, 0, 0.01
 180031292, 0, 0, 0, 0.01, 0, 0, 0, 0.01
 180231212, 0, 0, 0, 0.01, 0, 0, 0, 0.01
 180431132, 0, 0, 0, 0.01, 0, 0, 0, 0.01
 180631052, 0, 0, 0, 0.01, 0, 0, 0, 0.01
 180830972, 0, 0, 0, 0.01, 0, 0, 0, 0.01
 181030892, 0, 0, 0, 0.01, 0, 0, 0, 0.01
 181230812, 0, 0, 0, 0.01, 0, 0, 0, 0.01
 181430732, 0, 0, 0, 0.01, 0, 0, 0, 0.01
 181631485, 0, 0, 0, 0.01, 0, 0, 0, 0.01
 181831405, 0, 0, 0, 0.01, 0, 0, 0, 0.01
 182031325, 0, 0, 0, 0.01, 0, 0, 0, 0.01
 182231245, 0, 0, 0, 0.01, 0, 0, 0, 0.01
 182431165, 0, 0, 0, 0.01, 0, 0, 0, 0.01
 182631085, 0, 0, 0, 0.01, 0, 0, 0, 0.01
 182831005, 0, 0, 0, 0.01, 0, 0, 0, 0.01
 183030925, 0, 0, 0, 0.01, 0, 0, 0, 0.01
 183230845, 0, 0, 0, 0.01, 0, 0, 0, 0.01
 183430765, 0, 0, 0, 0.01, 0, 0, 0, 0.01
 183630685, 0, 0, 0, 0.01, 0, 0, 0, 0.01
 183831438, 0, 0, 0, 0.01, 0, 0, 0, 0.01
 184031358, 0, 0, 0, 0.01, 0, 0, 0, 0.01
 184231278, 0, 0, 0, 0.01, 0, 0, 0, 0.01
 184431198, 0, 0, 0, 0.01, 0, 0, 0, 0.01
 184631118, 0, 0, 0, 0.01, 0, 0, 0, 0.01
 184831038, 0, 0, 0, 0.01, 0, 0, 0, 0.01
 185030958, 0, 0, 0, 0.01, 0, 0, 0, 0.01
 185230878, 0, 0, 0, 0.01, 0, 0, 0, 0.01
 185430798, 0, 0, 0, 0.01, 0, 0, 0, 0.01
 185630718, 0, 0, 0, 0.01, 0, 0, 0, 0.01
 185831471, 0, 0, 0, 0.01, 0, 0, 0, 0.01
 186031391, 0, 0, 0, 0.01, 0, 0, 0, 0.01
 186231311, 0, 0, 0, 0.01, 0, 0, 0, 0.01
 186431231, 0, 0, 0, 0.01, 0, 0, 0, 0.01
 186631151, 0, 0, 0, 0.01, 0, 0, 0, 0.01
 186831071, 0, 0, 0, 0.01, 0, 0, 0, 0.01
 187030991, 0, 0, 0, 0.01, 0, 0, 0, 0.01
 187230911, 0, 0, 0, 0.01, 0, 0, 0, 0.01
 187430831, 0, 0, 0, 0.01, 0, 0, 0, 0.01
 187630751, 0, 0, 0, 0.01, 0, 0, 0, 0.01
 187830671, 0, 0, 0, 0.01, 0, 0, 0, 0.01
 188031424, 0, 0, 0, 0.01, 0, 0, 0, 0.01
 188231344, 0, 0, 0, 0.01, 0, 0, 0, 0.01
 188431264, 0, 0, 0, 0.01, 0, 0, 0, 0.01
 188631184, 0, 0, 0, 0.01, 0, 0, 0, 0.01
 188831104, 0, 0, 0, 0.01, 0, 0, 0, 0.01
 189031024, 0, 0, 0, 0.01, 0, 0, 0, 0.01
 189230944, 0, 0, 0, 0.01, 0, 0, 0, 0.01
 189430864, 0, 0, 0, 0.01, 0, 0, 0, 0.01
 189630784, 0, 0, 0, 0.01, 0, 0, 0, 0.01
 189830704, 0, 0, 0, 0.01, 0, 0, 0, 0.01
 190031457, 0, 0, 0, 0.01, 0, 0, 0, 0.01
 190231377, 0, 0, 0, 0.01, 0, 0, 0, 0.01
 190431297, 0, 0, 0, 0.01, 0, 0, 0, 0.01
 190631217, 0, 0, 0, 0.01, 0, 0, 0, 0.01
 190831137, 0, 0, 0, 0.01, 0, 0, 0, 0.01
 191031057, 0, 0, 0, 0.01, 0, 0, 0, 0.01
 191230977, 0, 0, 0, 0.01, 0, 0, 0, 0.01
 191430897, 0, 0, 0, 0.01, 0, 0, 0, 0.01
 191630817, 0, 0, 0, 0.01, 0, 0, 0, 0.01
 191830737, 0, 0, 0, 0.01, 0, 0, 0, 0.01
 192030657, 0, 0, 0, 0.01, 0, 0, 0, 0.01
 192231410, 0, 0, 0, 0.01, 0, 0, 0, 0.01
 192431330, 0, 0, 0, 0.01, 0, 0, 0, 0.01
 192631250, 0, 0, 0, 0.01, 0, 0, 0, 0.01
 192831170, 0, 0, 0, 0.01, 0, 0, 0, 0.01
 193031090, 0, 0, 0, 0.01, 0, 0, 0, 0.01
 193231010, 0, 0, 0, 0.01, 0, 0, 0, 0.01
 193430930, 0, 0, 0, 0.01, 0, 0, 0, 0.01
 193630850, 0, 0, 0, 0.01, 0, 0, 0, 0.01
 193830770, 0, 0, 0, 0.01, 0, 0, 0, 0.01
 194030690, 0, 0, 0, 0.01, 0, 0, 0, 0.01
 194231443, 0, 0, 0, 0.01, 0, 0, 0, 0.01
 194431363, 0, 0, 0, 0.01, 0, 0, 0, 0.01
 194631283, 0, 0, 0, 0.01, 0, 0, 0, 0.01
 194831203, 0, 0, 0, 0.01, 0, 0, 0, 0.01
 195031123, 0, 0, 0, 0.01, 0, 0, 0, 0.01
 195231043, 0, 0, 0, 0.01, 0, 0, 0, 0.01
 195430963, 0, 0, 0, 0.01, 0, 0, 0, 0.01
 195630883, 0, 0, 0, 0.01, 0, 0, 0, 0.01
 195830803, 0, 0, 0, 0.01, 0, 0, 0, 0.01
 196030723, 0, 0, 0, 0.01, 0, 0, 0, 0.01
 196231476, 0, 0, 0, 0.01, 0, 0, 0, 0.01
 196431396, 0, 0, 0, 0.01, 0, 0, 0, 0.01
 196631316, 0, 0, 0, 0.01, 0, 0, 0, 0.01
 196831236, 0, 0, 0, 0.01, 0, 0, 0, 0.01
 197031156, 0, 0, 0, 0.01, 0, 0, 0, 0.01
 197231076, 0, 0, 0, 0.01, 0, 0, 0, 0.01
 197430996, 0, 0, 0, 0.01, 0, 0, 0, 0.01
 197630916, 0, 0, 0, 0.01, 0, 0, 0, 0.01
 197830836, 0, 0, 0, 0.01, 0, 0, 0, 0.01
 198030756, 0, 0, 0, 0.01, 0, 0, 0, 0.01
 198230676, 0, 0, 0, 0.01, 0, 0, 0, 0.01
 198431429, 0, 0, 0, 0.01, 0, 0, 0, 0.01
 198631349, 0, 0, 0, 0.01, 0, 0, 0, 0.01
 198831269, 0, 0, 0, 0.01, 0, 0, 0, 0.01
 199031189, 0, 0, 0, 0.01, 0, 0, 0, 0.01
 199231109, 0, 0, 0, 0.01, 0, 0, 0, 0.01
 199431029, 0, 0, 0, 0.01, 0, 0, 0, 0.01
 199630949, 0, 0, 0, 0.01, 0, 0, 0, 0.01
 199830869, 0, 0, 0, 0.01, 0, 0, 0, 0.01
 200030789, 0, 0, 0, 0.01, 0, 0, 0, 0.01
 200230709, 0, 0, 0, 0.01, 0, 0, 0, 0.01
 200431462, 0, 0, 0, 0.01, 0, 0, 0, 0.01
 200631382, 0, 0, 0, 0.01, 0, 0, 0, 0.01
 200831302, 0, 0, 0, 0.01, 0, 0, 0, 0.01
 201031222, 0, 0, 0, 0.01, 0, 0, 0, 0.01
 201231142, 0, 0, 0, 0.01, 0, 0, 0, 0.01
 201431062, 0, 0, 0, 0.01, 0, 0, 0, 0.01
 201630982, 0, 0, 0, 0.01, 0, 0, 0, 0.01
 201830902, 0, 0, 0, 0.01, 0, 0, 0, 0.01
 202030822, 0, 0, 0, 0.01, 0, 0, 0, 0.01
 202230742, 0, 0, 0, 0.01, 0, 0, 0, 0.01
 202430662, 0, 0, 0, 0.01, 0, 0, 0, 0.01
 202631415, 0, 0, 0, 0.01, 0, 0, 0, 0.01
 202831335, 0, 0, 0, 0.01, 0, 0, 0, 0.01
 203031255, 0, 0, 0, 0.01, 0, 0, 0, 0.01
 203231175, 0, 0, 0, 0.01, 0, 0, 0, 0.01
 203431095, 0, 0, 0, 0.01, 0, 0, 0, 0.01
 203631015, 0, 0, 0, 0.01, 0, 0, 0, 0.01
 203830935, 0, 0, 0, 0.01, 0, 0, 0, 0.01
 204030855, 0, 0, 0, 0.01, 0, 0, 0, 0.01
 204230775, 0, 0, 0, 0.01, 0, 0, 0, 0.01
 204430695, 0, 0, 0, 0.01, 0, 0, 0, 0.01
 204631448, 0, 0, 0, 0.01, 0, 0, 0, 0.01
 204831368, 0, 0, 0, 0.01, 0, 0, 0, 0.01
 205031288, 0, 0, 0, 0.01, 0, 0, 0, 0.01
 205231208, 0, 0, 0, 0.01, 0, 0, 0, 0.01
 205431128, 0, 0, 0, 0.01, 0, 0, 0, 0.01
 205631048, 0, 0, 0, 0.01, 0, 0, 0, 0.01
 205830968, 0, 0, 0, 0.01, 0, 0, 0, 0.01
 206030888, 0, 0, 0, 0.01, 0, 0, 0, 0.01
 206230808, 0, 0, 0, 0.01, 0, 0, 0, 0.01
 206430728, 0, 0, 0, 0.01, 0, 0, 0, 0.01
 206631481, 0, 0, 0, 0.01, 0, 0, 0, 0.01
 206831401, 0, 0, 0, 0.01, 0, 0, 0, 0.01
 207031321, 0, 0, 0, 0.01, 0, 0, 0, 0.01
 207231241, 0, 0, 0, 0.01, 0, 0, 0, 0.01
 207431161, 0, 0, 0, 0.01, 0, 0, 0, 0.01
 207631081, 0, 0, 0, 0.01, 0, 0, 0, 0.01
 207831001, 0, 0, 0, 0.01, 0, 0, 0, 0.01
 208030921, 0, 0, 0, 0.01, 0, 0, 0, 0.01
 208230841, 0, 0, 0, 0.01, 0, 0, 0, 0.01
 208430761, 0, 0, 0, 0.01, 0, 0, 0, 0.01
 208630681, 0, 0, 0, 0.01, 0, 0, 0, 0.01
 208831434, 0, 0, 0, 0.01, 0, 0, 0, 0.01
 209031354, 0, 0, 0, 0.01, 0, 0, 0, 0.01
 209231274, 0, 0, 0, 0.01, 0, 0, 0, 0.01
 209431194, 0, 0, 0, 0.01, 0, 0, 0, 0.01
 209631114, 0, 0, 0, 0.01, 0, 0, 0, 0.01
 209831034, 0, 0, 0, 0.01, 0, 0, 0, 0.01
 210030954, 0, 0, 0, 0.01, 0, 0, 0, 0.01
 210230874, 0, 0, 0, 0.01, 0, 0, 0, 0.01
 210430794, 0, 0, 0, 0.01, 0, 0, 0, 0.01
 210630714, 0, 0, 0, 0.01, 0, 0, 0, 0.01
 210831467, 0, 0, 0, 0.01, 0, 0, 0, 0.01
 211031387, 0, 0, 0, 0.01, 0, 0, 0, 0.01
 211231307, 0, 0, 0, 0.01, 0, 0, 0, 0.01
 211431227, 0, 0, 0, 0.01, 0, 0, 0, 0.01
 211631147, 0, 0, 0, 0.01, 0, 0, 0, 0.01
 211831067, 0, 0, 0, 0.01, 0, 0, 0, 0.01
 212030987, 0, 0, 0, 0.01, 0, 0, 0, 0.01
 212230907, 0, 0, 0, 0.01, 0, 0, 0, 0.01
 212430827, 0, 0, 0, 0.01, 0, 0, 0, 0.01
 212630747, 0, 0, 0, 0.01, 0, 0, 0, 0.01
 212830667, 0, 0, 0, 0.01, 0, 0, 0, 0.01
 213031420, 0, 0, 0, 0.01, 0, 0, 0, 0.01
 213231340, 0, 0, 0, 0.01, 0, 0, 0, 0.01
 213431260, 0, 0, 0, 0.01, 0, 0, 0, 0.01
 213631180, 0, 0, 0, 0.01, 0, 0, 0, 0.01
 213831100, 0, 0, 0, 0.01, 0, 0, 0, 0.01
 214031020, 0, 0, 0, 0.01, 0, 0, 0, 0.01
 214230940, 0, 0, 0, 0.01, 0, 0, 0, 0.01
 214430860, 0, 0, 0, 0.01, 0, 0, 0, 0.01
 214630780, 0, 0, 0, 0.01, 0, 0, 0, 0.01
 214830700, 0, 0, 0, 0.01, 0, 0, 0, 0.01
 215031453, 0, 0, 0, 0.01, 0, 0, 0, 0.01
 215231373, 0, 0, 0, 0.01, 0, 0, 0, 0.01
 215431293, 0, 0, 0, 0.01, 0, 0, 0, 0.01
 215631213, 0, 0, 0, 0.01, 0, 0, 0, 0.01
 215831133, 0, 0, 0, 0.01, 0, 0, 0, 0.01
 216031053, 0, 0, 0, 0.01, 0, 0, 0, 0.01
 216230973, 0, 0, 0, 0.01, 0, 0, 0, 0.01
 216430893, 0, 0, 0, 0.01, 0, 0, 0, 0.01
 216630813, 0, 0, 0, 0.01, 0, 0, 0, 0.01
 216830733, 0, 0, 0, 0.01, 0, 0, 0, 0.01
 217031486, 0, 0, 0, 0.01, 0, 0, 0, 0.01
 217231406, 0, 0, 0, 0.01, 0, 0, 0, 0.01
 217431326, 0, 0, 0, 0.01, 0, 0, 0, 0.01
 217631246, 0, 0, 0, 0.01, 0, 0, 0, 0.01
 217831166, 0, 0, 0, 0.01, 0, 0, 0, 0.01
 218031086, 0, 0, 0, 0.01, 0, 0, 0, 0.01
 218231006, 0, 0, 0, 0.01, 0, 0, 0, 0.01
 218430926, 0, 0, 0, 0.01, 0, 0, 0, 0.01
 218630846, 0, 0, 0, 0.01, 0, 0, 0, 0.01
 218830766, 0, 0, 0, 0.01, 0, 0, 0, 0.01
 219030686, 0, 0, 0, 0.01, 0, 0, 0, 0.01
 219231439, 0, 0, 0, 0.01, 0, 0, 0, 0.01
 219431359, 0, 0, 0, 0.01, 0, 0, 0, 0.01
 219631279, 0, 0, 0, 0.01, 0, 0, 0, 0.01
 219831199, 0, 0, 0, 0.01, 0, 0, 0, 0.01
 220031119, 0, 0, 0, 0.01, 0, 0, 0, 0.01
 220231039, 0, 0, 0, 0.01, 0, 0, 0, 0.01
 220430959, 0, 0, 0, 0.01, 0, 0, 0, 0.01
 220630879, 0, 0, 0, 0.01, 0, 0, 0, 0.01
 220830799, 0, 0, 0, 0.01, 0, 0, 0, 0.01
 221030719, 0, 0, 0, 0.01, 0, 0, 0, 0.01
 221231472, 0, 0, 0, 0.01, 0, 0, 0, 0.01
 221431392, 0, 0, 0, 0.01, 0, 0, 0, 0.01
 221631312, 0, 0, 0, 0.01, 0, 0, 0, 0.01
 221831232, 0, 0, 0, 0.01, 0, 0, 0, 0.01
 222031152, 0, 0, 0, 0.01, 0, 0, 0, 0.01
 222231072, 0, 0, 0, 0.01, 0, 0, 0, 0.01
 222430992, 0, 0, 0, 0.01, 0, 0, 0, 0.01
 222630912, 0, 0, 0, 0.01, 0, 0, 0, 0.01
 222830832, 0, 0, -0.038, 0.01, 0, 0, 0, 0.01
 223030752, 0, 0, -0.316, 0.01, 0, 0, -0.038, 0.01
 223230672, 0, 0, -0.232, 0.01, 0, 0, -0.316, 0.01
 223431425, 0, 0, -0.493, 0.01, 0, 0, -0.232, 0.01
 223631345, -0.007, -0.007, -1.773, 0.01, 0, 0, -0.493, 0.01
 223831265, -0.022, -0.023, -2.121, 0.01, -0.007, -0.007, -1.773, 0.01
 224031185, -0.037, -0.039, -2.255, 0.01, -0.022, -0.023, -2.121, 0.01
 224231105, -0.052, -0.053, -2.498, 0.01, -0.037, -0.039, -2.255, 0.01
 224431025, -0.064, -0.06500001, -2.719, 0.01, -0.052, -0.053, -2.498, 0.01
 224630945, -0.074, -0.074, -2.895, 0.01, -0.064, -0.06500001, -2.719, 0.01
 224830865, -0.083, -0.082, -3.051, 0.01, -0.074, -0.074, -2.895, 0.01
 225030785, -0.09, -0.087, -3.19, 0.01, -0.083, -0.082, -3.051, 0.01
 225230705, -0.096, -0.09200001, -3.312, 0.01, -0.09, -0.087, -3.19, 0.01
 225431458, -0.1, -0.09500001, -3.418, 0.01, -0.096, -0.09200001, -3.312, 0.01
 225631378, -0.102, -0.098, -3.511, 0.01, -0.1, -0.09500001, -3.418, 0.01
 225831298, -0.104, -0.101, -3.593, 0.01, -0.102, -0.098, -3.511, 0.01
 226031218, -0.105, -0.103, -3.665, 0.01, -0.104, -0.101, -3.593, 0.01
 226231138, -0.107, -0.106, -3.728, 0.01, -0.105, -0.103, -3.665, 0.01
 226431058, -0.109, -0.108, -3.783, 0.01, -0.107, -0.106, -3.728, 0.01
 226630978, -0.111, -0.11, -3.831, 0.01, -0.109, -0.108, -3.783, 0.01
 226830898, -0.111, -0.11, -3.502, 0.01, -0.111, -0.11, -3.831, 0.01
 227030818, -0.109, -0.109, -2.974, 0.01, -0.111, -0.11, -3.502, 0.01
 227230738, -0.108, -0.109, -2.513, 0.01, -0.109, -0.109, -2.974, 0.01
 227430658, -0.106, -0.109, -2.14, 0.01, -0.108, -0.109, -2.513, 0.01
 227631411, -0.098, -0.106, -1.847, 0.01, -0.106, -0.109, -2.14, 0.01
 227831331, -0.06, -0.09200001, -1.607, 0.01, -0.098, -0.106, -1.847, 0.01
 228031251, -0.016, -0.072, -1.396, 0.01, -0.06, -0.09200001, -1.607, 0.01
 228231171, 0.011, -0.056, -1.192, 0.01, -0.016, -0.072, -1.396, 0.01
 228431091, 0.082, -0.038, -0.9810001, 0.01, 0.011, -0.056, -1.192, 0.01
 228631011, 0.222, -0.013, -0.768, 0.01, 0.082, -0.038, -0.9810001, 0.01
 228830931, 0.397, 0.015, -0.578, 0.01, 0.222, -0.013, -0.768, 0.01
 229030851, 0.577, 0.044, -0.418, 0.01, 0.397, 0.015, -0.578, 0.01
 229230771, 0.7550001, 0.072, -0.29, 0.01, 0.577, 0.044, -0.418, 0.01
 229430691, 0.929, 0.097, -0.19, 0.01, 0.7550001, 0.072, -0.29, 0.01
 229631444, 1.095, 0.119, -0.114, 0.01, 0.929, 0.097, -0.19, 0.01
 229831364, 1.255, 0.14, -0.055, 0.01, 1.095, 0.119, -0.114, 0.01
 230031284, 1.414, 0.187, -0.001, 0.01, 1.255, 0.14, -0.055, 0.01
 230231204, 1.574, 0.283, 0.038, 0.01, 1.414, 0.187, -0.001, 0.01
 230431124, 1.735, 0.383, 0.061, 0.01, 1.574, 0.283, 0.038, 0.01
 230631044, 1.907, 0.44, 0.079, 0.01, 1.735, 0.383, 0.061, 0.01
 230830964, 2.1, 0.447, 0.098, 0.01, 1.907, 0.44, 0.079, 0.01
 231030884, 2.31, 0.419, 0.121, 0.01, 2.1, 0.447, 0.098, 0.01
 231230804, 2.519, 0.372, 0.144, 0.01, 2.31, 0.419, 0.121, 0.01
 231430724, 2.722, 0.32, 0.167, 0.01, 2.519, 0.372, 0.144, 0.01
 231631477, 2.926, 0.245, 0.194, 0.01, 2.722, 0.32, 0.167, 0.01
 231831397, 3.135, 0.146, 0.211, 0.01, 2.926, 0.245, 0.194, 0.01
 232031317, 3.335, 0.07600001, 0.221, 0.01, 3.135, 0.146, 0.211, 0.01
 232231237, 3.526, 0.083, 0.234, 0.01, 3.335, 0.07600001, 0.221, 0.01
 232431157, 3.723, 0.169, 0.252, 0.01, 3.526, 0.083, 0.234, 0.01
 232631077, 3.925, 0.296, 0.271, 0.01, 3.723, 0.169, 0.252, 0.01
 232830997, 4.125, 0.421, 0.287, 0.01, 3.925, 0.296, 0.271, 0.01
 233030917, 4.321, 0.514, 0.301, 0.01, 4.125, 0.421, 0.287, 0.01
 233230837, 4.52, 0.562, 0.316, 0.01, 4.321, 0.514, 0.301, 0.01
 233430757, 4.727, 0.574, 0.332, 0.01, 4.52, 0.562, 0.316, 0.01
 233630677, 4.939, 0.567, 0.349, 0.01, 4.727, 0.574, 0.332, 0.01
 233831430, 5.149, 0.562, 0.362, 0.01, 4.939, 0.567, 0.349, 0.01
 234031350, 5.346, 0.572, 0.371, 0.01, 5.149, 0.562, 0.362, 0.01
 234231270, 5.53, 0.601, 0.378, 0.01, 5.346, 0.572, 0.371, 0.01
 234431190, 5.703, 0.642, 0.386, 0.01, 5.53, 0.601, 0.378, 0.01
 234631110, 5.869, 0.687, 0.391, 0.01, 5.703, 0.642, 0.386, 0.01
 234831030, 6.026, 0.726, 0.394, 0.01, 5.869, 0.687, 0.391, 0.01
 235030950, 6.175, 0.754, 0.397, 0.01, 6.026, 0.726, 0.394, 0.01
 235230870, 6.318, 0.774, 0.399, 0.01, 6.175, 0.754, 0.397, 0.01
 235430790, 6.455, 0.785, 0.399, 0.01, 6.318, 0.774, 0.399, 0.01
 235630710, 6.584, 0.793, 0.399, 0.01, 6.455, 0.785, 0.399, 0.01
 235831463, 6.704, 0.8010001, 0.399, 0.01, 6.584, 0.793, 0.399, 0.01
 236031383, 6.816, 0.813, 0.399, 0.01, 6.704, 0.8010001, 0.399, 0.01
 236231303, 6.924, 0.8290001, 0.396, 0.01, 6.816, 0.813, 0.399, 0.01
 236431223, 7.027, 0.848, 0.39, 0.01, 6.924, 0.8290001, 0.396, 0.01
 236631143, 7.121, 0.8650001, 0.385, 0.01, 7.027, 0.848, 0.39, 0.01
 236831063, 7.209, 0.877, 0.382, 0.01, 7.121, 0.8650001, 0.385, 0.01
 237030983, 7.293, 0.8850001, 0.38, 0.01, 7.209, 0.877, 0.382, 0.01
 237230903, 7.376, 0.89, 0.379, 0.01, 7.293, 0.8850001, 0.38, 0.01
 237430823, 7.455, 0.8940001, 0.376, 0.01, 7.376, 0.89, 0.379, 0.01
 237630743, 7.531, 0.899, 0.373, 0.01, 7.455, 0.8940001, 0.376, 0.01
 237830663, 7.601, 0.905, 0.372, 0.01, 7.531, 0.899, 0.373, 0.01
 238031416, 7.668, 0.9110001, 0.372, 0.01, 7.601, 0.905, 0.372, 0.01
 238231336, 7.732, 0.9160001, 0.374, 0.01, 7.668, 0.9110001, 0.372, 0.01
 238431256, 7.794, 0.918, 0.377, 0.01, 7.732, 0.9160001, 0.374, 0.01
 238631176, 7.856, 0.92, 0.378, 0.01, 7.794, 0.918, 0.377, 0.01
 238831096, 7.920001, 0.924, 0.366, 0.01, 7.856, 0.92, 0.378, 0.01
 239031016, 7.958, 0.9260001, 0.346, 0.01, 7.920001, 0.924, 0.366, 0.01
 239230936, 7.959001, 0.9260001, 0.334, 0.01, 7.958, 0.9260001, 0.346, 0.01
 239430856, 7.956, 0.927, 0.33, 0.01, 7.959001, 0.9260001, 0.334, 0.01
 239630776, 7.961, 0.929, 0.328, 0.01, 7.956, 0.927, 0.33, 0.01
 239830696, 7.97, 0.9310001, 0.325, 0.01, 7.961, 0.929, 0.328, 0.01
 240031449, 7.977, 0.933, 0.316, 0.01, 7.97, 0.9310001, 0.325, 0.01
 240231369, 7.974, 0.934, 0.304, 0.01, 7.977, 0.933, 0.316, 0.01
 240431289, 7.963, 0.934, 0.291, 0.01, 7.974, 0.934, 0.304, 0.01
 240631209, 7.951, 0.9350001, 0.285, 0.01, 7.963, 0.934, 0.291, 0.01
 240831129, 7.938, 0.937, 0.29, 0.01, 7.951, 0.9350001, 0.285, 0.01
 241031049, 7.937, 0.9400001, 0.3, 0.01, 7.938, 0.937, 0.29, 0.01
 241230969, 7.944, 0.943, 0.309, 0.01, 7.937, 0.9400001, 0.3, 0.01
 241430889, 7.952, 0.9440001, 0.313, 0.01, 7.944, 0.943, 0.309, 0.01
 241630809, 7.954, 0.942, 0.315, 0.01, 7.952, 0.9440001, 0.313, 0.01
 241830729, 7.954, 0.938, 0.317, 0.01, 7.954, 0.942, 0.315, 0.01
 242031482, 7.953001, 0.936, 0.323, 0.01, 7.954, 0.938, 0.317, 0.01
 242231402, 7.955, 0.9350001, 0.33, 0.01, 7.953001, 0.936, 0.323, 0.01
 242431322, 7.960001, 0.936, 0.338, 0.01, 7.955, 0.9350001, 0.33, 0.01
 242631242, 7.972001, 0.936, 0.343, 0.01, 7.960001, 0.936, 0.338, 0.01
 242831162, 7.981, 0.936, 0.343, 0.01, 7.972001, 0.936, 0.343, 0.01
 243031082, 7.982, 0.934, 0.338, 0.01, 7.981, 0.936, 0.343, 0.01
 243231002, 7.98, 0.932, 0.336, 0.01, 7.982, 0.934, 0.338, 0.01
 243430922, 7.981, 0.9310001, 0.33, 0.01, 7.98, 0.932, 0.336, 0.01
 243630842, 7.98, 0.932, 0.318, 0.01, 7.981, 0.9310001, 0.33, 0.01
 243830762, 7.972001, 0.933, 0.309, 0.01, 7.98, 0.932, 0.318, 0.01
 244030682, 7.962, 0.934, 0.307, 0.01, 7.972001, 0.933, 0.309, 0.01
 244231435, 7.956, 0.936, 0.312, 0.01, 7.962, 0.934, 0.307, 0.01
 244431355, 7.968, 0.937, 0.301, 0.01, 7.956, 0.936, 0.312, 0.01
 244631275, 7.995, 0.9250001, 0.26, 0.01, 7.968, 0.937, 0.301, 0.01
 244831195, 8.017, 0.8890001, 0.21, 0.01, 7.995, 0.9250001, 0.26, 0.01
 245031115, 8.034, 0.8420001, 0.161, 0.01, 8.017, 0.8890001, 0.21, 0.01
 245231035, 8.053, 0.8010001, 0.118, 0.01, 8.034, 0.8420001, 0.161, 0.01
 245430955, 8.081, 0.766, 0.081, 0.01, 8.053, 0.8010001, 0.118, 0.01
 245630875, 8.115001, 0.731, 0.051, 0.01, 8.081, 0.766, 0.081, 0.01
 245830795, 8.149, 0.693, 0.03, 0.01, 8.115001, 0.731, 0.051, 0.01
 246030715, 8.183001, 0.652, 0.016, 0.01, 8.149, 0.693, 0.03, 0.01
 246231468, 8.217, 0.613, 0.007, 0.01, 8.183001, 0.652, 0.016, 0.01
 246431388, 8.251, 0.574, 0.004, 0.01, 8.217, 0.613, 0.007, 0.01
 246631308, 8.286, 0.536, 0.004, 0.01, 8.251, 0.574, 0.004, 0.01
 246831228, 8.325001, 0.5, 0.003, 0.01, 8.286, 0.536, 0.004, 0.01
 247031148, 8.365001, 0.466, 0.004, 0.01, 8.325001, 0.5, 0.003, 0.01
 247231068, 8.404, 0.437, 0.005, 0.01, 8.365001, 0.466, 0.004, 0.01
 247430988, 8.442, 0.41, 0.008, 0.01, 8.404, 0.437, 0.005, 0.01
 247630908, 8.481, 0.383, 0.011, 0.01, 8.442, 0.41, 0.008, 0.01
 247830828, 8.52, 0.358, 0.012, 0.01, 8.481, 0.383, 0.011, 0.01
 248030748, 8.558001, 0.334, 0.015, 0.01, 8.52, 0.358, 0.012, 0.01
 248230668, 8.596001, 0.314, 0.014, 0.01, 8.558001, 0.334, 0.015, 0.01
 248431421, 8.634001, 0.296, 0.012, 0.01, 8.596001, 0.314, 0.014, 0.01
 248631341, 8.67, 0.279, 0.008, 0.01, 8.634001, 0.296, 0.012, 0.01
 248831261, 8.704, 0.263, 0.006, 0.01, 8.67, 0.279, 0.008, 0.01
 249031181, 8.736, 0.249, 0.007, 0.01, 8.704, 0.263, 0.006, 0.01
 249231101, 8.768001, 0.236, 0.007, 0.01, 8.736, 0.249, 0.007, 0.01
 249431021, 8.799001, 0.223, 0.007, 0.01, 8.768001, 0.236, 0.007, 0.01
 249630941, 8.830001, 0.212, 0.007, 0.01, 8.799001, 0.223, 0.007, 0.01
 249830861, 8.861, 0.202, 0.006, 0.01, 8.830001, 0.212, 0.007, 0.01
 250030781, 8.892, 0.193, 0.003, 0.01, 8.861, 0.202, 0.006, 0.01
 250230701, 8.921, 0.185, 0, 0.01, 8.892, 0.193, 0.003, 0.01
 250431454, 8.949, 0.178, -0.005, 0.01, 8.921, 0.185, 0, 0.01
 250631374, 8.974, 0.172, -0.006, 0.01, 8.949, 0.178, -0.005, 0.01
 250831294, 8.997001, 0.165, -0.005, 0.01, 8.974, 0.172, -0.006, 0.01
 251031214, 9.02, 0.159, -0.002, 0.01, 8.997001, 0.165, -0.005, 0.01
 251231134, 9.043, 0.153, -0.001, 0.01, 9.02, 0.159, -0.002, 0.01
 251431054, 9.066, 0.148, 0, 0.01, 9.043, 0.153, -0.001, 0.01
 251630974, 9.09, 0.143, -0.001, 0.01, 9.066, 0.148, 0, 0.01
 251830894, 9.111, 0.139, -0.002, 0.01, 9.09, 0.143, -0.001, 0.01
 252030814, 9.13, 0.134, -0.003, 0.01, 9.111, 0.139, -0.002, 0.01
 252230734, 9.149, 0.129, -0.002, 0.01, 9.13, 0.134, -0.003, 0.01
 252430654, 9.167001, 0.124, 0, 0.01, 9.149, 0.129, -0.002, 0.01
 252631407, 9.186001, 0.118, 0.004, 0.01, 9.167001, 0.124, 0, 0.01
 252831327, 9.206, 0.111, 0.007, 0.01, 9.186001, 0.118, 0.004, 0.01
 253031247, 9.226001, 0.101, 0.007, 0.01, 9.206, 0.111, 0.007, 0.01
 253231167, 9.246, 0.09200001, 0.004, 0.01, 9.226001, 0.101, 0.007, 0.01
 253431087, 9.264001, 0.082, 0.001, 0.01, 9.246, 0.09200001, 0.004, 0.01
 253631007, 9.281, 0.07300001, 0, 0.01, 9.264001, 0.082, 0.001, 0.01
 253830927, 9.299001, 0.06500001, -0.004, 0.01, 9.281, 0.07300001, 0, 0.01
 254030847, 9.317, 0.058, -0.009000001, 0.01, 9.299001, 0.06500001, -0.004, 0.01
 254230767, 9.333, 0.051, -0.015, 0.01, 9.317, 0.058, -0.009000001, 0.01
 254430687, 9.348001, 0.045, -0.02, 0.01, 9.333, 0.051, -0.015, 0.01
 254631440, 9.363001, 0.041, -0.025, 0.01, 9.348001, 0.045, -0.02, 0.01
 254831360, 9.376, 0.036, -0.027, 0.01, 9.363001, 0.041, -0.025, 0.01
 255031280, 9.387, 0.032, -0.026, 0.01, 9.376, 0.036, -0.027, 0.01
 255231200, 9.399, 0.029, -0.022, 0.01, 9.387, 0.032, -0.026, 0.01
 255431120, 9.413, 0.026, -0.02, 0.01, 9.399, 0.029, -0.022, 0.01
 255631040, 9.426001, 0.025, -0.017, 0.01, 9.413, 0.026, -0.02, 0.01
 255830960, 9.437, 0.022, -0.013, 0.01, 9.426001, 0.025, -0.017, 0.01
 256030880, 9.449, 0.02, -0.01, 0.01, 9.437, 0.022, -0.013, 0.01
 256230800, 9.462001, 0.019, -0.01, 0.01, 9.449, 0.02, -0.01, 0.01
 256430720, 9.475, 0.019, -0.01, 0.01, 9.462001, 0.019, -0.01, 0.01
 256631473, 9.487, 0.019, -0.007, 0.01, 9.475, 0.019, -0.01, 0.01
 256831393, 9.499001, 0.018, -0.006, 0.01, 9.487, 0.019, -0.007, 0.01
 257031313, 9.511001, 0.015, -0.006, 0.01, 9.499001, 0.018, -0.006, 0.01
 257231233, 9.523001, 0.014, -0.008, 0.01, 9.511001, 0.015, -0.006, 0.01
 257431153, 9.534, 0.013, -0.009000001, 0.01, 9.523001, 0.014, -0.008, 0.01
 257631073, 9.544001, 0.013, -0.009000001, 0.01, 9.534, 0.013, -0.009000001, 0.01
 257830993, 9.553, 0.012, -0.01, 0.01, 9.544001, 0.013, -0.009000001, 0.01
 258030913, 9.563001, 0.011, -0.01, 0.01, 9.553, 0.012, -0.01, 0.01
 258230833, 9.575001, 0.011, -0.012, 0.01, 9.563001, 0.011, -0.01, 0.01
 258430753, 9.587001, 0.013, -0.013, 0.01, 9.575001, 0.011, -0.012, 0.01
 258630673, 9.599001, 0.014, -0.014, 0.01, 9.587001, 0.013, -0.013, 0.01
 258831426, 9.607, 0.014, -0.012, 0.01, 9.599001, 0.014, -0.014, 0.01
 259031346, 9.614, 0.014, -0.009000001, 0.01, 9.607, 0.014, -0.012, 0.01
 259231266, 9.622001, 0.014, -0.007, 0.01, 9.614, 0.014, -0.009000001, 0.01
 259431186, 9.629001, 0.014, -0.004, 0.01, 9.622001, 0.014, -0.007, 0.01
 259631106, 9.636001, 0.014, 0, 0.01, 9.629001, 0.014, -0.004, 0.01
 259831026, 9.642, 0.013, 0.004, 0.01, 9.636001, 0.014, 0, 0.01
 260030946, 9.648001, 0.012, 0.01, 0.01, 9.642, 0.013, 0.004, 0.01
 260230866, 9.655001, 0.012, 0.017, 0.01, 9.648001, 0.012, 0.01, 0.01
 260430786, 9.664001, 0.011, 0.021, 0.01, 9.655001, 0.012, 0.017, 0.01
 260630706, 9.676001, 0.011, 0.02, 0.01, 9.664001, 0.011, 0.021, 0.01
 260831459, 9.688001, 0.01, 0.015, 0.01, 9.676001, 0.011, 0.02, 0.01
 261031379, 9.695001, 0.009000001, 0.012, 0.01, 9.688001, 0.01, 0.015, 0.01
 261231299, 9.701, 0.009000001, 0.01, 0.01, 9.695001, 0.009000001, 0.012, 0.01
 261431219, 9.71, 0.008, 0.005, 0.01, 9.701, 0.009000001, 0.01, 0.01
 261631139, 9.718, 0.008, 0.002, 0.01, 9.71, 0.008, 0.005, 0.01
 261831059, 9.724001, 0.008, 0, 0.01, 9.718, 0.008, 0.002, 0.01
 262030979, 9.728001, 0.007, 0, 0.01, 9.724001, 0.008, 0, 0.01
 262230899, 9.732, 0.007, 0.001, 0.01, 9.728001, 0.007, 0, 0.01
 262430819, 9.737, 0.006, 0.002, 0.01, 9.732, 0.007, 0.001, 0.01
 262630739, 9.744, 0.007, 0.002, 0.01, 9.737, 0.006, 0.002, 0.01
 262830659, 9.751, 0.007, 0.001, 0.01, 9.744, 0.007, 0.002, 0.01
 263031412, 9.757001, 0.007, 0, 0.01, 9.751, 0.007, 0.001, 0.01
 263231332, 9.763, 0.008, -0.001, 0.01, 9.757001, 0.007, 0, 0.01
 263431252, 9.768001, 0.008, -0.004, 0.01, 9.763, 0.008, -0.001, 0.01
 263631172, 9.773001, 0.007, -0.007, 0.01, 9.768001, 0.008, -0.004, 0.01
 263831092, 9.779, 0.006, -0.011, 0.01, 9.773001, 0.007, -0.007, 0.01
 264031012, 9.784, 0.005, -0.014, 0.01, 9.779, 0.006, -0.011, 0.01
 264230932, 9.788, 0.005, -0.015, 0.01, 9.784, 0.005, -0.014, 0.01
 264430852, 9.789001, 0.005, -0.013, 0.01, 9.788, 0.005, -0.015, 0.01
 264630772, 9.791, 0.006, -0.009000001, 0.01, 9.789001, 0.005, -0.013, 0.01
 264830692, 9.794001, 0.005, -0.006, 0.01, 9.791, 0.006, -0.009000001, 0.01
 265031445, 9.773001, 0.006, -0.011, 0.01, 9.794001, 0.005, -0.006, 0.01
 265231365, 9.669001, 0.005, -0.022, 0.01, 9.773001, 0.006, -0.011, 0.01
 265431285, 9.5, -0.007, -0.026, 0.01, 9.669001, 0.005, -0.022, 0.01
 265631205, 9.319, -0.033, -0.021, 0.01, 9.5, -0.007, -0.026, 0.01
 265831125, 9.146001, -0.064, -0.016, 0.01, 9.319, -0.033, -0.021, 0.01
 266031045, 8.969001, -0.09500001, -0.014, 0.01, 9.146001, -0.064, -0.016, 0.01
 266230965, 8.776, -0.126, -0.013, 0.01, 8.969001, -0.09500001, -0.014, 0.01
 266430885, 8.567, -0.162, -0.01, 0.01, 8.776, -0.126, -0.013, 0.01
 266630805, 8.353001, -0.205, -0.003, 0.01, 8.567, -0.162, -0.01, 0.01
 266830725, 8.136001, -0.255, 0.006, 0.01, 8.353001, -0.205, -0.003, 0.01
 267031478, 7.920001, -0.31, 0.011, 0.01, 8.136001, -0.255, 0.006, 0.01
 267231398, 7.701, -0.37, 0.014, 0.01, 7.920001, -0.31, 0.011, 0.01
 267431318, 7.477, -0.437, 0.016, 0.01, 7.701, -0.37, 0.014, 0.01
 267631238, 7.252, -0.5100001, 0.015, 0.01, 7.477, -0.437, 0.016, 0.01
 267831158, 7.024, -0.588, 0.014, 0.01, 7.252, -0.5100001, 0.015, 0.01
 268031078, 6.792, -0.674, 0.014, 0.01, 7.024, -0.588, 0.014, 0.01
 268230998, 6.558, -0.765, 0.014, 0.01, 6.792, -0.674, 0.014, 0.01
 268430918, 6.321, -0.864, 0.015, 0.01, 6.558, -0.765, 0.014, 0.01
 268630838, 6.081, -0.97, 0.016, 0.01, 6.321, -0.864, 0.015, 0.01
 268830758, 5.838, -1.082, 0.017, 0.01, 6.081, -0.97, 0.016, 0.01
 269030678, 5.591, -1.206, 0.018, 0.01, 5.838, -1.082, 0.017, 0.01
 269231431, 5.337, -1.348, 0.016, 0.01, 5.591, -1.206, 0.018, 0.01
 269431351, 5.072, -1.511, 0.015, 0.01, 5.337, -1.348, 0.016, 0.01
 269631271, 4.793, -1.697, 0.015, 0.01, 5.072, -1.511, 0.015, 0.01
 269831191, 4.501, -1.905, 0.014, 0.01, 4.793, -1.697, 0.015, 0.01
 270031111, 4.197, -2.13, 0.015, 0.01, 4.501, -1.905, 0.014, 0.01
 270231031, 3.882, -2.368, 0.017, 0.01, 4.197, -2.13, 0.015, 0.01
 270430951, 3.559, -2.613, 0.018, 0.01, 3.882, -2.368, 0.017, 0.01
 270630871, 3.234, -2.861, 0.019, 0.01, 3.559, -2.613, 0.018, 0.01
 270830791, 2.917, -3.107, 0.021, 0.01, 3.234, -2.861, 0.019, 0.01
 271030711, 2.614, -3.352, 0.022, 0.01, 2.917, -3.107, 0.021, 0.01
 271231464, 2.33, -3.591, 0.02, 0.01, 2.614, -3.352, 0.022, 0.01
 271431384, 2.067, -3.824, 0.018, 0.01, 2.33, -3.591, 0.02, 0.01
 271631304, 1.823, -4.051, 0.016, 0.01, 2.067, -3.824, 0.018, 0.01
 271831224, 1.6, -4.273, 0.014, 0.01, 1.823, -4.051, 0.016, 0.01
 272031144, 1.395, -4.49, 0.011, 0.01, 1.6, -4.273, 0.014, 0.01
 272231064, 1.208, -4.702, 0.009000001, 0.01, 1.395, -4.49, 0.011, 0.01
 272430984, 1.04, -4.911, 0.007, 0.01, 1.208, -4.702, 0.009000001, 0.01
 272630904, 0.891, -5.119, 0.003, 0.01, 1.04, -4.911, 0.007, 0.01
 272830824, 0.762, -5.322, 0, 0.01, 0.891, -5.119, 0.003, 0.01
 273030744, 0.651, -5.521, -0.004, 0.01, 0.762, -5.322, 0, 0.01
 273230664, 0.557, -5.711, -0.007, 0.01, 0.651, -5.521, -0.004, 0.01
 273431417, 0.478, -5.89, -0.011, 0.01, 0.557, -5.711, -0.007, 0.01
 273631337, 0.412, -6.056, -0.013, 0.01, 0.478, -5.89, -0.011, 0.01
 273831257, 0.354, -6.213, -0.013, 0.01, 0.412, -6.056, -0.013, 0.01
 274031177, 0.304, -6.363, -0.013, 0.01, 0.354, -6.213, -0.013, 0.01
 274231097, 0.262, -6.503, -0.014, 0.01, 0.304, -6.363, -0.013, 0.01
 274431017, 0.227, -6.636, -0.015, 0.01, 0.262, -6.503, -0.014, 0.01
 274630937, 0.198, -6.76, -0.015, 0.01, 0.227, -6.636, -0.015, 0.01
 274830857, 0.174, -6.877, -0.013, 0.01, 0.198, -6.76, -0.015, 0.01
 275030777, 0.154, -6.986001, -0.009000001, 0.01, 0.174, -6.877, -0.013, 0.01
 275230697, 0.137, -7.091001, -0.009000001, 0.01, 0.154, -6.986001, -0.009000001, 0.01
 275431450, 0.122, -7.191, -0.013, 0.01, 0.137, -7.091001, -0.009000001, 0.01
 275631370, 0.107, -7.282001, -0.015, 0.01, 0.122, -7.191, -0.013, 0.01
 275831290, 0.09500001, -7.365, -0.015, 0.01, 0.107, -7.282001, -0.015, 0.01
 276031210, 0.085, -7.446001, -0.016, 0.01, 0.09500001, -7.365, -0.015, 0.01
 276231130, 0.078, -7.523, -0.017, 0.01, 0.085, -7.446001, -0.016, 0.01
 276431050, 0.072, -7.596, -0.018, 0.01, 0.078, -7.523, -0.017, 0.01
 276630970, 0.06500001, -7.667, -0.02, 0.01, 0.072, -7.596, -0.018, 0.01
 276830890, 0.059, -7.732, -0.022, 0.01, 0.06500001, -7.667, -0.02, 0.01
 277030810, 0.052, -7.794, -0.022, 0.01, 0.059, -7.732, -0.022, 0.01
 277230730, 0.047, -7.854001, -0.02, 0.01, 0.052, -7.794, -0.022, 0.01
 277431483, 0.043, -7.913001, -0.019, 0.01, 0.047, -7.854001, -0.02, 0.01
 277631403, 0.039, -7.973001, -0.019, 0.01, 0.043, -7.913001, -0.019, 0.01
 277831323, 0.035, -8.028001, -0.022, 0.01, 0.039, -7.973001, -0.019, 0.01
 278031243, 0.031, -8.076, -0.021, 0.01, 0.035, -8.028001, -0.022, 0.01
 278231163, 0.028, -8.122001, -0.017, 0.01, 0.031, -8.076, -0.021, 0.01
 278431083, 0.024, -8.17, -0.016, 0.01, 0.028, -8.122001, -0.017, 0.01
 278631003, 0.021, -8.218, -0.016, 0.01, 0.024, -8.17, -0.016, 0.01
 278830923, 0.017, -8.263, -0.015, 0.01, 0.021, -8.218, -0.016, 0.01
 279030843, 0.013, -8.307, -0.015, 0.01, 0.017, -8.263, -0.015, 0.01
 279230763, 0.01, -8.348001, -0.011, 0.01, 0.013, -8.307, -0.015, 0.01
 279430683, 0.005, -8.388, -0.006, 0.01, 0.01, -8.348001, -0.011, 0.01
 279631436, 0, -8.429001, -0.004, 0.01, 0.005, -8.388, -0.006, 0.01
 279831356, -0.004, -8.469001, -0.002, 0.01, 0, -8.429001, -0.004, 0.01
 280031276, -0.009000001, -8.508, -0.001, 0.01, -0.004, -8.469001, -0.002, 0.01
 280231196, -0.013, -8.546, -0.001, 0.01, -0.009000001, -8.508, -0.001, 0.01
 280431116, -0.017, -8.583, -0.001, 0.01, -0.013, -8.546, -0.001, 0.01
 280631036, -0.021, -8.619, -0.003, 0.01, -0.017, -8.583, -0.001, 0.01
 280830956, -0.024, -8.653001, -0.004, 0.01, -0.021, -8.619, -0.003, 0.01
 281030876, -0.026, -8.687, -0.006, 0.01, -0.024, -8.653001, -0.004, 0.01
 281230796, -0.028, -8.719001, -0.008, 0.01, -0.026, -8.687, -0.006, 0.01
 281430716, -0.031, -8.752001, -0.01, 0.01, -0.028, -8.719001, -0.008, 0.01
 281631469, -0.034, -8.785001, -0.013, 0.01, -0.031, -8.752001, -0.01, 0.01
 281831389, -0.036, -8.815001, -0.016, 0.01, -0.034, -8.785001, -0.013, 0.01
 282031309, -0.038, -8.844001, -0.017, 0.01, -0.036, -8.815001, -0.016, 0.01
 282231229, -0.039, -8.870001, -0.017, 0.01, -0.038, -8.844001, -0.017, 0.01
 282431149, -0.039, -8.895, -0.014, 0.01, -0.039, -8.870001, -0.017, 0.01
 282631069, -0.04, -8.922001, -0.012, 0.01, -0.039, -8.895, -0.014, 0.01
 282830989, -0.04, -8.947001, -0.01, 0.01, -0.04, -8.922001, -0.012, 0.01
 283030909, -0.038, -8.97, -0.006, 0.01, -0.04, -8.947001, -0.01, 0.01
 283230829, -0.037, -8.995001, -0.005, 0.01, -0.038, -8.97, -0.006, 0.01
 283430749, -0.036, -9.022, -0.004, 0.01, -0.037, -8.995001, -0.005, 0.01
 283630669, -0.036, -9.046, -0.001, 0.01, -0.036, -9.022, -0.004, 0.01
 283831422, -0.035, -9.069, 0, 0.01, -0.036, -9.046, -0.001, 0.01
 284031342, -0.034, -9.091001, 0.004, 0.01, -0.035, -9.069, 0, 0.01
 284231262, -0.032, -9.112, 0.008, 0.01, -0.034, -9.091001, 0.004, 0.01
 284431182, -0.029, -9.134001, 0.01, 0.01, -0.032, -9.112, 0.008, 0.01
 284631102, -0.026, -9.154, 0.014, 0.01, -0.029, -9.134001, 0.01, 0.01
 284831022, -0.024, -9.173, 0.019, 0.01, -0.026, -9.154, 0.014, 0.01
 285030942, -0.021, -9.193001, 0.025, 0.01, -0.024, -9.173, 0.019, 0.01
 285230862, -0.02, -9.214001, 0.028, 0.01, -0.021, -9.193001, 0.025, 0.01
 285430782, -0.018, -9.240001, 0.023, 0.01, -0.02, -9.214001, 0.028, 0.01
 285630702, -0.017, -9.264001, 0.014, 0.01, -0.018, -9.240001, 0.023, 0.01
 285831455, -0.016, -9.282001, 0.009000001, 0.01, -0.017, -9.264001, 0.014, 0.01
 286031375, -0.015, -9.296, 0.007, 0.01, -0.016, -9.282001, 0.009000001, 0.01
 286231295, -0.013, -9.31, 0.009000001, 0.01, -0.015, -9.296, 0.007, 0.01
 286431215, -0.011, -9.325001, 0.011, 0.01, -0.013, -9.31, 0.009000001, 0.01
 286631135, -0.01, -9.341001, 0.014, 0.01, -0.011, -9.325001, 0.011, 0.01
 286831055, -0.01, -9.357, 0.015, 0.01, -0.01, -9.341001, 0.014, 0.01
 287030975, -0.008, -9.373, 0.016, 0.01, -0.01, -9.357, 0.015, 0.01
 287230895, -0.007, -9.389001, 0.014, 0.01, -0.008, -9.373, 0.016, 0.01
 287430815, -0.008, -9.403001, 0.013, 0.01, -0.007, -9.389001, 0.014, 0.01
 287630735, -0.008, -9.419001, 0.01, 0.01, -0.008, -9.403001, 0.013, 0.01
 287830655, -0.008, -9.433001, 0.007, 0.01, -0.008, -9.419001, 0.01, 0.01
 288031408, -0.007, -9.447001, 0.005, 0.01, -0.008, -9.433001, 0.007, 0.01
 288231328, -0.008, -9.458, 0.006, 0.01, -0.007, -9.447001, 0.005, 0.01
 288431248, -0.008, -9.467, 0.011, 0.01, -0.008, -9.458, 0.006, 0.01
 288631168, -0.009000001, -9.475, 0.015, 0.01, -0.008, -9.467, 0.011, 0.01
 288831088, -0.009000001, -9.487, 0.015, 0.01, -0.009000001, -9.475, 0.015, 0.01
 289031008, -0.009000001, -9.502001, 0.012, 0.01, -0.009000001, -9.487, 0.015, 0.01
 289230928, -0.008, -9.518001, 0.005, 0.01, -0.009000001, -9.502001, 0.012, 0.01
 289430848, -0.008, -9.531, -0.001, 0.01, -0.008, -9.518001, 0.005, 0.01
 289630768, -0.008, -9.542001, -0.005, 0.01, -0.008, -9.531, -0.001, 0.01
 289830688, -0.008, -9.549001, -0.005, 0.01, -0.008, -9.542001, -0.005, 0.01
 290031441, -0.008, -9.558001, -0.005, 0.01, -0.008, -9.549001, -0.005, 0.01
 290231361, -0.008, -9.564, -0.006, 0.01, -0.008, -9.558001, -0.005, 0.01
 290431281, -0.007, -9.516001, -0.016, 0.01, -0.008, -9.564, -0.006, 0.01
 290631201, -0.01, -9.38, -0.025, 0.01, -0.007, -9.516001, -0.016, 0.01
 290831121, -0.027, -9.201, -0.027, 0.01, -0.01, -9.38, -0.025, 0.01
 291031041, -0.053, -9.024, -0.023, 0.01, -0.027, -9.201, -0.027, 0.01
 291230961, -0.081, -8.85, -0.019, 0.01, -0.053, -9.024, -0.023, 0.01
 291430881, -0.109, -8.664001, -0.015, 0.01, -0.081, -8.85, -0.019, 0.01
 291630801, -0.139, -8.463, -0.006, 0.01, -0.109, -8.664001, -0.015, 0.01
 291830721, -0.175, -8.252001, 0.003, 0.01, -0.139, -8.463, -0.006, 0.01
 292031474, -0.218, -8.039001, 0.011, 0.01, -0.175, -8.252001, 0.003, 0.01
 292231394, -0.267, -7.824, 0.021, 0.01, -0.218, -8.039001, 0.011, 0.01
 292431314, -0.321, -7.606, 0.025, 0.01, -0.267, -7.824, 0.021, 0.01
 292631234, -0.382, -7.384, 0.027, 0.01, -0.321, -7.606, 0.025, 0.01
 292831154, -0.449, -7.159, 0.025, 0.01, -0.382, -7.384, 0.027, 0.01
 293031074, -0.522, -6.932, 0.023, 0.01, -0.449, -7.159, 0.025, 0.01
 293230994, -0.601, -6.702, 0.02, 0.01, -0.522, -6.932, 0.023, 0.01
 293430914, -0.687, -6.469, 0.018, 0.01, -0.601, -6.702, 0.02, 0.01
 293630834, -0.78, -6.23, 0.016, 0.01, -0.687, -6.469, 0.018, 0.01
 293830754, -0.8790001, -5.988, 0.017, 0.01, -0.78, -6.23, 0.016, 0.01
 294030674, -0.9850001, -5.744, 0.018, 0.01, -0.8790001, -5.988, 0.017, 0.01
 294231427, -1.097, -5.495, 0.021, 0.01, -0.9850001, -5.744, 0.018, 0.01
 294431347, -1.222, -5.242, 0.023, 0.01, -1.097, -5.495, 0.021, 0.01
 294631267, -1.367, -4.981, 0.023, 0.01, -1.222, -5.242, 0.023, 0.01
 294831187, -1.538, -4.709, 0.021, 0.01, -1.367, -4.981, 0.023, 0.01
 295031107, -1.732, -4.425, 0.019, 0.01, -1.538, -4.709, 0.021, 0.01
 295231027, -1.946, -4.126, 0.017, 0.01, -1.732, -4.425, 0.019, 0.01
 295430947, -2.174, -3.812, 0.016, 0.01, -1.946, -4.126, 0.017, 0.01
 295630867, -2.414, -3.487, 0.015, 0.01, -2.174, -3.812, 0.016, 0.01
 295830787, -2.657, -3.16, 0.014, 0.01, -2.414, -3.487, 0.015, 0.01
 296030707, -2.899, -2.837, 0.014, 0.01, -2.657, -3.16, 0.014, 0.01
 296231460, -3.139, -2.527, 0.015, 0.01, -2.899, -2.837, 0.014, 0.01
 296431380, -3.374, -2.238, 0.018, 0.01, -3.139, -2.527, 0.015, 0.01
 296631300, -3.606, -1.972, 0.021, 0.01, -3.374, -2.238, 0.018, 0.01
 296831220, -3.833, -1.727, 0.025, 0.01, -3.606, -1.972, 0.021, 0.01
 297031140, -4.057, -1.501, 0.025, 0.01, -3.833, -1.727, 0.025, 0.01
 297231060, -4.277, -1.296, 0.022, 0.01, -4.057, -1.501, 0.025, 0.01
 297430980, -4.492, -1.11, 0.017, 0.01, -4.277, -1.296, 0.022, 0.01
 297630900, -4.705, -0.943, 0.013, 0.01, -4.492, -1.11, 0.017, 0.01
 297830820, -4.913, -0.798, 0.009000001, 0.01, -4.705, -0.943, 0.013, 0.01
 298030740, -5.121, -0.673, 0.003, 0.01, -4.913, -0.798, 0.009000001, 0.01
 298230660, -5.327, -0.569, -0.001, 0.01, -5.121, -0.673, 0.003, 0.01
 298431413, -5.527, -0.482, -0.007, 0.01, -5.327, -0.569, -0.001, 0.01
 298631333, -5.719, -0.406, -0.014, 0.01, -5.527, -0.482, -0.007, 0.01
 298831253, -5.897, -0.342, -0.019, 0.01, -5.719, -0.406, -0.014, 0.01
 299031173, -6.064, -0.287, -0.021, 0.01, -5.897, -0.342, -0.019, 0.01
 299231093, -6.223001, -0.242, -0.022, 0.01, -6.064, -0.287, -0.021, 0.01
 299431013, -6.374, -0.206, -0.023, 0.01, -6.223001, -0.242, -0.022, 0.01
 299630933, -6.515, -0.178, -0.023, 0.01, -6.374, -0.206, -0.023, 0.01
 299830853, -6.648, -0.154, -0.024, 0.01, -6.515, -0.178, -0.023, 0.01
 300030773, -6.773, -0.133, -0.027, 0.01, -6.648, -0.154, -0.024, 0.01
 300230693, -6.89, -0.117, -0.028, 0.01, -6.773, -0.133, -0.027, 0.01
 300431446, -6.998, -0.105, -0.029, 0.01, -6.89, -0.117, -0.028, 0.01
 300631366, -7.099, -0.09500001, -0.027, 0.01, -6.998, -0.105, -0.029, 0.01
 300831286, -7.193, -0.089, -0.023, 0.01, -7.099, -0.09500001, -0.027, 0.01
 301031206, -7.282001, -0.083, -0.019, 0.01, -7.193, -0.089, -0.023, 0.01
 301231126, -7.367001, -0.079, -0.018, 0.01, -7.282001, -0.083, -0.019, 0.01
 301431046, -7.447001, -0.074, -0.02, 0.01, -7.367001, -0.079, -0.018, 0.01
 301630966, -7.522, -0.07, -0.022, 0.01, -7.447001, -0.074, -0.02, 0.01
 301830886, -7.59, -0.067, -0.018, 0.01, -7.522, -0.07, -0.022, 0.01
 302030806, -7.655, -0.064, -0.013, 0.01, -7.59, -0.067, -0.018, 0.01
 302230726, -7.718, -0.06, -0.005, 0.01, -7.655, -0.064, -0.013, 0.01
 302431479, -7.778, -0.056, 0.002, 0.01, -7.718, -0.06, -0.005, 0.01
 302631399, -7.836, -0.052, 0.01, 0.01, -7.778, -0.056, 0.002, 0.01
 302831319, -7.893001, -0.047, 0.017, 0.01, -7.836, -0.052, 0.01, 0.01
 303031239, -7.947001, -0.042, 0.022, 0.01, -7.893001, -0.047, 0.017, 0.01
 303231159, -8.001, -0.035, 0.025, 0.01, -7.947001, -0.042, 0.022, 0.01
 303431079, -8.054001, -0.026, 0.024, 0.01, -8.001, -0.035, 0.025, 0.01
 303630999, -8.105, -0.018, 0.021, 0.01, -8.054001, -0.026, 0.024, 0.01
 303830919, -8.153001, -0.01, 0.018, 0.01, -8.105, -0.018, 0.021, 0.01
 304030839, -8.201, -0.003, 0.012, 0.01, -8.153001, -0.01, 0.018, 0.01
 304230759, -8.247001, 0.002, 0.007, 0.01, -8.201, -0.003, 0.012, 0.01
 304430679, -8.291, 0.007, 0.002, 0.01, -8.247001, 0.002, 0.007, 0.01
 304631432, -8.334001, 0.013, -0.002, 0.01, -8.291, 0.007, 0.002, 0.01
 304831352, -8.374001, 0.018, -0.003, 0.01, -8.334001, 0.013, -0.002, 0.01
 305031272, -8.413, 0.023, -0.004, 0.01, -8.374001, 0.018, -0.003, 0.01
 305231192, -8.452001, 0.028, -0.006, 0.01, -8.413, 0.023, -0.004, 0.01
 305431112, -8.489, 0.031, -0.007, 0.01, -8.452001, 0.028, -0.006, 0.01
 305631032, -8.524, 0.034, -0.007, 0.01, -8.489, 0.031, -0.007, 0.01
 305830952, -8.557, 0.036, -0.004, 0.01, -8.524, 0.034, -0.007, 0.01
 306030872, -8.593, 0.038, -0.003, 0.01, -8.557, 0.036, -0.004, 0.01
 306230792, -8.629001, 0.039, -0.003, 0.01, -8.593, 0.038, -0.003, 0.01
 306430712, -8.664001, 0.04, -0.005, 0.01, -8.629001, 0.039, -0.003, 0.01
 306631465, -8.696, 0.041, -0.007, 0.01, -8.664001, 0.04, -0.005, 0.01
 306831385, -8.726001, 0.042, -0.008, 0.01, -8.696, 0.041, -0.007, 0.01
 307031305, -8.754001, 0.043, -0.004, 0.01, -8.726001, 0.042, -0.008, 0.01
 307231225, -8.782001, 0.044, -0.001, 0.01, -8.754001, 0.043, -0.004, 0.01
 307431145, -8.811001, 0.045, 0.002, 0.01, -8.782001, 0.044, -0.001, 0.01
 307631065, -8.841001, 0.046, 0.007, 0.01, -8.811001, 0.045, 0.002, 0.01
 307830985, -8.870001, 0.047, 0.011, 0.01, -8.841001, 0.046, 0.007, 0.01
 308030905, -8.898001, 0.047, 0.012, 0.01, -8.870001, 0.047, 0.011, 0.01
 308230825, -8.925, 0.046, 0.014, 0.01, -8.898001, 0.047, 0.012, 0.01
 308430745, -8.951, 0.046, 0.017, 0.01, -8.925, 0.046, 0.014, 0.01
 308630665, -8.978001, 0.045, 0.02, 0.01, -8.951, 0.046, 0.017, 0.01
 308831418, -9.006001, 0.045, 0.019, 0.01, -8.978001, 0.045, 0.02, 0.01
 309031338, -9.031, 0.044, 0.017, 0.01, -9.006001, 0.045, 0.019, 0.01
 309231258, -9.054001, 0.043, 0.016, 0.01, -9.031, 0.044, 0.017, 0.01
 309431178, -9.078, 0.041, 0.015, 0.01, -9.054001, 0.043, 0.016, 0.01
 309631098, -9.103001, 0.04, 0.012, 0.01, -9.078, 0.041, 0.015, 0.01
 309831018, -9.125, 0.038, 0.01, 0.01, -9.103001, 0.04, 0.012, 0.01
 310030938, -9.143001, 0.037, 0.011, 0.01, -9.125, 0.038, 0.01, 0.01
 310230858, -9.163, 0.036, 0.011, 0.01, -9.143001, 0.037, 0.011, 0.01
 310430778, -9.185, 0.035, 0.009000001, 0.01, -9.163, 0.036, 0.011, 0.01
 310630698, -9.206, 0.034, 0.006, 0.01, -9.185, 0.035, 0.009000001, 0.01
 310831451, -9.224, 0.033, 0.005, 0.01, -9.206, 0.034, 0.006, 0.01
 311031371, -9.242001, 0.032, 0.003, 0.01, -9.224, 0.033, 0.005, 0.01
 311231291, -9.26, 0.031, 0, 0.01, -9.242001, 0.032, 0.003, 0.01
 311431211, -9.280001, 0.03, -0.004, 0.01, -9.26, 0.031, 0, 0.01
 311631131, -9.297001, 0.03, -0.009000001, 0.01, -9.280001, 0.03, -0.004, 0.01
 311831051, -9.312, 0.029, -0.013, 0.01, -9.297001, 0.03, -0.009000001, 0.01
 312030971, -9.326, 0.029, -0.014, 0.01, -9.312, 0.029, -0.013, 0.01
 312230891, -9.339001, 0.029, -0.013, 0.01, -9.326, 0.029, -0.014, 0.01
 312430811, -9.353001, 0.028, -0.011, 0.01, -9.339001, 0.029, -0.013, 0.01
 312630731, -9.366, 0.025, -0.005, 0.01, -9.353001, 0.028, -0.011, 0.01
 312831484, -9.378, 0.021, 0, 0.01, -9.366, 0.025, -0.005, 0.01
 313031404, -9.393001, 0.018, 0.002, 0.01, -9.378, 0.021, 0, 0.01
 313231324, -9.409, 0.014, 0.005, 0.01, -9.393001, 0.018, 0.002, 0.01
 313431244, -9.424001, 0.011, 0.005, 0.01, -9.409, 0.014, 0.005, 0.01
 313631164, -9.438001, 0.009000001, 0.004, 0.01, -9.424001, 0.011, 0.005, 0.01
 313831084, -9.450001, 0.007, 0.005, 0.01, -9.438001, 0.009000001, 0.004, 0.01
 314031004, -9.462001, 0.004, 0.006, 0.01, -9.450001, 0.007, 0.005, 0.01
 314230924, -9.474, 0.001, 0.007, 0.01, -9.462001, 0.004, 0.006, 0.01
 314430844, -9.487, 0, 0.006, 0.01, -9.474, 0.001, 0.007, 0.01
 314630764, -9.502001, -0.001, 0.003, 0.01, -9.487, 0, 0.006, 0.01
 314830684, -9.516001, -0.002, -0.001, 0.01, -9.502001, -0.001, 0.003, 0.01
 315031437, -9.530001, -0.002, -0.006, 0.01, -9.516001, -0.002, -0.001, 0.01
 315231357, -9.512, -0.003, -0.015, 0.01, -9.530001, -0.002, -0.006, 0.01
 315431277, -9.406, -0.004, -0.027, 0.01, -9.512, -0.003, -0.015, 0.01
 315631197, -9.235001, 0.005, -0.03, 0.01, -9.406, -0.004, -0.027, 0.01
 315831117, -9.055, 0.026, -0.027, 0.01, -9.235001, 0.005, -0.03, 0.01
 316031037, -8.883, 0.053, -0.025, 0.01, -9.055, 0.026, -0.027, 0.01
 316230957, -8.703, 0.078, -0.021, 0.01, -8.883, 0.053, -0.025, 0.01
 316430877, -8.506001, 0.105, -0.018, 0.01, -8.703, 0.078, -0.021, 0.01
 316630797, -8.297, 0.138, -0.015, 0.01, -8.506001, 0.105, -0.018, 0.01
 316830717, -8.084001, 0.178, -0.012, 0.01, -8.297, 0.138, -0.015, 0.01
 317031470, -7.87, 0.224, -0.011, 0.01, -8.084001, 0.178, -0.012, 0.01
 317231390, -7.652, 0.275, -0.01, 0.01, -7.87, 0.224, -0.011, 0.01
 317431310, -7.427001, 0.331, -0.006, 0.01, -7.652, 0.275, -0.01, 0.01
 317631230, -7.199, 0.394, 0.001, 0.01, -7.427001, 0.331, -0.006, 0.01
 317831150, -6.97, 0.463, 0.008, 0.01, -7.199, 0.394, 0.001, 0.01
 318031070, -6.741, 0.538, 0.012, 0.01, -6.97, 0.463, 0.008, 0.01
 318230990, -6.509, 0.619, 0.014, 0.01, -6.741, 0.538, 0.012, 0.01
 318430910, -6.272, 0.7090001, 0.018, 0.01, -6.509, 0.619, 0.014, 0.01
 318630830, -6.034, 0.8060001, 0.02, 0.01, -6.272, 0.7090001, 0.018, 0.01
 318830750, -5.794, 0.9110001, 0.019, 0.01, -6.034, 0.8060001, 0.02, 0.01
 319030670, -5.55, 1.024, 0.018, 0.01, -5.794, 0.9110001, 0.019, 0.01
 319231423, -5.3, 1.145, 0.016, 0.01, -5.55, 1.024, 0.018, 0.01
 319431343, -5.043, 1.279, 0.016, 0.01, -5.3, 1.145, 0.016, 0.01
 319631263, -4.776, 1.435, 0.015, 0.01, -5.043, 1.279, 0.016, 0.01
 319831183, -4.495, 1.618, 0.016, 0.01, -4.776, 1.435, 0.015, 0.01
 320031103, -4.199, 1.822, 0.017, 0.01, -4.495, 1.618, 0.016, 0.01
 320231023, -3.89, 2.041, 0.02, 0.01, -4.199, 1.822, 0.017, 0.01
 320430943, -3.572, 2.269, 0.022, 0.01, -3.89, 2.041, 0.02, 0.01
 320630863, -3.245, 2.505, 0.025, 0.01, -3.572, 2.269, 0.022, 0.01
 320830783, -2.918, 2.743, 0.027, 0.01, -3.245, 2.505, 0.025, 0.01
 321030703, -2.601, 2.982, 0.027, 0.01, -2.918, 2.743, 0.027, 0.01
 321231456, -2.302, 3.217, 0.027, 0.01, -2.601, 2.982, 0.027, 0.01
 321431376, -2.028, 3.447, 0.024, 0.01, -2.302, 3.217, 0.027, 0.01
 321631296, -1.777, 3.673, 0.021, 0.01, -2.028, 3.447, 0.024, 0.01
 321831216, -1.548, 3.895, 0.016, 0.01, -1.777, 3.673, 0.021, 0.01
 322031136, -1.34, 4.111, 0.014, 0.01, -1.548, 3.895, 0.016, 0.01
 322231056, -1.149, 4.322, 0.011, 0.01, -1.34, 4.111, 0.014, 0.01
 322430976, -0.978, 4.531, 0.007, 0.01, -1.149, 4.322, 0.011, 0.01
 322630896, -0.825, 4.739, 0.003, 0.01, -0.978, 4.531, 0.007, 0.01
 322830816, -0.693, 4.945, -0.003, 0.01, -0.825, 4.739, 0.003, 0.01
 323030736, -0.5790001, 5.149, -0.009000001, 0.01, -0.693, 4.945, -0.003, 0.01
 323230656, -0.482, 5.349, -0.013, 0.01, -0.5790001, 5.149, -0.009000001, 0.01
 323431409, -0.403, 5.545, -0.014, 0.01, -0.482, 5.349, -0.013, 0.01
 323631329, -0.339, 5.734, -0.016, 0.01, -0.403, 5.545, -0.014, 0.01
 323831249, -0.287, 5.91, -0.013, 0.01, -0.339, 5.734, -0.016, 0.01
 324031169, -0.244, 6.075, -0.007, 0.01, -0.287, 5.91, -0.013, 0.01
 324231089, -0.208, 6.232, -0.001, 0.01, -0.244, 6.075, -0.007, 0.01
 324431009, -0.178, 6.382, 0.001, 0.01, -0.208, 6.232, -0.001, 0.01
 324630929, -0.155, 6.523, 0.002, 0.01, -0.178, 6.382, 0.001, 0.01
 324830849, -0.136, 6.658, 0.002, 0.01, -0.155, 6.523, 0.002, 0.01
 325030769, -0.122, 6.782001, 0.001, 0.01, -0.136, 6.658, 0.002, 0.01
 325230689, -0.112, 6.899, -0.001, 0.01, -0.122, 6.782001, 0.001, 0.01
 325431442, -0.105, 7.008, -0.006, 0.01, -0.112, 6.899, -0.001, 0.01
 325631362, -0.101, 7.108, -0.009000001, 0.01, -0.105, 7.008, -0.006, 0.01
 325831282, -0.098, 7.202, -0.012, 0.01, -0.101, 7.108, -0.009000001, 0.01
 326031202, -0.09500001, 7.29, -0.015, 0.01, -0.098, 7.202, -0.012, 0.01
 326231122, -0.093, 7.373, -0.02, 0.01, -0.09500001, 7.29, -0.015, 0.01
 326431042, -0.089, 7.45, -0.024, 0.01, -0.093, 7.373, -0.02, 0.01
 326630962, -0.08400001, 7.521, -0.024, 0.01, -0.089, 7.45, -0.024, 0.01
 326830882, -0.079, 7.589, -0.024, 0.01, -0.08400001, 7.521, -0.024, 0.01
 327030802, -0.074, 7.654, -0.022, 0.01, -0.079, 7.589, -0.024, 0.01
 327230722, -0.06900001, 7.716001, -0.018, 0.01, -0.074, 7.654, -0.022, 0.01
 327431475, -0.063, 7.776, -0.018, 0.01, -0.06900001, 7.716001, -0.018, 0.01
 327631395, -0.058, 7.835001, -0.018, 0.01, -0.063, 7.776, -0.018, 0.01
 327831315, -0.052, 7.891, -0.018, 0.01, -0.058, 7.835001, -0.018, 0.01
 328031235, -0.046, 7.943, -0.017, 0.01, -0.052, 7.891, -0.018, 0.01
 328231155, -0.04, 7.992001, -0.013, 0.01, -0.046, 7.943, -0.017, 0.01
 328431075, -0.036, 8.041, -0.007, 0.01, -0.04, 7.992001, -0.013, 0.01
 328630995, -0.031, 8.09, 0, 0.01, -0.036, 8.041, -0.007, 0.01
 328830915, -0.025, 8.139, 0.005, 0.01, -0.031, 8.09, 0, 0.01
 329030835, -0.023, 8.185, 0.008, 0.01, -0.025, 8.139, 0.005, 0.01
 329230755, -0.019, 8.229, 0.011, 0.01, -0.023, 8.185, 0.008, 0.01
 329430675, -0.014, 8.273001, 0.014, 0.01, -0.019, 8.229, 0.011, 0.01
 329631428, -0.009000001, 8.318001, 0.014, 0.01, -0.014, 8.273001, 0.014, 0.01
 329831348, -0.005, 8.362, 0.013, 0.01, -0.009000001, 8.318001, 0.014, 0.01
 330031268, 0, 8.403001, 0.01, 0.01, -0.005, 8.362, 0.013, 0.01
 330231188, 0.002, 8.441, 0.007, 0.01, 0, 8.403001, 0.01, 0.01
 330431108, 0.004, 8.48, 0.004, 0.01, 0.002, 8.441, 0.007, 0.01
 330631028, 0.008, 8.518001, 0, 0.01, 0.004, 8.48, 0.004, 0.01
 330830948, 0.012, 8.554001, -0.002, 0.01, 0.008, 8.518001, 0, 0.01
 331030868, 0.015, 8.589001, -0.005, 0.01, 0.012, 8.554001, -0.002, 0.01
 331230788, 0.016, 8.623, -0.009000001, 0.01, 0.015, 8.589001, -0.005, 0.01
 331430708, 0.018, 8.656, -0.01, 0.01, 0.016, 8.623, -0.009000001, 0.01
 331631461, 0.02, 8.689, -0.01, 0.01, 0.018, 8.656, -0.01, 0.01
 331831381, 0.022, 8.718, -0.008, 0.01, 0.02, 8.689, -0.01, 0.01
 332031301, 0.026, 8.747001, -0.005, 0.01, 0.022, 8.718, -0.008, 0.01
 332231221, 0.026, 8.776, 0, 0.01, 0.026, 8.747001, -0.005, 0.01
 332431141, 0.026, 8.805, 0.003, 0.01, 0.026, 8.776, 0, 0.01
 332631061, 0.027, 8.835, 0.004, 0.01, 0.026, 8.805, 0.003, 0.01
 332830981, 0.027, 8.864, 0.005, 0.01, 0.027, 8.835, 0.004, 0.01
 333030901, 0.027, 8.893001, 0.006, 0.01, 0.027, 8.864, 0.005, 0.01
 333230821, 0.026, 8.92, 0.006, 0.01, 0.027, 8.893001, 0.006, 0.01
 333430741, 0.026, 8.948, 0.005, 0.01, 0.026, 8.92, 0.006, 0.01
 333630661, 0.026, 8.974, 0.006, 0.01, 0.026, 8.948, 0.005, 0.01
 333831414, 0.026, 8.999001, 0.007, 0.01, 0.026, 8.974, 0.006, 0.01
 334031334, 0.026, 9.021001, 0.01, 0.01, 0.026, 8.999001, 0.007, 0.01
 334231254, 0.021, 9.043, 0.014, 0.01, 0.026, 9.021001, 0.01, 0.01
 334431174, 0.018, 9.067, 0.016, 0.01, 0.021, 9.043, 0.014, 0.01
 334631094, 0.026, 9.093, 0.015, 0.01, 0.018, 9.067, 0.016, 0.01
 334831014, 0.028, 9.118, 0.012, 0.01, 0.026, 9.093, 0.015, 0.01
 335030934, 0.021, 9.142, 0.007, 0.01, 0.028, 9.118, 0.012, 0.01
 335230854, 0.015, 9.163, 0.003, 0.01, 0.021, 9.142, 0.007, 0.01
 335430774, 0.017, 9.182, 0, 0.01, 0.015, 9.163, 0.003, 0.01
 335630694, 0.022, 9.200001, 0, 0.01, 0.017, 9.182, 0, 0.01
 335831447, 0.027, 9.219001, -0.001, 0.01, 0.022, 9.200001, 0, 0.01
 336031367, 0.021, 9.239, -0.003, 0.01, 0.027, 9.219001, -0.001, 0.01
 336231287, 0.014, 9.26, -0.006, 0.01, 0.021, 9.239, -0.003, 0.01
 336431207, 0.015, 9.277, -0.01, 0.01, 0.014, 9.26, -0.006, 0.01
 336631127, 0.017, 9.294001, -0.013, 0.01, 0.015, 9.277, -0.01, 0.01
 336831047, 0.018, 9.31, -0.014, 0.01, 0.017, 9.294001, -0.013, 0.01
 337030967, 0.017, 9.324, -0.011, 0.01, 0.018, 9.31, -0.014, 0.01
 337230887, 0.015, 9.339001, -0.008, 0.01, 0.017, 9.324, -0.011, 0.01
 337430807, 0.014, 9.354, -0.004, 0.01, 0.015, 9.339001, -0.008, 0.01
 337630727, 0.013, 9.369, -0.001, 0.01, 0.014, 9.354, -0.004, 0.01
 337831480, 0.013, 9.384001, 0.001, 0.01, 0.013, 9.369, -0.001, 0.01
 338031400, 0.013, 9.397, 0.003, 0.01, 0.013, 9.384001, 0.001, 0.01
 338231320, 0.013, 9.411, 0.001, 0.01, 0.013, 9.397, 0.003, 0.01
 338431240, 0.012, 9.423, 0, 0.01, 0.013, 9.411, 0.001, 0.01
 338631160, 0.01, 9.427, 0, 0.01, 0.012, 9.423, 0, 0.01
 338831080, 0.009000001, 9.425, -0.004, 0.01, 0.01, 9.427, 0, 0.01
 339031000, 0.007, 9.414001, -0.009000001, 0.01, 0.009000001, 9.425, -0.004, 0.01
 339230920, 0.006, 9.394, -0.013, 0.01, 0.007, 9.414001, -0.009000001, 0.01
 339430840, 0.002, 9.368, -0.018, 0.01, 0.006, 9.394, -0.013, 0.01
 339630760, 0, 9.336, -0.023, 0.01, 0.002, 9.368, -0.018, 0.01
 339830680, -0.001, 9.294001, -0.028, 0.01, 0, 9.336, -0.023, 0.01
 340031433, -0.004, 9.242001, -0.033, 0.01, -0.001, 9.294001, -0.028, 0.01
 340231353, -0.005, 9.18, -0.033, 0.01, -0.004, 9.242001, -0.033, 0.01
 340431273, -0.009000001, 9.110001, -0.03, 0.01, -0.005, 9.18, -0.033, 0.01
 340631193, -0.014, 9.032001, -0.024, 0.01, -0.009000001, 9.110001, -0.03, 0.01
 340831113, -0.019, 8.946, -0.016, 0.01, -0.014, 9.032001, -0.024, 0.01
 341031033, -0.022, 8.852, -0.007, 0.01, -0.019, 8.946, -0.016, 0.01
 341230953, -0.024, 8.751, 0, 0.01, -0.022, 8.852, -0.007, 0.01
 341430873, -0.027, 8.642, 0.003, 0.01, -0.024, 8.751, 0, 0.01
 341630793, -0.031, 8.524, 0.006, 0.01, -0.027, 8.642, 0.003, 0.01
 341830713, -0.032, 8.398001, 0.007, 0.01, -0.031, 8.524, 0.006, 0.01
 342031466, -0.035, 8.261001, 0.008, 0.01, -0.032, 8.398001, 0.007, 0.01
 342231386, -0.037, 8.114, 0.008, 0.01, -0.035, 8.261001, 0.008, 0.01
 342431306, -0.041, 7.958, 0.008, 0.01, -0.037, 8.114, 0.008, 0.01
 342631226, -0.046, 7.793, 0.006, 0.01, -0.041, 7.958, 0.008, 0.01
 342831146, -0.047, 7.617001, 0.002, 0.01, -0.046, 7.793, 0.006, 0.01
 343031066, -0.048, 7.428, 0, 0.01, -0.047, 7.617001, 0.002, 0.01
 343230986, -0.049, 7.227, -0.001, 0.01, -0.048, 7.428, 0, 0.01
 343430906, -0.05, 7.018, -0.004, 0.01, -0.049, 7.227, -0.001, 0.01
 343630826, -0.05, 6.807, -0.006, 0.01, -0.05, 7.018, -0.004, 0.01
 343830746, -0.049, 6.593, -0.006, 0.01, -0.05, 6.807, -0.006, 0.01
 344030666, -0.048, 6.373, -0.004, 0.01, -0.049, 6.593, -0.006, 0.01
 344231419, -0.047, 6.148, 0, 0.01, -0.048, 6.373, -0.004, 0.01
 344431339, -0.044, 5.922, 0.002, 0.01, -0.047, 6.148, 0, 0.01
 344631259, -0.041, 5.695, 0.002, 0.01, -0.044, 5.922, 0.002, 0.01
 344831179, -0.036, 5.464, 0, 0.01, -0.041, 5.695, 0.002, 0.01
 345031099, -0.031, 5.231, 0, 0.01, -0.036, 5.464, 0, 0.01
 345231019, -0.029, 4.998, -0.002, 0.01, -0.031, 5.231, 0, 0.01
 345430939, -0.022, 4.764, -0.001, 0.01, -0.029, 4.998, -0.002, 0.01
 345630859, -0.014, 4.528, 0, 0.01, -0.022, 4.764, -0.001, 0.01
 345830779, -0.009000001, 4.29, 0, 0.01, -0.014, 4.528, 0, 0.01
 346030699, -0.001, 4.046, 0.001, 0.01, -0.009000001, 4.29, 0, 0.01
 346231452, 0.006, 3.799, 0.005, 0.01, -0.001, 4.046, 0.001, 0.01
 346431372, 0.012, 3.549, 0.007, 0.01, 0.006, 3.799, 0.005, 0.01
 346631292, 0.021, 3.297, 0.007, 0.01, 0.012, 3.549, 0.007, 0.01
 346831212, 0.027, 3.04, 0.006, 0.01, 0.021, 3.297, 0.007, 0.01
 347031132, 0.034, 2.774, 0.004, 0.01, 0.027, 3.04, 0.006, 0.01
 347231052, 0.04, 2.499, 0.003, 0.01, 0.034, 2.774, 0.004, 0.01
 347430972, 0.044, 2.212, 0.003, 0.01, 0.04, 2.499, 0.003, 0.01
 347630892, 0.047, 1.901, 0.002, 0.01, 0.044, 2.212, 0.003, 0.01
 347830812, 0.046, 1.558, 0, 0.01, 0.047, 1.901, 0.002, 0.01
 348030732, 0.04, 1.193, -0.002, 0.01, 0.046, 1.558, 0, 0.01
 348231485, 0.035, 0.8570001, -0.004, 0.01, 0.04, 1.193, -0.002, 0.01
 348431405, 0.026, 0.538, -0.011, 0.01, 0.035, 0.8570001, -0.004, 0.01
 348631325, 0.018, 0.07600001, -0.059, 0.01, 0.026, 0.538, -0.011, 0.01
 348831245, 0.01, -0.35, -0.179, 0.01, 0.018, 0.07600001, -0.059, 0.01
 349031165, 0.011, -0.557, -0.359, 0.01, 0.01, -0.35, -0.179, 0.01
 349231085, 0.024, -0.582, -0.561, 0.01, 0.011, -0.557, -0.359, 0.01
 349431005, 0.043, -0.555, -0.775, 0.01, 0.024, -0.582, -0.561, 0.01
 349630925, 0.063, -0.535, -0.9910001, 0.01, 0.043, -0.555, -0.775, 0.01
 349830845, 0.08400001, -0.496, -1.2, 0.01, 0.063, -0.535, -0.9910001, 0.01
 350030765, 0.103, -0.414, -1.398, 0.01, 0.08400001, -0.496, -1.2, 0.01
 350230685, 0.118, -0.303, -1.569, 0.01, 0.103, -0.414, -1.398, 0.01
 350431438, 0.128, -0.198, -1.708, 0.01, 0.118, -0.303, -1.569, 0.01
 350631358, 0.133, -0.111, -1.815, 0.01, 0.128, -0.198, -1.708, 0.01
 350831278, 0.131, -0.037, -1.899, 0.01, 0.133, -0.111, -1.815, 0.01
 351031198, 0.123, 0.028, -1.963, 0.01, 0.131, -0.037, -1.899, 0.01
 351231118, 0.11, 0.079, -1.904, 0.01, 0.123, 0.028, -1.963, 0.01
 351431038, 0.096, 0.114, -1.726, 0.01, 0.11, 0.079, -1.904, 0.01
 351630958, 0.079, 0.136, -1.489, 0.01, 0.096, 0.114, -1.726, 0.01
 351830878, 0.044, 0.147, -1.216, 0.01, 0.079, 0.136, -1.489, 0.01
 352030798, -0.034, 0.148, -0.937, 0.01, 0.044, 0.147, -1.216, 0.01
 352230718, -0.168, 0.14, -0.691, 0.01, -0.034, 0.148, -0.937, 0.01
 352431471, -0.341, 0.124, -0.491, 0.01, -0.168, 0.14, -0.691, 0.01
 352631391, -0.526, 0.104, -0.34, 0.01, -0.341, 0.124, -0.491, 0.01
 352831311, -0.7130001, 0.079, -0.231, 0.01, -0.526, 0.104, -0.34, 0.01
 353031231, -0.897, 0.051, -0.157, 0.01, -0.7130001, 0.079, -0.231, 0.01
 353231151, -1.069, 0.021, -0.108, 0.01, -0.897, 0.051, -0.157, 0.01
 353431071, -1.234, -0.007, -0.07600001, 0.01, -1.069, 0.021, -0.108, 0.01
 353630991, -1.403, -0.036, -0.055, 0.01, -1.234, -0.007, -0.07600001, 0.01
 353830911, -1.582, -0.066, -0.042, 0.01, -1.403, -0.036, -0.055, 0.01
 354030831, -1.768, -0.096, -0.033, 0.01, -1.582, -0.066, -0.042, 0.01
 354230751, -1.955, -0.125, -0.026, 0.01, -1.768, -0.096, -0.033, 0.01
 354430671, -2.143, -0.153, -0.021, 0.01, -1.955, -0.125, -0.026, 0.01
 354631424, -2.333, -0.181, -0.016, 0.01, -2.143, -0.153, -0.021, 0.01
 354831344, -2.525, -0.208, -0.011, 0.01, -2.333, -0.181, -0.016, 0.01
 355031264, -2.718, -0.234, -0.007, 0.01, -2.525, -0.208, -0.011, 0.01
 355231184, -2.913, -0.261, -0.004, 0.01, -2.718, -0.234, -0.007, 0.01
 355431104, -3.108, -0.287, -0.001, 0.01, -2.913, -0.261, -0.004, 0.01
 355631024, -3.304, -0.313, 0, 0.01, -3.108, -0.287, -0.001, 0.01
 355830944, -3.5, -0.34, 0.002, 0.01, -3.304, -0.313, 0, 0.01
 356030864, -3.698, -0.367, 0.005, 0.01, -3.5, -0.34, 0.002, 0.01
 356230784, -3.896, -0.393, 0.006, 0.01, -3.698, -0.367, 0.005, 0.01
 356430704, -4.095, -0.42, 0.005, 0.01, -3.896, -0.393, 0.006, 0.01
 356631457, -4.292, -0.446, 0.005, 0.01, -4.095, -0.42, 0.005, 0.01
 356831377, -4.489, -0.472, 0.005, 0.01, -4.292, -0.446, 0.005, 0.01
 357031297, -4.686, -0.498, 0.005, 0.01, -4.489, -0.472, 0.005, 0.01
 357231217, -4.884, -0.525, 0.004, 0.01, -4.686, -0.498, 0.005, 0.01
 357431137, -5.081, -0.551, 0.002, 0.01, -4.884, -0.525, 0.004, 0.01
 357631057, -5.271, -0.576, 0.001, 0.01, -5.081, -0.551, 0.002, 0.01
 357830977, -5.45, -0.599, 0.001, 0.01, -5.271, -0.576, 0.001, 0.01
 358030897, -5.62, -0.619, 0.001, 0.01, -5.45, -0.599, 0.001, 0.01
 358230817, -5.782, -0.636, 0.002, 0.01, -5.62, -0.619, 0.001, 0.01
 358430737, -5.936, -0.651, 0.003, 0.01, -5.782, -0.636, 0.002, 0.01
 358630657, -6.082, -0.666, 0.003, 0.01, -5.936, -0.651, 0.003, 0.01
 358831410, -6.221, -0.68, 0.001, 0.01, -6.082, -0.666, 0.003, 0.01
 359031330, -6.351, -0.694, -0.001, 0.01, -6.221, -0.68, 0.001, 0.01
 359231250, -6.474, -0.708, -0.003, 0.01, -6.351, -0.694, -0.001, 0.01
 359431170, -6.59, -0.723, -0.005, 0.01, -6.474, -0.708, -0.003, 0.01
 359631090, -6.701, -0.739, -0.006, 0.01, -6.59, -0.723, -0.005, 0.01
 359831010, -6.805, -0.7550001, -0.007, 0.01, -6.701, -0.739, -0.006, 0.01
 360030930, -6.903, -0.77, -0.006, 0.01, -6.805, -0.7550001, -0.007, 0.01
 360230850, -6.997, -0.7830001, -0.005, 0.01, -6.903, -0.77, -0.006, 0.01
 360430770, -7.088, -0.7960001, -0.005, 0.01, -6.997, -0.7830001, -0.005, 0.01
 360630690, -7.175, -0.807, -0.005, 0.01, -7.088, -0.7960001, -0.005, 0.01
 360831443, -7.257, -0.818, -0.006, 0.01, -7.175, -0.807, -0.005, 0.01
 361031363, -7.336, -0.8290001, -0.005, 0.01, -7.257, -0.818, -0.006, 0.01
 361231283, -7.412, -0.839, -0.004, 0.01, -7.336, -0.8290001, -0.005, 0.01
 361431203, -7.482, -0.85, -0.001, 0.01, -7.412, -0.839, -0.004, 0.01
 361631123, -7.551001, -0.86, 0.002, 0.01, -7.482, -0.85, -0.001, 0.01
 361831043, -7.619, -0.8700001, 0.005, 0.01, -7.551001, -0.86, 0.002, 0.01
 362030963, -7.686, -0.877, 0.007, 0.01, -7.619, -0.8700001, 0.005, 0.01
 362230883, -7.752, -0.882, 0.006, 0.01, -7.686, -0.877, 0.007, 0.01
 362430803, -7.814001, -0.886, 0.002, 0.01, -7.752, -0.882, 0.006, 0.01
 362630723, -7.873, -0.89, 0, 0.01, -7.814001, -0.886, 0.002, 0.01
 362831476, -7.928, -0.8930001, -0.002, 0.01, -7.873, -0.89, 0, 0.01
 363031396, -7.98, -0.897, -0.001, 0.01, -7.928, -0.8930001, -0.002, 0.01
 363231316, -8.033, -0.901, 0, 0.01, -7.98, -0.897, -0.001, 0.01
 363431236, -8.084001, -0.905, 0.001, 0.01, -8.033, -0.901, 0, 0.01
 363631156, -8.133, -0.9080001, 0.003, 0.01, -8.084001, -0.905, 0.001, 0.01
 363831076, -8.18, -0.909, 0.004, 0.01, -8.133, -0.9080001, 0.003, 0.01
 364030996, -8.226001, -0.9110001, 0.005, 0.01, -8.18, -0.909, 0.004, 0.01
 364230916, -8.272, -0.9120001, 0.004, 0.01, -8.226001, -0.9110001, 0.005, 0.01
 364430836, -8.318001, -0.915, 0.002, 0.01, -8.272, -0.9120001, 0.004, 0.01
 364630756, -8.360001, -0.9170001, 0.001, 0.01, -8.318001, -0.915, 0.002, 0.01
 364830676, -8.401, -0.92, 0, 0.01, -8.360001, -0.9170001, 0.001, 0.01
 365031429, -8.441, -0.923, 0, 0.01, -8.401, -0.92, 0, 0.01
 365231349, -8.477, -0.9250001, 0, 0.01, -8.441, -0.923, 0, 0.01
 365431269, -8.505, -0.928, 0.001, 0.01, -8.477, -0.9250001, 0, 0.01
 365631189, -8.524, -0.9310001, 0.004, 0.01, -8.505, -0.928, 0.001, 0.01
 365831109, -8.533, -0.9350001, 0.007, 0.01, -8.524, -0.9310001, 0.004, 0.01
 366031029, -8.536, -0.938, 0.009000001, 0.01, -8.533, -0.9350001, 0.007, 0.01
 366230949, -8.531, -0.9400001, 0.009000001, 0.01, -8.536, -0.938, 0.009000001, 0.01
 366430869, -8.519, -0.941, 0.007, 0.01, -8.531, -0.9400001, 0.009000001, 0.01
 366630789, -8.497001, -0.9400001, 0.004, 0.01, -8.519, -0.941, 0.007, 0.01
 366830709, -8.465, -0.937, 0.002, 0.01, -8.497001, -0.9400001, 0.004, 0.01
 367031462, -8.424001, -0.932, 0, 0.01, -8.465, -0.937, 0.002, 0.01
 367231382, -8.375, -0.927, -0.002, 0.01, -8.424001, -0.932, 0, 0.01
 367431302, -8.318001, -0.9220001, -0.006, 0.01, -8.375, -0.927, -0.002, 0.01
 367631222, -8.25, -0.9160001, -0.011, 0.01, -8.318001, -0.9220001, -0.006, 0.01
 367831142, -8.171, -0.91, -0.013, 0.01, -8.25, -0.9160001, -0.011, 0.01
 368031062, -8.081, -0.9030001, -0.012, 0.01, -8.171, -0.91, -0.013, 0.01
 368230982, -7.982, -0.8940001, -0.008, 0.01, -8.081, -0.9030001, -0.012, 0.01
 368430902, -7.874001, -0.8850001, -0.006, 0.01, -7.982, -0.8940001, -0.008, 0.01
 368630822, -7.76, -0.8750001, -0.006, 0.01, -7.874001, -0.8850001, -0.006, 0.01
 368830742, -7.635, -0.8650001, -0.006, 0.01, -7.76, -0.8750001, -0.006, 0.01
 369030662, -7.499001, -0.853, -0.006, 0.01, -7.635, -0.8650001, -0.006, 0.01
 369231415, -7.353, -0.8420001, -0.007, 0.01, -7.499001, -0.853, -0.006, 0.01
 369431335, -7.195, -0.8290001, -0.005, 0.01, -7.353, -0.8420001, -0.007, 0.01
 369631255, -7.027, -0.816, -0.003, 0.01, -7.195, -0.8290001, -0.005, 0.01
 369831175, -6.847, -0.799, -0.002, 0.01, -7.027, -0.816, -0.003, 0.01
 370031095, -6.655, -0.7780001, 0, 0.01, -6.847, -0.799, -0.002, 0.01
 370231015, -6.454, -0.7550001, 0.002, 0.01, -6.655, -0.7780001, 0, 0.01
 370430935, -6.248, -0.731, 0.005, 0.01, -6.454, -0.7550001, 0.002, 0.01
 370630855, -6.038, -0.707, 0.01, 0.01, -6.248, -0.731, 0.005, 0.01
 370830775, -5.827, -0.683, 0.012, 0.01, -6.038, -0.707, 0.01, 0.01
 371030695, -5.612, -0.6580001, 0.013, 0.01, -5.827, -0.683, 0.012, 0.01
 371231448, -5.393, -0.634, 0.014, 0.01, -5.612, -0.6580001, 0.013, 0.01
 371431368, -5.172, -0.606, 0.014, 0.01, -5.393, -0.634, 0.014, 0.01
 371631288, -4.948, -0.575, 0.015, 0.01, -5.172, -0.606, 0.014, 0.01
 371831208, -4.724, -0.5420001, 0.017, 0.01, -4.948, -0.575, 0.015, 0.01
 372031128, -4.499, -0.508, 0.017, 0.01, -4.724, -0.5420001, 0.017, 0.01
 372231048, -4.271, -0.474, 0.016, 0.01, -4.499, -0.508, 0.017, 0.01
 372430968, -4.04, -0.44, 0.015, 0.01, -4.271, -0.474, 0.016, 0.01
 372630888, -3.806, -0.407, 0.014, 0.01, -4.04, -0.44, 0.015, 0.01
 372830808, -3.569, -0.375, 0.012, 0.01, -3.806, -0.407, 0.014, 0.01
 373030728, -3.329, -0.344, 0.013, 0.01, -3.569, -0.375, 0.012, 0.01
 373231481, -3.085, -0.313, 0.014, 0.01, -3.329, -0.344, 0.013, 0.01
 373431401, -2.837, -0.281, 0.015, 0.01, -3.085, -0.313, 0.014, 0.01
 373631321, -2.582, -0.246, 0.015, 0.01, -2.837, -0.281, 0.015, 0.01
 373831241, -2.321, -0.211, 0.013, 0.01, -2.582, -0.246, 0.015, 0.01
 374031161, -2.047, -0.176, 0.011, 0.01, -2.321, -0.211, 0.013, 0.01
 374231081, -1.754, -0.142, 0.009000001, 0.01, -2.047, -0.176, 0.011, 0.01
 374431001, -1.436, -0.11, 0.009000001, 0.01, -1.754, -0.142, 0.009000001, 0.01
 374630921, -1.104, -0.081, 0.009000001, 0.01, -1.436, -0.11, 0.009000001, 0.01
 374830841, -0.7960001, -0.055, 0.007, 0.01, -1.104, -0.081, 0.009000001, 0.01
 375030761, -0.538, -0.031, 0.005, 0.01, -0.7960001, -0.055, 0.007, 0.01
 375230681, -0.325, -0.009000001, 0.003, 0.01, -0.538, -0.031, 0.005, 0.01
 375431434, -0.151, 0.01, 0, 0.01, -0.325, -0.009000001, 0.003, 0.01
 375631354, -0.01, 0.027, -0.001, 0.01, -0.151, 0.01, 0, 0.01
 375831274, 0.096, 0.041, -0.003, 0.01, -0.01, 0.027, -0.001, 0.01
 376031194, 0.17, 0.053, -0.006, 0.01, 0.096, 0.041, -0.003, 0.01
 376231114, 0.218, 0.063, -0.008, 0.01, 0.17, 0.053, -0.006, 0.01
 376431034, 0.242, 0.072, -0.01, 0.01, 0.218, 0.063, -0.008, 0.01
 376630954, 0.248, 0.079, -0.012, 0.01, 0.242, 0.072, -0.01, 0.01
 376830874, 0.239, 0.083, -0.013, 0.01, 0.248, 0.079, -0.012, 0.01
 377030794, 0.22, 0.08400001, -0.013, 0.01, 0.239, 0.083, -0.013, 0.01
 377230714, 0.195, 0.082, -0.013, 0.01, 0.22, 0.08400001, -0.013, 0.01
 377431467, 0.167, 0.078, -0.013, 0.01, 0.195, 0.082, -0.013, 0.01
 377631387, 0.137, 0.07300001, -0.013, 0.01, 0.167, 0.078, -0.013, 0.01
 377831307, 0.107, 0.066, -0.012, 0.01, 0.137, 0.07300001, -0.013, 0.01
 378031227, 0.079, 0.059, -0.011, 0.01, 0.107, 0.066, -0.012, 0.01
 378231147, 0.052, 0.05, -0.011, 0.01, 0.079, 0.059, -0.011, 0.01
 378431067, 0.029, 0.042, -0.01, 0.01, 0.052, 0.05, -0.011, 0.01
 378630987, 0.01, 0.032, -0.009000001, 0.01, 0.029, 0.042, -0.01, 0.01
 378830907, -0.005, 0.024, -0.008, 0.01, 0.01, 0.032, -0.009000001, 0.01
 379030827, -0.015, 0.018, 0.011, 0.01, -0.005, 0.024, -0.008, 0.01
 379230747, -0.021, 0.012, 0.066, 0.01, -0.015, 0.018, 0.011, 0.01
 379430667, -0.023, 0.005, 0.164, 0.01, -0.021, 0.012, 0.066, 0.01
 379631420, -0.023, -0.003, 0.31, 0.01, -0.023, 0.005, 0.164, 0.01
 379831340, -0.022, -0.01, 0.503, 0.01, -0.023, -0.003, 0.31, 0.01
 380031260, -0.019, -0.016, 0.725, 0.01, -0.022, -0.01, 0.503, 0.01
 380231180, -0.016, -0.02, 0.956, 0.01, -0.019, -0.016, 0.725, 0.01
 380431100, -0.012, -0.023, 1.18, 0.01, -0.016, -0.02, 0.956, 0.01
 380631020, -0.009000001, -0.026, 1.369, 0.01, -0.012, -0.023, 1.18, 0.01
 380830940, -0.005, -0.027, 1.508, 0.01, -0.009000001, -0.026, 1.369, 0.01
 381030860, -0.001, -0.027, 1.595, 0.01, -0.005, -0.027, 1.508, 0.01
 381230780, 0.002, -0.026, 1.628, 0.01, -0.001, -0.027, 1.595, 0.01
 381430700, 0.005, -0.025, 1.616, 0.01, 0.002, -0.026, 1.628, 0.01
 381631453, 0.008, -0.024, 1.584, 0.01, 0.005, -0.025, 1.616, 0.01
 381831373, 0.01, -0.022, 1.546, 0.01, 0.008, -0.024, 1.584, 0.01
 382031293, 0.012, -0.019, 1.513, 0.01, 0.01, -0.022, 1.546, 0.01
 382231213, 0.014, -0.017, 1.484, 0.01, 0.012, -0.019, 1.513, 0.01
 382431133, 0.016, -0.015, 1.462, 0.01, 0.014, -0.017, 1.484, 0.01
 382631053, 0.019, -0.014, 1.448, 0.01, 0.016, -0.015, 1.462, 0.01
 382830973, 0.019, -0.013, 1.437, 0.01, 0.019, -0.014, 1.448, 0.01
 383030893, 0.019, -0.01, 1.407, 0.01, 0.019, -0.013, 1.437, 0.01
 383230813, 0.019, -0.007, 1.344, 0.01, 0.019, -0.01, 1.407, 0.01
 383430733, 0.018, -0.006, 1.239, 0.01, 0.019, -0.007, 1.344, 0.01
 383631486, 0.017, -0.005, 1.088, 0.01, 0.018, -0.006, 1.239, 0.01
 383831406, 0.017, -0.006, 0.895, 0.01, 0.017, -0.005, 1.088, 0.01
 384031326, 0.016, -0.005, 0.6990001, 0.01, 0.017, -0.006, 0.895, 0.01
 384231246, 0.015, -0.004, 0.534, 0.01, 0.016, -0.005, 0.6990001, 0.01
 384431166, 0.012, -0.002, 0.414, 0.01, 0.015, -0.004, 0.534, 0.01
 384631086, 0.01, -0.001, 0.347, 0.01, 0.012, -0.002, 0.414, 0.01
 384831006, 0.008, -0.001, 0.332, 0.01, 0.01, -0.001, 0.347, 0.01
 385030926, 0.007, -0.001, 0.348, 0.01, 0.008, -0.001, 0.332, 0.01
 385230846, 0.005, -0.002, 0.376, 0.01, 0.007, -0.001, 0.348, 0.01
 385430766, 0.003, -0.002, 0.408, 0.01, 0.005, -0.002, 0.376, 0.01
 385630686, 0.002, -0.003, 0.436, 0.01, 0.003, -0.002, 0.408, 0.01
 385831439, 0.002, -0.004, 0.457, 0.01, 0.002, -0.003, 0.436, 0.01
 386031359, 0.003, -0.006, 0.473, 0.01, 0.002, -0.004, 0.457, 0.01
 386231279, 0.003, -0.008, 0.483, 0.01, 0.003, -0.006, 0.473, 0.01
 386431199, 0.002, -0.009000001, 0.489, 0.01, 0.003, -0.008, 0.483, 0.01
 386631119, 0.003, -0.01, 0.492, 0.01, 0.002, -0.009000001, 0.489, 0.01
 386831039, 0.005, -0.011, 0.493, 0.01, 0.003, -0.01, 0.492, 0.01
 387030959, 0.007, -0.011, 0.492, 0.01, 0.005, -0.011, 0.493, 0.01
 387230879, 0.008, -0.011, 0.49, 0.01, 0.007, -0.011, 0.492, 0.01
 387430799, 0.009000001, -0.01, 0.489, 0.01, 0.008, -0.011, 0.49, 0.01
 387630719, 0.01, -0.008, 0.488, 0.01, 0.009000001, -0.01, 0.489, 0.01
 387831472, 0.011, -0.005, 0.487, 0.01, 0.01, -0.008, 0.488, 0.01
 388031392, 0.011, -0.002, 0.486, 0.01, 0.011, -0.005, 0.487, 0.01
 388231312, 0.008, 0, 0.485, 0.01, 0.011, -0.002, 0.486, 0.01
 388431232, 0.004, 0.001, 0.484, 0.01, 0.008, 0, 0.485, 0.01
 388631152, 0.001, 0.001, 0.484, 0.01, 0.004, 0.001, 0.484, 0.01
 388831072, 0, 0.001, 0.483, 0.01, 0.001, 0.001, 0.484, 0.01
 389030992, 0, 0, 0.483, 0.01, 0, 0.001, 0.483, 0.01
 389230912, 0, 0, 0.482, 0.01, 0, 0, 0.483, 0.01
 389430832, 0, -0.002, 0.482, 0.01, 0, 0, 0.482, 0.01
 389630752, -0.001, -0.003, 0.482, 0.01, 0, -0.002, 0.482, 0.01
 389830672, -0.001, -0.002, 0.481, 0.01, -0.001, -0.003, 0.482, 0.01
 390031425, -0.002, 0, 0.481, 0.01, -0.001, -0.002, 0.481, 0.01
 390231345, -0.004, 0, 0.481, 0.01, -0.002, 0, 0.481, 0.01
 390431265, -0.005, 0.001, 0.481, 0.01, -0.004, 0, 0.481, 0.01
 390631185, -0.005, 0.001, 0.48, 0.01, -0.005, 0.001, 0.481, 0.01
 390831105, -0.003, 0.001, 0.48, 0.01, -0.005, 0.001, 0.48, 0.01
 391031025, -0.001, 0.003, 0.48, 0.01, -0.003, 0.001, 0.48, 0.01
 391230945, 0.001, 0.005, 0.48, 0.01, -0.001, 0.003, 0.48, 0.01
 391430865, 0.001, 0.007, 0.479, 0.01, 0.001, 0.005, 0.48, 0.01
 391630785, 0, 0.007, 0.479, 0.01, 0.001, 0.007, 0.479, 0.01
 391830705, -0.004, 0.006, 0.479, 0.01, 0, 0.007, 0.479, 0.01
 392031458, -0.009000001, 0.005, 0.478, 0.01, -0.004, 0.006, 0.479, 0.01
 392231378, -0.011, 0.004, 0.477, 0.01, -0.009000001, 0.005, 0.478, 0.01
 392431298, -0.01, 0.004, 0.477, 0.01, -0.011, 0.004, 0.477, 0.01
 392631218, -0.007, 0.005, 0.477, 0.01, -0.01, 0.004, 0.477, 0.01
 392831138, -0.004, 0.005, 0.477, 0.01, -0.007, 0.005, 0.477, 0.01
 393031058, -0.002, 0.003, 0.477, 0.01, -0.004, 0.005, 0.477, 0.01
 393230978, 0, 0, 0.477, 0.01, -0.002, 0.003, 0.477, 0.01
 393430898, 0, -0.005, 0.477, 0.01, 0, 0, 0.477, 0.01
 393630818, 0, -0.007, 0.477, 0.01, 0, -0.005, 0.477, 0.01
 393830738, -0.001, -0.004, 0.477, 0.01, 0, -0.007, 0.477, 0.01
 394030658, -0.002, 0, 0.477, 0.01, -0.001, -0.004, 0.477, 0.01
 394231411, -0.003, 0.001, 0.477, 0.01, -0.002, 0, 0.477, 0.01
 394431331, -0.006, 0, 0.477, 0.01, -0.003, 0.001, 0.477, 0.01
 394631251, -0.009000001, -0.002, 0.477, 0.01, -0.006, 0, 0.477, 0.01
 394831171, -0.012, -0.005, 0.477, 0.01, -0.009000001, -0.002, 0.477, 0.01
 395031091, -0.015, -0.008, 0.477, 0.01, -0.012, -0.005, 0.477, 0.01
 395231011, -0.018, -0.01, 0.477, 0.01, -0.015, -0.008, 0.477, 0.01
 395430931, -0.019, -0.012, 0.477, 0.01, -0.018, -0.01, 0.477, 0.01
 395630851, -0.016, -0.014, 0.477, 0.01, -0.019, -0.012, 0.477, 0.01
 395830771, -0.012, -0.016, 0.478, 0.01, -0.016, -0.014, 0.477, 0.01
 396030691, -0.005, -0.018, 0.477, 0.01, -0.012, -0.016, 0.478, 0.01
 396231444, -0.001, -0.017, 0.477, 0.01, -0.005, -0.018, 0.477, 0.01
 396431364, 0.001, -0.015, 0.477, 0.01, -0.001, -0.017, 0.477, 0.01
 396631284, 0.002, -0.011, 0.477, 0.01, 0.001, -0.015, 0.477, 0.01
 396831204, 0.003, -0.008, 0.477, 0.01, 0.002, -0.011, 0.477, 0.01
 397031124, 0.006, -0.005, 0.477, 0.01, 0.003, -0.008, 0.477, 0.01
 397231044, 0.009000001, -0.003, 0.477, 0.01, 0.006, -0.005, 0.477, 0.01
 397430964, 0.013, -0.001, 0.476, 0.01, 0.009000001, -0.003, 0.477, 0.01
 397630884, 0.016, 0, 0.476, 0.01, 0.013, -0.001, 0.476, 0.01
 397830804, 0.016, 0.003, 0.475, 0.01, 0.016, 0, 0.476, 0.01
 398030724, 0.016, 0.005, 0.475, 0.01, 0.016, 0.003, 0.475, 0.01
 398231477, 0.013, 0.005, 0.474, 0.01, 0.016, 0.005, 0.475, 0.01
 398431397, 0.008, 0.003, 0.474, 0.01, 0.013, 0.005, 0.474, 0.01
 398631317, 0.004, 0, 0.474, 0.01, 0.008, 0.003, 0.474, 0.01
 398831237, 0.002, -0.004, 0.474, 0.01, 0.004, 0, 0.474, 0.01
 399031157, 0, -0.004, 0.474, 0.01, 0.002, -0.004, 0.474, 0.01
 399231077, -0.002, -0.001, 0.475, 0.01, 0, -0.004, 0.474, 0.01
 399430997, -0.006, 0.002, 0.476, 0.01, -0.002, -0.001, 0.475, 0.01
 399630917, -0.006, 0.004, 0.476, 0.01, -0.006, 0.002, 0.476, 0.01
 399830837, -0.003, 0.001, 0.476, 0.01, -0.006, 0.004, 0.476, 0.01
 400030757, 0.002, -0.001, 0.476, 0.01, -0.003, 0.001, 0.476, 0.01
 400230677, 0.006, -0.005, 0.477, 0.01, 0.002, -0.001, 0.476, 0.01
 400431430, 0.006, -0.009000001, 0.477, 0.01, 0.006, -0.005, 0.477, 0.01
 400631350, 0.002, -0.017, 0.478, 0.01, 0.006, -0.009000001, 0.477, 0.01
 400831270, -0.004, -0.026, 0.478, 0.01, 0.002, -0.017, 0.478, 0.01
 401031190, -0.01, -0.036, 0.477, 0.01, -0.004, -0.026, 0.478, 0.01
 401231110, -0.013, -0.041, 0.476, 0.01, -0.01, -0.036, 0.477, 0.01
 401431030, -0.011, -0.039, 0.476, 0.01, -0.013, -0.041, 0.476, 0.01
 401630950, -0.01, -0.033, 0.48, 0.01, -0.011, -0.039, 0.476, 0.01
 401830870, -0.014, -0.027, 0.487, 0.01, -0.01, -0.033, 0.48, 0.01
 402030790, -0.021, -0.023, 0.492, 0.01, -0.014, -0.027, 0.487, 0.01
 402230710, -0.02, -0.019, 0.463, 0.01, -0.021, -0.023, 0.492, 0.01
 402431463, 0.006, 0.005, -0.133, 0.01, -0.02, -0.019, 0.463, 0.01
 402631383, 0.002, 0.001, -0.046, 0.01, 0.006, 0.005, -0.133, 0.01
 402831303, -0.001, 0, 0.023, 0.01, 0.002, 0.001, -0.046, 0.01
 403031223, 0, 0, 0.003, 0.01, -0.001, 0, 0.023, 0.01
 403231143, 0, 0, -0.003, 0.01, 0, 0, 0.003, 0.01
 403431063, 0, 0, 0, 0.01, 0, 0, -0.003, 0.01
 403630983, 0, 0, 0, 0.01, 0, 0, 0, 0.01
 403830903, 0, 0, 0, 0.01, 0, 0, 0, 0.01
 404030823, 0, 0, 0, 0.01, 0, 0, 0, 0.01
 404230743, 0, 0, 0, 0.01, 0, 0, 0, 0.01
 404430663, 0, 0, 0, 0.01, 0, 0, 0, 0.01
 404631416, 0, 0, 0, 0.01, 0, 0, 0, 0.01
 404831336, 0, 0, 0, 0.01, 0, 0, 0, 0.01
 405031256, 0, 0, 0, 0.01, 0, 0, 0, 0.01
 405231176, 0, 0, 0, 0.01, 0, 0, 0, 0.01
