TimeUS,CAN,CAE,CAD,CAe,NAN,NAE,NAD,NAe,m10,m00,Gye
 140033964, -0.009449981, 0.01256956, 0.0003415171, 0.001089464, -0.002791177, 0.003806933, 4.099159E-05, 0.0005187924, -0.1083745, 0.9941089, 0.05027412
 140233884, -0.009700954, 0.01240848, -1.814116E-05, 0.001089464, -0.003360148, 0.004072324, -0.0002729277, 0.0005187924, -0.1083688, 0.9941095, 0.04570375
 140433804, 0.08389848, 0.002582362, -0.0007655895, 0.001089464, 0.104013, -0.008447299, -0.0002202106, 0.0005187924, -0.1083637, 0.99411, 0.04570375
 140633724, 0.5978386, -0.05511144, 0.004288264, 0.001089464, 0.3262171, -0.03127247, 0.00430488, 0.0005187924, -0.108341, 0.9941124, 0.04570375
 140833644, 1.33604, -0.1334137, 0.02311623, 0.001089464, 0.5659705, -0.05694912, 0.01108403, 0.0005187924, -0.1082922, 0.9941166, 0.04570375
 141033564, 2.088321, -0.2150066, 0.04141347, 0.001089464, 0.7898076, -0.08902692, 0.01619101, 0.0005187924, -0.1082443, 0.9941189, 0.04570375
 141233484, 2.78569, -0.3008037, 0.056735, 0.001089464, 0.9926603, -0.1153113, 0.02059808, 0.0005187924, -0.108208, 0.9941213, 0.04570375
 141434237, 3.31513, -0.3608032, 0.07120255, 0.001091626, 1.176576, -0.1234101, 0.02735447, 0.000520954, -0.1081831, 0.9941221, 0.04121499
 141634157, 3.448495, -0.3580609, 0.08253237, 0.001091626, 1.092742, -0.1025913, 0.02744677, 0.0005187924, -0.1081452, 0.994124, 0.04579443
 141834077, 3.151392, -0.322346, 0.07879938, 0.001089464, 0.9977298, -0.1148185, 0.02425693, 0.0005187924, -0.108135, 0.9941242, 0.04570375
 142033997, 2.810882, -0.3045512, -0.01695275, 0.001089464, 0.8588396, -0.08492705, -0.05763673, 0.0005187924, -0.1081343, 0.9941249, 0.04570375
 142233917, 2.427214, -0.2476741, -0.06926474, 0.001089464, 0.6683511, -0.07305866, 0.01432227, 0.0005187924, -0.1080998, 0.9941295, 0.05027412
 142433837, 2.708804, -0.2854613, -0.6322746, 0.001089464, 0.9753004, -0.1090918, -0.6217679, 0.0005187924, -0.1087174, 0.99389, 0.04570375
 142633757, 2.944113, -0.3440987, -1.871387, 0.001089464, 0.8312469, -0.1035457, -0.4563993, 0.0005187924, -0.1080683, 0.9929288, 0.04570375
 142833677, 2.546538, -0.2639156, -1.143307, 0.001089464, 0.7277901, -0.05239505, -0.2607957, 0.0005187924, -0.1058277, 0.9921886, 0.04570375
 143033597, 2.247409, -0.1753896, -0.7555535, 0.001089464, 0.6485973, -0.0469127, -0.2340803, 0.0005187924, -0.1076161, 0.9914088, 0.04570375
 143233517, 1.967611, -0.1984334, -0.7296478, 0.001089464, 0.5547085, -0.06036053, -0.2279716, 0.0005187924, -0.1086226, 0.990493, 0.04570375
 143434270, 1.698716, -0.1957656, -0.6920323, 0.001091626, 0.5459999, -0.06201068, -0.2109871, 0.000520954, -0.1087662, 0.9897345, 0.04121499
 143634190, 1.526556, -0.1745339, -0.6119356, 0.001091626, 0.4797598, -0.05290606, -0.1704899, 0.0005187924, -0.108271, 0.9891665, 0.04579443
 143834110, 1.305363, -0.150389, -0.5606114, 0.001089464, 0.382077, -0.05517767, -0.2269334, 0.0005187924, -0.1104391, 0.9879922, 0.04570375
 144034030, 1.062785, -0.1495693, -0.6481303, 0.001089464, 0.327418, -0.03441789, -0.189753, 0.0005187924, -0.109395, 0.9871881, 0.04570375
 144233950, 0.910616, -0.0688261, -0.5314865, 0.001089464, 0.2392226, -0.01482843, -0.160868, 0.0005187924, -0.1075552, 0.9865122, 0.05027412
 144433870, 0.7300928, -0.03736152, -0.4598842, 0.001089464, 0.2034278, -0.01596596, -0.1149805, 0.0005187924, -0.1084099, 0.9858037, 0.04570375
 144633790, 0.6231653, -0.08988597, -0.2833314, 0.001089464, 0.1805637, -0.02394315, -0.0600073, 0.0005187924, -0.1098737, 0.9854738, 0.04570375
 144833710, 0.5501134, -0.06322556, -0.1691292, 0.001089464, 0.1475731, -0.005855441, -0.02762566, 0.0005187924, -0.1088779, 0.9855714, 0.04570375
 145033630, 0.4558293, -0.02730972, -0.1686876, 0.001089464, 0.1177846, -0.007629561, -0.0769354, 0.0005187924, -0.1107978, 0.9848371, 0.04570375
 145233550, 0.3510419, -0.03342127, -0.265525, 0.001089464, 0.08659682, -0.009065528, -0.09215167, 0.0005187924, -0.1094114, 0.9844832, 0.04570375
 145434303, 0.3149669, -0.01595157, -0.1609691, 0.001091626, 0.1033925, 0.008437682, -0.01499206, 0.0005187924, -0.1096466, 0.9845934, 0.04579443
 145634223, 0.2702336, -0.00472114, -0.1096707, 0.001091626, 0.07394303, -0.01267261, -0.0391558, 0.000520954, -0.1114735, 0.984118, 0.04121499
 145834143, 0.19646, -0.03664781, -0.1272678, 0.001091626, 0.05846721, -0.001863178, -0.03837759, 0.0005187924, -0.1114653, 0.9837656, 0.04579443
 146034063, 0.1216201, -0.02482089, -0.2023852, 0.001089464, 0.02234021, -0.0104526, -0.08870661, 0.0005187924, -0.1120831, 0.9831031, 0.04570375
 146233983, 0.1166537, -0.03241579, -0.05622679, 0.001089464, 0.05433213, -0.01156581, 0.04088921, 0.0005187924, -0.1122892, 0.9836077, 0.05027412
 146433903, 0.1313499, -0.01753441, 0.02586796, 0.001089464, 0.03543643, -0.01328032, -0.02200362, 0.0005187924, -0.1135314, 0.9833049, 0.04570375
 146633823, 0.1113563, -0.0245729, -0.02540661, 0.001089464, 0.02361536, 0.00541496, 0.003607546, 0.0005187924, -0.1122659, 0.9835991, 0.04570375
 146833743, 0.08223443, 0.05369474, -0.008312026, 0.001089464, 0.01973896, 0.03058276, -0.01743878, 0.0005187924, -0.1104083, 0.9837292, 0.04570375
 147033663, 0.06393639, 0.06244152, -0.0610301, 0.001089464, 0.01193538, -7.015695E-05, -0.02648114, 0.0005187924, -0.1116961, 0.9834273, 0.04570375
 147233583, 0.07242514, -0.01472433, 0.05825458, 0.001089464, 0.01814499, -0.005078294, 0.02963425, 0.0005187924, -0.1115029, 0.983968, 0.04570375
 147433503, 0.05169363, -0.02287846, 0.0372353, 0.001089464, 0.003409864, -0.002331556, -0.02217235, 0.0005187924, -0.1123586, 0.9837872, 0.04570375
 147634256, 0.002671513, -0.02293477, -0.1193069, 0.001091626, -0.0001760646, -0.01694014, -0.04786893, 0.000520954, -0.1127929, 0.9833671, 0.04121499
 147834176, 0.0319628, -0.02806344, -0.006800003, 0.001091626, 0.03087994, -0.01349087, 0.05989169, 0.0005187924, -0.1142957, 0.9836792, 0.04579443
 148034096, 0.04913053, 0.01083024, 0.1186275, 0.001089464, -0.006388874, 0.01980501, -0.006385766, 0.0005187924, -0.1131483, 0.9838915, 0.04570375
 148234016, -0.07514253, 0.00227963, 0.02813145, 0.001089464, -0.04974855, -0.03007896, -0.001251559, 0.0005187924, -0.1163061, 0.9835651, 0.04570375
 148433936, -0.1527548, -0.04640109, -0.04687697, 0.001089464, -0.03847196, 0.00642122, -0.004955788, 0.0005187924, -0.1159586, 0.9834161, 0.05027412
 148633856, -0.06776855, 0.004763241, 0.06670159, 0.001089464, -0.005462635, -0.006195581, 0.04464251, 0.0005187924, -0.1164267, 0.9837391, 0.04570375
 148833776, -0.0202326, -0.02118541, 0.06034576, 0.001089464, -0.007006076, -0.008676108, -0.002291144, 0.0005187924, -0.1172657, 0.9836541, 0.04570375
 149033696, 0.01070192, -0.006732201, 0.08444209, 0.001089464, 0.01165031, 0.001112513, 0.03123321, 0.0005187924, -0.1175755, 0.9839889, 0.04570375
 149233616, 0.007249262, 0.007928794, 0.01077477, 0.001089464, -0.01991084, -0.0104879, -0.032205, 0.0005187924, -0.1191439, 0.9835706, 0.04570375
 149433536, -0.02555954, -0.02434177, -0.004810167, 0.001089464, 0.01082099, -0.005648857, 0.03598109, 0.0005187924, -0.1189215, 0.9838784, 0.04570375
 149634289, 0.01029525, 0.005199016, 0.08498828, 0.001091626, -0.002027488, 0.01273729, 0.0221943, 0.000520954, -0.1188265, 0.9841401, 0.04121499
 149834209, 0.02006564, 0.01381312, 0.1849196, 0.001091626, 0.02209134, 0.002547743, 0.1209974, 0.0005187924, -0.1187375, 0.9849466, 0.04579443
 150034129, 0.05568287, 0.02182624, 0.2088626, 0.001089464, 0.001593903, -0.002200396, -0.02086216, 0.0005187924, -0.1182671, 0.9850618, 0.04570375
 150234049, -0.01846842, 0.03370371, -0.1194213, 0.001089464, -0.009631811, 0.03164606, -0.04700972, 0.0005187924, -0.1170481, 0.9848048, 0.04570375
 150433969, -0.01203646, 0.05991317, -0.06097677, 0.001089464, 0.01056299, 0.01009547, 0.02219657, 0.0005187924, -0.1170694, 0.9849148, 0.05027412
 150633889, 0.02646838, 0.01302205, 0.05557921, 0.001089464, -0.004023366, -0.007596491, 0.005789157, 0.0005187924, -0.1189073, 0.9847164, 0.04570375
 150833809, -0.001534809, -0.02948645, -0.002166881, 0.001089464, 0.006068442, 0.007474331, 0.009466769, 0.0005187924, -0.1168703, 0.9850206, 0.04570375
 151033729, 0.04863085, 0.009117689, 0.1773993, 0.001089464, 0.03704358, -0.01597799, 0.1026656, 0.0005187924, -0.1188275, 0.9856225, 0.04570375
 151233649, 0.0561497, -0.03814393, 0.180901, 0.001089464, -0.01208981, -0.007617539, -0.03818615, 0.0005187924, -0.119565, 0.985499, 0.04570375
 151433569, -0.02715455, 0.001210156, -0.08026376, 0.001089464, -0.005317997, 0.001389996, 0.02491736, 0.0005187924, -0.118943, 0.9856104, 0.04570375
 151633489, -0.01915043, 0.02140807, -0.02919588, 0.001089464, -0.01541476, -0.005938567, -0.05483436, 0.0005187924, -0.1181382, 0.9853113, 0.04570375
 151834242, -0.02074886, -0.008848471, -0.1123768, 0.001091626, 0.003945691, -0.01012873, 0.02343668, 0.000520954, -0.1203877, 0.9850065, 0.04121499
 152034162, 0.020512, -0.04027253, 0.08054633, 0.001091626, -0.002031656, 0.005193289, 0.02069982, 0.0005187924, -0.120036, 0.9853137, 0.04579443
 152234082, -0.004947811, 0.0004003458, 0.1170546, 0.001089464, -0.004360443, -0.01015069, 0.05474884, 0.0005187924, -0.1222208, 0.985348, 0.04570375
 152434002, -0.0171872, -0.04189174, 0.05765635, 0.001089464, -0.0008865361, -0.01996726, 0.01621546, 0.0005187924, -0.1221827, 0.9854434, 0.04570375
 152633922, 0.02638363, -0.01757377, 0.1655202, 0.001089464, 0.004053277, 0.01384705, -0.003418699, 0.0005187924, -0.121345, 0.9859532, 0.05027412
 152833842, -0.005615973, 0.02232887, -0.05324495, 0.001089464, -0.01860105, -0.01617916, -0.04165146, 0.0005187924, -0.1241665, 0.985335, 0.04570375
 153033762, -0.04606506, -0.008367649, -0.1133013, 0.001089464, 0.00798045, 0.01286706, -0.01625336, 0.0005187924, -0.1230335, 0.9853107, 0.04570375
 153233682, 0.03200727, 0.004635045, 0.04881946, 0.001089464, 0.01062643, -0.002382165, 0.06000102, 0.0005187924, -0.124456, 0.9855351, 0.04570375
 153433602, 0.03010193, -0.007854555, 0.1280664, 0.001089464, 0.01044447, 0.001013129, 0.02957324, 0.0005187924, -0.1243204, 0.98575, 0.04570375
 153633522, 0.02346822, 0.004860274, 0.120319, 0.001089464, 0.009404038, 0.006409626, 0.01061987, 0.0005187924, -0.1242236, 0.9860534, 0.04570375
 153834275, 0.01113077, 0.003353051, -0.001782252, 0.001091626, -0.009580652, -0.0007338862, -0.05354265, 0.000520954, -0.1247461, 0.9857822, 0.04121499
 154034195, -0.00918966, 0.002339192, -0.06823396, 0.001091626, 0.008959537, -0.001969186, 0.03483884, 0.0005187924, -0.124888, 0.9859478, 0.04579443
 154234115, 0.01059192, -0.004843961, 0.07411741, 0.001089464, -0.006350263, 0.004357181, 0.01541823, 0.0005187924, -0.1255719, 0.9859793, 0.04570375
 154434035, -0.005646932, 0.01615208, 0.0351256, 0.001089464, -0.002939373, 0.01222749, -0.008511189, 0.0005187924, -0.1240631, 0.9861346, 0.04570375
 154633955, -0.0146608, 0.03627489, -0.05348206, 0.001089464, 0.003864858, 0.01515503, 0.00233347, 0.0005187924, -0.1235118, 0.9860871, 0.05027412
 154833875, -0.0003873707, 0.02876078, 0.05214429, 0.001089464, 0.006661712, -0.006703919, 0.03371482, 0.0005187924, -0.1250534, 0.9861742, 0.04570375
 155033795, 0.02986811, -0.02331899, 0.1480132, 0.001089464, 0.005704558, -0.001118209, 0.03747899, 0.0005187924, -0.125398, 0.9864974, 0.04570375
 155233715, 0.0159894, -0.007877436, 0.04876425, 0.001089464, 0.01207365, -0.009839915, -0.001737758, 0.0005187924, -0.125082, 0.9865227, 0.04570375
 155433635, 0.02025259, -0.02232098, 0.03819913, 0.001089464, -0.0008499851, -0.01833876, -0.002063498, 0.0005187924, -0.1272579, 0.9863242, 0.04570375
 155633555, -0.00704018, -0.03224708, -0.04588772, 0.001089464, 0.004061183, 0.007858171, 0.0246695, 0.0005187924, -0.127116, 0.9862641, 0.04570375
 155833475, 0.002642038, 0.007970643, 0.01546353, 0.001089464, -0.003526319, 0.007024995, -0.0258207, 0.0005187924, -0.1267892, 0.9861967, 0.04570375
 156034228, -0.007599997, 0.01975513, -0.02646736, 0.001091626, -3.637106E-05, -0.004379046, 0.02205284, 0.000520954, -0.1269478, 0.9862669, 0.04121499
 156234148, 0.01069011, 0.00276216, 0.06504363, 0.001091626, 0.01042815, 0.001795182, 0.05065009, 0.0005187924, -0.1274927, 0.9863669, 0.04579443
 156434068, 0.003651739, 0.02599584, 0.03330043, 0.001089464, 0.01314043, 0.01801042, 0.003471445, 0.0005187924, -0.1258604, 0.9864749, 0.04570375
 156633988, 0.02038245, 0.03519737, 0.01595293, 0.001089464, 0.004723659, -0.004145895, 0.02096015, 0.0005187924, -0.1270501, 0.9863775, 0.04570375
 156833908, 0.01630278, 0.004258723, 0.09718999, 0.001089464, 0.008168266, -0.005851175, 0.02453728, 0.0005187924, -0.1273832, 0.9866077, 0.05027412
 157033828, 0.009199437, -0.01375578, 0.0739303, 0.001089464, -0.0157849, -0.01258462, -0.0069843, 0.0005187924, -0.1281641, 0.9865788, 0.04570375
 157233748, -0.009738963, 0.003691753, -0.02995539, 0.001089464, 0.0004870676, 0.008181787, -0.01629768, 0.0005187924, -0.1259213, 0.9867816, 0.04570375
 157433668, 0.0002048671, 0.03686577, -0.05408971, 0.001089464, -0.009016511, 0.007901784, -0.02490344, 0.0005187924, -0.1264607, 0.9865846, 0.04570375
 157633588, -0.01372889, 0.01322734, -0.03868733, 0.001089464, -0.009043495, -0.008371103, -0.02005442, 0.0005187924, -0.1280735, 0.9863231, 0.04570375
 157833508, -0.005606438, -0.01515846, 0.04207342, 0.001089464, 0.0189438, 0.001587092, 0.03782247, 0.0005187924, -0.1283063, 0.9866139, 0.04570375
 158034261, 0.02286899, 0.002258088, 0.08688918, 0.001091626, -0.002808302, 0.009975236, -0.02154707, 0.000520954, -0.128087, 0.9867171, 0.04121499
 158234181, 0.006256409, 0.01351159, -0.02791715, 0.001091626, 0.0003145771, 0.009106434, -0.01477763, 0.0005187924, -0.1281049, 0.9866387, 0.04579443
 158434101, 0.01386173, 0.009995042, 0.03754408, 0.001089464, 0.01407127, 0.00293235, 0.06896666, 0.0005187924, -0.1273494, 0.987129, 0.04570375
 158634021, 0.0208973, 0.01320618, 0.1435686, 0.001089464, -0.006779237, 0.002564465, -0.02073808, 0.0005187924, -0.1281468, 0.9870554, 0.04570375
 158833941, -0.009304807, -0.000429453, -0.02818044, 0.001089464, 0.007834281, 0.002356364, 0.03392159, 0.0005187924, -0.1286451, 0.9871076, 0.05027412
 159033861, 0.01851595, -0.002376765, 0.09503335, 0.001089464, 0.0099832, 0.01159054, 0.003848062, 0.0005187924, -0.1279228, 0.9873736, 0.04570375
 159233781, 0.02753799, 0.02911149, 0.00646159, 0.001089464, 0.00561309, 0.02684286, 0.02426044, 0.0005187924, -0.1271214, 0.9875311, 0.04570375
 159433701, 0.03064717, 0.06694788, 0.2085228, 0.001089464, -0.007268119, 0.02024914, 0.08489864, 0.0005187924, -0.1270734, 0.9881569, 0.04570375
 159633621, 0.0292577, 0.03970473, 0.3413605, 0.001089464, 0.03402549, -0.000573821, 0.1021381, 0.0005187924, -0.1271408, 0.9888217, 0.04570375
 159833541, 0.07230802, -0.013863, 0.2515287, 0.001089464, 0.01998908, -0.005896436, 0.09723101, 0.0005187924, -0.1280789, 0.9891074, 0.04570375
 160034294, 0.07559326, -0.06457705, 0.3654374, 0.001091626, 0.04033992, -0.03895397, 0.1408963, 0.000520954, -0.1297172, 0.9895021, 0.04579443
 160234214, 0.1050723, -0.08253407, 0.3905539, 0.001091626, 0.03369159, -0.01491186, 0.1410579, 0.0005187924, -0.1294335, 0.9900296, 0.04121499
 160434134, 0.1130779, 0.02273355, 0.3954193, 0.001089464, 0.03846593, 0.03842033, 0.09310982, 0.0005187924, -0.1288091, 0.99046, 0.04570375
 160634054, 0.08052645, 0.04140682, 0.2062038, 0.001089464, 0.0257712, -0.01093936, 0.08544719, 0.0005187924, -0.1307003, 0.9904441, 0.04570375
 160833974, 0.08164634, -0.03870804, 0.2953379, 0.001089464, 0.02676719, -0.00730384, 0.04531258, 0.0005187924, -0.1303518, 0.9907014, 0.05027412
 161033894, 0.07517048, -0.009193907, 0.09768443, 0.001089464, 0.01187367, 0.02532645, -0.01600188, 0.0005187924, -0.1289209, 0.9909224, 0.04570375
 161233814, 0.02511398, 0.06270808, 0.03226158, 0.001089464, 0.01168055, -0.008836054, 0.05175732, 0.0005187924, -0.1310413, 0.9907752, 0.04570375
 161433734, 0.06817827, -0.03485166, 0.2993509, 0.001089464, 0.01615159, 0.2122262, 0.06714032, 0.0005187924, -0.1006378, 0.9947067, 0.04570375
 161633654, 0.0896134, 1.599483, 0.3934028, 0.001089464, 0.04226536, 0.8020758, 0.241876, 0.0005187924, -0.1014568, 0.9947099, 0.04570375
 161833574, 0.1037251, 2.337164, 0.3768707, 0.001089464, 0.004188401, 0.5688335, -0.181189, 0.0005187924, -0.1065865, 0.9930596, 0.04570375
 162033494, -0.08522475, 1.222798, -0.8220772, 0.001089464, -0.05931417, 0.06489645, -0.2126723, 0.0005187924, -0.08328748, 0.9949747, 0.04570375
 162234247, -0.1557903, 0.07473321, -0.04502359, 0.001091626, -0.03710356, 0.01101466, 0.2550045, 0.000520954, -0.04452128, 0.9985792, 0.04121499
 162434167, -0.0954626, 0.3317454, 0.8834978, 0.001091626, -0.04202154, 0.2594381, 0.2840076, 0.0005187924, -0.02545702, 0.9996313, 0.04579443
 162634087, -0.1309278, 0.8562903, 0.6965164, 0.001089464, -0.04207178, 0.2904495, 0.1773949, 0.0005187924, -0.02296902, 0.9997262, 0.04570375
 162834007, -0.1490335, 0.7576746, 0.3597829, 0.001089464, -0.05250145, 0.2106166, 0.05345694, 0.0005187924, -0.01308591, 0.9999129, 0.04570375
 163033927, -0.1496323, 0.5026743, 0.2059923, 0.001089464, -0.0373695, 0.111491, 0.1001833, 0.0005187924, 0.003325981, 0.9999713, 0.05027412
 163233847, -0.1163412, 0.3821346, 0.3321881, 0.001089464, -0.04096699, 0.1398205, 0.1232351, 0.0005187924, 0.0187443, 0.999694, 0.04570375
 163433767, -0.1166291, 0.4834391, 0.4046393, 0.001089464, -0.04371162, 0.1817342, 0.0866771, 0.0005187924, 0.03006075, 0.9992661, 0.04570375
 163633687, -0.1207879, 0.5444843, 0.2419367, 0.001089464, -0.03567996, 0.1574373, 0.07610051, 0.0005187924, 0.03894736, 0.9988394, 0.04570375
 163833607, -0.1067481, 0.4540649, 0.2472867, 0.001089464, -0.02877318, 0.1321947, 0.04201467, 0.0005187924, 0.04958977, 0.9982176, 0.04570375
 164033527, -0.09570993, 0.4237739, 0.1419841, 0.001089464, -0.02098585, 0.1332808, 0.06237243, 0.0005187924, 0.06198472, 0.99737, 0.04570375
 164234280, -0.08475798, 0.3957016, 0.2345218, 0.001091626, -0.02495608, 0.1346919, 0.1108291, 0.000520954, 0.07191155, 0.9964203, 0.04121499
 164434200, -0.09531847, 0.3933055, 0.2451145, 0.001091626, -0.04234623, 0.1359575, 0.01030915, 0.0005187924, 0.08094949, 0.9956004, 0.04579443
 164634120, -0.1158153, 0.3759456, 0.1318804, 0.001089464, -0.04046534, 0.1189843, 0.05230181, 0.0005187924, 0.09003685, 0.9946286, 0.04570375
 164834040, -0.0962574, 0.3398021, 0.1975112, 0.001089464, -0.02694397, 0.1072095, 0.0952599, 0.0005187924, 0.09856682, 0.9934878, 0.04570375
 165033960, -0.08067799, 0.3246021, 0.2126534, 0.001089464, -0.01797172, 0.09094312, 0.04941603, 0.0005187924, 0.1055267, 0.9925941, 0.05027412
 165233880, -0.06276017, 0.2856871, 0.1548139, 0.001089464, -0.0267145, 0.08326501, 0.09363052, 0.0005187924, 0.1132542, 0.9914668, 0.04570375
 165433800, -0.08047057, 0.2921714, 0.2244471, 0.001089464, -0.02402093, 0.08410867, 0.03747661, 0.0005187924, 0.1193478, 0.9905487, 0.04570375
 165633720, -0.07545841, 0.2560951, 0.09332889, 0.001089464, -0.01772748, 0.06613315, 0.05527697, 0.0005187924, 0.1257019, 0.9895999, 0.04570375
 165833640, -0.05390948, 0.228102, 0.1112322, 0.001089464, -0.02849087, 0.07899161, -0.008713763, 0.0005187924, 0.1323967, 0.9886495, 0.04570375
 166033560, -0.06755786, 0.2401994, 0.05499833, 0.001089464, -0.014891, 0.0800034, 0.05391538, 0.0005187924, 0.1392815, 0.9874699, 0.04570375
 166233480, -0.05486688, 0.2388557, 0.08299404, 0.001089464, -0.03417587, 0.07015678, -0.003176467, 0.0005187924, 0.1439569, 0.9868239, 0.04570375
 166434233, -0.08961386, 0.2067924, 0.03141577, 0.001091626, -0.02387068, 0.07027803, 0.05028375, 0.000520954, 0.1485401, 0.9859745, 0.04121499
 166634153, -0.04651865, 0.1940216, 0.07872289, 0.001091626, -0.01883297, 0.05964971, 0.005427449, 0.0005187924, 0.1527824, 0.9852788, 0.04579443
 166834073, -0.04104551, 0.1713603, 0.03672305, 0.001089464, -0.0116145, 0.06390292, 0.03335626, 0.0005187924, 0.1576076, 0.9843935, 0.04570375
 167033993, -0.01636804, 0.1806481, 0.1435932, 0.001089464, -0.0009011251, 0.0521011, 0.06517328, 0.0005187924, 0.1618428, 0.9833833, 0.04570375
 167233913, -0.03033494, 0.1664963, 0.08573671, 0.001089464, -0.02647367, 0.05088182, 0.01064714, 0.0005187924, 0.1653327, 0.9828189, 0.05027412
 167433833, -0.06153569, 0.177247, 0.01236404, 0.001089464, -0.008070583, 0.04946352, 0.01927491, 0.0005187924, 0.1698954, 0.9820203, 0.04570375
 167633753, -0.02753252, 0.1647988, 0.06491312, 0.001089464, -0.01597501, 0.0573852, 0.03635563, 0.0005187924, 0.1743093, 0.9810427, 0.04570375
 167833673, -0.02777828, 0.1654113, 0.08320332, 0.001089464, -0.007864141, 0.04806669, 0.01674163, 0.0005187924, 0.1765293, 0.9805753, 0.04570375
 168033593, -0.01322134, 0.1372826, 0.009440575, 0.001089464, 0.001139573, 0.04408987, -0.02217617, 0.0005187924, 0.1809234, 0.9798184, 0.04570375
 168233513, -0.01388666, 0.1337377, -0.04630338, 0.001089464, -0.009261764, 0.04276383, -0.02011495, 0.0005187924, 0.1823824, 0.9796174, 0.04570375
 168434266, -0.02363731, 0.08928584, 0.02614719, 0.001091626, -0.008745229, 0.0259308, 0.01905033, 0.000520954, 0.1846838, 0.9790139, 0.04121499
 168634186, -0.03348998, 0.09573916, 0.0390746, 0.001091626, -0.02055157, 0.04087681, -0.003344323, 0.0005187924, 0.1880996, 0.978361, 0.04579443
 168834106, -0.04697264, 0.118845, -0.06678757, 0.001089464, -0.01162131, 0.03393643, -0.05644261, 0.0005187924, 0.1901621, 0.9781628, 0.04570375
 169034026, -0.03100462, 0.1007082, -0.03418135, 0.001089464, -0.0128676, 0.03817203, 0.02737907, 0.0005187924, 0.1927591, 0.9774585, 0.04570375
 169233946, -0.0235043, 0.1025094, 0.1464925, 0.001089464, -0.0005349993, 0.01042905, 0.05740443, 0.0005187924, 0.1939478, 0.9768406, 0.05027412
 169433866, 0.002684463, 0.04585785, 0.09701793, 0.001089464, 0.001130225, 0.01768522, -0.007578869, 0.0005187924, 0.1949831, 0.9766762, 0.04570375
 169633786, -0.003201266, 0.08832929, -0.06165262, 0.001089464, 0.001459557, 0.04752043, -0.02573204, 0.0005187924, 0.1971201, 0.9764056, 0.04570375
 169833706, -0.01009883, 0.1149527, -0.09891925, 0.001089464, -0.008117413, 0.02266065, -0.03038268, 0.0005187924, 0.1980759, 0.9764245, 0.04570375
 170033626, -0.002734763, 0.05806244, 0.01318826, 0.001089464, 0.0173869, 0.02303382, 0.03692847, 0.0005187924, 0.1993359, 0.97593, 0.04570375
 170233546, 0.03434257, 0.09185126, 0.07507035, 0.001089464, 0.001872029, 0.03610013, -0.002559019, 0.0005187924, 0.2017345, 0.9754021, 0.04570375
 170434299, -0.004039365, 0.09608218, 0.05259274, 0.001091626, 0.009976008, 0.01319428, 0.03535401, 0.0005187924, 0.2022361, 0.9750837, 0.04579443
 170634219, 0.02538336, 0.05356454, 0.06555884, 0.001091626, 0.01021343, 0.01847321, 0.006679218, 0.000520954, 0.2038971, 0.9746894, 0.04121499
 170834139, 0.02324517, 0.05834672, -0.0498098, 0.001091626, 0.008356833, 0.02108172, -0.04910146, 0.0005187924, 0.2049901, 0.9747483, 0.04579443
 171034059, -0.01327569, 0.086399, -0.1139051, 0.001089464, -0.005307516, 0.02962044, 0.01930155, 0.0005187924, 0.2069923, 0.9743341, 0.04570375
 171233979, 0.03415687, 0.07843442, 0.03921105, 0.001089464, 0.01014361, 0.01199715, -0.005028143, 0.0005187924, 0.207153, 0.9743174, 0.05027412
 171433899, 0.01663083, 0.05632245, -0.02845138, 0.001089464, -0.001390222, 0.01848696, 0.007269525, 0.0005187924, 0.208198, 0.9741168, 0.04570375
 171633819, -0.002805223, 0.06686997, 0.0437564, 0.001089464, -0.007269882, 0.04111652, -0.004682574, 0.0005187924, 0.2109305, 0.9734612, 0.04570375
 171833739, -0.02637494, 0.1196312, -0.04619998, 0.001089464, -0.01326799, 0.03343125, -0.0006593926, 0.0005187924, 0.2123393, 0.9732535, 0.04570375
 172033659, -0.02716738, 0.06801211, -0.01780869, 0.001089464, -0.005536813, 0.003802674, -0.01688758, 0.0005187924, 0.2119345, 0.9734482, 0.04570375
 172233579, -0.01361356, 0.0371611, -0.03851447, 0.001089464, -0.005384811, 0.02427812, -0.02172611, 0.0005187924, 0.213308, 0.9732155, 0.04570375
 172433499, -0.001367138, 0.07265966, -0.0444827, 0.001089464, -0.004580142, 0.02447152, -0.02187788, 0.0005187924, 0.214156, 0.9730963, 0.04570375
 172634252, 0.001322414, 0.05611365, -0.07219107, 0.001091626, 0.002149732, 0.007724296, -0.0431428, 0.000520954, 0.2140244, 0.9732904, 0.04121499
 172834172, -0.01347074, 0.06225577, -0.05695234, 0.001091626, -0.02029927, 0.03454464, 0.02852385, 0.0005187924, 0.2174491, 0.9724479, 0.04579443
 173034092, -0.03196515, 0.09721676, 0.08559286, 0.001089464, 0.00688564, 0.01720594, 0.038318, 0.0005187924, 0.2170361, 0.9723932, 0.04570375
 173234012, 0.004777954, 0.05570287, 0.05375597, 0.001089464, -0.0009824743, 0.02478351, 0.0100291, 0.0005187924, 0.2178154, 0.9722187, 0.04570375
 173433932, -0.00543048, 0.06638417, 0.0007039886, 0.001089464, 0.0004728815, 0.02403277, -0.01615288, 0.0005187924, 0.2202442, 0.9717616, 0.05027412
 173633852, -0.002116728, 0.09055842, -0.0759261, 0.001089464, 0.002920598, 0.03002859, -0.02473299, 0.0005187924, 0.2207023, 0.9718037, 0.04570375
 173833772, -0.005467493, 0.06775712, -0.09528471, 0.001089464, -0.004658449, 0.01859791, -0.03572408, 0.0005187924, 0.2224126, 0.9716163, 0.04570375
 174033692, -0.01030545, 0.07557875, -0.04187824, 0.001089464, 0.004521469, 0.01888279, 0.01566451, 0.0005187924, 0.2234487, 0.9713154, 0.04570375
 174233612, 0.004797094, 0.07676399, 0.03129265, 0.001089464, -0.001260509, 0.02603705, -0.02157988, 0.0005187924, 0.2259597, 0.9707543, 0.04570375
 174433532, -0.01650388, 0.08679934, -0.08302575, 0.001089464, -0.01962922, 0.02313626, -0.008845318, 0.0005187924, 0.2263787, 0.9707941, 0.04570375
 174634285, -0.04154534, 0.05490296, -0.001429618, 0.001091626, -0.004071041, 0.009230899, -0.001534314, 0.000520954, 0.2261995, 0.9707777, 0.04121499
 174834205, -0.005969382, 0.04876729, 0.03904369, 0.001091626, 0.003116715, 0.02313819, -0.01038208, 0.0005187924, 0.2276591, 0.9703836, 0.04579443
 175034125, 0.005869273, 0.08980204, 0.01760829, 0.001089464, -0.00203511, 0.03819713, 0.0195911, 0.0005187924, 0.2290996, 0.9699382, 0.04570375
 175234045, -0.008504569, 0.1147827, 0.0237124, 0.001089464, 0.005832605, 0.0382695, -0.02045366, 0.0005187924, 0.2306054, 0.969654, 0.04570375
 175433965, -0.001921499, 0.1254518, -0.0417532, 0.001089464, -0.003443394, 0.03462449, -0.0148687, 0.0005187924, 0.2318642, 0.9694017, 0.05027412
 175633885, -0.02409277, 0.1211916, -0.1026963, 0.001089464, -0.01431322, 0.04270918, -0.03809044, 0.0005187924, 0.234637, 0.9689528, 0.04570375
 175833805, -0.04877333, 0.1622166, -0.06341406, 0.001089464, -0.01875619, 0.06418961, 0.005515085, 0.0005187924, 0.2375215, 0.9682445, 0.04570375
 176033725, -0.05577675, 0.2077436, 0.02647488, 0.001089464, -0.03326512, 0.07311587, -0.003956642, 0.0005187924, 0.2409644, 0.9673586, 0.04570375
 176233645, -0.2338847, 0.3853917, -0.0709267, 0.001089464, -0.07983732, -0.06742347, -0.08205277, 0.0005187924, 0.2088642, 0.9748904, 0.04570375
 176433565, -0.04052547, -1.410858, -0.02320913, 0.001089464, 0.06981077, -0.8462291, 0.3085734, 0.0005187924, 0.2126824, 0.9727294, 0.04570375
 176633485, 0.3121544, -2.339097, 0.8443899, 0.001089464, 0.1721083, -0.5857459, -0.08119243, 0.0005187924, 0.2349157, 0.9701478, 0.04570375
 176834238, 0.4862759, -1.300309, -0.8863688, 0.001091626, 0.1083838, -0.1423275, -0.4604678, 0.000520954, 0.2145026, 0.9757459, 0.04121499
 177034158, 0.2053784, -0.08509521, -0.567964, 0.001091626, 0.02375341, 0.01841826, 0.1738224, 0.0005187924, 0.1699364, 0.9832587, 0.04579443
 177234078, -0.03168996, -0.2972125, 0.7040192, 0.001089464, -0.0509978, -0.2571889, 0.2683104, 0.0005187924, 0.1479638, 0.9852323, 0.04570375
 177433998, -0.2240279, -0.9408107, 0.7562029, 0.001089464, -0.1015092, -0.3682346, 0.1821918, 0.0005187924, 0.145009, 0.9850358, 0.04570375
 177633918, -0.3337367, -0.9570793, 0.3949448, 0.001089464, -0.1127763, -0.2045743, 0.05064168, 0.0005187924, 0.1377869, 0.9858164, 0.05027412
 177833838, -0.390168, -0.5239859, 0.2287562, 0.001089464, -0.1345534, -0.1164221, 0.1189085, 0.0005187924, 0.1202357, 0.9869171, 0.04570375
 178033758, -0.4081949, -0.3992403, 0.4970858, 0.001089464, -0.116177, -0.1369641, 0.2094615, 0.0005187924, 0.1022936, 0.9869576, 0.04570375
 178233678, -0.3209639, -0.4680514, 0.7398118, 0.001089464, -0.06777442, -0.161827, 0.2370551, 0.0005187924, 0.09180254, 0.9856414, 0.04570375
 178433598, -0.186278, -0.5210147, 0.6722257, 0.001089464, -0.03506934, -0.1627925, 0.1703108, 0.0005187924, 0.08309494, 0.9845837, 0.04570375
 178633518, -0.1008418, -0.488062, 0.481069, 0.001089464, -0.01682017, -0.1327245, 0.1142941, 0.0005187924, 0.07238971, 0.9839617, 0.04570375
 178834271, -0.04841977, -0.4067043, 0.3779136, 0.001091626, -0.01698054, -0.1172406, 0.1450028, 0.000520954, 0.06010798, 0.9831424, 0.04121499
 179034191, -0.02390042, -0.3935086, 0.4111477, 0.001091626, -0.003304649, -0.1374052, 0.1257613, 0.0005187924, 0.04824064, 0.9822636, 0.04579443
 179234111, 0.003628523, -0.4268691, 0.2897325, 0.001089464, 0.0148742, -0.1461754, 0.06101127, 0.0005187924, 0.03629382, 0.9818757, 0.04570375
 179434031, 0.02329137, -0.4341517, 0.2302166, 0.001089464, -0.006147321, -0.1520034, 0.1114213, 0.0005187924, 0.02551336, 0.9809023, 0.04570375
 179633951, -0.001467929, -0.4335404, 0.2413769, 0.001089464, -0.003981039, -0.1223232, 0.03331883, 0.0005187924, 0.01471668, 0.9805211, 0.05027412
 179833871, 0.003280658, -0.3995732, 0.0952337, 0.001089464, 0.001808117, -0.1270303, 0.01729254, 0.0005187924, 0.00353153, 0.9801579, 0.04570375
 180033791, 0.01479115, -0.353856, 0.09419033, 0.001089464, 0.008622445, -0.08954258, 0.05453864, 0.0005187924, -0.005068828, 0.979422, 0.04570375
 180233711, 0.01963844, -0.2963465, 0.1585802, 0.001089464, 0.01669115, -0.08362858, 0.03714334, 0.0005187924, -0.01487317, 0.978679, 0.04570375
 180433631, 0.04614456, -0.289315, 0.1071383, 0.001089464, 0.01490139, -0.0950442, 0.01059108, 0.0005187924, -0.02317949, 0.9781247, 0.04570375
 180633551, 0.01564316, -0.2661147, 0.05480374, 0.001089464, -0.009733817, -0.07666435, -2.411831E-05, 0.0005187924, -0.02945257, 0.9776394, 0.04570375
 180834304, -0.02077536, -0.2275141, 0.05622607, 0.001091626, -0.01170817, -0.07212102, 0.04068435, 0.0005187924, -0.03817614, 0.9767242, 0.04579443
 181034224, -0.02203797, -0.2273937, 0.1004283, 0.001091626, -0.01029904, -0.07210627, 0.02203856, 0.000520954, -0.04423521, 0.976128, 0.04121499
 181234144, -0.01022475, -0.1871735, 0.02772227, 0.001091626, 0.002115038, -0.05535276, -0.008789713, 0.0005187924, -0.04938529, 0.9758229, 0.04579443
 181434064, 0.003014704, -0.1547809, 0.07859685, 0.001089464, 0.002731263, -0.05000928, 0.05928689, 0.0005187924, -0.05463767, 0.9747559, 0.04570375
 181633984, 0.009221899, -0.1364744, 0.1163789, 0.001089464, 0.000232812, -0.0342317, 0.04383665, 0.0005187924, -0.05893704, 0.9740705, 0.04570375
 181833904, -0.004852423, -0.1064342, 0.08920871, 0.001089464, -0.002450242, -0.02749849, 0.008666004, 0.0005187924, -0.06348706, 0.9735769, 0.05027412
 182033824, 0.009574605, -0.08789605, 0.01866199, 0.001089464, 0.01114991, -0.02530594, 0.005450547, 0.0005187924, -0.06648452, 0.9732545, 0.04570375
 182233744, 0.02202421, -0.06157667, 0.05566284, 0.001089464, 0.01081177, -0.008685206, 0.007344454, 0.0005187924, -0.06859101, 0.9728056, 0.04570375
 182433664, 0.01737795, -0.02936552, 0.01849953, 0.001089464, 0.004470426, -0.008925034, 0.002143574, 0.0005187924, -0.07163115, 0.9725277, 0.04570375
 182633584, 0.003773228, -0.01896211, 0.00583339, 0.001089464, 0.006733281, 0.002543106, -0.006757512, 0.0005187924, -0.07238795, 0.9724659, 0.04570375
 182833504, 0.01016178, 0.009030999, -0.03608608, 0.001089464, -0.001050308, 8.069121E-05, 0.002468075, 0.0005187924, -0.07362754, 0.9724991, 0.04570375
 183034257, 0.002926833, 0.008870183, 0.04230979, 0.001091626, 0.003267395, 0.008558752, 0.03286036, 0.000520954, -0.0740779, 0.9720769, 0.04121499
 183234177, 0.01398987, 0.0461848, 0.05576366, 0.001091626, 0.006318261, 0.0356664, -0.02566836, 0.0005187924, -0.0740984, 0.9722138, 0.04579443
 183434097, 0.01950306, 0.1006113, -0.036923, 0.001089464, 0.0147457, 0.04202322, 0.01769464, 0.0005187924, -0.0734509, 0.9721982, 0.04570375
 183634017, 0.04015383, 0.1036817, 0.04496715, 0.001089464, 0.001972152, 0.02943178, 0.03418092, 0.0005187924, -0.07227577, 0.9719035, 0.04570375
 183833937, 0.02066483, 0.09357305, 0.09200554, 0.001089464, 0.003175568, 0.03277725, 0.02755064, 0.0005187924, -0.071394, 0.9716848, 0.05027412
 184033857, 0.02242476, 0.08380319, 0.03420599, 0.001089464, 0.008612293, 0.03014321, -0.03551483, 0.0005187924, -0.07012679, 0.9720665, 0.04570375
 184233777, 0.04173448, 0.09323708, -0.174836, 0.001089464, 0.01075272, 0.03205732, -0.06025878, 0.0005187924, -0.06859957, 0.9731811, 0.04570375
 184433697, 0.02057632, 0.1157126, -0.04418947, 0.001089464, -0.003663569, 0.03944022, 0.05370947, 0.0005187924, -0.06699647, 0.9727361, 0.04570375
 184633617, -0.01103076, 0.1151402, 0.1969839, 0.001089464, -0.007733605, 0.0268289, 0.06599036, 0.0005187924, -0.06561554, 0.9717861, 0.04570375
 184833537, -0.007863088, 0.09884143, 0.1185201, 0.001089464, -0.01075085, 0.03599989, 0.02622261, 0.0005187924, -0.06409858, 0.9717028, 0.04570375
 185034290, 0.01607185, 0.1122676, 0.007006233, 0.001091626, 0.02131308, 0.02811079, -0.01695862, 0.000520954, -0.06304247, 0.9721487, 0.04579443
 185234210, 0.03497991, 0.08774924, 0.02454576, 0.001091626, -0.005402277, 0.02490318, 0.05501122, 0.0005187924, -0.06118727, 0.9716871, 0.04121499
 185434130, 0.01342584, 0.1088135, -0.01373792, 0.001089464, 0.01282634, 0.05760752, -0.08263221, 0.0005187924, -0.05889598, 0.9729913, 0.04570375
 185634050, 0.04847563, 0.154207, -0.2838035, 0.001089464, 0.01772478, 0.04746169, -0.1029794, 0.0005187924, -0.05842616, 0.9745751, 0.04570375
 185833970, 0.04284131, 0.1346729, -0.387648, 0.001089464, -0.01340999, 0.0514046, -0.1075196, 0.0005187924, -0.05464943, 0.9767775, 0.05027412
 186033890, 0.05341993, 0.1455194, -0.3904501, 0.001089464, 0.04204437, 0.05557635, -0.1278423, 0.0005187924, -0.05159776, 0.978907, 0.04570375
 186233810, 0.09723872, 0.1510229, -0.335462, 0.001089464, 0.02304264, 0.04762556, -0.07192528, 0.0005187924, -0.04837987, 0.9801947, 0.04570375
 186433730, 0.06482228, 0.1661139, -0.2799182, 0.001089464, 0.01697135, 0.05616152, -0.09158046, 0.0005187924, -0.04505222, 0.9817528, 0.04570375
 186633650, 0.06003628, 0.1659517, -0.3396268, 0.001089464, 0.01871908, 0.04609668, -0.1146555, 0.0005187924, -0.04166014, 0.9834412, 0.04570375
 186833570, 0.06716739, 0.1418279, -0.351468, 0.001089464, 0.02430137, 0.0334659, -0.06956483, 0.0005187924, -0.03961825, 0.9847783, 0.04570375
 187033490, 0.1309052, 0.1280826, -0.2197754, 0.001089464, 0.05953081, 0.03410661, -0.03555277, 0.0005187924, -0.0369289, 0.9856089, 0.04570375
 187234243, 0.1685697, 0.1001508, -0.1714952, 0.001091626, 0.05746112, 0.031431, -0.06752974, 0.000520954, -0.03538688, 0.9865664, 0.04121499
 187434163, 0.2188281, 0.1037378, -0.3047742, 0.001091626, 0.1112562, 0.03289564, -0.1069895, 0.0005187924, -0.03217598, 0.9879398, 0.04579443
 187634083, 0.3008792, 0.135417, -0.3599921, 0.001089464, 0.08910903, 0.05969054, -0.0998138, 0.0005187924, -0.029502, 0.9892166, 0.04570375
 187834003, 0.2508833, 0.1160799, -0.2493578, 0.001089464, 0.08131722, 0.02786284, -0.04276965, 0.0005187924, -0.02878989, 0.989854, 0.04570375
 188033923, 0.2467492, 0.07429703, -0.2260627, 0.001089464, 0.08191844, 0.02700193, -0.1378278, 0.0005187924, -0.02602492, 0.9910094, 0.05027412
 188233843, 0.2385751, 0.1073827, -0.4753042, 0.001089464, 0.06635468, 0.0341606, -0.1488853, 0.0005187924, -0.02414416, 0.9923659, 0.04570375
 188433763, 0.2009328, 0.09250785, -0.3612388, 0.001089464, 0.04297416, 0.01016169, -0.0792071, 0.0005187924, -0.02299133, 0.9931076, 0.04570375
 188633683, 0.1578422, 0.06582109, -0.3284839, 0.001089464, 0.05270774, 0.0257069, -0.1418559, 0.0005187924, -0.02060421, 0.9941136, 0.04570375
 188833603, 0.1555679, 0.087844, -0.3745655, 0.001089464, 0.03915327, 0.02945288, -0.07232433, 0.0005187924, -0.01930519, 0.9947852, 0.04570375
 189033523, 0.1253659, 0.06634143, -0.2651481, 0.001089464, 0.03950544, 0.01193471, -0.08801276, 0.0005187924, -0.01912835, 0.9953537, 0.04570375
 189234276, 0.1010428, 0.05590933, -0.199159, 0.001091626, 0.02389784, 0.02061982, -0.0007712211, 0.000520954, -0.01600095, 0.9955785, 0.04121499
 189434196, -0.001684766, 0.09126937, -0.06851391, 0.001091626, -0.02629867, 0.04309741, -0.06709273, 0.0005187924, -0.01390655, 0.9958662, 0.04579443
 189634116, -0.1528275, 0.09524199, -0.153737, 0.001089464, -0.06118375, -0.002976647, -0.06890877, 0.0005187924, -0.01519588, 0.996084, 0.04570375
 189834036, -0.1574404, 0.02703273, -0.01861349, 0.001089464, -0.04616601, 0.03490607, 0.0591048, 0.0005187924, -0.01095817, 0.9958223, 0.04570375
 190033956, -0.207707, 0.0908054, 0.2136352, 0.001089464, -0.1015142, 0.02754533, 0.08144505, 0.0005187924, -0.0106208, 0.9953474, 0.05027412
 190233876, -0.2830971, 0.06283177, 0.2378894, 0.001089464, -0.08242974, 0.01169964, 0.1067686, 0.0005187924, -0.01005648, 0.9948052, 0.04570375
 190433796, -0.2452975, 0.05873354, 0.3762954, 0.001089464, -0.05797936, 0.01753228, 0.1286393, 0.0005187924, -0.008468229, 0.9938887, 0.04570375
 190633716, -0.2023969, 0.04524731, 0.4191537, 0.001089464, -0.07290938, -0.001544267, 0.1397145, 0.0005187924, -0.008543222, 0.9928302, 0.04570375
 190833636, -0.2067577, 0.007230116, 0.3001764, 0.001089464, -0.05006766, 0.007786004, 0.03735297, 0.0005187924, -0.008258835, 0.9923986, 0.04570375
 191033556, -0.1513657, 0.01419359, 0.1841702, 0.001089464, -0.03192021, 0.01439198, 0.07654388, 0.0005187924, -0.007919507, 0.9917632, 0.04570375
 191233476, -0.07967938, 0.0459486, 0.1958069, 0.001089464, -0.01646278, 0.02336663, 0.0503597, 0.0005187924, -0.007065448, 0.9912777, 0.04570375
 191434229, -0.05381517, 0.04197449, 0.2405937, 0.001091626, 0.001099584, 0.003375011, 0.1088962, 0.000520954, -0.006955959, 0.9904177, 0.04121499
 191634149, -0.02738622, -0.000336193, 0.2270361, 0.001091626, -0.009204253, -0.002216243, 0.04544893, 0.0005187924, -0.006639903, 0.990073, 0.04579443
 191834069, -0.01506114, 0.02889396, 0.09136723, 0.001089464, -0.005159144, 0.01751114, 0.03357355, 0.0005187924, -0.004743831, 0.9899238, 0.04570375
 192033989, -0.003416859, 0.04671497, 0.08295841, 0.001089464, 0.006892303, 0.01108553, 0.008502562, 0.0005187924, -0.005877757, 0.989739, 0.04570375
 192233909, 0.04594734, 0.00838704, 0.065387, 0.001089464, 0.01140704, 0.004045225, 0.04012553, 0.0005187924, -0.005910429, 0.9893636, 0.05027412
 192433829, 0.01322172, 0.02286765, 0.09519085, 0.001089464, -0.003720147, 0.01921585, 0.02137569, 0.0005187924, -0.004290348, 0.9891818, 0.04570375
 192633749, -0.007809198, 0.02453314, 0.1376248, 0.001089464, -0.001919127, -0.01241832, 0.0699921, 0.0005187924, -0.005420152, 0.9885244, 0.04570375
 192833669, 0.003106223, -0.03078327, 0.2441127, 0.001089464, 0.001752635, -0.0074282, 0.06535528, 0.0005187924, -0.005869891, 0.9876486, 0.04570375
 193033589, 0.001864829, -0.009362407, 0.1657166, 0.001089464, -0.0005351601, 0.01139687, 0.04967133, 0.0005187924, -0.004593638, 0.98721, 0.04570375
 193233509, -0.006249934, 0.03998677, 0.1573485, 0.001089464, -0.002840484, 0.01502006, 0.05143739, 0.0005187924, -0.004218636, 0.9867149, 0.04570375
 193434262, -0.002202872, 0.02525719, -0.005590174, 0.001091626, 0.01082039, 0.002787957, -0.05344089, 0.000520954, -0.005405555, 0.9872297, 0.04121499
 193634182, 0.005066414, 0.01400374, 0.01371966, 0.001091626, -0.0115342, -0.001824192, 0.06851754, 0.0005187924, -0.004716304, 0.9864706, 0.04579443
 193834102, -0.0475437, 0.0118262, 0.303462, 0.001089464, -0.01770219, 0.01919889, 0.1218338, 0.0005187924, -0.003397063, 0.985222, 0.04570375
 194034022, -0.03372943, 0.03226265, 0.2582965, 0.001089464, -0.01397741, 0.00226294, 0.02648231, 0.0005187924, -0.003737336, 0.9848295, 0.04570375
 194233942, -0.07467301, -0.002056707, 0.01485793, 0.001089464, -0.08201861, -0.009289826, 0.01189767, 0.0005187924, -0.004638838, 0.9846871, 0.05027412
 194433862, -0.1664898, -0.02325756, 0.1192724, 0.001089464, -0.02514699, -0.004469591, 0.05622178, 0.0005187924, -0.005416901, 0.9840136, 0.04570375
 194633782, -0.03046091, -0.01256759, 0.0539901, 0.001089464, -0.0007767961, -0.005327098, -0.0335623, 0.0005187924, -0.005041191, 0.9843218, 0.04570375
 194833702, 0.0565684, -0.008530785, -0.1455452, 0.001089464, 0.0814241, -0.0001453753, -0.0603646, 0.0005187924, -0.005438344, 0.9850907, 0.04570375
 195033622, 0.197818, 0.01080183, -0.2199672, 0.001089464, 0.02085497, 0.0005871871, -0.09636179, 0.0005187924, -0.006546424, 0.986084, 0.04570375
 195233542, 0.01324825, -0.001005893, -0.267609, 0.001089464, -0.01626238, -0.005006104, -0.04480819, 0.0005187924, -0.006359132, 0.9868138, 0.04570375
 195434295, -0.1356259, -0.002709002, -0.1160491, 0.001091626, -0.09773449, -0.0002351317, -0.06691636, 0.000520954, -0.006644217, 0.9872325, 0.04579443
 195634215, -0.06293477, 0.005505842, -0.2736073, 0.001091626, 0.1000061, 0.01196264, -0.1013729, 0.0005187924, -0.004783668, 0.988222, 0.04121499
 195834135, 0.1917922, 0.0169637, -0.152607, 0.001089464, 0.019892, 0.0005532376, -0.01144642, 0.0005187924, -0.005979629, 0.9883066, 0.04570375
 196034055, 0.02797992, -0.003937972, -0.1609579, 0.001089464, -0.01462921, 0.004244642, -0.1258917, 0.0005187924, -0.006542977, 0.9894339, 0.04570375
 196233975, 0.0395035, -0.006407905, -0.3197269, 0.001089464, 0.04904864, -0.002980232, -0.07958069, 0.0005187924, -0.008387584, 0.9901898, 0.05027412
 196433895, 0.2306149, -0.01426935, -0.2383476, 0.001089464, 0.08930361, 0.003957262, -0.07894666, 0.0005187924, -0.007536442, 0.9908934, 0.04570375
 196633815, 0.2539338, 0.01936121, -0.2574226, 0.001089464, 0.06185014, 0.01010584, -0.10744, 0.0005187924, -0.007058367, 0.9917277, 0.04570375
 196833735, 0.1960308, 0.03997006, -0.3313506, 0.001089464, 0.05477467, 0.01582887, -0.07749508, 0.0005187924, -0.006196011, 0.9925884, 0.04570375
 197033655, 0.1872927, 0.0295219, -0.2726135, 0.001089464, 0.054026, 0.004941097, -0.108617, 0.0005187924, -0.006820903, 0.9933524, 0.04570375
 197233575, 0.1652471, 0.01040213, -0.3288345, 0.001089464, 0.04448601, 0.002926954, -0.07369889, 0.0005187924, -0.006435735, 0.9940865, 0.04570375
 197433495, 0.1432543, -0.004692004, -0.2831457, 0.001089464, 0.05177626, -0.00251753, -0.09091077, 0.0005187924, -0.007074177, 0.9947753, 0.04570375
 197634248, 0.1697108, -0.009966411, -0.2455332, 0.001091626, 0.05500109, 0.008801103, -0.06102544, 0.000520954, -0.006667961, 0.9952543, 0.04121499
 197834168, 0.1267454, 0.02019827, -0.277278, 0.001091626, 0.01669873, 0.003704844, -0.0969888, 0.0005187924, -0.007453952, 0.9958379, 0.04579443
 198034088, 0.09253523, -0.006248336, -0.2308898, 0.001089464, 0.03594476, 0.004641062, -0.0732623, 0.0005187924, -0.008026603, 0.9961858, 0.04570375
 198234008, 0.1503747, -0.003642445, -0.2459757, 0.001089464, 0.05168906, -0.005892796, -0.08764718, 0.0005187924, -0.007943361, 0.9966302, 0.04570375
 198433928, 0.1260555, -0.002330934, -0.2260228, 0.001089464, 0.01922456, 0.00453725, -0.09089714, 0.0005187924, -0.008003118, 0.9970002, 0.05027412
 198633848, 0.03431859, 0.01194202, -0.1842406, 0.001089464, -0.002573014, 0.004967616, -0.05074702, 0.0005187924, -0.007154701, 0.997161, 0.04570375
 198833768, 0.1138636, 0.0382538, -0.1932355, 0.001089464, 0.09494903, 0.0147449, -0.1166244, 0.0005187924, -0.007550471, 0.9975855, 0.04570375
 199033688, 0.3371675, 0.03055053, -0.5827302, 0.001089464, 0.1124523, -0.001918156, -0.2273655, 0.0005187924, -0.009001419, 0.9985114, 0.04570375
 199233608, 0.3153731, -0.01302425, -0.6226359, 0.001089464, 0.07626016, -0.01080893, -0.1693024, 0.0005187924, -0.007646074, 0.999041, 0.04570375
 199433528, 0.2222606, 0.02062704, -0.5577592, 0.001089464, 0.05566921, 0.02355613, -0.1747441, 0.0005187924, -0.005648382, 0.9994786, 0.04570375
 199634281, 0.1591947, 0.0426382, -0.5702486, 0.001091626, 0.05210909, -0.0009697916, -0.2216276, 0.000520954, -0.007838094, 0.9997752, 0.04121499
 199834201, 0.096812, 0.008525481, -0.6446639, 0.001091626, 0.007629507, 0.01590983, -0.2067766, 0.0005187924, -0.005443867, 0.9999539, 0.04579443
 200034121, 0.03205457, 0.0424095, -0.4711156, 0.001089464, 0.01690157, 0.009326625, -0.1199124, 0.0005187924, -0.006518906, 0.9999773, 0.04570375
 200234041, 0.01826088, -0.01487825, -0.39726, 0.001089464, -0.001279473, -0.01395993, -0.1662903, 0.0005187924, -0.007795725, 0.9999443, 0.04570375
 200433961, -0.02155028, -0.006674938, -0.4217352, 0.001089464, -0.01335904, 0.02842458, -0.08179072, 0.0005187924, -0.006007613, 0.9998903, 0.05027412
 200633881, -0.06626349, 0.05688943, -0.4022886, 0.001089464, -0.02374868, 0.002749484, -0.1725495, 0.0005187924, -0.007903705, 0.9996754, 0.04570375
 200833801, -0.06249156, -0.00865238, -0.2953068, 0.001089464, -0.01079621, 0.009345972, 0.003166362, 0.0005187924, -0.007829129, 0.999649, 0.04570375
 201033721, -0.03796272, 0.02381076, 0.01362249, 0.001089464, -0.03007065, 0.009448848, -0.03670625, 0.0005187924, -0.007114789, 0.9996538, 0.04570375
 201233641, -0.1059149, 0.01190347, 0.05817953, 0.001089464, -0.03660991, -0.009478947, 0.1062291, 0.0005187924, -0.007588646, 0.9997666, 0.04570375
 201433561, -0.127324, 0.005546936, 0.3241761, 0.001089464, -0.06442853, -0.0009377486, 0.0437469, 0.0005187924, -0.006862543, 0.9998456, 0.04570375
 201633481, -0.1845688, 0.01303461, 0.09514448, 0.001089464, -0.06152248, -0.000732872, 0.09777591, 0.0005187924, -0.006880739, 0.9998831, 0.04570375
 201834234, -0.2272971, 0.02780494, 0.3241027, 0.001091626, -0.08474967, 0.01224294, 0.1353213, 0.000520954, -0.005753442, 0.9999591, 0.04121499
 202034154, -0.2316503, 0.04175793, 0.3888486, 0.001091626, -0.06733675, 0.01776471, 0.1197716, 0.0005187924, -0.006248913, 0.9999805, 0.04579443
 202234074, -0.2218122, 0.03938279, 0.3037132, 0.001089464, -0.08276844, 0.01305098, 0.07779215, 0.0005187924, -0.004521714, 0.9999779, 0.04570375
 202433994, -0.2242832, 0.04146828, 0.2893515, 0.001089464, -0.07660621, 0.001972916, 0.09914957, 0.0005187924, -0.005204052, 0.999926, 0.04570375
 202633914, -0.2004457, -0.01855287, 0.3104912, 0.001089464, -0.06259786, -0.01890236, 0.08720694, 0.0005187924, -0.005466668, 0.9998376, 0.05027412
 202833834, -0.1886011, -0.03853702, 0.2822652, 0.001089464, -0.05233141, -0.01100321, 0.06336928, 0.0005187924, -0.005976771, 0.9997333, 0.04570375
 203033754, -0.1631465, 0.01035067, 0.249185, 0.001089464, -0.0511298, 0.0269568, 0.1011818, 0.0005187924, -0.003336719, 0.9995903, 0.04570375
 203233674, -0.149876, 0.05665996, 0.2707168, 0.001089464, -0.0402209, 0.006398115, 0.06429408, 0.0005187924, -0.004952266, 0.9994723, 0.04570375
 203433594, -0.1457156, 0.01936243, 0.1840027, 0.001089464, -0.05275734, 0.01233567, 0.02805217, 0.0005187924, -0.00444031, 0.9993643, 0.04570375
 203633514, -0.1321161, 0.02021107, 0.1815663, 0.001089464, -0.01837397, 0.005943749, 0.1223382, 0.0005187924, -0.004787703, 0.9991127, 0.04570375
 203834267, -0.05810241, -0.004175573, 0.309608, 0.001091626, -0.03332696, -0.01084966, 0.04766221, 0.000520954, -0.005966765, 0.9989172, 0.04121499
 204034187, -0.09316652, -0.03677642, 0.1791931, 0.001091626, -0.04399727, -0.0117727, 0.05501764, 0.0005187924, -0.006164027, 0.9987147, 0.04579443
 204234107, -0.1058178, -0.01223965, 0.1464156, 0.001089464, -0.0197618, -0.0005152377, 0.02018422, 0.0005187924, -0.005625161, 0.9986389, 0.04570375
 204434027, -0.1103051, 0.0201983, 0.04776144, 0.001089464, -0.03490449, 0.01148236, 0.03630083, 0.0005187924, -0.006001242, 0.9985617, 0.04570375
 204633947, -0.08413594, 0.02518666, 0.1001155, 0.001089464, -0.02669586, -0.001556318, 0.0390669, 0.0005187924, -0.007128323, 0.9984534, 0.05027412
 204833867, -0.06491888, -0.029378, 0.1051242, 0.001089464, -0.01046446, -0.01192249, 0.02594701, 0.0005187924, -0.00718001, 0.9983518, 0.04570375
 205033787, -0.04127091, -0.001922488, 0.09572702, 0.001089464, 0.003143132, 0.02189413, 0.05250947, 0.0005187924, -0.005277055, 0.9982151, 0.04570375
 205233707, -0.01295418, 0.0595773, 0.02168185, 0.001089464, -0.01398028, 0.004135136, -0.06101246, 0.0005187924, -0.005610227, 0.9983678, 0.04570375
 205433627, -0.04644455, -0.0002991292, -0.002526566, 0.001089464, -0.01266015, -0.01630552, 0.06351809, 0.0005187924, -0.007137596, 0.998149, 0.04570375
 205633547, -0.03505088, -0.01987031, 0.179311, 0.001089464, -0.007850771, 0.003866731, 0.06568845, 0.0005187924, -0.006182314, 0.9979163, 0.04570375
 205834300, -0.03457898, -0.0013442, 0.1391156, 0.001091626, -0.01043666, -0.000496735, 0.01210139, 0.0005187924, -0.006608895, 0.9978387, 0.04579443
 206034220, -0.03364813, -0.003444279, -0.06096549, 0.001091626, -0.01603692, -0.008620795, -0.0441495, 0.000520954, -0.008461968, 0.997981, 0.04121499
 206234140, -0.03428089, -0.03296073, -0.02064071, 0.001091626, 0.005599732, -0.001959142, 0.05861882, 0.0005187924, -0.007778615, 0.9978697, 0.04579443
 206434060, -0.002058257, 0.01622767, 0.1463325, 0.001089464, 0.0002787018, 0.02006575, 0.03896619, 0.0005187924, -0.00680233, 0.9977213, 0.04570375
 206633980, -0.01361184, 0.03504357, 0.045035, 0.001089464, -0.01030095, 0.002310063, 0.009022249, 0.0005187924, -0.008248244, 0.9977283, 0.05027412
 206833900, -0.03551632, 0.005383539, -0.01499543, 0.001089464, -0.003293972, -0.002969336, -0.04430905, 0.0005187924, -0.007769198, 0.9978505, 0.04570375
 207033820, -0.01910886, 0.0001486235, -0.06255828, 0.001089464, -0.006220378, 0.01428482, -6.692116E-05, 0.0005187924, -0.007203184, 0.9978415, 0.04570375
 207233740, -0.01468867, 0.04808431, 0.04072526, 0.001089464, -0.0009872057, 0.02158829, 0.01239853, 0.0005187924, -0.005913124, 0.9977255, 0.04570375
 207433660, 0.002878729, 0.04137204, 0.1008523, 0.001089464, 0.008121859, 0.009987901, 0.03060442, 0.0005187924, -0.006930524, 0.9975216, 0.04570375
 207633580, 0.001771368, 0.01986332, -0.003334369, 0.001089464, -0.007039978, 0.007167493, -0.03343865, 0.0005187924, -0.005864305, 0.9976938, 0.04570375
 207833500, -0.02149772, 0.02112198, -0.09486388, 0.001089464, -0.005817195, -0.003517394, -0.003878281, 0.0005187924, -0.00680398, 0.9977695, 0.04570375
 208034253, -0.01130834, -0.003514045, -0.0002595708, 0.001091626, -0.006241973, -0.003672033, -0.02620419, 0.000520954, -0.006131881, 0.9978127, 0.04121499
 208234173, -0.01393099, 0.008680701, -0.03953534, 0.001091626, -0.01184974, 0.01197494, 0.02622995, 0.0005187924, -0.005520598, 0.9977661, 0.04579443
 208434093, -0.01500733, 0.02900038, 0.09811809, 0.001089464, -0.01352529, 0.003947114, 0.04936883, 0.0005187924, -0.005508462, 0.9976019, 0.04570375
 208634013, 0.02649186, 0.02656777, 0.03031375, 0.001089464, 0.04485461, 0.01682419, -0.03143717, 0.0005187924, -0.003419857, 0.9977674, 0.04570375
 208833933, 0.195505, 0.05491304, -0.2375595, 0.001089464, 0.09435273, 0.004363754, -0.1105856, 0.0005187924, -0.003809029, 0.9982786, 0.05027412
 209033853, 0.358136, 0.03023756, -0.5085436, 0.001089464, 0.1280172, 0.0148299, -0.1916892, 0.0005187924, -0.003097946, 0.9989695, 0.04570375
 209233773, 0.4193245, 0.02659398, -0.6248578, 0.001089464, 0.1275993, -0.01233104, -0.1885295, 0.0005187924, -0.005576291, 0.9994444, 0.04570375
 209433693, 0.3803716, -0.03861511, -0.5662289, 0.001089464, 0.11297, 0.01018158, -0.2102225, 0.0005187924, -0.003636257, 0.9997663, 0.04570375
 209633613, 0.3013213, 0.02220621, -0.6032295, 0.001089464, 0.0710886, 0.0008034686, -0.1997072, 0.0005187924, -0.00440532, 0.9999425, 0.04570375
 209833533, 0.1982197, -0.002589606, -0.6457874, 0.001089464, 0.04584502, 0.0009862096, -0.1991486, 0.0005187924, -0.004441191, 0.9999859, 0.04570375
 210034286, 0.128888, 0.01034694, -0.5790588, 0.001091626, 0.032882, 0.002955668, -0.2131713, 0.000520954, -0.003369201, 0.9999009, 0.04121499
 210234206, 0.07508299, 0.02280621, -0.4985267, 0.001091626, 0.02540813, -0.000547384, -0.08165264, 0.0005187924, -0.004572607, 0.9997745, 0.04579443
 210434126, 0.03534652, -0.004994099, -0.3584125, 0.001089464, -0.0003529438, 0.0006976018, -0.144071, 0.0005187924, -0.004143394, 0.9995807, 0.04570375
 210634046, -0.005307013, -0.004309543, -0.3439434, 0.001089464, -0.007966214, -0.005089231, -0.118816, 0.0005187924, -0.005366574, 0.9994013, 0.04570375
 210833966, -0.01531065, -0.0008048166, -0.2677593, 0.001089464, -0.0068981, 0.01004135, -0.03407946, 0.0005187924, -0.005807793, 0.9992766, 0.05027412
 211033886, -0.03916043, -0.01124132, -0.03941569, 0.001089464, -0.02058985, -0.0164262, 0.03060613, 0.0005187924, -0.00641209, 0.9993295, 0.04570375
 211233806, -0.109651, -0.01894186, 0.1620335, 0.001089464, -0.06100478, -0.0001292777, 0.07558363, 0.0005187924, -0.005599189, 0.9994608, 0.04570375
 211433726, -0.2248928, 0.02137044, 0.2561087, 0.001089464, -0.0777349, 0.00310552, 0.08027536, 0.0005187924, -0.00634855, 0.9996178, 0.04570375
 211633646, -0.2551427, 0.025472, 0.345719, 0.001089464, -0.08279635, 0.003410654, 0.1014205, 0.0005187924, -0.006345734, 0.9997931, 0.04570375
 211833566, -0.2612424, 0.03312204, 0.3435318, 0.001089464, -0.08344682, 0.01916003, 0.1126157, 0.0005187924, -0.005096394, 0.9999057, 0.04570375
 212033486, -0.2754484, 0.03213994, 0.2708955, 0.001089464, -0.08609814, -0.002473711, 0.05366562, 0.0005187924, -0.005938057, 0.9999342, 0.04570375
 212234239, -0.2588088, -0.004339768, 0.2720362, 0.001091626, -0.08122932, -0.004511337, 0.1703094, 0.000520954, -0.007039624, 0.9999743, 0.04121499
 212434159, -0.2236223, -0.02399818, 0.4745605, 0.001091626, -0.07017311, -0.001866663, 0.1341176, 0.0005187924, -0.006098024, 0.9999533, 0.04579443
 212634079, -0.2076819, 0.0124536, 0.43042, 0.001089464, -0.06610566, 0.0169743, 0.1011998, 0.0005187924, -0.004627598, 0.9998736, 0.04570375
 212833999, -0.185959, 0.04817388, 0.3360303, 0.001089464, -0.06125768, 0.01943251, 0.09852038, 0.0005187924, -0.005882082, 0.9997479, 0.04570375
 213033919, -0.1729927, 0.05137796, 0.2225363, 0.001089464, -0.05108032, 0.01058992, 0.05437249, 0.0005187924, -0.005309519, 0.9996775, 0.05027412
 213233839, -0.1481438, 0.03033995, 0.2135148, 0.001089464, -0.04337604, 0.004749566, 0.1041381, 0.0005187924, -0.004819116, 0.9995251, 0.04570375
 213433759, -0.1447092, 0.01430113, 0.2618397, 0.001089464, -0.050914, 0.003027144, 0.06629895, 0.0005187924, -0.00481616, 0.9993936, 0.04570375
 213633679, -0.1327856, 0.007645559, 0.2665941, 0.001089464, -0.02917763, 0.01016731, 0.09518906, 0.0005187924, -0.003799381, 0.9991462, 0.04570375
 213833599, -0.07707138, 0.04930362, 0.2864193, 0.001089464, -0.007796692, 0.01400311, 0.07739804, 0.0005187924, -0.002059127, 0.998901, 0.04570375
 214033519, -0.05110796, 0.04101225, 0.21191, 0.001089464, -0.02535715, 0.01232936, 0.03563323, 0.0005187924, -0.002682504, 0.9987466, 0.04570375
 214234272, -0.0904218, 0.02301085, 0.09090006, 0.001091626, -0.02784302, 0.02706935, 0.02930184, 0.000520954, -0.002266019, 0.9986773, 0.04121499
 214434192, -0.06014903, 0.03291612, 0.184806, 0.001091626, -0.02125299, -0.008562945, 0.09710483, 0.0005187924, -0.002744938, 0.9983582, 0.04579443
 214634112, -0.06152874, -0.006309936, 0.1383021, 0.001089464, -0.01985867, -0.005982961, -0.01988121, 0.0005187924, -0.001956652, 0.9983788, 0.04570375
 214834032, -0.08398303, 4.458742E-05, 0.01827214, 0.001089464, -0.02803848, -0.003444526, 0.05655611, 0.0005187924, -0.002362218, 0.998208, 0.04570375
 215033952, -0.2541193, -0.002894158, 0.1381896, 0.001089464, -0.1097819, -0.0007265991, 0.04049436, 0.0005187924, -0.002284943, 0.9980739, 0.05027412
 215233872, -0.3091458, 0.00170725, 0.3180625, 0.001089464, -0.05822108, 0.006662229, 0.1916728, 0.0005187924, -0.002186799, 0.9972786, 0.04570375
 215433792, -0.3613123, 0.01213807, 0.6045607, 0.001089464, -0.2376227, 0.009089918, 0.1754389, 0.0005187924, -0.002259962, 0.996191, 0.04570375
 215633712, -0.6956177, 0.02188642, 0.5957794, 0.001089464, -0.1895435, 0.004590338, 0.1857903, 0.0005187924, -0.002663253, 0.994896, 0.04570375
 215833632, -0.5463201, 0.0186655, 0.6197999, 0.001089464, -0.1464295, 0.008479708, 0.1962771, 0.0005187924, -0.002329297, 0.9931365, 0.04570375
 216033552, -0.4675834, 0.01931082, 0.6677213, 0.001089464, -0.1397018, 0.006101752, 0.1958337, 0.0005187924, -0.002032776, 0.9911708, 0.04570375
 216234305, -0.3960047, 0.02489405, 0.6480431, 0.001091626, -0.09027036, 0.003686803, 0.1946115, 0.0005187924, -0.001920284, 0.9891065, 0.04579443
 216434225, -0.2448004, 0.003577032, 0.5698761, 0.001091626, -0.06518363, -0.007294641, 0.1772458, 0.000520954, -0.002998814, 0.9872292, 0.04121499
 216634145, -0.1694353, -0.009719588, 0.515288, 0.001091626, -0.05267944, 0.00416116, 0.175561, 0.0005187924, -0.00172714, 0.9853209, 0.04579443
 216834065, -0.09387128, 0.008221982, 0.442928, 0.001089464, -0.01622525, 0.006878011, 0.1251329, 0.0005187924, -0.002008311, 0.9839362, 0.04570375
 217033985, -0.02344279, 0.01726942, 0.3430289, 0.001089464, 0.003300431, 0.00188427, 0.09054411, 0.0005187924, -0.0006945517, 0.9828039, 0.04570375
 217233905, 0.04447632, 0.0227215, 0.09372599, 0.001089464, 0.0178779, 0.01102159, -0.05391405, 0.0005187924, -0.0007325078, 0.9833734, 0.05027412
 217433825, 0.1345885, 0.01491974, -0.1580043, 0.001089464, 0.04719502, 0.002367678, -0.03628776, 0.0005187924, -0.001058459, 0.983951, 0.04570375
 217633745, 0.1208163, 0.01596661, -0.1310531, 0.001089464, 0.03546719, 0.01110193, -0.05640777, 0.0005187924, -0.0009464927, 0.9847037, 0.04570375
 217833665, 0.1363772, 0.02092784, -0.2041479, 0.001089464, 0.06110596, 0.007159669, -0.02893311, 0.0005187924, -0.000606577, 0.9855571, 0.04570375
 218033585, 0.139064, 0.009146113, -0.171361, 0.001089464, 0.09120732, -0.003528172, -0.09044737, 0.0005187924, -0.001877252, 0.9865832, 0.04570375
 218233505, 0.2980839, -0.0158853, -0.2117198, 0.001089464, 0.1011901, -0.001056778, -0.03343455, 0.0005187924, -0.001952125, 0.9872326, 0.04570375
 218434258, 0.3637409, -0.01119209, -0.1932887, 0.001091626, 0.1238794, -0.006455268, -0.1260483, 0.000520954, -0.002203969, 0.9884079, 0.04121499
 218634178, 0.2932407, -0.02184517, -0.4178183, 0.001091626, 0.06368501, -0.007031586, -0.1808971, 0.0005187924, -0.004313132, 0.9899825, 0.04579443
 218834098, 0.2223229, -0.02872746, -0.4582876, 0.001089464, 0.08547676, -0.001551876, -0.1170188, 0.0005187924, -0.005034354, 0.9910818, 0.04570375
 219034018, 0.3344548, -0.02171904, -0.3799102, 0.001089464, 0.1196995, -0.004240009, -0.138384, 0.0005187924, -0.004457997, 0.9921713, 0.04570375
 219233938, 0.2413714, 0.007594251, -0.3800511, 0.001089464, -0.07034463, 0.006954052, -0.1218863, 0.0005187924, -0.004532096, 0.9931604, 0.05027412
 219433858, 0.04064019, 0.0186233, -0.284873, 0.001089464, 0.0669757, 0.01092423, -0.04856627, 0.0005187924, -0.004748289, 0.993693, 0.04570375
 219633778, 0.2092965, 0.03105199, -0.3073123, 0.001089464, 0.07122235, 0.01660284, -0.1222049, 0.0005187924, -0.004215428, 0.9946216, 0.04570375
 219833698, 0.2237939, 0.03484624, -0.2724698, 0.001089464, 0.06158221, 0.01181982, -0.05616697, 0.0005187924, -0.004325517, 0.9950423, 0.04570375
 220033618, 0.1725131, 0.003735605, -0.2407983, 0.001089464, 0.0391189, -0.01097663, -0.08005896, 0.0005187924, -0.006785296, 0.995624, 0.04570375
 220233538, 0.1069247, -0.02771364, -0.2848391, 0.001089464, 0.03387341, 0.009102532, -0.08241054, 0.0005187924, -0.005155294, 0.99622, 0.04570375
 220434291, 0.06641622, 0.03327114, -0.1892872, 0.001091626, 0.0357201, -0.004346772, -0.02232438, 0.000520954, -0.006190518, 0.9964197, 0.04579443
 220634211, 0.1135821, 0.003938612, -0.1574593, 0.001091626, 0.03149975, 0.008810973, -0.06594314, 0.0005187924, -0.00459352, 0.9967735, 0.04121499
 220834131, 0.09120104, 0.04426732, -0.1786565, 0.001089464, 0.03239155, 0.009777583, -0.08888498, 0.0005187924, -0.004738314, 0.9971094, 0.04570375
 221034051, 0.0889496, 0.01719018, -0.2018067, 0.001089464, 0.02779932, -0.004709543, -0.05295283, 0.0005187924, -0.006031004, 0.9973655, 0.04570375
 221233971, 0.07932702, -0.03140344, -0.2319641, 0.001089464, 0.02386459, -0.01977174, -0.05270461, 0.0005187924, -0.006916376, 0.9977101, 0.05027412
 221433891, 0.08534569, -0.01239551, -0.05999915, 0.001089464, 0.02714915, 0.01378039, 0.02752585, 0.0005187924, -0.00529241, 0.9976137, 0.04570375
 221633811, 0.05969794, 0.04174659, 0.006826801, 0.001089464, 0.0181943, 0.01824991, -0.05676535, 0.0005187924, -0.005247353, 0.9977891, 0.04570375
 221833731, 0.03699095, 0.04656719, -0.1480418, 0.001089464, 0.005497682, 0.008799973, -0.01346498, 0.0005187924, -0.00459807, 0.9979176, 0.04570375
 222033651, 0.02232104, 0.005165884, -0.07273239, 0.001089464, 0.008604464, -0.001167323, -0.05097266, 0.0005187924, -0.006238119, 0.9980555, 0.04570375
 222233571, 0.02511419, -0.001706612, -0.1199323, 0.001089464, 0.006949821, -0.007271127, -0.06260417, 0.0005187924, -0.006398128, 0.9982069, 0.04570375
 222433491, 0.02715689, -0.03151375, -0.1314277, 0.001089464, 0.01100175, -0.004191318, -0.0179527, 0.0005187924, -0.006153481, 0.9982969, 0.04570375
 222634244, 0.02610587, 0.03231088, -0.004086014, 0.001091626, 0.006777667, 0.02349583, 0.0304967, 0.000520954, -0.005134837, 0.9982293, 0.04121499
 222834164, 0.02538627, 0.05685329, 0.04163352, 0.001091626, 0.01345608, 0.002154288, -0.01400627, 0.0005187924, -0.00548715, 0.9982406, 0.04579443
 223034084, -0.0287753, 0.005184957, -0.03358966, 0.001089464, -0.04147153, -0.002343931, -0.02245887, 0.0005187924, -0.007118056, 0.9982735, 0.04570375
 223234004, -0.2297542, -0.01540331, 0.04129156, 0.001089464, -0.1179361, -0.006644859, 0.08232167, 0.0005187924, -0.006487053, 0.9980557, 0.04570375
 223433924, -0.4432064, -0.0009602718, 0.3139808, 0.001089464, -0.1524631, 0.01739982, 0.1255972, 0.0005187924, -0.004436015, 0.9975055, 0.05027412
 223633844, -0.4573154, 0.06103682, 0.5274442, 0.001089464, -0.1430368, 0.01979736, 0.2180842, 0.0005187924, -0.004016702, 0.9963738, 0.04570375
 223833764, -0.4891771, 0.05889056, 0.663533, 0.001089464, -0.1450592, 0.01323232, 0.2049517, 0.0005187924, -0.004847749, 0.9950635, 0.04570375
 224033684, -0.4238803, 0.02625197, 0.6390746, 0.001089464, -0.1172208, -0.003355577, 0.2153294, 0.0005187924, -0.004736032, 0.9934648, 0.04570375
 224233604, -0.3132607, 0.009560823, 0.6865661, 0.001089464, -0.07960172, 0.01711449, 0.193909, 0.0005187924, -0.001544656, 0.9916497, 0.04570375
 224433524, -0.2005865, 0.05043886, 0.5426705, 0.001089464, -0.04572091, 0.01603189, 0.150682, 0.0005187924, -0.00234184, 0.9902438, 0.04570375
 224634277, -0.1195034, 0.02862557, 0.4746896, 0.001091626, -0.02581097, 0.01103151, 0.152925, 0.000520954, -0.002148627, 0.9888277, 0.04121499
 224834197, -0.05737746, 0.02380817, 0.3688715, 0.001091626, -0.007615197, 0.001859344, 0.07525936, 0.0005187924, -0.00279445, 0.9879262, 0.04579443
 225034117, -0.0227026, 0.007316495, 0.2722721, 0.001089464, -0.005456758, 0.006254578, 0.1139206, 0.0005187924, -0.001975626, 0.9868829, 0.04570375
 225234037, -6.569154E-05, 0.01447996, 0.2317529, 0.001089464, 0.001835587, 0.002500979, 0.01822617, 0.0005187924, -0.002678422, 0.9866074, 0.04570375
 225433957, 0.02136588, 0.010376, -0.03918436, 0.001089464, 0.01393256, 0.01737618, -0.002468361, 0.0005187924, -0.002421777, 0.9869452, 0.05027412
 225633877, 0.04284491, 0.02376768, -0.09771771, 0.001089464, 0.01147399, 0.003296027, -0.07436304, 0.0005187924, -0.002186276, 0.9877292, 0.04570375
 225833797, 0.04988228, 0.0307101, -0.2225558, 0.001089464, 0.02029739, 0.01788191, -0.07352738, 0.0005187924, -0.0002346425, 0.9884793, 0.04570375
 226033717, 0.08790468, 0.02219888, -0.19378, 0.001089464, 0.04274732, -0.01220077, -0.04262077, 0.0005187924, -0.002989048, 0.9890029, 0.04570375
 226233637, 0.1766907, -0.02076417, -0.1998325, 0.001089464, 0.07954518, 0.01135984, -0.08313009, 0.0005187924, -0.001044666, 0.9899063, 0.04570375
 226433557, 0.2416578, 0.0337009, -0.2176315, 0.001089464, 0.06935711, 0.002081459, -0.07494922, 0.0005187924, -0.00196345, 0.990542, 0.04570375
 226633477, 0.2087156, 0.0126449, -0.247263, 0.001089464, 0.04029799, 0.01369421, -0.1045833, 0.0005187924, -0.001499604, 0.9914711, 0.04570375
 226834230, 0.1735899, 0.01304477, -0.3417872, 0.001091626, 0.07845743, -0.01098035, -0.1046072, 0.000520954, -0.003366064, 0.9923431, 0.04121499
 227034150, 0.2725571, -0.04057094, -0.2854531, 0.001091626, 0.146223, -0.004983857, -0.07978687, 0.0005187924, -0.004220436, 0.9930372, 0.04579443
 227234070, 0.3354542, -0.01484646, -0.2778314, 0.001089464, 0.07201099, -0.002308337, -0.1255995, 0.0005187924, -0.003555834, 0.9939215, 0.04570375
 227433990, 0.133704, 0.003282084, -0.3980012, 0.001089464, -0.02269362, 0.008687316, -0.1145145, 0.0005187924, -0.003504581, 0.9947682, 0.04570375
 227633910, 0.1002497, 0.03161674, -0.2787673, 0.001089464, 0.05995452, 0.01707259, -0.08448167, 0.0005187924, -0.00291716, 0.9952654, 0.05027412
 227833830, 0.1801776, 0.06025053, -0.2289869, 0.001089464, 0.05579669, 0.01774798, -0.0438876, 0.0005187924, -0.002112936, 0.9955914, 0.04570375
 228033750, 0.1352095, 0.04137751, -0.1663296, 0.001089464, 0.03190978, 0.005220953, -0.08288738, 0.0005187924, -0.002735765, 0.9960057, 0.04570375
 228233670, 0.1030997, 0.007702242, -0.2150606, 0.001089464, 0.03167091, -0.001036937, -0.04522869, 0.0005187924, -0.00220513, 0.9962994, 0.04570375
 228433590, 0.1118047, 0.01539768, -0.19187, 0.001089464, 0.0282855, 0.01858758, -0.06644003, 0.0005187924, -0.0009075404, 0.9967557, 0.04570375
 228633510, 0.08027065, 0.01668207, -0.2520994, 0.001089464, 0.005431899, -0.008884764, -0.05533341, 0.0005187924, -0.003023257, 0.9971563, 0.04570375
 228834263, 0.0732107, -0.0147692, -0.1440985, 0.001091626, 0.1001319, 0.00325717, -0.03254413, 0.000520954, -0.001625314, 0.9973403, 0.04121499
 229034183, 0.17622, 0.01985505, -0.1867783, 0.001091626, 0.01961426, 0.001867943, -0.08292034, 0.0005187924, -0.002419276, 0.9977099, 0.04579443
 229234103, 0.02217613, 0.00934845, -0.1310863, 0.001089464, -0.0007430739, 0.0009295646, 0.02173515, 0.0005187924, -0.003643372, 0.9977304, 0.04570375
 229434023, 0.002057073, -0.0008139212, -0.03119202, 0.001089464, 0.01105929, 0.00923293, -0.02573155, 0.0005187924, -0.002914572, 0.9978435, 0.04570375
 229633943, 0.038676, 0.01350139, -0.03594483, 0.001089464, 0.01735392, 0.002835694, -0.01139643, 0.0005187924, -0.002828375, 0.997872, 0.05027412
 229833863, -0.001192926, 0.01587913, -0.09760935, 0.001089464, -0.03149595, 0.006472274, -0.03565935, 0.0005187924, -0.002540095, 0.9980435, 0.04570375
 230033783, -0.2576023, 0.0106339, 0.06572987, 0.001089464, -0.2030329, -0.006478473, 0.1125937, 0.0005187924, -0.004145788, 0.9976717, 0.04570375
 230233703, -0.5058927, -0.02400316, 0.4321411, 0.001089464, -0.04527568, -0.001941882, 0.180503, 0.0005187924, -0.004079874, 0.9968287, 0.04570375
 230433623, -0.23439, 0.01486553, 0.5667784, 0.001089464, -0.1197339, 0.01247551, 0.1788704, 0.0005187924, -0.003512827, 0.9957001, 0.04570375
 230633543, -0.5067362, 0.01312641, 0.5903478, 0.001089464, -0.1578097, 0.001411114, 0.1839251, 0.0005187924, -0.004942145, 0.9944596, 0.04570375
 230834296, -0.3903135, -0.006206671, 0.548212, 0.001091626, -0.08825883, 0.003681345, 0.1606088, 0.000520954, -0.004347972, 0.993131, 0.04579443
 231034216, -0.2447625, 0.03649129, 0.5081669, 0.001091626, -0.07378838, 0.02086911, 0.1697976, 0.0005187924, -0.003690351, 0.991761, 0.04121499
 231234136, -0.1996227, 0.03825118, 0.5037137, 0.001089464, -0.05103289, -0.01107454, 0.173241, 0.0005187924, -0.005529043, 0.9903224, 0.04570375
 231434056, -0.1361399, -0.006227506, 0.459161, 0.001089464, -0.03122522, 0.002377571, 0.1085877, 0.0005187924, -0.004517136, 0.9891472, 0.04570375
 231633976, -0.08835878, 0.009971774, 0.3603166, 0.001089464, -0.0217676, 0.008979333, 0.1080389, 0.0005187924, -0.003682866, 0.9879052, 0.05027412
 231833896, -0.04201759, 0.01333702, 0.3041846, 0.001089464, -0.001481053, 0.007880087, 0.06377301, 0.0005187924, -0.00395095, 0.9870281, 0.04570375
 232033816, 0.001083473, 0.01490604, 0.1865787, 0.001089464, 0.001228551, -0.002558773, 0.01490159, 0.0005187924, -0.004483259, 0.9866069, 0.04570375
 232233736, 0.03110286, -0.004818663, -0.002878887, 0.001089464, 0.01990705, 0.01335794, -0.03248546, 0.0005187924, -0.00409466, 0.9868636, 0.04570375
 232433656, 0.06366077, 0.02359576, -0.0907955, 0.001089464, 0.02336795, 0.001872375, -0.04177892, 0.0005187924, -0.004680016, 0.9873003, 0.04570375
 232633576, 0.06835797, 0.005171441, -0.2636776, 0.001089464, 0.01084854, -0.0002896891, -0.09047598, 0.0005187924, -0.00494421, 0.9884953, 0.04570375
 232833496, 0.05355389, 0.01717042, -0.3008516, 0.001089464, 0.0271808, -0.0001609015, -0.06246004, 0.0005187924, -0.004250664, 0.9894207, 0.04570375
 233034249, 0.1392038, 0.02839678, -0.1818554, 0.001091626, 0.06645118, 0.02019639, -0.05186325, 0.000520954, -0.003050862, 0.9899645, 0.04121499
 233234169, 0.2192635, 0.04646571, -0.1545172, 0.001091626, 0.08136455, 0.01024609, -0.07414229, 0.0005187924, -0.0031423, 0.9905563, 0.04579443
 233434089, 0.2057244, 0.01797716, -0.1698217, 0.001089464, 0.04981389, 0.002925345, -0.05187378, 0.0005187924, -0.001772937, 0.9910493, 0.04570375
 233634009, 0.1535608, 0.01122599, -0.2948181, 0.001089464, 0.07769576, 0.01437262, -0.1578626, 0.0005187924, -0.001854926, 0.9922543, 0.04570375
 233833929, 0.248855, 0.02167619, -0.3092305, 0.001089464, 0.1174599, 0.004960231, -0.03610845, 0.0005187924, -0.001363887, 0.9926398, 0.05027412
 234033849, 0.3606875, 0.03036036, -0.2618219, 0.001089464, 0.08268209, 0.01137195, -0.1209896, 0.0005187924, -0.001998042, 0.9936933, 0.04570375
 234233769, 0.1341706, 0.01454801, -0.362564, 0.001089464, -0.01944536, -0.00371052, -0.07231746, 0.0005187924, -0.002198287, 0.9944538, 0.04570375
 234433689, 0.0851201, 0.006201232, -0.262536, 0.001089464, 0.05649527, 0.00503068, -0.1179136, 0.0005187924, -0.001798092, 0.9950829, 0.04570375
 234633609, 0.1653733, 0.01099963, -0.2903265, 0.001089464, 0.04042161, -0.005219272, -0.05076294, 0.0005187924, -0.003072501, 0.9954816, 0.04570375
 234833529, 0.124939, -0.02004114, -0.1438622, 0.001089464, 0.03778937, 0.01085987, -0.0462245, 0.0005187924, -0.003135955, 0.995805, 0.04570375
 235034282, 0.08966985, 0.02653317, -0.2210597, 0.001091626, 0.05757241, 0.01015565, -0.09753471, 0.000520954, -0.003380201, 0.9962831, 0.04121499
 235234202, 0.1376705, 0.004598745, -0.2121825, 0.001091626, 0.03894702, -0.009680473, -0.06590925, 0.0005187924, -0.00443134, 0.9965568, 0.04579443
 235434122, 0.09195699, -0.02441, -0.2255241, 0.001089464, 0.02622546, -0.003102497, -0.121291, 0.0005187924, -0.004315973, 0.9969836, 0.04570375
 235634042, 0.06404968, -0.003564468, -0.1653432, 0.001089464, 0.02217892, -0.0004696009, -0.0140948, 0.0005187924, -0.004703725, 0.9970141, 0.04570375
 235833962, 0.05273704, 0.007276497, -0.1035705, 0.001089464, 0.02622957, 0.01193657, -0.03129422, 0.0005187924, -0.004908006, 0.9972378, 0.05027412
 236033882, 0.04346326, 0.01986052, -0.1295517, 0.001089464, -0.0005455927, 0.0004254931, -0.04194546, 0.0005187924, -0.005333344, 0.9974647, 0.04570375
 236233802, -0.6680655, 0.1559871, -0.1918938, 0.001089464, -0.6857409, 0.2229709, -0.09004185, 0.0005187924, -0.0183161, 0.9976102, 0.04570375
 236433722, -2.61434, -0.6865451, -0.4441677, 0.001089464, -1.001963, -1.135486, -0.07416523, 0.0005187924, -0.07779094, 0.9920952, 0.04570375
 236633642, -3.287598, -3.960525, 1.14299, 0.001089464, -1.035858, -1.242124, 0.8153723, 0.0005187924, -0.08571965, 0.9927552, 0.04570375
 236833562, -3.868788, -5.560115, 1.288977, 0.001089464, -1.637727, -2.589965, -0.4459167, 0.0005187924, -0.2861164, 0.9581268, 0.04570375
 237033482, -5.787189, -7.299198, -2.579231, 0.001089464, -1.837479, -1.413893, -1.062188, 0.0005187924, -0.4854665, 0.8704484, 0.04570375
 237234235, -4.850803, -2.75899, -2.158256, 0.001091626, -1.167861, -0.2197968, -0.1056376, 0.000520954, -0.5783154, 0.8131615, 0.04121499
 237434155, -2.916387, -0.2184098, 0.5519969, 0.001091626, -0.7797584, 0.04810244, 0.4765887, 0.0005187924, -0.6220648, 0.7827243, 0.04579443
 237634075, -2.37713, -0.001810815, 1.346197, 0.001089464, -0.8298743, -0.07963676, 0.3723974, 0.0005187924, -0.6628721, 0.7487327, 0.04570375
 237833995, -2.631863, -0.3789368, 0.7788711, 0.001089464, -0.9326409, -0.1737353, 0.1131983, 0.0005187924, -0.7180122, 0.6960294, 0.04570375
 238033915, -2.764982, -0.4521416, 0.1891752, 0.001089464, -0.8028844, -0.09017738, 0.019663, 0.0005187924, -0.7757842, 0.6309983, 0.05027412
 238233835, -2.447319, -0.1884236, 0.1331556, 0.001089464, -0.7053137, -0.01297334, 0.08339082, 0.0005187924, -0.8255299, 0.5642024, 0.04570375
 238433755, -2.195905, -0.001844952, 0.3181487, 0.001089464, -0.6644877, 0.01514539, 0.1164158, 0.0005187924, -0.8676415, 0.4963654, 0.04570375
 238633675, -2.127922, 0.06430007, 0.3386685, 0.001089464, -0.6667965, 0.02902631, 0.08250463, 0.0005187924, -0.9050269, 0.4237531, 0.04570375
 238833595, -2.13001, 0.1245494, 0.2056704, 0.001089464, -0.6600901, 0.05770183, 0.03707099, 0.0005187924, -0.9378594, 0.3447744, 0.04570375
 239033515, -2.075428, 0.2326986, 0.09572545, 0.001089464, -0.6266262, 0.09804299, 0.0224245, 0.0005187924, -0.9641903, 0.2618655, 0.04570375
 239234268, -1.958906, 0.3605214, 0.08251205, 0.001091626, -0.649683, 0.1451686, 0.03457237, 0.000520954, -0.9830529, 0.1771028, 0.04121499
 239434188, -1.893005, 0.47882, 0.1170967, 0.001091626, -0.6086253, 0.1784982, 0.04403681, 0.0005187924, -0.9942536, 0.0925689, 0.04579443
 239634108, -1.792636, 0.5741899, 0.1243886, 0.001089464, -0.5835963, 0.2088857, 0.03666784, 0.0005187924, -0.9982674, 0.007200451, 0.04570375
 239834028, -1.71782, 0.6653941, 0.09069309, 0.001089464, -0.5576886, 0.2396515, 0.02133681, 0.0005187924, -0.9950131, -0.07889552, 0.04570375
 240033948, -1.63236, 0.7570683, 0.05472647, 0.001089464, -0.4743996, 0.2476999, 0.01364496, 0.0005187924, -0.9843677, -0.1643937, 0.05027412
 240233868, -1.477474, 0.8218139, 0.04297464, 0.001089464, -0.4398816, 0.2716878, 0.01407165, 0.0005187924, -0.9666377, -0.2475581, 0.04570375
 240433788, -1.360249, 0.8908926, 0.04754451, 0.001089464, -0.4006319, 0.2889786, 0.01616384, 0.0005187924, -0.9425941, -0.3266883, 0.04570375
 240633708, -1.232128, 0.9397591, 0.05077205, 0.001089464, -0.3600715, 0.3009189, 0.01525164, 0.0005187924, -0.9128094, -0.4017769, 0.04570375
 240833628, -1.107557, 0.9719383, 0.046359, 0.001089464, -0.3221021, 0.3072537, 0.01401321, 0.0005187924, -0.8781037, -0.4721114, 0.04570375
 241033548, -0.9830207, 0.985559, 0.04401246, 0.001089464, -0.2833142, 0.3089505, 0.01323047, 0.0005187924, -0.8393162, -0.5372999, 0.04570375
 241234301, -0.8644519, 0.9889744, 0.04165296, 0.001091626, -0.2487734, 0.3069266, 0.01272808, 0.0005187924, -0.7972072, -0.5972319, 0.04579443
 241434221, -0.7568063, 0.9774638, 0.03974493, 0.001091626, -0.2406215, 0.3327436, 0.01350248, 0.000520954, -0.7530499, -0.6512625, 0.04121499
 241634141, -0.6769763, 0.9844106, 0.0382036, 0.001091626, -0.2064351, 0.322873, 0.01101763, 0.0005187924, -0.7077501, -0.6995227, 0.04579443
 241834061, -0.5805795, 0.95272, 0.02720743, 0.001089464, -0.1759428, 0.3105704, 0.006994805, 0.0005187924, -0.6618239, -0.7425162, 0.04570375
 242033981, -0.4929751, 0.9135104, 0.0170844, 0.001089464, -0.1331693, 0.2678412, 0.004386959, 0.0005187924, -0.6159433, -0.7804281, 0.05027412
 242233901, -0.3982238, 0.839929, 0.01732453, 0.001089464, -0.1108517, 0.2532084, 0.007336161, 0.0005187924, -0.5710312, -0.8132017, 0.04570375
 242433821, -0.3300745, 0.7906738, 0.02695672, 0.001089464, -0.09022822, 0.2378389, 0.008615098, 0.0005187924, -0.5274643, -0.8414671, 0.04570375
 242633741, -0.2728785, 0.7430862, 0.02046681, 0.001089464, -0.07687943, 0.2237186, 0.002691146, 0.0005187924, -0.4852387, -0.8660659, 0.04570375
 242833661, -0.2356293, 0.6985936, 0.003095771, 0.001089464, -0.06826153, 0.2096226, -0.001273981, 0.0005187924, -0.4448202, -0.8871937, 0.04570375
 243033581, -0.196912, 0.6530749, -0.004391534, 0.001089464, -0.05125318, 0.194738, -0.001846719, 0.0005187924, -0.4064296, -0.9051566, 0.04570375
 243233501, -0.1504299, 0.606881, -0.006760886, 0.001089464, -0.04049593, 0.1813745, -0.003197439, 0.0005187924, -0.3702225, -0.9203708, 0.04570375
 243434254, -0.07973228, 0.5651941, -0.01342023, 0.001091626, -0.0171777, 0.1868119, -0.00606476, 0.000520954, -0.336024, -0.9333221, 0.04121499
 243634174, -0.06248168, 0.5389006, -0.01807243, 0.001091626, -0.02288944, 0.1709953, -0.005158391, 0.0005187924, -0.3044372, -0.9439895, 0.04579443
 243834094, -0.06164694, 0.4919218, -0.0076021, 0.001089464, -0.01749188, 0.1554271, 0.0007721481, 0.0005187924, -0.2752202, -0.9526777, 0.04570375
 244034014, -0.04613127, 0.4498614, 0.002179971, 0.001089464, -0.01285156, 0.1426919, -0.0005634342, 0.0005187924, -0.248089, -0.9599704, 0.04570375
 244233934, -0.03296889, 0.4138437, -0.008743307, 0.001089464, -0.007676884, 0.1186193, -0.006093924, 0.0005187924, -0.2228963, -0.96619, 0.05027412
 244433854, -0.01938938, 0.3684731, -0.02281187, 0.001089464, -0.003327712, 0.1094858, -0.008226345, 0.0005187924, -0.1997169, -0.9713544, 0.04570375
 244633774, -0.005642014, 0.3382778, -0.02045825, 0.001089464, 0.001029956, 0.09939797, -0.003291339, 0.0005187924, -0.1785434, -0.9754521, 0.04570375
 244833694, 0.005174094, 0.3077517, -0.006594108, 0.001089464, 0.002687744, 0.09104763, -0.0004909458, 0.0005187924, -0.1591522, -0.9787383, 0.04570375
 245033614, 0.01065316, 0.2811384, -0.004660744, 0.001089464, 0.00477194, 0.082953, -0.003692294, 0.0005187924, -0.1413346, -0.981523, 0.04570375
 245233534, 0.01581276, 0.2564746, -0.01691574, 0.001089464, 0.005883527, 0.07594697, -0.007408611, 0.0005187924, -0.1249625, -0.9839146, 0.04570375
 245434287, 0.02169858, 0.2353206, -0.02549091, 0.001091626, 0.00929266, 0.07736231, -0.008431059, 0.000520954, -0.1098431, -0.9858952, 0.04121499
 245634207, 0.02948995, 0.2225018, -0.02481044, 0.001091626, 0.01093882, 0.07048832, -0.007517839, 0.0005187924, -0.09619559, -0.98747, 0.04579443
 245834127, 0.0345986, 0.2023667, -0.02138242, 0.001089464, 0.01248046, 0.06338269, -0.00637956, 0.0005187924, -0.08383185, -0.9887128, 0.04570375
 246034047, 0.03805913, 0.1830312, -0.0168011, 0.001089464, 0.0133051, 0.05810318, -0.004811517, 0.0005187924, -0.07255267, -0.9896961, 0.04570375
 246233967, 0.04037233, 0.1672266, -0.01534922, 0.001089464, 0.01310509, 0.04721766, -0.005627097, 0.0005187924, -0.06226643, -0.9905283, 0.05027412
 246433887, 0.04122312, 0.1464693, -0.01875402, 0.001089464, 0.01320177, 0.043203, -0.005811369, 0.0005187924, -0.0528639, -0.9912385, 0.04570375
 246633807, 0.04313069, 0.133969, -0.01851963, 0.001089464, 0.01406074, 0.03964218, -0.004889153, 0.0005187924, -0.04429174, -0.9917824, 0.04570375
 246833727, 0.02428264, 0.122153, -0.01363555, 0.001089464, 0.006515537, 0.0358684, -0.00285168, 0.0005187924, -0.03650444, -0.9921753, 0.04570375
 247033647, 0.01338107, 0.1111789, -0.008980982, 0.001089464, 0.01977104, 0.03291083, -0.002592194, 0.0005187924, -0.02940747, -0.9924831, 0.04570375
 247233567, 0.05860455, 0.101999, -0.009073499, 0.001089464, 0.01563719, 0.02977607, -0.003574372, 0.0005187924, -0.02295275, -0.9927526, 0.04570375
 247433487, 0.04693416, 0.09307925, -0.01065853, 0.001089464, 0.0137952, 0.0274491, -0.002670173, 0.0005187924, -0.01706911, -0.9929442, 0.04570375
 247634240, 0.04372112, 0.0846693, -0.008943578, 0.001091626, 0.01510365, 0.02763929, -0.003116489, 0.000520954, -0.01169682, -0.9931175, 0.04121499
 247834160, 0.04424269, 0.07907394, -0.01176036, 0.001091626, 0.01486801, 0.02482568, -0.004635892, 0.0005187924, -0.006805364, -0.9932935, 0.04579443
 248034080, 0.04404816, 0.07179029, -0.01512146, 0.001089464, 0.01474112, 0.02269309, -0.005097514, 0.0005187924, -0.002328262, -0.9934468, 0.04570375
 248234000, 0.04415301, 0.06560483, -0.01374224, 0.001089464, 0.01478264, 0.02069913, -0.003680254, 0.0005187924, 0.001743123, -0.9935296, 0.04570375
 248433920, 0.04401957, 0.06043973, -0.008628397, 0.001089464, 0.01312068, 0.01721856, -0.001711637, 0.0005187924, 0.005445402, -0.9935734, 0.05027412
 248633840, 0.04168067, 0.05381211, -0.006592134, 0.001089464, 0.01315733, 0.01632707, -0.002372651, 0.0005187924, 0.008832843, -0.9936256, 0.04570375
 248833760, 0.0408888, 0.05012361, -0.008533955, 0.001089464, 0.01221573, 0.01507393, -0.003086953, 0.0005187924, 0.01194341, -0.9936851, 0.04570375
 249033680, 0.03939117, 0.04671178, -0.01080114, 0.001089464, 0.01224781, 0.01380428, -0.003620702, 0.0005187924, 0.01481815, -0.9937636, 0.04570375
 249233600, 0.03926449, 0.04275614, -0.01182122, 0.001089464, 0.01243546, 0.01252291, -0.003309547, 0.0005187924, 0.01747254, -0.9938198, 0.04570375
 249433520, 0.02938979, 0.03903423, -0.008869303, 0.001089464, 0.0006984961, 0.01162624, -0.001930323, 0.0005187924, 0.01993209, -0.9938285, 0.04570375
