TimeUS,CGpN,CGpE,CGpD,CGpe,PGpN,PGpE,PGpD,PGpe
 140033964, 0, 0, 0, 2.5, 0, 0, 0, 2.5
 140233884, 0, 0, 0, 2.5, 0, 0, 0, 2.5
 140433804, 0, 0, 0, 2.5, 0, 0, 0, 2.5
 140633724, 0.08000001, -0.008, 0, 2.5, 0, 0, 0, 2.5
 140833644, 0.53, -0.056, 0.004, 2.5, 0.08000001, -0.008, 0, 2.5
 141033564, 1.453, -0.152, 0.023, 2.5, 0.53, -0.056, 0.004, 2.5
 141233484, 2.839, -0.298, 0.054, 2.5, 1.453, -0.152, 0.023, 2.5
 141434237, 4.668, -0.491, 0.098, 2.5, 2.839, -0.298, 0.054, 2.5
 141634157, 6.786, -0.712, 0.152, 2.5, 4.668, -0.491, 0.098, 2.5
 141834077, 8.855, -0.927, 0.211, 2.5, 6.786, -0.712, 0.152, 2.5
 142033997, 10.738, -1.128, 0.266, 2.5, 8.855, -0.927, 0.211, 2.5
 142233917, 12.401, -1.304, 0.229, 2.5, 10.738, -1.128, 0.266, 2.5
 142433837, 13.835, -1.456, 0.227, 2.5, 12.401, -1.304, 0.229, 2.5
 142633757, 15.715, -1.654, -0.345, 2.5, 13.835, -1.456, 0.227, 2.5
 142833677, 17.525, -1.88, -1.475, 2.5, 15.715, -1.654, -0.345, 2.5
 143033597, 19.098, -2.038, -2.085, 2.5, 17.525, -1.88, -1.475, 2.5
 143233517, 20.487, -2.151, -2.528, 2.5, 19.098, -2.038, -2.085, 2.5
 143434270, 21.701, -2.296, -2.971, 2.5, 20.487, -2.151, -2.528, 2.5
 143634190, 22.75, -2.434, -3.392, 2.5, 21.701, -2.296, -2.971, 2.5
 143834110, 23.648, -2.547, -3.756, 2.5, 22.75, -2.434, -3.392, 2.5
 144034030, 24.409, -2.645, -4.11, 2.5, 23.648, -2.547, -3.756, 2.5
 144233950, 25.036, -2.738, -4.492, 2.5, 24.409, -2.645, -4.11, 2.5
 144433870, 25.576, -2.77, -4.801, 2.5, 25.036, -2.738, -4.492, 2.5
 144633790, 26.029, -2.787, -5.076, 2.5, 25.576, -2.77, -4.801, 2.5
 144833710, 26.419, -2.861, -5.221, 2.5, 26.029, -2.787, -5.076, 2.5
 145033630, 26.756, -2.899, -5.326, 2.5, 26.419, -2.861, -5.221, 2.5
 145233550, 27.041, -2.922, -5.448, 2.5, 26.756, -2.899, -5.326, 2.5
 145434303, 27.257, -2.953, -5.618, 2.5, 27.041, -2.922, -5.448, 2.5
 145634223, 27.473, -2.966, -5.671, 2.5, 27.257, -2.953, -5.618, 2.5
 145834143, 27.627, -2.986, -5.756, 2.5, 27.473, -2.966, -5.671, 2.5
 146034063, 27.746, -3.017, -5.826, 2.5, 27.627, -2.986, -5.756, 2.5
 146233983, 27.808, -3.046, -5.985, 2.5, 27.746, -3.017, -5.826, 2.5
 146433903, 27.901, -3.07, -5.95, 2.5, 27.808, -3.046, -5.985, 2.5
 146633823, 27.978, -3.08, -5.971, 2.5, 27.901, -3.07, -5.95, 2.5
 146833743, 28.046, -3.097, -5.974, 2.5, 27.978, -3.08, -5.971, 2.5
 147033663, 28.116, -3.062, -5.937, 2.5, 28.046, -3.097, -5.974, 2.5
 147233583, 28.196, -3.049, -5.836, 2.5, 28.116, -3.062, -5.937, 2.5
 147433503, 28.315, -3.072, -5.557, 2.5, 28.196, -3.049, -5.836, 2.5
 147634256, 28.422, -3.1, -5.329, 2.5, 28.315, -3.072, -5.557, 2.5
 147834176, 28.454, -3.139, -5.207, 2.5, 28.422, -3.1, -5.329, 2.5
 148034096, 28.474, -3.154, -4.954, 2.5, 28.454, -3.139, -5.207, 2.5
 148234016, 28.51, -3.141, -4.688, 2.5, 28.474, -3.154, -4.954, 2.5
 148433936, 28.562, -3.181, -4.461, 2.5, 28.51, -3.141, -4.688, 2.5
 148633856, 28.613, -3.213, -4.346, 2.5, 28.562, -3.181, -4.461, 2.5
 148833776, 28.679, -3.233, -4.127, 2.5, 28.613, -3.213, -4.346, 2.5
 149033696, 28.698, -3.274, -3.916, 2.5, 28.679, -3.233, -4.127, 2.5
 149233616, 28.731, -2.852, -3.59, 2.5, 28.698, -3.274, -3.916, 2.5
 149433536, 28.73, -2.412, -3.385, 2.5, 28.731, -2.852, -3.59, 2.5
 149634289, 28.675, -2.361, -3.261, 2.5, 28.73, -2.412, -3.385, 2.5
 149834209, 28.605, -2.372, -2.99, 2.5, 28.675, -2.361, -3.261, 2.5
 150034129, 28.559, -2.238, -2.578, 2.5, 28.605, -2.372, -2.99, 2.5
 150234049, 28.517, -2.011, -2.275, 2.5, 28.559, -2.238, -2.578, 2.5
 150433969, 28.452, -1.828, -2.174, 2.5, 28.517, -2.011, -2.275, 2.5
 150633889, 28.382, -1.725, -2.004, 2.5, 28.452, -1.828, -2.174, 2.5
 150833809, 28.33, -1.635, -1.765, 2.5, 28.382, -1.725, -2.004, 2.5
 151033729, 28.284, -1.546, -1.555, 2.5, 28.33, -1.635, -1.765, 2.5
 151233649, 28.256, -1.458, -1.219, 2.5, 28.284, -1.546, -1.555, 2.5
 151433569, 28.227, -1.389, -0.9820001, 2.5, 28.256, -1.458, -1.219, 2.5
 151633489, 28.188, -1.304, -0.872, 2.5, 28.227, -1.389, -0.9820001, 2.5
 151834242, 28.148, -1.208, -0.788, 2.5, 28.188, -1.304, -0.872, 2.5
 152034162, 28.118, -1.126, -0.696, 2.5, 28.148, -1.208, -0.788, 2.5
 152234082, 28.099, -1.074, -0.512, 2.5, 28.118, -1.126, -0.696, 2.5
 152434002, 28.074, -1.021, -0.321, 2.5, 28.099, -1.074, -0.512, 2.5
 152633922, 28.048, -0.987, -0.235, 2.5, 28.074, -1.021, -0.321, 2.5
 152833842, 28.028, -0.9350001, -0.033, 2.5, 28.048, -0.987, -0.235, 2.5
 153033762, 28.006, -0.8750001, 0.024, 2.5, 28.028, -0.9350001, -0.033, 2.5
 153233682, 27.988, -0.8150001, 0.058, 2.5, 28.006, -0.8750001, 0.024, 2.5
 153433602, 27.982, -0.77, 0.19, 2.5, 27.988, -0.8150001, 0.058, 2.5
 153633522, 27.986, -0.734, 0.318, 2.5, 27.982, -0.77, 0.19, 2.5
 153834275, 27.974, -0.689, 0.437, 2.5, 27.986, -0.734, 0.318, 2.5
 154034195, 27.97, -0.649, 0.474, 2.5, 27.974, -0.689, 0.437, 2.5
 154234115, 27.962, -0.6070001, 0.496, 2.5, 27.97, -0.649, 0.474, 2.5
 154434035, 27.966, -0.578, 0.56, 2.5, 27.962, -0.6070001, 0.496, 2.5
 154633955, 27.988, -0.541, 0.625, 2.5, 27.966, -0.578, 0.56, 2.5
 154833875, 28.002, -0.494, 0.625, 2.5, 27.988, -0.541, 0.625, 2.5
 155033795, 28.004, -0.458, 0.692, 2.5, 28.002, -0.494, 0.625, 2.5
 155233715, 28.028, -0.45, 0.8200001, 2.5, 28.004, -0.458, 0.692, 2.5
 155433635, 28.065, -0.443, 0.867, 2.5, 28.028, -0.45, 0.8200001, 2.5
 155633555, 28.086, -0.437, 0.913, 2.5, 28.065, -0.443, 0.867, 2.5
 155833475, 28.108, -0.426, 0.8650001, 2.5, 28.086, -0.437, 0.913, 2.5
 156034228, 28.14, -0.404, 0.8420001, 2.5, 28.108, -0.426, 0.8650001, 2.5
 156234148, 28.153, -0.372, 0.84, 2.5, 28.14, -0.404, 0.8420001, 2.5
 156434068, 28.154, -0.349, 0.877, 2.5, 28.153, -0.372, 0.84, 2.5
 156633988, 28.175, -0.317, 0.86, 2.5, 28.154, -0.349, 0.877, 2.5
 156833908, 28.186, -0.29, 0.8660001, 2.5, 28.175, -0.317, 0.86, 2.5
 157033828, 28.199, -0.272, 0.915, 2.5, 28.186, -0.29, 0.8660001, 2.5
 157233748, 28.231, -0.273, 0.929, 2.5, 28.199, -0.272, 0.915, 2.5
 157433668, 28.257, -0.261, 0.882, 2.5, 28.231, -0.273, 0.929, 2.5
 157633588, 28.266, -0.234, 0.825, 2.5, 28.257, -0.261, 0.882, 2.5
 157833508, 28.274, -0.222, 0.7920001, 2.5, 28.266, -0.234, 0.825, 2.5
 158034261, 28.289, -0.218, 0.8330001, 2.5, 28.274, -0.222, 0.7920001, 2.5
 158234181, 28.327, -0.217, 0.863, 2.5, 28.289, -0.218, 0.8330001, 2.5
 158434101, 28.336, -0.214, 0.846, 2.5, 28.327, -0.217, 0.863, 2.5
 158634021, 28.362, -0.212, 0.859, 2.5, 28.336, -0.214, 0.846, 2.5
 158833941, 28.397, -0.203, 0.905, 2.5, 28.362, -0.212, 0.859, 2.5
 159033861, 28.427, -0.204, 0.8880001, 2.5, 28.397, -0.203, 0.905, 2.5
 159233781, 28.45, -0.212, 0.905, 2.5, 28.427, -0.204, 0.8880001, 2.5
 159433701, 28.472, -0.2, 0.8100001, 2.5, 28.45, -0.212, 0.905, 2.5
 159633621, 28.489, -0.174, 0.7780001, 2.5, 28.472, -0.2, 0.8100001, 2.5
 159833541, 28.508, -0.149, 0.779, 2.5, 28.489, -0.174, 0.7780001, 2.5
 160034294, 28.516, -0.154, 0.687, 2.5, 28.508, -0.149, 0.779, 2.5
 160234214, 28.54, -0.197, 0.7090001, 2.5, 28.516, -0.154, 0.687, 2.5
 160434134, 28.566, -0.225, 0.726, 2.5, 28.54, -0.197, 0.7090001, 2.5
 160634054, 28.593, -0.178, 0.767, 2.5, 28.566, -0.225, 0.726, 2.5
 160833974, 28.613, -0.151, 0.701, 2.5, 28.593, -0.178, 0.767, 2.5
 161033894, 28.632, -0.167, 0.7450001, 2.5, 28.613, -0.151, 0.701, 2.5
 161233814, 28.65, -0.168, 0.6620001, 2.5, 28.632, -0.167, 0.7450001, 2.5
 161433734, 28.659, -0.135, 0.573, 2.5, 28.65, -0.168, 0.6620001, 2.5
 161633654, 28.683, -0.126, 0.581, 2.5, 28.659, -0.135, 0.573, 2.5
 161833574, 28.701, -0.1, 0.5840001, 2.5, 28.683, -0.126, 0.581, 2.5
 162033494, 28.719, -0.083, 0.554, 2.5, 28.701, -0.1, 0.5840001, 2.5
 162234247, 28.739, -0.086, 0.595, 2.5, 28.719, -0.083, 0.554, 2.5
 162434167, 28.759, -0.075, 0.5840001, 2.5, 28.739, -0.086, 0.595, 2.5
 162634087, 28.788, -0.053, 0.544, 2.5, 28.759, -0.075, 0.5840001, 2.5
 162834007, 28.804, -0.058, 0.489, 2.5, 28.788, -0.053, 0.544, 2.5
 163033927, 28.806, -0.079, 0.532, 2.5, 28.804, -0.058, 0.489, 2.5
 163233847, 28.821, -0.08400001, 0.578, 2.5, 28.806, -0.079, 0.532, 2.5
 163433767, 28.827, -0.105, 0.577, 2.5, 28.821, -0.08400001, 0.578, 2.5
 163633687, 28.865, -0.11, 0.5840001, 2.5, 28.827, -0.105, 0.577, 2.5
 163833607, 28.892, -0.112, 0.532, 2.5, 28.865, -0.11, 0.5840001, 2.5
 164033527, 28.903, -0.113, 0.545, 2.5, 28.892, -0.112, 0.532, 2.5
 164234280, 28.924, -0.09900001, 0.475, 2.5, 28.903, -0.113, 0.545, 2.5
 164434200, 28.949, -0.09900001, 0.474, 2.5, 28.924, -0.09900001, 0.475, 2.5
 164634120, 28.96, -0.111, 0.449, 2.5, 28.949, -0.09900001, 0.474, 2.5
 164834040, 28.963, -0.117, 0.426, 2.5, 28.96, -0.111, 0.449, 2.5
 165033960, 28.985, -0.114, 0.441, 2.5, 28.963, -0.117, 0.426, 2.5
 165233880, 29.003, -0.105, 0.436, 2.5, 28.985, -0.114, 0.441, 2.5
 165433800, 29.019, -0.115, 0.419, 2.5, 29.003, -0.105, 0.436, 2.5
 165633720, 29.034, -0.09100001, 0.44, 2.5, 29.019, -0.115, 0.419, 2.5
 165833640, 29.046, -0.116, 0.393, 2.5, 29.034, -0.09100001, 0.44, 2.5
 166033560, 29.052, -0.126, 0.353, 2.5, 29.046, -0.116, 0.393, 2.5
 166233480, 29.07, -0.125, 0.332, 2.5, 29.052, -0.126, 0.353, 2.5
 166434233, 29.085, -0.115, 0.291, 2.5, 29.07, -0.125, 0.332, 2.5
 166634153, 29.089, -0.113, 0.253, 2.5, 29.085, -0.115, 0.291, 2.5
 166834073, 29.108, -0.119, 0.212, 2.5, 29.089, -0.113, 0.253, 2.5
 167033993, 29.126, -0.124, 0.187, 2.5, 29.108, -0.119, 0.212, 2.5
 167233913, 29.136, -0.129, 0.247, 2.5, 29.126, -0.124, 0.187, 2.5
 167433833, 29.147, -0.128, 0.228, 2.5, 29.136, -0.129, 0.247, 2.5
 167633753, 29.14, -0.112, 0.183, 2.5, 29.147, -0.128, 0.228, 2.5
 167833673, 29.135, -0.09200001, 0.158, 2.5, 29.14, -0.112, 0.183, 2.5
 168033593, 29.14, -0.07300001, 0.151, 2.5, 29.135, -0.09200001, 0.158, 2.5
 168233513, 29.149, -0.066, 0.111, 2.5, 29.14, -0.07300001, 0.151, 2.5
 168434266, 29.151, -0.053, 0.067, 2.5, 29.149, -0.066, 0.111, 2.5
 168634186, 29.149, -0.081, 0.106, 2.5, 29.151, -0.053, 0.067, 2.5
 168834106, 29.154, -0.079, 0.131, 2.5, 29.149, -0.081, 0.106, 2.5
 169034026, 29.148, -0.066, 0.06, 2.5, 29.154, -0.079, 0.131, 2.5
 169233946, 29.143, -0.057, 0.07600001, 2.5, 29.148, -0.066, 0.06, 2.5
 169433866, 29.145, -0.051, 0.189, 2.5, 29.143, -0.057, 0.07600001, 2.5
 169633786, 29.157, -0.071, 0.233, 2.5, 29.145, -0.051, 0.189, 2.5
 169833706, 29.167, -0.062, 0.167, 2.5, 29.157, -0.071, 0.233, 2.5
 170033626, 29.172, -0.056, 0.07600001, 2.5, 29.167, -0.062, 0.167, 2.5
 170233546, 29.172, -0.081, 0.1, 2.5, 29.172, -0.056, 0.07600001, 2.5
 170434299, 29.191, -0.072, 0.131, 2.5, 29.172, -0.081, 0.1, 2.5
 170634219, 29.208, -0.07300001, 0.193, 2.5, 29.191, -0.072, 0.131, 2.5
 170834139, 29.211, -0.093, 0.21, 2.5, 29.208, -0.07300001, 0.193, 2.5
 171034059, 29.221, -0.12, 0.146, 2.5, 29.211, -0.093, 0.21, 2.5
 171233979, 29.231, -0.107, 0.085, 2.5, 29.221, -0.12, 0.146, 2.5
 171433899, 29.247, -0.106, 0.09500001, 2.5, 29.231, -0.107, 0.085, 2.5
 171633819, 29.248, -0.104, 0.07300001, 2.5, 29.247, -0.106, 0.09500001, 2.5
 171833739, 29.252, -0.094, 0.13, 2.5, 29.248, -0.104, 0.07300001, 2.5
 172033659, 29.258, -0.054, 0.106, 2.5, 29.252, -0.094, 0.13, 2.5
 172233579, 29.249, -0.054, 0.097, 2.5, 29.258, -0.054, 0.106, 2.5
 172433499, 29.248, -0.074, 0.083, 2.5, 29.249, -0.054, 0.097, 2.5
 172634252, 29.257, -0.072, 0.078, 2.5, 29.248, -0.074, 0.083, 2.5
 172834172, 29.268, -0.09, 0.037, 2.5, 29.257, -0.072, 0.078, 2.5
 173034092, 29.263, -0.07600001, 0.012, 2.5, 29.268, -0.09, 0.037, 2.5
 173234012, 29.261, -0.043, 0.058, 2.5, 29.263, -0.07600001, 0.012, 2.5
 173433932, 29.258, -0.028, 0.061, 2.5, 29.261, -0.043, 0.058, 2.5
 173633852, 29.245, -0.016, 0.056, 2.5, 29.258, -0.028, 0.061, 2.5
 173833772, 29.24, 0.022, 0.005, 2.5, 29.245, -0.016, 0.056, 2.5
 174033692, 29.241, 0.027, -0.048, 2.5, 29.24, 0.022, 0.005, 2.5
 174233612, 29.232, 0.054, -0.045, 2.5, 29.241, 0.027, -0.048, 2.5
 174433532, 29.234, 0.08000001, -0.028, 2.5, 29.232, 0.054, -0.045, 2.5
 174634285, 29.224, 0.108, -0.072, 2.5, 29.234, 0.08000001, -0.028, 2.5
 174834205, 29.222, 0.104, -0.042, 2.5, 29.224, 0.108, -0.072, 2.5
 175034125, 29.229, 0.09500001, 0.011, 2.5, 29.222, 0.104, -0.042, 2.5
 175234045, 29.244, 0.1, 0.056, 2.5, 29.229, 0.09500001, 0.011, 2.5
 175433965, 29.261, 0.102, 0.08400001, 2.5, 29.244, 0.1, 0.056, 2.5
 175633885, 29.278, 0.114, 0.082, 2.5, 29.261, 0.102, 0.08400001, 2.5
 175833805, 29.277, 0.123, 0.008, 2.5, 29.278, 0.114, 0.082, 2.5
 176033725, 29.275, 0.144, -0.003, 2.5, 29.277, 0.123, 0.008, 2.5
 176233645, 29.28, 0.142, 0.037, 2.5, 29.275, 0.144, -0.003, 2.5
 176433565, 29.284, 0.129, -0.039, 2.5, 29.28, 0.142, 0.037, 2.5
 176633485, 29.288, 0.112, -0.09200001, 2.5, 29.284, 0.129, -0.039, 2.5
 176834238, 29.285, 0.104, -0.07300001, 2.5, 29.288, 0.112, -0.09200001, 2.5
 177034158, 29.28, 0.125, -0.068, 2.5, 29.285, 0.104, -0.07300001, 2.5
 177234078, 29.283, 0.137, 0.003, 2.5, 29.28, 0.125, -0.068, 2.5
 177433998, 29.292, 0.146, 0.035, 2.5, 29.283, 0.137, 0.003, 2.5
 177633918, 29.298, 0.14, 0.07300001, 2.5, 29.292, 0.146, 0.035, 2.5
 177833838, 29.307, 0.127, 0.052, 2.5, 29.298, 0.14, 0.07300001, 2.5
 178033758, 29.305, 0.138, -0.028, 2.5, 29.307, 0.127, 0.052, 2.5
 178233678, 29.299, 0.126, -0.135, 2.5, 29.305, 0.138, -0.028, 2.5
 178433598, 29.291, 0.13, -0.098, 2.5, 29.299, 0.126, -0.135, 2.5
 178633518, 29.295, 0.127, -0.058, 2.5, 29.291, 0.13, -0.098, 2.5
 178834271, 29.285, 0.133, -0.022, 2.5, 29.295, 0.127, -0.058, 2.5
 179034191, 29.276, 0.166, 0.017, 2.5, 29.285, 0.133, -0.022, 2.5
 179234111, 29.281, 0.189, 0.062, 2.5, 29.276, 0.166, 0.017, 2.5
 179434031, 29.277, 0.227, 0.019, 2.5, 29.281, 0.189, 0.062, 2.5
 179633951, 29.273, 0.248, 0.012, 2.5, 29.277, 0.227, 0.019, 2.5
 179833871, 29.275, 0.269, 0.009000001, 2.5, 29.273, 0.248, 0.012, 2.5
 180033791, 29.275, 0.259, -0.042, 2.5, 29.275, 0.269, 0.009000001, 2.5
 180233711, 29.274, 0.276, -0.066, 2.5, 29.275, 0.259, -0.042, 2.5
 180433631, 29.273, 0.29, -0.053, 2.5, 29.274, 0.276, -0.066, 2.5
 180633551, 29.282, 0.192, -0.172, 2.5, 29.273, 0.29, -0.053, 2.5
 180834304, 29.058, 2.739, -0.002, 2.5, 29.282, 0.192, -0.172, 2.5
 181034224, 28.402, 7.019001, 1.262, 2.5, 29.058, 2.739, -0.002, 2.5
 181234144, 25.342, 14.678, -0.777, 2.5, 28.402, 7.019001, 1.262, 2.5
 181434064, 22.146, 18.997, -3.299, 2.5, 25.342, 14.678, -0.777, 2.5
 181633984, 20.813, 20.539, -3.315, 2.5, 22.146, 18.997, -3.299, 2.5
 181833904, 19.635, 21.72, -2.659, 2.5, 20.813, 20.539, -3.315, 2.5
 182033824, 18.031, 23.211, -2.428, 2.5, 19.635, 21.72, -2.659, 2.5
 182233744, 16.175, 24.666, -2.46, 2.5, 18.031, 23.211, -2.428, 2.5
 182433664, 14.364, 25.758, -2.326, 2.5, 16.175, 24.666, -2.46, 2.5
 182633584, 12.466, 26.659, -2.096, 2.5, 14.364, 25.758, -2.326, 2.5
 182833504, 10.407, 27.481, -1.934, 2.5, 12.466, 26.659, -2.096, 2.5
 183034257, 8.184, 28.213, -1.866, 2.5, 10.407, 27.481, -1.934, 2.5
 183234177, 5.971, 28.741, -1.785, 2.5, 8.184, 28.213, -1.866, 2.5
 183434097, 3.726, 29.066, -1.671, 2.5, 5.971, 28.741, -1.785, 2.5
 183634017, 1.403, 29.229, -1.558, 2.5, 3.726, 29.066, -1.671, 2.5
 183833937, -0.9390001, 29.217, -1.48, 2.5, 1.403, 29.229, -1.558, 2.5
 184033857, -3.228, 29.006, -1.376, 2.5, -0.9390001, 29.217, -1.48, 2.5
 184233777, -5.49, 28.606, -1.288, 2.5, -3.228, 29.006, -1.376, 2.5
 184433697, -7.718, 28.023, -1.207, 2.5, -5.49, 28.606, -1.288, 2.5
 184633617, -9.863001, 27.288, -1.105, 2.5, -7.718, 28.023, -1.207, 2.5
 184833537, -11.85, 26.428, -0.974, 2.5, -9.863001, 27.288, -1.105, 2.5
 185034290, -13.716, 25.412, -0.8470001, 2.5, -11.85, 26.428, -0.974, 2.5
 185234210, -15.443, 24.278, -0.714, 2.5, -13.716, 25.412, -0.8470001, 2.5
 185434130, -16.931, 23.131, -0.524, 2.5, -15.443, 24.278, -0.714, 2.5
 185634050, -18.275, 21.918, -0.319, 2.5, -16.931, 23.131, -0.524, 2.5
 185833970, -19.447, 20.692, -0.082, 2.5, -18.275, 21.918, -0.319, 2.5
 186033890, -20.494, 19.451, 0.149, 2.5, -19.447, 20.692, -0.082, 2.5
 186233810, -21.417, 18.229, 0.398, 2.5, -20.494, 19.451, 0.149, 2.5
 186433730, -22.196, 17.034, 0.6810001, 2.5, -21.417, 18.229, 0.398, 2.5
 186633650, -22.899, 15.83, 0.965, 2.5, -22.196, 17.034, 0.6810001, 2.5
 186833570, -23.54, 14.634, 1.196, 2.5, -22.899, 15.83, 0.965, 2.5
 187033490, -24.095, 13.477, 1.419, 2.5, -23.54, 14.634, 1.196, 2.5
 187234243, -24.554, 12.392, 1.68, 2.5, -24.095, 13.477, 1.419, 2.5
 187434163, -24.944, 11.375, 1.922, 2.5, -24.554, 12.392, 1.68, 2.5
 187634083, -25.306, 10.385, 2.125, 2.5, -24.944, 11.375, 1.922, 2.5
 187834003, -25.643, 9.39, 2.309, 2.5, -25.306, 10.385, 2.125, 2.5
 188033923, -25.936, 8.491, 2.494, 2.5, -25.643, 9.39, 2.309, 2.5
 188233843, -26.206, 7.641, 2.647, 2.5, -25.936, 8.491, 2.494, 2.5
 188433763, -26.472, 6.734, 2.692, 2.5, -26.206, 7.641, 2.647, 2.5
 188633683, -26.703, 5.9, 2.741, 2.5, -26.472, 6.734, 2.692, 2.5
 188833603, -26.915, 5.095, 2.726, 2.5, -26.703, 5.9, 2.741, 2.5
 189033523, -27.103, 4.337, 2.703, 2.5, -26.915, 5.095, 2.726, 2.5
 189234276, -27.264, 3.646, 2.675, 2.5, -27.103, 4.337, 2.703, 2.5
 189434196, -27.41, 3.017, 2.668, 2.5, -27.264, 3.646, 2.675, 2.5
 189634116, -27.541, 2.393, 2.645, 2.5, -27.41, 3.017, 2.668, 2.5
 189834036, -27.668, 1.782, 2.504, 2.5, -27.541, 2.393, 2.645, 2.5
 190033956, -27.777, 1.237, 2.378, 2.5, -27.668, 1.782, 2.504, 2.5
 190233876, -27.869, 0.725, 2.286, 2.5, -27.777, 1.237, 2.378, 2.5
 190433796, -27.957, 0.273, 2.141, 2.5, -27.869, 0.725, 2.286, 2.5
 190633716, -28.031, -0.122, 2.095, 2.5, -27.957, 0.273, 2.141, 2.5
 190833636, -28.097, -0.472, 2.064, 2.5, -28.031, -0.122, 2.095, 2.5
 191033556, -28.174, -0.807, 1.923, 2.5, -28.097, -0.472, 2.064, 2.5
 191233476, -28.234, -1.114, 1.77, 2.5, -28.174, -0.807, 1.923, 2.5
 191434229, -28.267, -1.411, 1.589, 2.5, -28.234, -1.114, 1.77, 2.5
 191634149, -28.263, -1.642, 1.518, 2.5, -28.267, -1.411, 1.589, 2.5
 191834069, -28.265, -1.83, 1.44, 2.5, -28.263, -1.642, 1.518, 2.5
 192033989, -28.268, -2.039, 1.359, 2.5, -28.265, -1.83, 1.44, 2.5
 192233909, -28.269, -2.247, 1.28, 2.5, -28.268, -2.039, 1.359, 2.5
 192433829, -28.267, -2.394, 1.205, 2.5, -28.269, -2.247, 1.28, 2.5
 192633749, -28.255, -2.541, 1.124, 2.5, -28.267, -2.394, 1.205, 2.5
 192833669, -28.247, -2.662, 1.067, 2.5, -28.255, -2.541, 1.124, 2.5
 193033589, -28.235, -2.748, 1.038, 2.5, -28.247, -2.662, 1.067, 2.5
 193233509, -28.231, -2.836, 0.9450001, 2.5, -28.235, -2.748, 1.038, 2.5
 193434262, -28.227, -2.951, 0.89, 2.5, -28.231, -2.836, 0.9450001, 2.5
 193634182, -28.221, -3.043, 0.795, 2.5, -28.227, -2.951, 0.89, 2.5
 193834102, -28.213, -3.116, 0.7040001, 2.5, -28.221, -3.043, 0.795, 2.5
 194034022, -28.21, -3.178, 0.714, 2.5, -28.213, -3.116, 0.7040001, 2.5
 194233942, -28.223, -3.239, 0.682, 2.5, -28.21, -3.178, 0.714, 2.5
 194433862, -28.219, -3.286, 0.522, 2.5, -28.223, -3.239, 0.682, 2.5
 194633782, -28.216, -3.318, 0.504, 2.5, -28.219, -3.286, 0.522, 2.5
 194833702, -28.219, -3.35, 0.44, 2.5, -28.216, -3.318, 0.504, 2.5
 195033622, -28.234, -3.386, 0.396, 2.5, -28.219, -3.35, 0.44, 2.5
 195233542, -28.251, -3.429, 0.376, 2.5, -28.234, -3.386, 0.396, 2.5
 195434295, -28.252, -3.456, 0.373, 2.5, -28.251, -3.429, 0.376, 2.5
 195634215, -28.257, -3.492, 0.426, 2.5, -28.252, -3.456, 0.373, 2.5
 195834135, -28.264, -3.531, 0.259, 2.5, -28.257, -3.492, 0.426, 2.5
 196034055, -28.268, -3.558, 0.226, 2.5, -28.264, -3.531, 0.259, 2.5
 196233975, -28.27, -3.572, 0.172, 2.5, -28.268, -3.558, 0.226, 2.5
 196433895, -28.269, -3.576, 0.11, 2.5, -28.27, -3.572, 0.172, 2.5
 196633815, -28.279, -3.577, 0.059, 2.5, -28.269, -3.576, 0.11, 2.5
 196833735, -28.289, -3.605, 0.023, 2.5, -28.279, -3.577, 0.059, 2.5
 197033655, -28.294, -3.645, -0.02, 2.5, -28.289, -3.605, 0.023, 2.5
 197233575, -28.301, -3.671, -0.037, 2.5, -28.294, -3.645, -0.02, 2.5
 197433495, -28.305, -3.687, -0.081, 2.5, -28.301, -3.671, -0.037, 2.5
 197634248, -28.301, -3.692, -0.123, 2.5, -28.305, -3.687, -0.081, 2.5
 197834168, -28.333, -3.698, -0.108, 2.5, -28.301, -3.692, -0.123, 2.5
 198034088, -28.354, -3.723, -0.179, 2.5, -28.333, -3.698, -0.108, 2.5
 198234008, -28.375, -3.734, -0.205, 2.5, -28.354, -3.723, -0.179, 2.5
 198433928, -28.386, -3.734, -0.284, 2.5, -28.375, -3.734, -0.205, 2.5
 198633848, -28.389, -3.746, -0.311, 2.5, -28.386, -3.734, -0.284, 2.5
 198833768, -28.393, -3.753, -0.284, 2.5, -28.389, -3.746, -0.311, 2.5
 199033688, -28.399, -3.781, -0.266, 2.5, -28.393, -3.753, -0.284, 2.5
 199233608, -28.413, -3.798, -0.426, 2.5, -28.399, -3.781, -0.266, 2.5
 199433528, -28.408, -3.782, -0.443, 2.5, -28.413, -3.798, -0.426, 2.5
 199634281, -28.42, -3.805, -0.41, 2.5, -28.408, -3.782, -0.443, 2.5
 199834201, -28.434, -3.821, -0.402, 2.5, -28.42, -3.805, -0.41, 2.5
 200034121, -28.445, -3.816, -0.466, 2.5, -28.434, -3.821, -0.402, 2.5
 200234041, -28.452, -3.839, -0.452, 2.5, -28.445, -3.816, -0.466, 2.5
 200433961, -28.459, -3.818, -0.467, 2.5, -28.452, -3.839, -0.452, 2.5
 200633881, -28.471, -3.82, -0.491, 2.5, -28.459, -3.818, -0.467, 2.5
 200833801, -28.494, -3.847, -0.578, 2.5, -28.471, -3.82, -0.491, 2.5
 201033721, -28.513, -3.843, -0.587, 2.5, -28.494, -3.847, -0.578, 2.5
 201233641, -28.528, -3.856, -0.6020001, 2.5, -28.513, -3.843, -0.587, 2.5
 201433561, -28.535, -3.857, -0.637, 2.5, -28.528, -3.856, -0.6020001, 2.5
 201633481, -28.529, -3.864, -0.575, 2.5, -28.535, -3.857, -0.637, 2.5
 201834234, -28.564, -3.869, -0.688, 2.5, -28.529, -3.864, -0.575, 2.5
 202034154, -28.572, -3.882, -0.66, 2.5, -28.564, -3.869, -0.688, 2.5
 202234074, -28.579, -3.908, -0.617, 2.5, -28.572, -3.882, -0.66, 2.5
 202433994, -28.58, -3.929, -0.645, 2.5, -28.579, -3.908, -0.617, 2.5
 202633914, -28.581, -3.953, -0.645, 2.5, -28.58, -3.929, -0.645, 2.5
 202833834, -28.606, -3.93, -0.647, 2.5, -28.581, -3.953, -0.645, 2.5
 203033754, -28.601, -3.908, -0.657, 2.5, -28.606, -3.93, -0.647, 2.5
 203233674, -28.612, -3.92, -0.6720001, 2.5, -28.601, -3.908, -0.657, 2.5
 203433594, -28.632, -3.953, -0.675, 2.5, -28.612, -3.92, -0.6720001, 2.5
 203633514, -28.639, -3.964, -0.7180001, 2.5, -28.632, -3.953, -0.675, 2.5
 203834267, -28.645, -3.975, -0.723, 2.5, -28.639, -3.964, -0.7180001, 2.5
 204034187, -28.666, -3.965, -0.682, 2.5, -28.645, -3.975, -0.723, 2.5
 204234107, -28.683, -3.94, -0.6760001, 2.5, -28.666, -3.965, -0.682, 2.5
 204434027, -28.697, -3.942, -0.6850001, 2.5, -28.683, -3.94, -0.6760001, 2.5
 204633947, -28.726, -3.954, -0.737, 2.5, -28.697, -3.942, -0.6850001, 2.5
 204833867, -28.738, -3.961, -0.7690001, 2.5, -28.726, -3.954, -0.737, 2.5
 205033787, -28.748, -3.932, -0.777, 2.5, -28.738, -3.961, -0.7690001, 2.5
 205233707, -28.756, -3.938, -0.744, 2.5, -28.748, -3.932, -0.777, 2.5
 205433627, -28.774, -3.967, -0.786, 2.5, -28.756, -3.938, -0.744, 2.5
 205633547, -28.794, -3.962, -0.754, 2.5, -28.774, -3.967, -0.786, 2.5
 205834300, -28.823, -3.95, -0.683, 2.5, -28.794, -3.962, -0.754, 2.5
 206034220, -28.83, -3.935, -0.651, 2.5, -28.823, -3.95, -0.683, 2.5
 206234140, -28.846, -3.92, -0.765, 2.5, -28.83, -3.935, -0.651, 2.5
 206434060, -28.869, -3.891, -0.7730001, 2.5, -28.846, -3.92, -0.765, 2.5
 206633980, -28.89, -3.905, -0.7090001, 2.5, -28.869, -3.891, -0.7730001, 2.5
 206833900, -28.899, -3.911, -0.7130001, 2.5, -28.89, -3.905, -0.7090001, 2.5
 207033820, -28.89, -3.904, -0.733, 2.5, -28.899, -3.911, -0.7130001, 2.5
 207233740, -28.875, -3.908, -0.749, 2.5, -28.89, -3.904, -0.733, 2.5
 207433660, -28.865, -3.947, -0.706, 2.5, -28.875, -3.908, -0.749, 2.5
 207633580, -28.858, -3.97, -0.62, 2.5, -28.865, -3.947, -0.706, 2.5
 207833500, -28.841, -3.967, -0.6300001, 2.5, -28.858, -3.97, -0.62, 2.5
 208034253, -28.822, -3.963, -0.663, 2.5, -28.841, -3.967, -0.6300001, 2.5
 208234173, -28.812, -3.944, -0.6440001, 2.5, -28.822, -3.963, -0.663, 2.5
 208434093, -28.812, -3.936, -0.6390001, 2.5, -28.812, -3.944, -0.6440001, 2.5
 208634013, -28.789, -3.942, -0.56, 2.5, -28.812, -3.936, -0.6390001, 2.5
 208833933, -28.76, -3.951, -0.538, 2.5, -28.789, -3.942, -0.56, 2.5
 209033853, -28.737, -3.979, -0.558, 2.5, -28.76, -3.951, -0.538, 2.5
 209233773, -28.717, -3.991, -0.596, 2.5, -28.737, -3.979, -0.558, 2.5
 209433693, -28.689, -3.992, -0.578, 2.5, -28.717, -3.991, -0.596, 2.5
 209633613, -28.684, -3.973, -0.476, 2.5, -28.689, -3.992, -0.578, 2.5
 209833533, -28.682, -3.981, -0.387, 2.5, -28.684, -3.973, -0.476, 2.5
 210034286, -28.686, -3.972, -0.377, 2.5, -28.682, -3.981, -0.387, 2.5
 210234206, -28.69, -3.977, -0.356, 2.5, -28.686, -3.972, -0.377, 2.5
 210434126, -28.693, -3.957, -0.312, 2.5, -28.69, -3.977, -0.356, 2.5
 210634046, -28.75, -3.617, -0.294, 2.5, -28.693, -3.957, -0.312, 2.5
 210833966, -28.811, -3.063, -0.248, 2.5, -28.75, -3.617, -0.294, 2.5
 211033886, -28.877, -2.388, -0.317, 2.5, -28.811, -3.063, -0.248, 2.5
 211233806, -28.957, -1.564, -0.416, 2.5, -28.877, -2.388, -0.317, 2.5
 211433726, -29.032, -0.613, -0.479, 2.5, -28.957, -1.564, -0.416, 2.5
 211633646, -29.079, 0.475, -0.559, 2.5, -29.032, -0.613, -0.479, 2.5
 211833566, -29.098, 1.677, -0.609, 2.5, -29.079, 0.475, -0.559, 2.5
 212033486, -29.055, 3.028, -0.7270001, 2.5, -29.098, 1.677, -0.609, 2.5
 212234239, -28.924, 4.547, -0.8940001, 2.5, -29.055, 3.028, -0.7270001, 2.5
 212434159, -28.704, 6.121, -1.02, 2.5, -28.924, 4.547, -0.8940001, 2.5
 212634079, -28.382, 7.741, -1.088, 2.5, -28.704, 6.121, -1.02, 2.5
 212833999, -27.957, 9.375, -1.179, 2.5, -28.382, 7.741, -1.088, 2.5
 213033919, -27.43, 10.984, -1.271, 2.5, -27.957, 9.375, -1.179, 2.5
 213233839, -26.759, 12.599, -1.376, 2.5, -27.43, 10.984, -1.271, 2.5
 213433759, -26.005, 14.099, -1.424, 2.5, -26.759, 12.599, -1.376, 2.5
 213633679, -25.168, 15.497, -1.439, 2.5, -26.005, 14.099, -1.424, 2.5
 213833599, -24.308, 16.751, -1.381, 2.5, -25.168, 15.497, -1.439, 2.5
 214033519, -23.435, 17.863, -1.277, 2.5, -24.308, 16.751, -1.381, 2.5
 214234272, -22.541, 18.887, -1.144, 2.5, -23.435, 17.863, -1.277, 2.5
 214434192, -21.6, 19.845, -1.017, 2.5, -22.541, 18.887, -1.144, 2.5
 214634112, -20.736, 20.646, -0.794, 2.5, -21.6, 19.845, -1.017, 2.5
 214834032, -19.842, 21.404, -0.631, 2.5, -20.736, 20.646, -0.794, 2.5
 215033952, -18.991, 22.045, -0.431, 2.5, -19.842, 21.404, -0.631, 2.5
 215233872, -18.175, 22.61, -0.235, 2.5, -18.991, 22.045, -0.431, 2.5
 215433792, -17.433, 23.08, -0.004, 2.5, -18.175, 22.61, -0.235, 2.5
 215633712, -16.753, 23.483, 0.235, 2.5, -17.433, 23.08, -0.004, 2.5
 215833632, -16.13, 23.833, 0.465, 2.5, -16.753, 23.483, 0.235, 2.5
 216033552, -15.527, 24.17, 0.646, 2.5, -16.13, 23.833, 0.465, 2.5
 216234305, -14.972, 24.469, 0.8240001, 2.5, -15.527, 24.17, 0.646, 2.5
 216434225, -14.479, 24.715, 0.9760001, 2.5, -14.972, 24.469, 0.8240001, 2.5
 216634145, -14.011, 24.946, 1.069, 2.5, -14.479, 24.715, 0.9760001, 2.5
 216834065, -13.62, 25.139, 1.165, 2.5, -14.011, 24.946, 1.069, 2.5
 217033985, -13.277, 25.315, 1.209, 2.5, -13.62, 25.139, 1.165, 2.5
 217233905, -13.006, 25.453, 1.305, 2.5, -13.277, 25.315, 1.209, 2.5
 217433825, -12.81, 25.575, 1.305, 2.5, -13.006, 25.453, 1.305, 2.5
 217633745, -12.663, 25.672, 1.299, 2.5, -12.81, 25.575, 1.305, 2.5
 217833665, -12.594, 25.727, 1.338, 2.5, -12.663, 25.672, 1.299, 2.5
 218033585, -12.578, 25.766, 1.311, 2.5, -12.594, 25.727, 1.338, 2.5
 218233505, -12.611, 25.789, 1.253, 2.5, -12.578, 25.766, 1.311, 2.5
 218434258, -12.696, 25.792, 1.212, 2.5, -12.611, 25.789, 1.253, 2.5
 218634178, -12.852, 25.773, 1.15, 2.5, -12.696, 25.792, 1.212, 2.5
 218834098, -13.059, 25.715, 1.03, 2.5, -12.852, 25.773, 1.15, 2.5
 219034018, -13.293, 25.635, 0.9530001, 2.5, -13.059, 25.715, 1.03, 2.5
 219233938, -13.567, 25.537, 0.8340001, 2.5, -13.293, 25.635, 0.9530001, 2.5
 219433858, -13.908, 25.386, 0.7320001, 2.5, -13.567, 25.537, 0.8340001, 2.5
 219633778, -14.275, 25.218, 0.705, 2.5, -13.908, 25.386, 0.7320001, 2.5
 219833698, -14.698, 25.012, 0.536, 2.5, -14.275, 25.218, 0.705, 2.5
 220033618, -15.114, 24.791, 0.474, 2.5, -14.698, 25.012, 0.536, 2.5
 220233538, -15.542, 24.572, 0.375, 2.5, -15.114, 24.791, 0.474, 2.5
 220434291, -15.966, 24.327, 0.254, 2.5, -15.542, 24.572, 0.375, 2.5
 220634211, -16.433, 24.037, 0.221, 2.5, -15.966, 24.327, 0.254, 2.5
 220834131, -16.923, 23.706, 0.126, 2.5, -16.433, 24.037, 0.221, 2.5
 221034051, -17.422, 23.349, 0.044, 2.5, -16.923, 23.706, 0.126, 2.5
 221233971, -17.907, 22.993, -0.014, 2.5, -17.422, 23.349, 0.044, 2.5
 221433891, -18.4, 22.615, -0.159, 2.5, -17.907, 22.993, -0.014, 2.5
 221633811, -18.877, 22.238, -0.141, 2.5, -18.4, 22.615, -0.159, 2.5
 221833731, -19.358, 21.815, -0.139, 2.5, -18.877, 22.238, -0.141, 2.5
 222033651, -19.848, 21.346, -0.197, 2.5, -19.358, 21.815, -0.139, 2.5
 222233571, -20.331, 20.892, -0.245, 2.5, -19.848, 21.346, -0.197, 2.5
 222433491, -20.808, 20.416, -0.289, 2.5, -20.331, 20.892, -0.245, 2.5
 222634244, -21.275, 19.93, -0.352, 2.5, -20.808, 20.416, -0.289, 2.5
 222834164, -21.739, 19.399, -0.32, 2.5, -21.275, 19.93, -0.352, 2.5
 223034084, -22.199, 18.867, -0.303, 2.5, -21.739, 19.399, -0.32, 2.5
 223234004, -22.653, 18.32, -0.334, 2.5, -22.199, 18.867, -0.303, 2.5
 223433924, -23.079, 17.755, -0.375, 2.5, -22.653, 18.32, -0.334, 2.5
 223633844, -23.493, 17.164, -0.392, 2.5, -23.079, 17.755, -0.375, 2.5
 223833764, -23.899, 16.561, -0.347, 2.5, -23.493, 17.164, -0.392, 2.5
 224033684, -24.305, 15.947, -0.338, 2.5, -23.899, 16.561, -0.347, 2.5
 224233604, -24.693, 15.35, -0.348, 2.5, -24.305, 15.947, -0.338, 2.5
 224433524, -25.035, 14.771, -0.279, 2.5, -24.693, 15.35, -0.348, 2.5
 224634277, -25.394, 14.137, -0.287, 2.5, -25.035, 14.771, -0.279, 2.5
 224834197, -25.711, 13.531, -0.284, 2.5, -25.394, 14.137, -0.287, 2.5
 225034117, -26.015, 12.907, -0.337, 2.5, -25.711, 13.531, -0.284, 2.5
 225234037, -26.284, 12.316, -0.321, 2.5, -26.015, 12.907, -0.337, 2.5
 225433957, -26.533, 11.761, -0.252, 2.5, -26.284, 12.316, -0.321, 2.5
 225633877, -26.774, 11.18, -0.239, 2.5, -26.533, 11.761, -0.252, 2.5
 225833797, -26.989, 10.612, -0.205, 2.5, -26.774, 11.18, -0.239, 2.5
 226033717, -27.215, 10.012, -0.196, 2.5, -26.989, 10.612, -0.205, 2.5
 226233637, -27.416, 9.450001, -0.184, 2.5, -27.215, 10.012, -0.196, 2.5
 226433557, -27.594, 8.881001, -0.197, 2.5, -27.416, 9.450001, -0.184, 2.5
 226633477, -27.76, 8.304001, -0.142, 2.5, -27.594, 8.881001, -0.197, 2.5
 226834230, -27.927, 7.744, -0.109, 2.5, -27.76, 8.304001, -0.142, 2.5
 227034150, -28.07, 7.181, -0.139, 2.5, -27.927, 7.744, -0.109, 2.5
 227234070, -28.183, 6.66, -0.13, 2.5, -28.07, 7.181, -0.139, 2.5
 227433990, -28.296, 6.138, -0.105, 2.5, -28.183, 6.66, -0.13, 2.5
 227633910, -28.408, 5.574, -0.146, 2.5, -28.296, 6.138, -0.105, 2.5
 227833830, -28.501, 5.024, -0.127, 2.5, -28.408, 5.574, -0.146, 2.5
 228033750, -28.588, 4.462, -0.121, 2.5, -28.501, 5.024, -0.127, 2.5
 228233670, -28.662, 3.926, -0.085, 2.5, -28.588, 4.462, -0.121, 2.5
 228433590, -28.724, 3.409, -0.067, 2.5, -28.662, 3.926, -0.085, 2.5
 228633510, -28.765, 2.866, -0.062, 2.5, -28.724, 3.409, -0.067, 2.5
 228834263, -28.793, 2.32, -0.096, 2.5, -28.765, 2.866, -0.062, 2.5
 229034183, -28.827, 1.822, -0.047, 2.5, -28.793, 2.32, -0.096, 2.5
 229234103, -28.846, 1.281, -0.07300001, 2.5, -28.827, 1.822, -0.047, 2.5
 229434023, -28.852, 0.793, -0.017, 2.5, -28.846, 1.281, -0.07300001, 2.5
 229633943, -28.847, 0.31, -0.001, 2.5, -28.852, 0.793, -0.017, 2.5
 229833863, -28.854, -0.164, 0.027, 2.5, -28.847, 0.31, -0.001, 2.5
 230033783, -28.845, -0.697, -0.026, 2.5, -28.854, -0.164, 0.027, 2.5
 230233703, -28.831, -1.204, -0.038, 2.5, -28.845, -0.697, -0.026, 2.5
 230433623, -28.814, -1.654, 0.001, 2.5, -28.831, -1.204, -0.038, 2.5
 230633543, -28.795, -2.138, 0.016, 2.5, -28.814, -1.654, 0.001, 2.5
 230834296, -28.763, -2.6, 0.052, 2.5, -28.795, -2.138, 0.016, 2.5
 231034216, -28.713, -3.067, 0.037, 2.5, -28.763, -2.6, 0.052, 2.5
 231234136, -28.662, -3.583, 0.011, 2.5, -28.713, -3.067, 0.037, 2.5
 231434056, -28.608, -4.063, 0.016, 2.5, -28.662, -3.583, 0.011, 2.5
 231633976, -28.542, -4.525, 0.008, 2.5, -28.608, -4.063, 0.016, 2.5
 231833896, -28.449, -4.986, 0.011, 2.5, -28.542, -4.525, 0.008, 2.5
 232033816, -28.346, -5.458, -0.007, 2.5, -28.449, -4.986, 0.011, 2.5
 232233736, -28.254, -5.92, 0.022, 2.5, -28.346, -5.458, -0.007, 2.5
 232433656, -28.165, -6.39, 0.036, 2.5, -28.254, -5.92, 0.022, 2.5
 232633576, -28.057, -6.839, 0.085, 2.5, -28.165, -6.39, 0.036, 2.5
 232833496, -27.941, -7.319, 0.005, 2.5, -28.057, -6.839, 0.085, 2.5
 233034249, -27.812, -7.798, -0.053, 2.5, -27.941, -7.319, 0.005, 2.5
 233234169, -27.68, -8.266001, -0.042, 2.5, -27.812, -7.798, -0.053, 2.5
 233434089, -27.535, -8.713, -0.008, 2.5, -27.68, -8.266001, -0.042, 2.5
 233634009, -27.385, -9.126, 0.07, 2.5, -27.535, -8.713, -0.008, 2.5
 233833929, -27.239, -9.580001, 0.031, 2.5, -27.385, -9.126, 0.07, 2.5
 234033849, -27.099, -10.002, 0.094, 2.5, -27.239, -9.580001, 0.031, 2.5
 234233769, -26.947, -10.466, 0.087, 2.5, -27.099, -10.002, 0.094, 2.5
 234433689, -26.768, -10.893, 0.066, 2.5, -26.947, -10.466, 0.087, 2.5
 234633609, -26.593, -11.313, 0.066, 2.5, -26.768, -10.893, 0.066, 2.5
 234833529, -26.413, -11.736, 0.036, 2.5, -26.593, -11.313, 0.066, 2.5
 235034282, -26.249, -12.12, 0.074, 2.5, -26.413, -11.736, 0.036, 2.5
 235234202, -26.042, -12.544, 0.051, 2.5, -26.249, -12.12, 0.074, 2.5
 235434122, -25.844, -12.955, 0.061, 2.5, -26.042, -12.544, 0.051, 2.5
 235634042, -25.626, -13.384, 0.008, 2.5, -25.844, -12.955, 0.061, 2.5
 235833962, -25.421, -13.786, 0.07, 2.5, -25.626, -13.384, 0.008, 2.5
 236033882, -25.202, -14.208, 0.072, 2.5, -25.421, -13.786, 0.07, 2.5
 236233802, -24.97, -14.617, 0.049, 2.5, -25.202, -14.208, 0.072, 2.5
 236433722, -24.721, -15.034, -0.017, 2.5, -24.97, -14.617, 0.049, 2.5
 236633642, -24.47, -15.435, -0.093, 2.5, -24.721, -15.034, -0.017, 2.5
 236833562, -24.223, -15.809, -0.041, 2.5, -24.47, -15.435, -0.093, 2.5
 237033482, -23.958, -16.181, -0.052, 2.5, -24.223, -15.809, -0.041, 2.5
 237234235, -23.676, -16.576, -0.017, 2.5, -23.958, -16.181, -0.052, 2.5
 237434155, -23.363, -17.012, -0.085, 2.5, -23.676, -16.576, -0.017, 2.5
 237634075, -23.086, -17.387, -0.062, 2.5, -23.363, -17.012, -0.085, 2.5
 237833995, -22.818, -17.74, -0.052, 2.5, -23.086, -17.387, -0.062, 2.5
 238033915, -22.522, -18.118, -0.044, 2.5, -22.818, -17.74, -0.052, 2.5
 238233835, -22.237, -18.472, -0.007, 2.5, -22.522, -18.118, -0.044, 2.5
 238433755, -21.953, -18.796, -0.015, 2.5, -22.237, -18.472, -0.007, 2.5
 238633675, -21.661, -19.135, -0.011, 2.5, -21.953, -18.796, -0.015, 2.5
 238833595, -21.334, -19.506, -0.043, 2.5, -21.661, -19.135, -0.011, 2.5
 239033515, -21.02, -19.849, 0.015, 2.5, -21.334, -19.506, -0.043, 2.5
 239234268, -20.677, -20.212, -0.038, 2.5, -21.02, -19.849, 0.015, 2.5
 239434188, -20.352, -20.544, -0.006, 2.5, -20.677, -20.212, -0.038, 2.5
 239634108, -20.044, -20.85, 0.09, 2.5, -20.352, -20.544, -0.006, 2.5
 239834028, -19.699, -21.195, 0.097, 2.5, -20.044, -20.85, 0.09, 2.5
 240033948, -19.307, -21.555, -0.023, 2.5, -19.699, -21.195, 0.097, 2.5
 240233868, -18.962, -21.85, -0.05, 2.5, -19.307, -21.555, -0.023, 2.5
 240433788, -18.624, -22.136, -0.036, 2.5, -18.962, -21.85, -0.05, 2.5
 240633708, -18.281, -22.426, -0.078, 2.5, -18.624, -22.136, -0.036, 2.5
 240833628, -17.927, -22.69, -0.025, 2.5, -18.281, -22.426, -0.078, 2.5
 241033548, -17.546, -22.973, -0.02, 2.5, -17.927, -22.69, -0.025, 2.5
 241234301, -17.158, -23.262, -0.041, 2.5, -17.546, -22.973, -0.02, 2.5
 241434221, -16.799, -23.529, -0.011, 2.5, -17.158, -23.262, -0.041, 2.5
 241634141, -16.451, -23.782, -0.024, 2.5, -16.799, -23.529, -0.011, 2.5
 241834061, -16.079, -24.032, -0.056, 2.5, -16.451, -23.782, -0.024, 2.5
 242033981, -15.709, -24.282, 0.094, 2.5, -16.079, -24.032, -0.056, 2.5
 242233901, -15.282, -24.568, 0.05, 2.5, -15.709, -24.282, 0.094, 2.5
 242433821, -14.86, -24.829, 0.006, 2.5, -15.282, -24.568, 0.05, 2.5
 242633741, -14.438, -25.073, -0.04, 2.5, -14.86, -24.829, 0.006, 2.5
 242833661, -14.034, -25.299, -0.072, 2.5, -14.438, -25.073, -0.04, 2.5
 243033581, -13.631, -25.519, -0.018, 2.5, -14.034, -25.299, -0.072, 2.5
 243233501, -13.219, -25.734, 0.024, 2.5, -13.631, -25.519, -0.018, 2.5
 243434254, -12.814, -25.946, 0.01, 2.5, -13.219, -25.734, 0.024, 2.5
 243634174, -12.396, -26.148, -0.012, 2.5, -12.814, -25.946, 0.01, 2.5
 243834094, -11.958, -26.348, -0.058, 2.5, -12.396, -26.148, -0.012, 2.5
 244034014, -11.499, -26.548, -0.096, 2.5, -11.958, -26.348, -0.058, 2.5
 244233934, -11.099, -26.713, -0.017, 2.5, -11.499, -26.548, -0.096, 2.5
 244433854, -10.715, -26.875, 0.03, 2.5, -11.099, -26.713, -0.017, 2.5
 244633774, -10.272, -27.049, 0.008, 2.5, -10.715, -26.875, 0.03, 2.5
 244833694, -9.780001, -27.229, -0.023, 2.5, -10.272, -27.049, 0.008, 2.5
 245033614, -9.320001, -27.375, -0.012, 2.5, -9.780001, -27.229, -0.023, 2.5
 245233534, -8.859, -27.518, -0.04, 2.5, -9.320001, -27.375, -0.012, 2.5
 245434287, -8.388, -27.663, -0.047, 2.5, -8.859, -27.518, -0.04, 2.5
 245634207, -7.943, -27.792, -0.007, 2.5, -8.388, -27.663, -0.047, 2.5
 245834127, -7.499001, -27.926, 0.042, 2.5, -7.943, -27.792, -0.007, 2.5
 246034047, -7.047, -28.055, 0.039, 2.5, -7.499001, -27.926, 0.042, 2.5
 246233967, -6.566, -28.171, -0.042, 2.5, -7.047, -28.055, 0.039, 2.5
 246433887, -6.094, -28.273, -0.082, 2.5, -6.566, -28.171, -0.042, 2.5
 246633807, -5.686, -28.358, -0.009000001, 2.5, -6.094, -28.273, -0.082, 2.5
 246833727, -5.234, -28.449, 0.021, 2.5, -5.686, -28.358, -0.009000001, 2.5
 247033647, -4.738, -28.541, 0.011, 2.5, -5.234, -28.449, 0.021, 2.5
 247233567, -4.279, -28.619, 0.038, 2.5, -4.738, -28.541, 0.011, 2.5
 247433487, -3.801, -28.686, -0.019, 2.5, -4.279, -28.619, 0.038, 2.5
 247634240, -3.304, -28.752, -0.019, 2.5, -3.801, -28.686, -0.019, 2.5
 247834160, -2.796, -28.804, -0.034, 2.5, -3.304, -28.752, -0.019, 2.5
 248034080, -2.305, -28.844, -0.06900001, 2.5, -2.796, -28.804, -0.034, 2.5
 248234000, -1.85, -28.875, 0, 2.5, -2.305, -28.844, -0.06900001, 2.5
 248433920, -1.377, -28.909, 0.03, 2.5, -1.85, -28.875, 0, 2.5
 248633840, -0.8650001, -28.928, 0.009000001, 2.5, -1.377, -28.909, 0.03, 2.5
 248833760, -0.383, -28.937, 0.013, 2.5, -0.8650001, -28.928, 0.009000001, 2.5
 249033680, 0.09500001, -28.932, 0.002, 2.5, -0.383, -28.937, 0.013, 2.5
 249233600, 0.586, -28.91, 0.003, 2.5, 0.09500001, -28.932, 0.002, 2.5
 249433520, 1.055, -28.885, -0.05, 2.5, 0.586, -28.91, 0.003, 2.5
 249634273, 1.525, -28.867, 0.004, 2.5, 1.055, -28.885, -0.05, 2.5
 249834193, 1.999, -28.843, 0.008, 2.5, 1.525, -28.867, 0.004, 2.5
 250034113, 2.5, -28.805, -0.056, 2.5, 1.999, -28.843, 0.008, 2.5
 250234033, 3.015, -28.759, -0.052, 2.5, 2.5, -28.805, -0.056, 2.5
 250433953, 3.485, -28.704, -0.016, 2.5, 3.015, -28.759, -0.052, 2.5
 250633873, 3.911, -28.657, 0.044, 2.5, 3.485, -28.704, -0.016, 2.5
 250833793, 4.355, -28.6, 0.059, 2.5, 3.911, -28.657, 0.044, 2.5
 251033713, 4.845, -28.527, 0.053, 2.5, 4.355, -28.6, 0.059, 2.5
 251233633, 5.347, -28.446, 0.021, 2.5, 4.845, -28.527, 0.053, 2.5
 251433553, 5.879, -28.344, -0.048, 2.5, 5.347, -28.446, 0.021, 2.5
 251633473, 6.39, -28.233, -0.107, 2.5, 5.879, -28.344, -0.048, 2.5
 251834226, 6.815001, -28.134, -0.036, 2.5, 6.39, -28.233, -0.107, 2.5
 252034146, 7.23, -28.028, 0.017, 2.5, 6.815001, -28.134, -0.036, 2.5
 252234066, 7.72, -27.908, 0.039, 2.5, 7.23, -28.028, 0.017, 2.5
 252433986, 8.200001, -27.767, 0.027, 2.5, 7.72, -27.908, 0.039, 2.5
 252633906, 8.683001, -27.622, 0.024, 2.5, 8.200001, -27.767, 0.027, 2.5
 252833826, 9.164001, -27.463, -0.035, 2.5, 8.683001, -27.622, 0.024, 2.5
 253033746, 9.604, -27.302, -0.068, 2.5, 9.164001, -27.463, -0.035, 2.5
 253233666, 10.013, -27.131, -0.013, 2.5, 9.604, -27.302, -0.068, 2.5
 253433586, 10.469, -26.933, -0.004, 2.5, 10.013, -27.131, -0.013, 2.5
 253633506, 10.925, -26.752, 0.011, 2.5, 10.469, -26.933, -0.004, 2.5
 253834259, 11.377, -26.578, 0.031, 2.5, 10.925, -26.752, 0.011, 2.5
 254034179, 11.829, -26.391, 0.078, 2.5, 11.377, -26.578, 0.031, 2.5
 254234099, 12.292, -26.182, 0.059, 2.5, 11.829, -26.391, 0.078, 2.5
 254434019, 12.757, -25.964, 0, 2.5, 12.292, -26.182, 0.059, 2.5
 254633939, 13.178, -25.757, 0.042, 2.5, 12.757, -25.964, 0, 2.5
 254833859, 13.597, -25.555, 0.139, 2.5, 13.178, -25.757, 0.042, 2.5
 255033779, 14.059, -25.313, 0.033, 2.5, 13.597, -25.555, 0.139, 2.5
 255233699, 14.491, -25.067, 0.034, 2.5, 14.059, -25.313, 0.033, 2.5
 255433619, 14.928, -24.816, 0.07600001, 2.5, 14.491, -25.067, 0.034, 2.5
 255633539, 15.372, -24.538, 0.008, 2.5, 14.928, -24.816, 0.07600001, 2.5
 255834292, 15.774, -24.279, 0.006, 2.5, 15.372, -24.538, 0.008, 2.5
 256034212, 16.147, -24.026, -0.024, 2.5, 15.774, -24.279, 0.006, 2.5
 256234132, 16.54, -23.765, 0.024, 2.5, 16.147, -24.026, -0.024, 2.5
 256434052, 16.914, -23.497, 0.041, 2.5, 16.54, -23.765, 0.024, 2.5
 256633972, 17.274, -23.216, 0.023, 2.5, 16.914, -23.497, 0.041, 2.5
 256833892, 17.652, -22.9, 0.012, 2.5, 17.274, -23.216, 0.023, 2.5
 257033812, 18.06, -22.572, -0.042, 2.5, 17.652, -22.9, 0.012, 2.5
 257233732, 18.443, -22.256, -0.07300001, 2.5, 18.06, -22.572, -0.042, 2.5
 257433652, 18.78, -21.977, -0.011, 2.5, 18.443, -22.256, -0.07300001, 2.5
 257633572, 19.104, -21.703, 0.057, 2.5, 18.78, -21.977, -0.011, 2.5
 257833492, 19.436, -21.42, 0.06500001, 2.5, 19.104, -21.703, 0.057, 2.5
 258034245, 19.81, -21.083, 0.059, 2.5, 19.436, -21.42, 0.06500001, 2.5
 258234165, 20.164, -20.759, 0.004, 2.5, 19.81, -21.083, 0.059, 2.5
 258434085, 20.474, -20.463, 0.034, 2.5, 20.164, -20.759, 0.004, 2.5
 258634005, 20.777, -20.16, 0.078, 2.5, 20.474, -20.463, 0.034, 2.5
 258833925, 21.093, -19.837, 0.126, 2.5, 20.777, -20.16, 0.078, 2.5
 259033845, 21.439, -19.468, 0.049, 2.5, 21.093, -19.837, 0.126, 2.5
 259233765, 21.766, -19.088, -0.05, 2.5, 21.439, -19.468, 0.049, 2.5
 259433685, 22.066, -18.736, -0.019, 2.5, 21.766, -19.088, -0.05, 2.5
 259633605, 22.367, -18.364, -0.078, 2.5, 22.066, -18.736, -0.019, 2.5
 259833525, 22.655, -18.012, -0.066, 2.5, 22.367, -18.364, -0.078, 2.5
 260034278, 22.915, -17.687, 0.071, 2.5, 22.655, -18.012, -0.066, 2.5
 260234198, 23.194, -17.323, 0.078, 2.5, 22.915, -17.687, 0.071, 2.5
 260434118, 23.501, -16.901, 0.019, 2.5, 23.194, -17.323, 0.078, 2.5
 260634038, 23.781, -16.513, 0.064, 2.5, 23.501, -16.901, 0.019, 2.5
 260833958, 24.034, -16.149, 0.104, 2.5, 23.781, -16.513, 0.064, 2.5
 261033878, 24.314, -15.725, 0.016, 2.5, 24.034, -16.149, 0.104, 2.5
 261233798, 24.591, -15.293, -0.011, 2.5, 24.314, -15.725, 0.016, 2.5
 261433718, 24.866, -14.876, -0.019, 2.5, 24.591, -15.293, -0.011, 2.5
 261633638, 25.115, -14.472, -0.003, 2.5, 24.866, -14.876, -0.019, 2.5
 261833558, 25.312, -14.122, 0.175, 2.5, 25.115, -14.472, -0.003, 2.5
 262033478, 25.541, -13.722, 0.189, 2.5, 25.312, -14.122, 0.175, 2.5
 262234231, 25.789, -13.246, 0.07, 2.5, 25.541, -13.722, 0.189, 2.5
 262434151, 26.022, -12.815, 0.121, 2.5, 25.789, -13.246, 0.07, 2.5
 262634071, 26.247, -12.392, 0.126, 2.5, 26.022, -12.815, 0.121, 2.5
 262833991, 26.459, -11.946, 0.127, 2.5, 26.247, -12.392, 0.126, 2.5
 263033911, 26.671, -11.486, 0.089, 2.5, 26.459, -11.946, 0.127, 2.5
 263233831, 26.878, -11.03, 0.093, 2.5, 26.671, -11.486, 0.089, 2.5
 263433751, 27.067, -10.582, 0.039, 2.5, 26.878, -11.03, 0.093, 2.5
 263633671, 27.245, -10.136, 0.002, 2.5, 27.067, -10.582, 0.039, 2.5
 263833591, 27.412, -9.692, 0.061, 2.5, 27.245, -10.136, 0.002, 2.5
 264033511, 27.578, -9.21, 0.048, 2.5, 27.412, -9.692, 0.061, 2.5
 264234264, 27.724, -8.71, 0.042, 2.5, 27.578, -9.21, 0.048, 2.5
 264434184, 27.856, -8.242001, 0.085, 2.5, 27.724, -8.71, 0.042, 2.5
 264634104, 27.976, -7.797, 0.053, 2.5, 27.856, -8.242001, 0.085, 2.5
 264834024, 28.08, -7.37, 0.052, 2.5, 27.976, -7.797, 0.053, 2.5
 265033944, 28.205, -6.924, 0.05, 2.5, 28.08, -7.37, 0.052, 2.5
 265233864, 28.308, -6.49, 0.119, 2.5, 28.205, -6.924, 0.05, 2.5
 265433784, 28.409, -6.044, 0.104, 2.5, 28.308, -6.49, 0.119, 2.5
 265633704, 28.513, -5.607, 0.086, 2.5, 28.409, -6.044, 0.104, 2.5
 265833624, 28.612, -5.157, 0.08800001, 2.5, 28.513, -5.607, 0.086, 2.5
 266033544, 28.706, -4.684, 0.02, 2.5, 28.612, -5.157, 0.08800001, 2.5
 266234297, 28.79, -4.188, 0.025, 2.5, 28.706, -4.684, 0.02, 2.5
 266434217, 28.862, -3.692, 0.045, 2.5, 28.79, -4.188, 0.025, 2.5
 266634137, 28.925, -3.237, 0.063, 2.5, 28.862, -3.692, 0.045, 2.5
 266834057, 28.983, -2.753, 0.108, 2.5, 28.925, -3.237, 0.063, 2.5
 267033977, 29.037, -2.253, 0.126, 2.5, 28.983, -2.753, 0.108, 2.5
 267233897, 29.078, -1.703, -0.013, 2.5, 29.037, -2.253, 0.126, 2.5
 267433817, 29.098, -1.168, -0.027, 2.5, 29.078, -1.703, -0.013, 2.5
 267633737, 29.109, -0.634, -0.098, 2.5, 29.098, -1.168, -0.027, 2.5
 267833657, 29.108, -0.139, -0.096, 2.5, 29.109, -0.634, -0.098, 2.5
 268033577, 29.102, 0.325, -0.066, 2.5, 29.108, -0.139, -0.096, 2.5
 268233497, 29.08, 0.808, -0.043, 2.5, 29.102, 0.325, -0.066, 2.5
 268434250, 29.046, 1.283, -0.004, 2.5, 29.08, 0.808, -0.043, 2.5
 268634170, 29.017, 1.778, -0.068, 2.5, 29.046, 1.283, -0.004, 2.5
 268834090, 28.986, 2.244, -0.075, 2.5, 29.017, 1.778, -0.068, 2.5
 269034010, 28.95, 2.705, -0.066, 2.5, 28.986, 2.244, -0.075, 2.5
 269233930, 28.915, 3.122, 0.051, 2.5, 28.95, 2.705, -0.066, 2.5
 269433850, 28.864, 3.603, 0.059, 2.5, 28.915, 3.122, 0.051, 2.5
 269633770, 28.805, 4.074, 0.025, 2.5, 28.864, 3.603, 0.059, 2.5
 269833690, 28.738, 4.547, -0.025, 2.5, 28.805, 4.074, 0.025, 2.5
 270033610, 28.664, 5, -0.012, 2.5, 28.738, 4.547, -0.025, 2.5
 270233530, 28.595, 5.457, 0.07300001, 2.5, 28.664, 5, -0.012, 2.5
 270434283, 28.508, 5.94, 0.059, 2.5, 28.595, 5.457, 0.07300001, 2.5
 270634203, 28.406, 6.412, 0.042, 2.5, 28.508, 5.94, 0.059, 2.5
 270834123, 28.301, 6.866, 0.03, 2.5, 28.406, 6.412, 0.042, 2.5
 271034043, 28.185, 7.322001, -0.023, 2.5, 28.301, 6.866, 0.03, 2.5
 271233963, 28.065, 7.74, 0.023, 2.5, 28.185, 7.322001, -0.023, 2.5
 271433883, 27.931, 8.178, 0.087, 2.5, 28.065, 7.74, 0.023, 2.5
 271633803, 27.796, 8.627001, 0.114, 2.5, 27.931, 8.178, 0.087, 2.5
 271833723, 27.644, 9.129001, 0.047, 2.5, 27.796, 8.627001, 0.114, 2.5
 272033643, 27.487, 9.598001, 0.039, 2.5, 27.644, 9.129001, 0.047, 2.5
 272233563, 27.349, 10.043, 0.113, 2.5, 27.487, 9.598001, 0.039, 2.5
 272433483, 27.187, 10.517, 0.109, 2.5, 27.349, 10.043, 0.113, 2.5
 272634236, 27.001, 11, 0.06, 2.5, 27.187, 10.517, 0.109, 2.5
 272834156, 26.8, 11.487, -0.001, 2.5, 27.001, 11, 0.06, 2.5
 273034076, 26.599, 11.928, -0.029, 2.5, 26.8, 11.487, -0.001, 2.5
 273233996, 26.406, 12.35, 0.056, 2.5, 26.599, 11.928, -0.029, 2.5
 273433916, 26.188, 12.809, 0.045, 2.5, 26.406, 12.35, 0.056, 2.5
 273633836, 25.984, 13.228, 0.114, 2.5, 26.188, 12.809, 0.045, 2.5
 273833756, 25.752, 13.683, 0.06500001, 2.5, 25.984, 13.228, 0.114, 2.5
 274033676, 25.506, 14.124, 0.016, 2.5, 25.752, 13.683, 0.06500001, 2.5
 274233596, 25.264, 14.542, -0.013, 2.5, 25.506, 14.124, 0.016, 2.5
 274433516, 25.004, 14.971, -0.018, 2.5, 25.264, 14.542, -0.013, 2.5
 274634269, 24.757, 15.367, -0.003, 2.5, 25.004, 14.971, -0.018, 2.5
 274834189, 24.508, 15.764, 0.027, 2.5, 24.757, 15.367, -0.003, 2.5
 275034109, 24.238, 16.175, 0.039, 2.5, 24.508, 15.764, 0.027, 2.5
 275234029, 23.956, 16.607, 0.019, 2.5, 24.238, 16.175, 0.039, 2.5
 275433949, 23.656, 17.022, -0.014, 2.5, 23.956, 16.607, 0.019, 2.5
 275633869, 23.359, 17.423, -0.038, 2.5, 23.656, 17.022, -0.014, 2.5
 275833789, 23.063, 17.813, -0.07, 2.5, 23.359, 17.423, -0.038, 2.5
 276033709, 22.751, 18.205, -0.072, 2.5, 23.063, 17.813, -0.07, 2.5
 276233629, 22.424, 18.591, -0.07600001, 2.5, 22.751, 18.205, -0.072, 2.5
 276433549, 22.124, 18.958, -0.054, 2.5, 22.424, 18.591, -0.07600001, 2.5
 276634302, 21.828, 19.312, -0.018, 2.5, 22.124, 18.958, -0.054, 2.5
 276834222, 21.492, 19.677, -0.063, 2.5, 21.828, 19.312, -0.018, 2.5
 277034142, 21.166, 20.028, -0.053, 2.5, 21.492, 19.677, -0.063, 2.5
 277234062, 20.831, 20.362, -0.015, 2.5, 21.166, 20.028, -0.053, 2.5
 277433982, 20.499, 20.705, 0.02, 2.5, 20.831, 20.362, -0.015, 2.5
 277633902, 20.161, 21.032, -0.046, 2.5, 20.499, 20.705, 0.02, 2.5
 277833822, 19.801, 21.363, -0.098, 2.5, 20.161, 21.032, -0.046, 2.5
 278033742, 19.458, 21.671, -0.003, 2.5, 19.801, 21.363, -0.098, 2.5
 278233662, 19.116, 21.977, 0.07700001, 2.5, 19.458, 21.671, -0.003, 2.5
 278433582, 18.77, 22.289, 0.12, 2.5, 19.116, 21.977, 0.07700001, 2.5
 278633502, 18.361, 22.629, 0.033, 2.5, 18.77, 22.289, 0.12, 2.5
 278834255, 17.971, 22.964, 0.033, 2.5, 18.361, 22.629, 0.033, 2.5
 279034175, 17.573, 23.29, 0.027, 2.5, 17.971, 22.964, 0.033, 2.5
 279234095, 17.182, 23.584, 0.08000001, 2.5, 17.573, 23.29, 0.027, 2.5
 279434015, 16.761, 23.878, 0.07600001, 2.5, 17.182, 23.584, 0.08000001, 2.5
 279633935, 16.338, 24.17, 0.05, 2.5, 16.761, 23.878, 0.07600001, 2.5
 279833855, 15.927, 24.454, 0.047, 2.5, 16.338, 24.17, 0.05, 2.5
 280033775, 15.5, 24.722, -0.017, 2.5, 15.927, 24.454, 0.047, 2.5
 280233695, 15.089, 24.979, 0.019, 2.5, 15.5, 24.722, -0.017, 2.5
 280433615, 14.699, 25.222, 0.012, 2.5, 15.089, 24.979, 0.019, 2.5
 280633535, 14.306, 25.443, 0.024, 2.5, 14.699, 25.222, 0.012, 2.5
 280834288, 13.888, 25.662, -0.016, 2.5, 14.306, 25.443, 0.024, 2.5
 281034208, 13.49, 25.873, -0.002, 2.5, 13.888, 25.662, -0.016, 2.5
 281234128, 13.069, 26.093, -0.029, 2.5, 13.49, 25.873, -0.002, 2.5
 281434048, 12.635, 26.305, -0.023, 2.5, 13.069, 26.093, -0.029, 2.5
 281633968, 12.218, 26.492, -0.035, 2.5, 12.635, 26.305, -0.023, 2.5
 281833888, 11.813, 26.665, -0.046, 2.5, 12.218, 26.492, -0.035, 2.5
 282033808, 11.378, 26.847, -0.049, 2.5, 11.813, 26.665, -0.046, 2.5
 282233728, 10.923, 27.033, -0.047, 2.5, 11.378, 26.847, -0.049, 2.5
 282433648, 10.494, 27.206, 0.006, 2.5, 10.923, 27.033, -0.047, 2.5
 282633568, 10.053, 27.38, -0.06900001, 2.5, 10.494, 27.206, 0.006, 2.5
 282833488, 9.581, 27.538, -0.121, 2.5, 10.053, 27.38, -0.06900001, 2.5
 283034241, 9.116, 27.687, -0.07600001, 2.5, 9.581, 27.538, -0.121, 2.5
 283234161, 8.657001, 27.825, -0.052, 2.5, 9.116, 27.687, -0.07600001, 2.5
 283434081, 8.211, 27.951, -0.054, 2.5, 8.657001, 27.825, -0.052, 2.5
 283634001, 7.778, 28.07, -0.02, 2.5, 8.211, 27.951, -0.054, 2.5
 283833921, 7.332, 28.189, 0.011, 2.5, 7.778, 28.07, -0.02, 2.5
 284033841, 6.838, 28.309, -0.05, 2.5, 7.332, 28.189, 0.011, 2.5
 284233761, 6.378, 28.412, -0.033, 2.5, 6.838, 28.309, -0.05, 2.5
 284433681, 5.941, 28.514, 0.009000001, 2.5, 6.378, 28.412, -0.033, 2.5
 284633601, 5.438, 28.614, -0.004, 2.5, 5.941, 28.514, 0.009000001, 2.5
 284833521, 4.952, 28.711, -0.028, 2.5, 5.438, 28.614, -0.004, 2.5
 285034274, 4.47, 28.804, -0.055, 2.5, 4.952, 28.711, -0.028, 2.5
 285234194, 3.968, 28.875, -0.09200001, 2.5, 4.47, 28.804, -0.055, 2.5
 285434114, 3.545, 28.94, 0.014, 2.5, 3.968, 28.875, -0.09200001, 2.5
 285634034, 3.104, 28.994, 0.07, 2.5, 3.545, 28.94, 0.014, 2.5
 285833954, 2.641, 29.038, 0.121, 2.5, 3.104, 28.994, 0.07, 2.5
 286033874, 2.095, 29.08, 0.039, 2.5, 2.641, 29.038, 0.121, 2.5
 286233794, 1.587, 29.121, 0.045, 2.5, 2.095, 29.08, 0.039, 2.5
 286433714, 1.066, 29.146, -0.039, 2.5, 1.587, 29.121, 0.045, 2.5
 286633634, 0.567, 29.152, -0.085, 2.5, 1.066, 29.146, -0.039, 2.5
 286833554, 0.083, 29.157, -0.097, 2.5, 0.567, 29.152, -0.085, 2.5
 287033474, -0.332, 29.167, -0.003, 2.5, 0.083, 29.157, -0.097, 2.5
 287234227, -0.788, 29.156, 0.023, 2.5, -0.332, 29.167, -0.003, 2.5
 287434147, -1.292, 29.132, 0.04, 2.5, -0.788, 29.156, 0.023, 2.5
 287634067, -1.835, 29.1, 0.004, 2.5, -1.292, 29.132, 0.04, 2.5
 287833987, -2.353, 29.078, 0.006, 2.5, -1.835, 29.1, 0.004, 2.5
 288033907, -2.874, 29.048, 0.04, 2.5, -2.353, 29.078, 0.006, 2.5
 288233827, -3.391, 28.994, -0.028, 2.5, -2.874, 29.048, 0.04, 2.5
 288433747, -3.89, 28.93, 0.025, 2.5, -3.391, 28.994, -0.028, 2.5
 288633667, -4.375, 28.866, 0.019, 2.5, -3.89, 28.93, 0.025, 2.5
 288833587, -4.886, 28.781, 0.025, 2.5, -4.375, 28.866, 0.019, 2.5
 289033507, -5.395, 28.678, -0.01, 2.5, -4.886, 28.781, 0.025, 2.5
 289234260, -5.902, 28.56, -0.138, 2.5, -5.395, 28.678, -0.01, 2.5
 289434180, -6.351, 28.457, -0.089, 2.5, -5.902, 28.56, -0.138, 2.5
 289634100, -6.797, 28.359, -0.04, 2.5, -6.351, 28.457, -0.089, 2.5
 289834020, -7.241, 28.242, -0.027, 2.5, -6.797, 28.359, -0.04, 2.5
 290033940, -7.727, 28.108, -0.047, 2.5, -7.241, 28.242, -0.027, 2.5
 290233860, -8.194, 27.972, -0.041, 2.5, -7.727, 28.108, -0.047, 2.5
 290433780, -8.643001, 27.828, -0.052, 2.5, -8.194, 27.972, -0.041, 2.5
 290633700, -9.118, 27.665, -0.07, 2.5, -8.643001, 27.828, -0.052, 2.5
 290833620, -9.592, 27.494, -0.123, 2.5, -9.118, 27.665, -0.07, 2.5
 291033540, -10.047, 27.322, -0.112, 2.5, -9.592, 27.494, -0.123, 2.5
 291234293, -10.454, 27.166, -0.037, 2.5, -10.047, 27.322, -0.112, 2.5
 291434213, -10.876, 27.005, 0.042, 2.5, -10.454, 27.166, -0.037, 2.5
 291634133, -11.354, 26.807, -0.006, 2.5, -10.876, 27.005, 0.042, 2.5
 291834053, -11.796, 26.616, -0.025, 2.5, -11.354, 26.807, -0.006, 2.5
 292033973, -12.205, 26.424, -0.027, 2.5, -11.796, 26.616, -0.025, 2.5
 292233893, -12.64, 26.225, -0.031, 2.5, -12.205, 26.424, -0.027, 2.5
 292433813, -13.116, 25.995, -0.029, 2.5, -12.64, 26.225, -0.031, 2.5
 292633733, -13.59, 25.746, -0.086, 2.5, -13.116, 25.995, -0.029, 2.5
 292833653, -14.042, 25.488, -0.07300001, 2.5, -13.59, 25.746, -0.086, 2.5
 293033573, -14.485, 25.251, -0.038, 2.5, -14.042, 25.488, -0.07300001, 2.5
 293233493, -14.891, 25.022, 0.043, 2.5, -14.485, 25.251, -0.038, 2.5
 293434246, -15.288, 24.785, 0.058, 2.5, -14.891, 25.022, 0.043, 2.5
 293634166, -15.69, 24.54, 0.07300001, 2.5, -15.288, 24.785, 0.058, 2.5
 293834086, -16.127, 24.266, 0.07300001, 2.5, -15.69, 24.54, 0.07300001, 2.5
 294034006, -16.565, 23.982, 0.013, 2.5, -16.127, 24.266, 0.07300001, 2.5
 294233926, -16.963, 23.725, 0.001, 2.5, -16.565, 23.982, 0.013, 2.5
 294433846, -17.354, 23.436, -0.042, 2.5, -16.963, 23.725, 0.001, 2.5
 294633766, -17.723, 23.154, -0.03, 2.5, -17.354, 23.436, -0.042, 2.5
 294833686, -18.098, 22.856, 0.003, 2.5, -17.723, 23.154, -0.03, 2.5
 295033606, -18.485, 22.533, -0.047, 2.5, -18.098, 22.856, 0.003, 2.5
 295233526, -18.837, 22.227, -0.055, 2.5, -18.485, 22.533, -0.047, 2.5
 295434279, -19.188, 21.91, -0.07, 2.5, -18.837, 22.227, -0.055, 2.5
 295634199, -19.521, 21.615, 0, 2.5, -19.188, 21.91, -0.07, 2.5
 295834119, -19.839, 21.326, 0.056, 2.5, -19.521, 21.615, 0, 2.5
 296034039, -20.165, 21.021, 0.046, 2.5, -19.839, 21.326, 0.056, 2.5
 296233959, -20.526, 20.669, -0.006, 2.5, -20.165, 21.021, 0.046, 2.5
 296433879, -20.857, 20.335, -0.014, 2.5, -20.526, 20.669, -0.006, 2.5
 296633799, -21.171, 20.007, -0.052, 2.5, -20.857, 20.335, -0.014, 2.5
 296833719, -21.481, 19.667, -0.043, 2.5, -21.171, 20.007, -0.052, 2.5
 297033639, -21.8, 19.308, 0.001, 2.5, -21.481, 19.667, -0.043, 2.5
 297233559, -22.123, 18.943, 0.002, 2.5, -21.8, 19.308, 0.001, 2.5
 297433479, -22.423, 18.595, 0.002, 2.5, -22.123, 18.943, 0.002, 2.5
 297634232, -22.705, 18.248, -0.037, 2.5, -22.423, 18.595, 0.002, 2.5
 297834152, -22.996, 17.881, -0.026, 2.5, -22.705, 18.248, -0.037, 2.5
 298034072, -23.285, 17.492, -0.06, 2.5, -22.996, 17.881, -0.026, 2.5
 298233992, -23.553, 17.13, -0.024, 2.5, -23.285, 17.492, -0.06, 2.5
 298433912, -23.821, 16.748, -0.04, 2.5, -23.553, 17.13, -0.024, 2.5
 298633832, -24.087, 16.365, -0.048, 2.5, -23.821, 16.748, -0.04, 2.5
 298833752, -24.333, 15.995, -0.019, 2.5, -24.087, 16.365, -0.048, 2.5
 299033672, -24.574, 15.612, -0.025, 2.5, -24.333, 15.995, -0.019, 2.5
 299233592, -24.842, 15.193, -0.004, 2.5, -24.574, 15.612, -0.025, 2.5
 299433512, -25.087, 14.784, 0.028, 2.5, -24.842, 15.193, -0.004, 2.5
 299634265, -25.333, 14.354, 0.002, 2.5, -25.087, 14.784, 0.028, 2.5
 299834185, -25.569, 13.937, 0.037, 2.5, -25.333, 14.354, 0.002, 2.5
 300034105, -25.794, 13.509, -0.032, 2.5, -25.569, 13.937, 0.037, 2.5
 300234025, -26.029, 13.043, -0.113, 2.5, -25.794, 13.509, -0.032, 2.5
 300433945, -26.245, 12.582, -0.139, 2.5, -26.029, 13.043, -0.113, 2.5
 300633865, -26.441, 12.162, -0.081, 2.5, -26.245, 12.582, -0.139, 2.5
 300833785, -26.631, 11.735, -0.066, 2.5, -26.441, 12.162, -0.081, 2.5
 301033705, -26.822, 11.277, -0.115, 2.5, -26.631, 11.735, -0.066, 2.5
 301233625, -27.013, 10.799, -0.101, 2.5, -26.822, 11.277, -0.115, 2.5
 301433545, -27.178, 10.361, -0.05, 2.5, -27.013, 10.799, -0.101, 2.5
 301634298, -27.34, 9.945001, -0.006, 2.5, -27.178, 10.361, -0.05, 2.5
 301834218, -27.488, 9.489, -0.01, 2.5, -27.34, 9.945001, -0.006, 2.5
 302034138, -27.645, 8.994, -0.07700001, 2.5, -27.488, 9.489, -0.01, 2.5
 302234058, -27.794, 8.504001, -0.087, 2.5, -27.645, 8.994, -0.07700001, 2.5
 302433978, -27.932, 8.067, -0.04, 2.5, -27.794, 8.504001, -0.087, 2.5
 302633898, -28.063, 7.597001, -0.053, 2.5, -27.932, 8.067, -0.04, 2.5
 302833818, -28.183, 7.107, -0.037, 2.5, -28.063, 7.597001, -0.053, 2.5
 303033738, -28.314, 6.604, 0.021, 2.5, -28.183, 7.107, -0.037, 2.5
 303233658, -28.435, 6.099, 0.02, 2.5, -28.314, 6.604, 0.021, 2.5
 303433578, -28.538, 5.627, 0.005, 2.5, -28.435, 6.099, 0.02, 2.5
 303633498, -28.631, 5.131, -0.029, 2.5, -28.538, 5.627, 0.005, 2.5
 303834251, -28.728, 4.604, -0.066, 2.5, -28.631, 5.131, -0.029, 2.5
 304034171, -28.803, 4.095, -0.044, 2.5, -28.728, 4.604, -0.066, 2.5
 304234091, -28.873, 3.565, -0.082, 2.5, -28.803, 4.095, -0.044, 2.5
 304434011, -28.931, 3.071, -0.06500001, 2.5, -28.873, 3.565, -0.082, 2.5
 304633931, -28.97, 2.585, -0.034, 2.5, -28.931, 3.071, -0.06500001, 2.5
 304833851, -28.997, 2.09, 0.027, 2.5, -28.97, 2.585, -0.034, 2.5
 305033771, -29.032, 1.585, -0.008, 2.5, -28.997, 2.09, 0.027, 2.5
 305233691, -29.058, 1.121, 0.015, 2.5, -29.032, 1.585, -0.008, 2.5
 305433611, -29.062, 0.62, -0.008, 2.5, -29.058, 1.121, 0.015, 2.5
 305633531, -29.073, 0.157, 0.026, 2.5, -29.062, 0.62, -0.008, 2.5
 305834284, -29.074, -0.334, 0.029, 2.5, -29.073, 0.157, 0.026, 2.5
 306034204, -29.069, -0.798, 0.115, 2.5, -29.074, -0.334, 0.029, 2.5
 306234124, -29.065, -1.296, 0.054, 2.5, -29.069, -0.798, 0.115, 2.5
 306434044, -29.045, -1.791, 0.034, 2.5, -29.065, -1.296, 0.054, 2.5
 306633964, -29.003, -2.291, 0.021, 2.5, -29.045, -1.791, 0.034, 2.5
 306833884, -28.953, -2.783, 0.022, 2.5, -29.003, -2.291, 0.021, 2.5
 307033804, -28.895, -3.274, 0.01, 2.5, -28.953, -2.783, 0.022, 2.5
 307233724, -28.835, -3.737, 0.058, 2.5, -28.895, -3.274, 0.01, 2.5
 307433644, -28.772, -4.239, 0.022, 2.5, -28.835, -3.737, 0.058, 2.5
 307633564, -28.697, -4.728, -0.002, 2.5, -28.772, -4.239, 0.022, 2.5
 307833484, -28.608, -5.208, -0.082, 2.5, -28.697, -4.728, -0.002, 2.5
 308034237, -28.519, -5.694, -0.066, 2.5, -28.608, -5.208, -0.082, 2.5
 308234157, -28.402, -6.171, -0.05, 2.5, -28.519, -5.694, -0.066, 2.5
 308434077, -28.283, -6.633, -0.018, 2.5, -28.402, -6.171, -0.05, 2.5
 308633997, -28.159, -7.149, -0.038, 2.5, -28.283, -6.633, -0.018, 2.5
 308833917, -28.026, -7.644001, -0.021, 2.5, -28.159, -7.149, -0.038, 2.5
 309033837, -27.884, -8.094001, -0.022, 2.5, -28.026, -7.644001, -0.021, 2.5
 309233757, -27.759, -8.525001, 0.031, 2.5, -27.884, -8.094001, -0.022, 2.5
 309433677, -27.616, -8.973001, 0.026, 2.5, -27.759, -8.525001, 0.031, 2.5
 309633597, -27.455, -9.442, -0.001, 2.5, -27.616, -8.973001, 0.026, 2.5
 309833517, -27.311, -9.878, 0.032, 2.5, -27.455, -9.442, -0.001, 2.5
 310034270, -27.14, -10.323, 0.019, 2.5, -27.311, -9.878, 0.032, 2.5
 310234190, -26.953, -10.797, -0.02, 2.5, -27.14, -10.323, 0.019, 2.5
 310434110, -26.757, -11.271, -0.054, 2.5, -26.953, -10.797, -0.02, 2.5
 310634030, -26.584, -11.689, -0.045, 2.5, -26.757, -11.271, -0.054, 2.5
 310833950, -26.406, -12.095, -0.046, 2.5, -26.584, -11.689, -0.045, 2.5
 311033870, -26.205, -12.485, -0.02, 2.5, -26.406, -12.095, -0.046, 2.5
 311233790, -26.018, -12.851, 0.024, 2.5, -26.205, -12.485, -0.02, 2.5
 311433710, -25.823, -13.219, 0.048, 2.5, -26.018, -12.851, 0.024, 2.5
 311633630, -25.601, -13.634, 0.027, 2.5, -25.823, -13.219, 0.048, 2.5
 311833550, -25.389, -14.04, 0.01, 2.5, -25.601, -13.634, 0.027, 2.5
 312034303, -25.194, -14.416, 0.07300001, 2.5, -25.389, -14.04, 0.01, 2.5
 312234223, -24.976, -14.795, 0.038, 2.5, -25.194, -14.416, 0.07300001, 2.5
 312434143, -24.72, -15.22, -0.023, 2.5, -24.976, -14.795, 0.038, 2.5
 312634063, -24.473, -15.625, -0.006, 2.5, -24.72, -15.22, -0.023, 2.5
 312833983, -24.222, -15.997, 0.017, 2.5, -24.473, -15.625, -0.006, 2.5
 313033903, -23.952, -16.391, -0.006, 2.5, -24.222, -15.997, 0.017, 2.5
 313233823, -23.674, -16.802, -0.004, 2.5, -23.952, -16.391, -0.006, 2.5
 313433743, -23.38, -17.222, -0.018, 2.5, -23.674, -16.802, -0.004, 2.5
 313633663, -23.05, -17.643, -0.067, 2.5, -23.38, -17.222, -0.018, 2.5
 313833583, -22.77, -18.015, -0.033, 2.5, -23.05, -17.643, -0.067, 2.5
 314033503, -22.475, -18.379, -0.029, 2.5, -22.77, -18.015, -0.033, 2.5
 314234256, -22.159, -18.74, -0.034, 2.5, -22.475, -18.379, -0.029, 2.5
 314434176, -21.833, -19.127, -0.016, 2.5, -22.159, -18.74, -0.034, 2.5
 314634096, -21.513, -19.501, -0.014, 2.5, -21.833, -19.127, -0.016, 2.5
 314834016, -21.196, -19.859, -0.022, 2.5, -21.513, -19.501, -0.014, 2.5
 315033936, -20.881, -20.2, -0.021, 2.5, -21.196, -19.859, -0.022, 2.5
 315233856, -20.557, -20.533, 0, 2.5, -20.881, -20.2, -0.021, 2.5
 315433776, -20.203, -20.866, 0.003, 2.5, -20.557, -20.533, 0, 2.5
 315633696, -19.855, -21.18, 0.048, 2.5, -20.203, -20.866, 0.003, 2.5
 315833616, -19.485, -21.516, 0.048, 2.5, -19.855, -21.18, 0.048, 2.5
 316033536, -19.084, -21.865, -0.027, 2.5, -19.485, -21.516, 0.048, 2.5
 316234289, -18.704, -22.199, -0.042, 2.5, -19.084, -21.865, -0.027, 2.5
 316434209, -18.337, -22.503, -0.014, 2.5, -18.704, -22.199, -0.042, 2.5
 316634129, -17.973, -22.781, -0.013, 2.5, -18.337, -22.503, -0.014, 2.5
 316834049, -17.604, -23.052, -0.019, 2.5, -17.973, -22.781, -0.013, 2.5
 317033969, -17.23, -23.336, 0.012, 2.5, -17.604, -23.052, -0.019, 2.5
 317233889, -16.856, -23.629, 0.058, 2.5, -17.23, -23.336, 0.012, 2.5
 317433809, -16.471, -23.897, 0.035, 2.5, -16.856, -23.629, 0.058, 2.5
 317633729, -16.062, -24.162, 0.027, 2.5, -16.471, -23.897, 0.035, 2.5
 317833649, -15.667, -24.433, 0.035, 2.5, -16.062, -24.162, 0.027, 2.5
 318033569, -15.263, -24.688, 0.004, 2.5, -15.667, -24.433, 0.035, 2.5
 318233489, -14.893, -24.908, 0.079, 2.5, -15.263, -24.688, 0.004, 2.5
 318434242, -14.455, -25.16, 0.031, 2.5, -14.893, -24.908, 0.079, 2.5
 318634162, -14.011, -25.419, -0.019, 2.5, -14.455, -25.16, 0.031, 2.5
 318834082, -13.571, -25.665, -0.034, 2.5, -14.011, -25.419, -0.019, 2.5
 319034002, -13.118, -25.892, -0.032, 2.5, -13.571, -25.665, -0.034, 2.5
 319233922, -12.669, -26.099, -0.037, 2.5, -13.118, -25.892, -0.032, 2.5
 319433842, -12.235, -26.311, -0.029, 2.5, -12.669, -26.099, -0.037, 2.5
 319633762, -11.805, -26.508, 0.012, 2.5, -12.235, -26.311, -0.029, 2.5
 319833682, -11.347, -26.699, 0.029, 2.5, -11.805, -26.508, 0.012, 2.5
 320033602, -10.866, -26.909, 0.033, 2.5, -11.347, -26.699, 0.029, 2.5
 320233522, -10.39, -27.088, 0.004, 2.5, -10.866, -26.909, 0.033, 2.5
 320434275, -9.929001, -27.259, -0.055, 2.5, -10.39, -27.088, 0.004, 2.5
 320634195, -9.503, -27.404, 0.009000001, 2.5, -9.929001, -27.259, -0.055, 2.5
 320834115, -9.076, -27.539, 0.033, 2.5, -9.503, -27.404, 0.009000001, 2.5
 321034035, -8.616, -27.683, -0.008, 2.5, -9.076, -27.539, 0.033, 2.5
 321233955, -8.156, -27.816, -0.059, 2.5, -8.616, -27.683, -0.008, 2.5
 321433875, -7.749001, -27.946, 0.018, 2.5, -8.156, -27.816, -0.059, 2.5
 321633795, -7.297, -28.074, 0.064, 2.5, -7.749001, -27.946, 0.018, 2.5
 321833715, -6.845, -28.184, 0.056, 2.5, -7.297, -28.074, 0.064, 2.5
 322033635, -6.329, -28.308, 0.023, 2.5, -6.845, -28.184, 0.056, 2.5
 322233555, -5.832, -28.418, 0.028, 2.5, -6.329, -28.308, 0.023, 2.5
 322433475, -5.339, -28.51, -0.052, 2.5, -5.832, -28.418, 0.028, 2.5
 322634228, -4.858, -28.6, -0.109, 2.5, -5.339, -28.51, -0.052, 2.5
 322834148, -4.418, -28.662, -0.067, 2.5, -4.858, -28.6, -0.109, 2.5
 323034068, -3.996, -28.731, 0.041, 2.5, -4.418, -28.662, -0.067, 2.5
 323233988, -3.499, -28.798, 0.072, 2.5, -3.996, -28.731, 0.041, 2.5
 323433908, -2.983, -28.851, 0.021, 2.5, -3.499, -28.798, 0.072, 2.5
 323633828, -2.467, -28.908, 0.029, 2.5, -2.983, -28.851, 0.021, 2.5
 323833748, -1.974, -28.95, -0.023, 2.5, -2.467, -28.908, 0.029, 2.5
 324033668, -1.503, -28.964, -0.071, 2.5, -1.974, -28.95, -0.023, 2.5
 324233588, -1.035, -28.975, -0.056, 2.5, -1.503, -28.964, -0.071, 2.5
 324433508, -0.561, -28.995, -0.059, 2.5, -1.035, -28.975, -0.056, 2.5
 324634261, -0.117, -29.012, -0.03, 2.5, -0.561, -28.995, -0.059, 2.5
 324834181, 0.331, -29.006, 0, 2.5, -0.117, -29.012, -0.03, 2.5
 325034101, 0.8060001, -28.99, -0.001, 2.5, 0.331, -29.006, 0, 2.5
 325234021, 1.294, -28.967, -0.029, 2.5, 0.8060001, -28.99, -0.001, 2.5
 325433941, 1.792, -28.938, -0.079, 2.5, 1.294, -28.967, -0.029, 2.5
 325633861, 2.244, -28.905, -0.053, 2.5, 1.792, -28.938, -0.079, 2.5
 325833781, 2.672, -28.869, 0.048, 2.5, 2.244, -28.905, -0.053, 2.5
 326033701, 3.157, -28.812, -0.02, 2.5, 2.672, -28.869, 0.048, 2.5
 326233621, 3.609, -28.75, -0.003, 2.5, 3.157, -28.812, -0.02, 2.5
 326433541, 4.057, -28.702, 0.104, 2.5, 3.609, -28.75, -0.003, 2.5
 326634294, 4.556, -28.635, 0.055, 2.5, 4.057, -28.702, 0.104, 2.5
 326834214, 5.042, -28.544, -0.03, 2.5, 4.556, -28.635, 0.055, 2.5
 327034134, 5.483, -28.453, 0.002, 2.5, 5.042, -28.544, -0.03, 2.5
 327234054, 5.949, -28.357, -0.021, 2.5, 5.483, -28.453, 0.002, 2.5
 327433974, 6.393, -28.25, -0.053, 2.5, 5.949, -28.357, -0.021, 2.5
 327633894, 6.839, -28.143, -0.013, 2.5, 6.393, -28.25, -0.053, 2.5
 327833814, 7.322001, -28.013, -0.011, 2.5, 6.839, -28.143, -0.013, 2.5
 328033734, 7.769001, -27.895, -0.007, 2.5, 7.322001, -28.013, -0.011, 2.5
 328233654, 8.194, -27.774, 0.019, 2.5, 7.769001, -27.895, -0.007, 2.5
 328433574, 8.652, -27.631, -0.005, 2.5, 8.194, -27.774, 0.019, 2.5
 328633494, 9.086, -27.49, 0.003, 2.5, 8.652, -27.631, -0.005, 2.5
 328834247, 9.526, -27.349, 0.004, 2.5, 9.086, -27.49, 0.003, 2.5
 329034167, 9.98, -27.184, -0.003, 2.5, 9.526, -27.349, 0.004, 2.5
 329234087, 10.416, -27.02, 0.043, 2.5, 9.98, -27.184, -0.003, 2.5
 329434007, 10.834, -26.862, 0.109, 2.5, 10.416, -27.02, 0.043, 2.5
 329633927, 11.263, -26.685, 0.08800001, 2.5, 10.834, -26.862, 0.109, 2.5
 329833847, 11.719, -26.503, 0.038, 2.5, 11.263, -26.685, 0.08800001, 2.5
 330033767, 12.167, -26.318, 0.007, 2.5, 11.719, -26.503, 0.038, 2.5
 330233687, 12.584, -26.13, 0.06500001, 2.5, 12.167, -26.318, 0.007, 2.5
 330433607, 12.995, -25.93, 0.053, 2.5, 12.584, -26.13, 0.06500001, 2.5
 330633527, 13.408, -25.713, 0.066, 2.5, 12.995, -25.93, 0.053, 2.5
 330834280, 13.849, -25.499, 0.086, 2.5, 13.408, -25.713, 0.066, 2.5
 331034200, 14.28, -25.272, 0.118, 2.5, 13.849, -25.499, 0.086, 2.5
 331234120, 14.707, -25.023, 0.086, 2.5, 14.28, -25.272, 0.118, 2.5
 331434040, 15.166, -24.739, 0.002, 2.5, 14.707, -25.023, 0.086, 2.5
 331633960, 15.631, -24.453, -0.066, 2.5, 15.166, -24.739, 0.002, 2.5
 331833880, 16.025, -24.198, -0.036, 2.5, 15.631, -24.453, -0.066, 2.5
 332033800, 16.383, -23.956, 0.019, 2.5, 16.025, -24.198, -0.036, 2.5
 332233720, 16.769, -23.679, 0.063, 2.5, 16.383, -23.956, 0.019, 2.5
 332433640, 17.169, -23.388, 0.075, 2.5, 16.769, -23.679, 0.063, 2.5
 332633560, 17.571, -23.07, 0.008, 2.5, 17.169, -23.388, 0.075, 2.5
 332833480, 17.953, -22.776, 0.012, 2.5, 17.571, -23.07, 0.008, 2.5
 333034233, 18.33, -22.466, 0.007, 2.5, 17.953, -22.776, 0.012, 2.5
 333234153, 18.689, -22.155, -0.03, 2.5, 18.33, -22.466, 0.007, 2.5
 333434073, 19.061, -21.853, 0.005, 2.5, 18.689, -22.155, -0.03, 2.5
 333633993, 19.426, -21.555, 0.02, 2.5, 19.061, -21.853, 0.005, 2.5
 333833913, 19.783, -21.242, 0.058, 2.5, 19.426, -21.555, 0.02, 2.5
 334033833, 20.143, -20.922, 0.075, 2.5, 19.783, -21.242, 0.058, 2.5
 334233753, 20.488, -20.591, 0.108, 2.5, 20.143, -20.922, 0.075, 2.5
 334433673, 20.818, -20.275, 0.176, 2.5, 20.488, -20.591, 0.108, 2.5
 334633593, 21.169, -19.918, 0.146, 2.5, 20.818, -20.275, 0.176, 2.5
 334833513, 21.516, -19.532, 0.058, 2.5, 21.169, -19.918, 0.146, 2.5
 335034266, 21.839, -19.167, 0.055, 2.5, 21.516, -19.532, 0.058, 2.5
 335234186, 22.176, -18.783, 0.058, 2.5, 21.839, -19.167, 0.055, 2.5
 335434106, 22.5, -18.388, -0.029, 2.5, 22.176, -18.783, 0.058, 2.5
 335634026, 22.81, -18.017, -0.09, 2.5, 22.5, -18.388, -0.029, 2.5
 335833946, 23.079, -17.674, -0.036, 2.5, 22.81, -18.017, -0.09, 2.5
 336033866, 23.337, -17.343, 0.061, 2.5, 23.079, -17.674, -0.036, 2.5
 336233786, 23.607, -16.971, 0.108, 2.5, 23.337, -17.343, 0.061, 2.5
 336433706, 23.887, -16.565, 0.147, 2.5, 23.607, -16.971, 0.108, 2.5
 336633626, 24.2, -16.136, 0.087, 2.5, 23.887, -16.565, 0.147, 2.5
 336833546, 24.469, -15.73, 0.044, 2.5, 24.2, -16.136, 0.087, 2.5
 337034299, 24.73, -15.319, -0.013, 2.5, 24.469, -15.73, 0.044, 2.5
 337234219, 24.967, -14.927, 0.057, 2.5, 24.73, -15.319, -0.013, 2.5
 337434139, 25.196, -14.511, 0.022, 2.5, 24.967, -14.927, 0.057, 2.5
 337634059, 25.439, -14.084, 0.004, 2.5, 25.196, -14.511, 0.022, 2.5
 337833979, 25.695, -13.626, -0.028, 2.5, 25.439, -14.084, 0.004, 2.5
 338033899, 25.913, -13.203, -0.056, 2.5, 25.695, -13.626, -0.028, 2.5
 338233819, 26.113, -12.795, -0.005, 2.5, 25.913, -13.203, -0.056, 2.5
 338433739, 26.329, -12.344, -0.032, 2.5, 26.113, -12.795, -0.005, 2.5
 338633659, 26.524, -11.929, 0.006, 2.5, 26.329, -12.344, -0.032, 2.5
 338833579, 26.713, -11.514, 0.032, 2.5, 26.524, -11.929, 0.006, 2.5
 339033499, 26.907, -11.067, 0.048, 2.5, 26.713, -11.514, 0.032, 2.5
 339234252, 27.108, -10.579, 0.016, 2.5, 26.907, -11.067, 0.048, 2.5
 339434172, 27.297, -10.11, 0.016, 2.5, 27.108, -10.579, 0.016, 2.5
 339634092, 27.467, -9.641001, -0.028, 2.5, 27.297, -10.11, 0.016, 2.5
 339834012, 27.634, -9.166, -0.051, 2.5, 27.467, -9.641001, -0.028, 2.5
 340033932, 27.794, -8.682, -0.005, 2.5, 27.634, -9.166, -0.051, 2.5
 340233852, 27.949, -8.185, -0.003, 2.5, 27.794, -8.682, -0.005, 2.5
 340433772, 28.087, -7.692, -0.03, 2.5, 27.949, -8.185, -0.003, 2.5
 340633692, 28.208, -7.232, 0.026, 2.5, 28.087, -7.692, -0.03, 2.5
 340833612, 28.329, -6.768, 0.005, 2.5, 28.208, -7.232, 0.026, 2.5
 341033532, 28.436, -6.297, 0.017, 2.5, 28.329, -6.768, 0.005, 2.5
 341234285, 28.54, -5.824, 0.055, 2.5, 28.436, -6.297, 0.017, 2.5
 341434205, 28.637, -5.261, -0.045, 2.5, 28.54, -5.824, 0.055, 2.5
 341634125, 28.719, -4.741, -0.083, 2.5, 28.637, -5.261, -0.045, 2.5
 341834045, 28.789, -4.232, -0.078, 2.5, 28.719, -4.741, -0.083, 2.5
 342033965, 28.861, -3.731, -0.011, 2.5, 28.789, -4.232, -0.078, 2.5
 342233885, 28.919, -3.273, 0.022, 2.5, 28.861, -3.731, -0.011, 2.5
 342433805, 28.973, -2.802, 0.026, 2.5, 28.919, -3.273, 0.022, 2.5
 342633725, 29.004, -2.275, 0.001, 2.5, 28.973, -2.802, 0.026, 2.5
 342833645, 29.03, -1.743, -0.032, 2.5, 29.004, -2.275, 0.001, 2.5
 343033565, 29.051, -1.26, -0.042, 2.5, 29.03, -1.743, -0.032, 2.5
 343233485, 29.062, -0.814, 0.017, 2.5, 29.051, -1.26, -0.042, 2.5
 343434238, 29.068, -0.321, 0.045, 2.5, 29.062, -0.814, 0.017, 2.5
 343634158, 29.07, 0.21, -0.082, 2.5, 29.068, -0.321, 0.045, 2.5
 343834078, 29.064, 0.663, -0.02, 2.5, 29.07, 0.21, -0.082, 2.5
 344033998, 29.058, 1.145, 0.026, 2.5, 29.064, 0.663, -0.02, 2.5
 344233918, 29.031, 1.603, 0.071, 2.5, 29.058, 1.145, 0.026, 2.5
 344433838, 29.001, 2.069, 0.07700001, 2.5, 29.031, 1.603, 0.071, 2.5
 344633758, 28.971, 2.534, -0.025, 2.5, 29.001, 2.069, 0.07700001, 2.5
 344833678, 28.93, 2.995, -0.031, 2.5, 28.971, 2.534, -0.025, 2.5
 345033598, 28.889, 3.444, 0.021, 2.5, 28.93, 2.995, -0.031, 2.5
 345233518, 28.841, 3.867, 0.086, 2.5, 28.889, 3.444, 0.021, 2.5
 345434271, 28.779, 4.331, 0.034, 2.5, 28.841, 3.867, 0.086, 2.5
 345634191, 28.718, 4.791, 0.112, 2.5, 28.779, 4.331, 0.034, 2.5
 345834111, 28.649, 5.235, 0.078, 2.5, 28.718, 4.791, 0.112, 2.5
 346034031, 28.556, 5.704, -0.002, 2.5, 28.649, 5.235, 0.078, 2.5
 346233951, 28.468, 6.134, 0.082, 2.5, 28.556, 5.704, -0.002, 2.5
 346433871, 28.355, 6.567, 0.089, 2.5, 28.468, 6.134, 0.082, 2.5
 346633791, 28.22, 7.068, 0.009000001, 2.5, 28.355, 6.567, 0.089, 2.5
 346833711, 28.092, 7.548, -0.068, 2.5, 28.22, 7.068, 0.009000001, 2.5
 347033631, 27.967, 7.998, -0.055, 2.5, 28.092, 7.548, -0.068, 2.5
 347233551, 27.849, 8.417001, -0.022, 2.5, 27.967, 7.998, -0.055, 2.5
 347434304, 27.712, 8.852, -0.008, 2.5, 27.849, 8.417001, -0.022, 2.5
 347634224, 27.558, 9.336, -0.005, 2.5, 27.712, 8.852, -0.008, 2.5
 347834144, 27.404, 9.799001, -0.005, 2.5, 27.558, 9.336, -0.005, 2.5
 348034064, 27.245, 10.247, -0.023, 2.5, 27.404, 9.799001, -0.005, 2.5
 348233984, 27.075, 10.683, -0.008, 2.5, 27.245, 10.247, -0.023, 2.5
 348433904, 26.9, 11.123, 0.059, 2.5, 27.075, 10.683, -0.008, 2.5
 348633824, 26.708, 11.596, 0.017, 2.5, 26.9, 11.123, 0.059, 2.5
 348833744, 26.515, 12.033, 0.056, 2.5, 26.708, 11.596, 0.017, 2.5
 349033664, 26.31, 12.478, 0.027, 2.5, 26.515, 12.033, 0.056, 2.5
 349233584, 26.122, 12.883, 0.005, 2.5, 26.31, 12.478, 0.027, 2.5
 349433504, 25.91, 13.298, 0.051, 2.5, 26.122, 12.883, 0.005, 2.5
 349634257, 25.702, 13.701, 0.089, 2.5, 25.91, 13.298, 0.051, 2.5
 349834177, 25.488, 14.101, 0.122, 2.5, 25.702, 13.701, 0.089, 2.5
 350034097, 25.243, 14.54, 0.07600001, 2.5, 25.488, 14.101, 0.122, 2.5
 350234017, 24.995, 14.969, 0.044, 2.5, 25.243, 14.54, 0.07600001, 2.5
 350433937, 24.741, 15.382, 0.021, 2.5, 24.995, 14.969, 0.044, 2.5
 350633857, 24.488, 15.783, 0.052, 2.5, 24.741, 15.382, 0.021, 2.5
 350833777, 24.219, 16.193, 0.045, 2.5, 24.488, 15.783, 0.052, 2.5
 351033697, 23.943, 16.599, 0.031, 2.5, 24.219, 16.193, 0.045, 2.5
 351233617, 23.667, 16.995, 0.029, 2.5, 23.943, 16.599, 0.031, 2.5
 351433537, 23.361, 17.408, -0.053, 2.5, 23.667, 16.995, 0.029, 2.5
 351634290, 23.058, 17.793, -0.022, 2.5, 23.361, 17.408, -0.053, 2.5
 351834210, 22.77, 18.164, 0.058, 2.5, 23.058, 17.793, -0.022, 2.5
 352034130, 22.475, 18.522, 0.003, 2.5, 22.77, 18.164, 0.058, 2.5
 352234050, 22.155, 18.9, -0.006, 2.5, 22.475, 18.522, 0.003, 2.5
 352433970, 21.835, 19.267, 0.066, 2.5, 22.155, 18.9, -0.006, 2.5
 352633890, 21.539, 19.619, 0.115, 2.5, 21.835, 19.267, 0.066, 2.5
 352833810, 21.238, 19.984, 0.128, 2.5, 21.539, 19.619, 0.115, 2.5
 353033730, 20.893, 20.386, 0.085, 2.5, 21.238, 19.984, 0.128, 2.5
 353233650, 20.52, 20.772, 0.045, 2.5, 20.893, 20.386, 0.085, 2.5
 353433570, 20.184, 21.124, 0.075, 2.5, 20.52, 20.772, 0.045, 2.5
 353633490, 19.84, 21.455, 0.097, 2.5, 20.184, 21.124, 0.075, 2.5
 353834243, 19.458, 21.803, 0.013, 2.5, 19.84, 21.455, 0.097, 2.5
 354034163, 19.109, 22.122, 0.024, 2.5, 19.458, 21.803, 0.013, 2.5
 354234083, 18.72, 22.435, -0.053, 2.5, 19.109, 22.122, 0.024, 2.5
 354434003, 18.308, 22.758, -0.161, 2.5, 18.72, 22.435, -0.053, 2.5
 354633923, 17.929, 23.045, -0.105, 2.5, 18.308, 22.758, -0.161, 2.5
 354833843, 17.572, 23.302, -0.01, 2.5, 17.929, 23.045, -0.105, 2.5
 355033763, 17.188, 23.574, 0.014, 2.5, 17.572, 23.302, -0.01, 2.5
 355233683, 16.788, 23.849, -0.011, 2.5, 17.188, 23.574, 0.014, 2.5
 355433603, 16.359, 24.132, -0.061, 2.5, 16.788, 23.849, -0.011, 2.5
 355633523, 15.947, 24.406, -0.049, 2.5, 16.359, 24.132, -0.061, 2.5
 355834276, 15.505, 24.699, -0.09100001, 2.5, 15.947, 24.406, -0.049, 2.5
 356034196, 15.094, 24.97, -0.094, 2.5, 15.505, 24.699, -0.09100001, 2.5
 356234116, 14.686, 25.201, -0.021, 2.5, 15.094, 24.97, -0.094, 2.5
 356434036, 14.25, 25.444, -0.032, 2.5, 14.686, 25.201, -0.021, 2.5
 356633956, 13.842, 25.679, 0.005, 2.5, 14.25, 25.444, -0.032, 2.5
 356833876, 13.419, 25.9, 0.038, 2.5, 13.842, 25.679, 0.005, 2.5
 357033796, 12.982, 26.117, 0.036, 2.5, 13.419, 25.9, 0.038, 2.5
 357233716, 12.513, 26.348, 0.071, 2.5, 12.982, 26.117, 0.036, 2.5
 357433636, 12.022, 26.576, 0.025, 2.5, 12.513, 26.348, 0.071, 2.5
 357633556, 11.527, 26.794, -0.056, 2.5, 12.022, 26.576, 0.025, 2.5
 357833476, 11.07, 26.99, -0.057, 2.5, 11.527, 26.794, -0.056, 2.5
 358034229, 10.638, 27.156, -0.033, 2.5, 11.07, 26.99, -0.057, 2.5
 358234149, 10.195, 27.32, 0.048, 2.5, 10.638, 27.156, -0.033, 2.5
 358434069, 9.742001, 27.486, 0.035, 2.5, 10.195, 27.32, 0.048, 2.5
 358633989, 9.297001, 27.647, 0.06900001, 2.5, 9.742001, 27.486, 0.035, 2.5
 358833909, 8.798, 27.83, -0.009000001, 2.5, 9.297001, 27.647, 0.06900001, 2.5
 359033829, 8.323, 27.982, -0.03, 2.5, 8.798, 27.83, -0.009000001, 2.5
 359233749, 7.85, 28.109, -0.044, 2.5, 8.323, 27.982, -0.03, 2.5
 359433669, 7.395, 28.221, -0.012, 2.5, 7.85, 28.109, -0.044, 2.5
 359633589, 6.914001, 28.334, -0.02, 2.5, 7.395, 28.221, -0.012, 2.5
 359833509, 6.442, 28.443, -0.014, 2.5, 6.914001, 28.334, -0.02, 2.5
 360034262, 5.99, 28.54, 0.02, 2.5, 6.442, 28.443, -0.014, 2.5
 360234182, 5.507, 28.636, -0.023, 2.5, 5.99, 28.54, 0.02, 2.5
 360434102, 5.029, 28.719, -0.018, 2.5, 5.507, 28.636, -0.023, 2.5
 360634022, 4.529, 28.792, -0.026, 2.5, 5.029, 28.719, -0.018, 2.5
 360833942, 4.044, 28.869, -0.007, 2.5, 4.529, 28.792, -0.026, 2.5
 361033862, 3.566, 28.934, -0.035, 2.5, 4.044, 28.869, -0.007, 2.5
 361233782, 3.091, 28.986, -0.103, 2.5, 3.566, 28.934, -0.035, 2.5
 361433702, 2.668, 29.027, -0.01, 2.5, 3.091, 28.986, -0.103, 2.5
 361633622, 2.202, 29.067, -0.003, 2.5, 2.668, 29.027, -0.01, 2.5
 361833542, 1.71, 29.104, 0.004, 2.5, 2.202, 29.067, -0.003, 2.5
 362034295, 1.23, 29.145, -0.006, 2.5, 1.71, 29.104, 0.004, 2.5
 362234215, 0.768, 29.171, 0.045, 2.5, 1.23, 29.145, -0.006, 2.5
 362434135, 0.282, 29.181, 0.048, 2.5, 0.768, 29.171, 0.045, 2.5
 362634055, -0.227, 29.176, -0.018, 2.5, 0.282, 29.181, 0.048, 2.5
 362833975, -0.688, 29.157, 0.005, 2.5, -0.227, 29.176, -0.018, 2.5
 363033895, -1.15, 29.136, 0.002, 2.5, -0.688, 29.157, 0.005, 2.5
 363233815, -1.622, 29.107, 0.031, 2.5, -1.15, 29.136, 0.002, 2.5
 363433735, -2.152, 29.07, -0.013, 2.5, -1.622, 29.107, 0.031, 2.5
 363633655, -2.643, 29.024, -0.04, 2.5, -2.152, 29.07, -0.013, 2.5
 363833575, -3.14, 28.97, -0.051, 2.5, -2.643, 29.024, -0.04, 2.5
 364033495, -3.636, 28.903, -0.059, 2.5, -3.14, 28.97, -0.051, 2.5
 364234248, -4.115, 28.835, -0.052, 2.5, -3.636, 28.903, -0.059, 2.5
 364434168, -4.572, 28.763, -0.048, 2.5, -4.115, 28.835, -0.052, 2.5
 364634088, -5.022, 28.687, 0.011, 2.5, -4.572, 28.763, -0.048, 2.5
 364834008, -5.483, 28.609, 0.022, 2.5, -5.022, 28.687, 0.011, 2.5
 365033928, -5.946, 28.522, 0.047, 2.5, -5.483, 28.609, 0.022, 2.5
 365233848, -6.401, 28.418, 0.025, 2.5, -5.946, 28.522, 0.047, 2.5
 365433768, -6.906, 28.299, -0.068, 2.5, -6.401, 28.418, 0.025, 2.5
 365633688, -7.389, 28.17, -0.09200001, 2.5, -6.906, 28.299, -0.068, 2.5
 365833608, -7.855, 28.038, -0.058, 2.5, -7.389, 28.17, -0.09200001, 2.5
 366033528, -8.316, 27.9, -0.072, 2.5, -7.855, 28.038, -0.058, 2.5
 366234281, -8.751, 27.777, -0.02, 2.5, -8.316, 27.9, -0.072, 2.5
 366434201, -9.174001, 27.658, 0.024, 2.5, -8.751, 27.777, -0.02, 2.5
 366634121, -9.629001, 27.495, -0.035, 2.5, -9.174001, 27.658, 0.024, 2.5
 366834041, -10.078, 27.336, 0.009000001, 2.5, -9.629001, 27.495, -0.035, 2.5
 367033961, -10.567, 27.145, 0.006, 2.5, -10.078, 27.336, 0.009000001, 2.5
 367233881, -11.014, 26.968, -0.081, 2.5, -10.567, 27.145, 0.006, 2.5
 367433801, -11.461, 26.794, -0.068, 2.5, -11.014, 26.968, -0.081, 2.5
 367633721, -11.925, 26.598, -0.08400001, 2.5, -11.461, 26.794, -0.068, 2.5
 367833641, -12.364, 26.387, -0.03, 2.5, -11.925, 26.598, -0.08400001, 2.5
 368033561, -12.8, 26.172, -0.032, 2.5, -12.364, 26.387, -0.03, 2.5
 368233481, -13.243, 25.948, -0.074, 2.5, -12.8, 26.172, -0.032, 2.5
 368434234, -13.678, 25.711, -0.109, 2.5, -13.243, 25.948, -0.074, 2.5
 368634154, -14.079, 25.49, -0.101, 2.5, -13.678, 25.711, -0.109, 2.5
 368834074, -14.474, 25.263, -0.061, 2.5, -14.079, 25.49, -0.101, 2.5
 369033994, -14.877, 25.032, -0.007, 2.5, -14.474, 25.263, -0.061, 2.5
 369233914, -15.325, 24.76, -0.041, 2.5, -14.877, 25.032, -0.007, 2.5
 369433834, -15.763, 24.481, -0.052, 2.5, -15.325, 24.76, -0.041, 2.5
 369633754, -16.166, 24.214, -0.082, 2.5, -15.763, 24.481, -0.052, 2.5
 369833674, -16.526, 23.977, 0.031, 2.5, -16.166, 24.214, -0.082, 2.5
 370033594, -16.929, 23.7, 0.002, 2.5, -16.526, 23.977, 0.031, 2.5
 370233514, -17.334, 23.413, 0.016, 2.5, -16.929, 23.7, 0.002, 2.5
 370434267, -17.714, 23.124, -0.021, 2.5, -17.334, 23.413, 0.016, 2.5
 370634187, -18.061, 22.853, 0.01, 2.5, -17.714, 23.124, -0.021, 2.5
 370834107, -18.423, 22.554, 0.028, 2.5, -18.061, 22.853, 0.01, 2.5
 371034027, -18.795, 22.253, 0.05, 2.5, -18.423, 22.554, 0.028, 2.5
 371233947, -19.175, 21.929, 0.047, 2.5, -18.795, 22.253, 0.05, 2.5
 371433867, -19.551, 21.598, 0.036, 2.5, -19.175, 21.929, 0.047, 2.5
 371633787, -19.941, 21.239, 0.016, 2.5, -19.551, 21.598, 0.036, 2.5
 371833707, -20.314, 20.882, -0.002, 2.5, -19.941, 21.239, 0.016, 2.5
 372033627, -20.654, 20.543, -0.011, 2.5, -20.314, 20.882, -0.002, 2.5
 372233547, -20.981, 20.198, -0.035, 2.5, -20.654, 20.543, -0.011, 2.5
 372434300, -21.31, 19.849, -0.053, 2.5, -20.981, 20.198, -0.035, 2.5
 372634220, -21.621, 19.48, -0.035, 2.5, -21.31, 19.849, -0.053, 2.5
 372834140, -21.947, 19.109, -0.056, 2.5, -21.621, 19.48, -0.035, 2.5
 373034060, -22.24, 18.773, 0.043, 2.5, -21.947, 19.109, -0.056, 2.5
 373233980, -22.551, 18.409, 0.043, 2.5, -22.24, 18.773, 0.043, 2.5
 373433900, -22.865, 18.021, 0.033, 2.5, -22.551, 18.409, 0.043, 2.5
 373633820, -23.175, 17.622, -0.026, 2.5, -22.865, 18.021, 0.033, 2.5
 373833740, -23.476, 17.219, -0.042, 2.5, -23.175, 17.622, -0.026, 2.5
 374033660, -23.769, 16.808, -0.07600001, 2.5, -23.476, 17.219, -0.042, 2.5
 374233580, -24.033, 16.419, -0.042, 2.5, -23.769, 16.808, -0.07600001, 2.5
 374433500, -24.285, 16.014, -0.066, 2.5, -24.033, 16.419, -0.042, 2.5
 374634253, -24.54, 15.61, -0.035, 2.5, -24.285, 16.014, -0.066, 2.5
 374834173, -24.799, 15.183, -0.047, 2.5, -24.54, 15.61, -0.035, 2.5
 375034093, -25.055, 14.76, -0.067, 2.5, -24.799, 15.183, -0.047, 2.5
 375234013, -25.296, 14.35, -0.06, 2.5, -25.055, 14.76, -0.067, 2.5
 375433933, -25.519, 13.963, 0.003, 2.5, -25.296, 14.35, -0.06, 2.5
 375633853, -25.748, 13.558, -0.009000001, 2.5, -25.519, 13.963, 0.003, 2.5
 375833773, -25.96, 13.16, -0.006, 2.5, -25.748, 13.558, -0.009000001, 2.5
 376033693, -26.152, 12.749, 0.018, 2.5, -25.96, 13.16, -0.006, 2.5
 376233613, -26.345, 12.335, 0.055, 2.5, -26.152, 12.749, 0.018, 2.5
 376433533, -26.547, 11.904, 0.038, 2.5, -26.345, 12.335, 0.055, 2.5
 376634286, -26.755, 11.44, -0.072, 2.5, -26.547, 11.904, 0.038, 2.5
 376834206, -26.932, 11.006, -0.049, 2.5, -26.755, 11.44, -0.072, 2.5
 377034126, -27.099, 10.593, 0.034, 2.5, -26.932, 11.006, -0.049, 2.5
 377234046, -27.261, 10.128, 0.024, 2.5, -27.099, 10.593, 0.034, 2.5
 377433966, -27.44, 9.635, -0.012, 2.5, -27.261, 10.128, 0.024, 2.5
 377633886, -27.614, 9.146001, -0.024, 2.5, -27.44, 9.635, -0.012, 2.5
 377833806, -27.771, 8.667001, -0.052, 2.5, -27.614, 9.146001, -0.024, 2.5
 378033726, -27.916, 8.206, -0.032, 2.5, -27.771, 8.667001, -0.052, 2.5
 378233646, -28.047, 7.728, 0.024, 2.5, -27.916, 8.206, -0.032, 2.5
 378433566, -28.184, 7.244, 0.06900001, 2.5, -28.047, 7.728, 0.024, 2.5
 378633486, -28.302, 6.729, 0.004, 2.5, -28.184, 7.244, 0.06900001, 2.5
 378834239, -28.401, 6.233, 0.032, 2.5, -28.302, 6.729, 0.004, 2.5
 379034159, -28.506, 5.749, 0.055, 2.5, -28.401, 6.233, 0.032, 2.5
 379234079, -28.598, 5.296, 0.059, 2.5, -28.506, 5.749, 0.055, 2.5
 379433999, -28.686, 4.844, 0.054, 2.5, -28.598, 5.296, 0.059, 2.5
 379633919, -28.773, 4.377, 0.028, 2.5, -28.686, 4.844, 0.054, 2.5
 379833839, -28.836, 3.879, -0.004, 2.5, -28.773, 4.377, 0.028, 2.5
 380033759, -28.887, 3.404, 0.031, 2.5, -28.836, 3.879, -0.004, 2.5
 380233679, -28.928, 2.925, 0.018, 2.5, -28.887, 3.404, 0.031, 2.5
 380433599, -28.975, 2.439, 0.02, 2.5, -28.928, 2.925, 0.018, 2.5
 380633519, -29.025, 1.987, 0.138, 2.5, -28.975, 2.439, 0.02, 2.5
 380834272, -29.048, 1.503, 0.12, 2.5, -29.025, 1.987, 0.138, 2.5
 381034192, -28.752, 0.98, 0.016, 2.5, -29.048, 1.503, 0.12, 2.5
 381234112, -27.2, 0.452, 0.006, 2.5, -28.752, 0.98, 0.016, 2.5
 381434032, -25.436, 0.011, 0.123, 2.5, -27.2, 0.452, 0.006, 2.5
 381633952, -23.806, -0.307, 0.324, 2.5, -25.436, 0.011, 0.123, 2.5
 381833872, -22.364, -0.471, 0.532, 2.5, -23.806, -0.307, 0.324, 2.5
