TimeUS,COFN,COFE,COFD,CNe,CEe,CDe,POFN,POFE,POFD,PNe,PEe,PDe
 140033964, 0, 0, 0, 0, 0, 0, 0, 0, 0, 0, 0, 0
 140233884, 0, 0, 0, 0, 0, 0, 0, 0, 0, 0, 0, 0
 140433804, 0, 0, 0, 0, 0, 0, 0, 0, 0, 0, 0, 0
 140633724, 0, 0, 0, 0, 0, 0, 0, 0, 0, 0, 0, 0
 140833644, 0, 0, 0, 0, 0, 0, 0, 0, 0, 0, 0, 0
 141033564, 0, 0, 0, 0, 0, 0, 0, 0, 0, 0, 0, 0
 141233484, 0, 0, 0, 0, 0, 0, 0, 0, 0, 0, 0, 0
 141434237, 0, 0, 0, 0, 0, 0, 0, 0, 0, 0, 0, 0
 141634157, 0, 0, 0, 0, 0, 0, 0, 0, 0, 0, 0, 0
 141834077, 0, 0, 0, 0, 0, 0, 0, 0, 0, 0, 0, 0
 142033997, 0, 0, 0, 0, 0, 0, 0, 0, 0, 0, 0, 0
 142233917, 0, 0, 0, 0, 0, 0, 0, 0, 0, 0, 0, 0
 142433837, 0, 0, 0, 0, 0, 0, 0, 0, 0, 0, 0, 0
 142633757, 0, 0, 0, 0, 0, 0, 0, 0, 0, 0, 0, 0
 142833677, 0, 0, 0, 0, 0, 0, 0, 0, 0, 0, 0, 0
 143033597, 0, 0, 0, 0, 0, 0, 0, 0, 0, 0, 0, 0
 143233517, 0, 0, 0, 0, 0, 0, 0, 0, 0, 0, 0, 0
 143434270, 0, 0, 0, 0, 0, 0, 0, 0, 0, 0, 0, 0
 143634190, -0.0715434, 0.009882943, 0.006351996, 0.007324411, 0.002454585, -0.0005923937, 0, 0, 0, 0, 0, 0
 143834110, 0.5455862, -0.06078383, -0.1146122, 1.01657, -0.1077862, 0.9037288, -0.0715434, 0.009882943, 0.006351996, 0.007324411, 0.002454585, -0.0005923937
 144034030, 0.06088932, -0.009410022, -0.06697692, 0.1268856, -0.007461595, 0.9920932, 0.5455862, -0.06078383, -0.1146122, 1.01657, -0.1077862, 0.9037288
 144233950, 0.02503641, -0.005354486, -0.06336467, 0.1253242, -0.007158481, 0.9921454, 0.06088932, -0.009410022, -0.06697692, 0.1268856, -0.007461595, 0.9920932
 144433870, -0.007692256, -0.002034326, -0.06457599, 0.1279955, -0.009199061, 0.9917542, 0.02503641, -0.005354486, -0.06336467, 0.1253242, -0.007158481, 0.9921454
 144633790, -0.04639342, 0.002121376, -0.05449973, 0.1303118, -0.006544813, 0.9914667, -0.007692256, -0.002034326, -0.06457599, 0.1279955, -0.009199061, 0.9917542
 144833710, -0.08499426, 0.006787299, -0.04936229, 0.1316869, -0.001800712, 0.9913081, -0.04639342, 0.002121376, -0.05449973, 0.1303118, -0.006544813, 0.9914667
 145033630, -0.1328088, 0.01241558, -0.04307412, 0.1325186, -0.005705387, 0.991189, -0.08499426, 0.006787299, -0.04936229, 0.1316869, -0.001800712, 0.9913081
 145233550, -0.2125689, 0.02929143, -0.03669482, 0.1411766, -0.00771797, 0.9900146, -0.1328088, 0.01241558, -0.04307412, 0.1325186, -0.005705387, 0.991189
 145434303, -0.3969522, 0.04123333, -0.005292166, 0.1686461, -0.008284494, 0.98618, -0.2125689, 0.02929143, -0.03669482, 0.1411766, -0.00771797, 0.9900146
 145634223, -0.6203677, 0.06199037, 0.02514921, 0.2141418, -0.01593244, 0.9799059, -0.3969522, 0.04123333, -0.005292166, 0.1686461, -0.008284494, 0.98618
 145834143, -1.868258, 0.2171524, 0.2017703, 0.7519276, -0.07523076, 0.9042794, -0.6203677, 0.06199037, 0.02514921, 0.2141418, -0.01593244, 0.9799059
 146034063, 3.983195, -0.4557941, -0.6351694, 33.3009, -3.760648, -3.750644, -1.868258, 0.2171524, 0.2017703, 0.7519276, -0.07523076, 0.9042794
 146233983, 2.330717, -0.2648973, -0.3986871, 4.417876, -0.4912692, 0.3604518, 3.983195, -0.4557941, -0.6351694, 33.3009, -3.760648, -3.750644
 146433903, 1.640376, -0.1911195, -0.3241856, 1.512121, -0.161941, 0.7909184, 2.330717, -0.2648973, -0.3986871, 4.417876, -0.4912692, 0.3604518
 146633823, 1.067164, -0.1136215, -0.2143706, 0.6039113, -0.05952259, 0.9232945, 1.640376, -0.1911195, -0.3241856, 1.512121, -0.161941, 0.7909184
 146833743, 0.6228961, -0.07630399, -0.1505041, 0.2957149, -0.02054198, 0.9677701, 1.067164, -0.1136215, -0.2143706, 0.6039113, -0.05952259, 0.9232945
 147033663, 0.5116335, -0.05149937, -0.1342346, 0.2466235, -0.01737884, 0.9748604, 0.6228961, -0.07630399, -0.1505041, 0.2957149, -0.02054198, 0.9677701
 147233583, 0.5451606, -0.05724098, -0.1395382, 0.2537325, -0.01670279, 0.973763, 0.5116335, -0.05149937, -0.1342346, 0.2466235, -0.01737884, 0.9748604
 147433503, 0.4458351, -0.05353789, -0.1542047, 0.2205106, -0.004915677, 0.978817, 0.5451606, -0.05724098, -0.1395382, 0.2537325, -0.01670279, 0.973763
 147634256, 0.5049778, -0.05901979, -0.1266884, 0.2311016, -0.004174308, 0.9774106, 0.4458351, -0.05353789, -0.1542047, 0.2205106, -0.004915677, 0.978817
 147834176, 0.4192123, -0.04325412, -0.1511542, 0.2115566, -0.002773313, 0.9799753, 0.5049778, -0.05901979, -0.1266884, 0.2311016, -0.004174308, 0.9774106
 148034096, 0.38694, -0.03431552, -0.115903, 0.2017464, -0.003562416, 0.9814405, 0.4192123, -0.04325412, -0.1511542, 0.2115566, -0.002773313, 0.9799753
 148234016, 0.4062369, -0.04403199, -0.1479423, 0.2023449, -0.004728535, 0.9815305, 0.38694, -0.03431552, -0.115903, 0.2017464, -0.003562416, 0.9814405
 148433936, 0.4180652, -0.06347254, -0.1191004, 0.2020583, -0.004075234, 0.9816353, 0.4062369, -0.04403199, -0.1479423, 0.2023449, -0.004728535, 0.9815305
 148633856, 0.3529492, -0.0435636, -0.1107148, 0.1922916, -0.0004045581, 0.9828801, 0.4180652, -0.06347254, -0.1191004, 0.2020583, -0.004075234, 0.9816353
 148833776, 0.3552944, -0.05529309, -0.1103055, 0.1898494, -0.0007077921, 0.983358, 0.3529492, -0.0435636, -0.1107148, 0.1922916, -0.0004045581, 0.9828801
 149033696, 0.3605498, -0.0329253, -0.1056343, 0.1895407, -0.0008167122, 0.9834318, 0.3552944, -0.05529309, -0.1103055, 0.1898494, -0.0007077921, 0.983358
 149233616, 0.3450412, -0.05253925, -0.1127993, 0.1841304, -0.0032399, 0.9843456, 0.3605498, -0.0329253, -0.1056343, 0.1895407, -0.0008167122, 0.9834318
 149433536, 0.3596499, -0.05465527, -0.1100162, 0.1863214, -0.004187433, 0.984026, 0.3450412, -0.05253925, -0.1127993, 0.1841304, -0.0032399, 0.9843456
 149634289, 0.3708937, -0.04209821, -0.08077489, 0.1865233, -0.001932913, 0.9840404, 0.3596499, -0.05465527, -0.1100162, 0.1863214, -0.004187433, 0.984026
 149834209, 0.2990416, -0.04331474, -0.07079293, 0.1763779, -0.001747968, 0.9854715, 0.3708937, -0.04209821, -0.08077489, 0.1865233, -0.001932913, 0.9840404
 150034129, 0.3073473, -0.04456022, -0.07020833, 0.1719546, -0.002069848, 0.9862933, 0.2990416, -0.04331474, -0.07079293, 0.1763779, -0.001747968, 0.9854715
 150234049, 0.3097403, -0.04099393, -0.06937708, 0.1688173, -0.002062984, 0.986846, 0.3073473, -0.04456022, -0.07020833, 0.1719546, -0.002069848, 0.9862933
 150433969, 0.3154004, -0.01773623, -0.07078779, 0.1727351, -6.194972E-05, 0.9862016, 0.3097403, -0.04099393, -0.06937708, 0.1688173, -0.002062984, 0.986846
 150633889, 0.2772709, -0.01882069, -0.06607963, 0.1690279, 0.001011878, 0.9866563, 0.3154004, -0.01773623, -0.07078779, 0.1727351, -6.194972E-05, 0.9862016
 150833809, 0.2528665, -0.03082553, -0.06280465, 0.1658497, 0.004923538, 0.9870805, 0.2772709, -0.01882069, -0.06607963, 0.1690279, 0.001011878, 0.9866563
 151033729, 0.2399454, -0.03004836, -0.0613143, 0.1654784, 0.007195309, 0.9870805, 0.2528665, -0.03082553, -0.06280465, 0.1658497, 0.004923538, 0.9870805
 151233649, 0.2758866, -0.0174733, -0.06400017, 0.1625558, 0.005030803, 0.9877234, 0.2399454, -0.03004836, -0.0613143, 0.1654784, 0.007195309, 0.9870805
 151433569, 0.2681461, -0.02028129, -0.06259003, 0.1599156, 0.003928925, 0.9881254, 0.2758866, -0.0174733, -0.06400017, 0.1625558, 0.005030803, 0.9877234
 151633489, 0.2741628, -0.02549762, -0.06359915, 0.1611885, 0.001894059, 0.9879494, 0.2681461, -0.02028129, -0.06259003, 0.1599156, 0.003928925, 0.9881254
 151834242, 0.24924, -0.02377846, -0.06121644, 0.1613106, 0.004214361, 0.9878219, 0.2741628, -0.02549762, -0.06359915, 0.1611885, 0.001894059, 0.9879494
 152034162, 0.2474027, -0.01960897, -0.06124067, 0.1624058, 0.005599896, 0.98763, 0.24924, -0.02377846, -0.06121644, 0.1613106, 0.004214361, 0.9878219
 152234082, 0.2131244, -0.02184844, -0.05658924, 0.1574636, 0.006372483, 0.9883074, 0.2474027, -0.01960897, -0.06124067, 0.1624058, 0.005599896, 0.98763
 152434002, 0.2102215, -0.009552217, -0.05535147, 0.1536808, 0.005975029, 0.9888994, 0.2131244, -0.02184844, -0.05658924, 0.1574636, 0.006372483, 0.9883074
 152633922, 0.2361837, -0.04073726, -0.05893338, 0.1569552, 0.005558672, 0.9884664, 0.2102215, -0.009552217, -0.05535147, 0.1536808, 0.005975029, 0.9888994
 152833842, 0.2381515, -0.02742676, -0.0578659, 0.1520423, 0.003703467, 0.9892501, 0.2361837, -0.04073726, -0.05893338, 0.1569552, 0.005558672, 0.9884664
 153033762, 0.2123313, -0.02840822, -0.05535895, 0.1515033, 0.001873654, 0.989253, 0.2381515, -0.02742676, -0.0578659, 0.1520423, 0.003703467, 0.9892501
 153233682, 0.2302432, -0.01146965, -0.05762772, 0.1547721, 0.00199281, 0.9888088, 0.2123313, -0.02840822, -0.05535895, 0.1515033, 0.001873654, 0.989253
 153433602, 0.1907483, -0.008947622, -0.05229615, 0.1482182, 0.001740931, 0.9896939, 0.2302432, -0.01146965, -0.05762772, 0.1547721, 0.00199281, 0.9888088
 153633522, 0.1951389, -0.04418279, -0.05299921, 0.1471322, 0.001140843, 0.9898602, 0.1907483, -0.008947622, -0.05229615, 0.1482182, 0.001740931, 0.9896939
 153834275, 0.1787646, -0.01323169, -0.05015692, 0.1428905, 0.002470896, 0.9904425, 0.1951389, -0.04418279, -0.05299921, 0.1471322, 0.001140843, 0.9898602
 154034195, 0.190977, -0.02549725, -0.05194324, 0.1450755, 0.0009123366, 0.9901558, 0.1787646, -0.01323169, -0.05015692, 0.1428905, 0.002470896, 0.9904425
 154234115, 0.1738434, -0.04147837, -0.05007811, 0.1424767, -0.0002439301, 0.9904858, 0.190977, -0.02549725, -0.05194324, 0.1450755, 0.0009123366, 0.9901558
 154434035, 0.211746, -0.01440816, -0.05360835, 0.1444364, -0.0008468945, 0.9903115, 0.1738434, -0.04147837, -0.05007811, 0.1424767, -0.0002439301, 0.9904858
 154633955, 0.2022389, -0.01919227, -0.05263144, 0.1438175, 0.002194297, 0.99037, 0.211746, -0.01440816, -0.05360835, 0.1444364, -0.0008468945, 0.9903115
 154833875, 0.1580789, -0.03772008, -0.04831365, 0.1416633, 0.0007069856, 0.990566, 0.2022389, -0.01919227, -0.05263144, 0.1438175, 0.002194297, 0.99037
 155033795, 0.1887778, -0.04231166, -0.05127655, 0.141625, 0.001133837, 0.9906454, 0.1580789, -0.03772008, -0.04831365, 0.1416633, 0.0007069856, 0.990566
 155233715, 0.1537528, -0.03193256, -0.04676191, 0.135663, 0.002964485, 0.9913929, 0.1887778, -0.04231166, -0.05127655, 0.141625, 0.001133837, 0.9906454
 155433635, 0.1602257, -0.02422539, -0.04734927, 0.1364444, 0.004972047, 0.9912939, 0.1537528, -0.03193256, -0.04676191, 0.135663, 0.002964485, 0.9913929
 155633555, 0.1666491, -0.03389005, -0.04803793, 0.1360221, 0.002726621, 0.991373, 0.1602257, -0.02422539, -0.04734927, 0.1364444, 0.004972047, 0.9912939
 155833475, 0.1768676, -0.03005061, -0.04918897, 0.1374607, 0.002361888, 0.991201, 0.1666491, -0.03389005, -0.04803793, 0.1360221, 0.002726621, 0.991373
 156034228, 0.1688425, -0.03014255, -0.0485394, 0.1376841, 0.0009321645, 0.9911529, 0.1768676, -0.03005061, -0.04918897, 0.1374607, 0.002361888, 0.991201
 156234148, 0.1559061, -0.02399916, -0.04693383, 0.1358456, 0.001085481, 0.9913787, 0.1688425, -0.03014255, -0.0485394, 0.1376841, 0.0009321645, 0.9911529
 156434068, 0.1424475, -0.02149536, -0.04523803, 0.1333856, 0.001947042, 0.9916839, 0.1559061, -0.02399916, -0.04693383, 0.1358456, 0.001085481, 0.9913787
 156633988, 0.1655452, -0.0284682, -0.04790838, 0.1358889, 0.0008120388, 0.9913933, 0.1424475, -0.02149536, -0.04523803, 0.1333856, 0.001947042, 0.9916839
 156833908, 0.1600358, -0.01702002, -0.04723497, 0.1356167, 0.001223866, 0.9914046, 0.1655452, -0.0284682, -0.04790838, 0.1358889, 0.0008120388, 0.9913933
 157033828, 0.1621052, -0.01911006, -0.04703131, 0.1333979, 0.000762254, 0.9917263, 0.1600358, -0.01702002, -0.04723497, 0.1356167, 0.001223866, 0.9914046
 157233748, 0.1678122, -0.009281608, -0.04713871, 0.1320853, 0.003166346, 0.9919134, 0.1621052, -0.01911006, -0.04703131, 0.1333979, 0.000762254, 0.9917263
 157433668, 0.1538289, -0.03642822, -0.04627204, 0.131782, 0.001015088, 0.9919191, 0.1678122, -0.009281608, -0.04713871, 0.1320853, 0.003166346, 0.9919134
 157633588, 0.1310546, -0.02297878, -0.04387825, 0.1309651, 0.0009814259, 0.9919853, 0.1538289, -0.03642822, -0.04627204, 0.131782, 0.001015088, 0.9919191
 157833508, 0.1452859, -0.001603958, -0.04508406, 0.1325351, 0.002651306, 0.9918094, 0.1310546, -0.02297878, -0.04387825, 0.1309651, 0.0009814259, 0.9919853
 158034261, 0.1673573, -0.01499365, -0.04728741, 0.1326691, 0.002504423, 0.9918344, 0.1452859, -0.001603958, -0.04508406, 0.1325351, 0.002651306, 0.9918094
 158234181, 0.1546225, -0.022803, -0.04581197, 0.1298013, 0.001628319, 0.9921845, 0.1673573, -0.01499365, -0.04728741, 0.1326691, 0.002504423, 0.9918344
 158434101, 0.1393792, -0.001878193, -0.04395601, 0.1285178, 0.003109369, 0.9923247, 0.1546225, -0.022803, -0.04581197, 0.1298013, 0.001628319, 0.9921845
 158634021, 0.1213943, 0.002655731, -0.04206687, 0.1269991, 0.004087864, 0.9924858, 0.1393792, -0.001878193, -0.04395601, 0.1285178, 0.003109369, 0.9923247
 158833941, 0.1343883, -0.02683501, -0.04324983, 0.1244372, 0.0040236, 0.9928223, 0.1213943, 0.002655731, -0.04206687, 0.1269991, 0.004087864, 0.9924858
 159033861, 0.1503866, -0.03387925, -0.04494628, 0.1260912, 0.003651518, 0.9926451, 0.1343883, -0.02683501, -0.04324983, 0.1244372, 0.0040236, 0.9928223
 159233781, 0.1486287, -0.01517743, -0.04418959, 0.123693, 0.004551687, 0.9929448, 0.1503866, -0.03387925, -0.04494628, 0.1260912, 0.003651518, 0.9926451
 159433701, 0.140294, -0.03105157, -0.04365387, 0.1230838, 0.002448676, 0.9930062, 0.1486287, -0.01517743, -0.04418959, 0.123693, 0.004551687, 0.9929448
 159633621, 0.1213506, -0.0219876, -0.04098762, 0.115598, 0.002395578, 0.9938727, 0.140294, -0.03105157, -0.04365387, 0.1230838, 0.002448676, 0.9930062
 159833541, 0.1202645, -0.003706477, -0.03958947, 0.1072208, 0.004610415, 0.9948083, 0.1213506, -0.0219876, -0.04098762, 0.115598, 0.002395578, 0.9938727
 160034294, 0.1208342, -0.02859083, -0.0393792, 0.1038214, 0.008988906, 0.9951304, 0.1202645, -0.003706477, -0.03958947, 0.1072208, 0.004610415, 0.9948083
 160234214, 0.1154595, -0.02323655, -0.03785557, 0.09531032, 0.01345181, 0.9959238, 0.1208342, -0.02859083, -0.0393792, 0.1038214, 0.008988906, 0.9951304
 160434134, 0.1086602, -0.01027207, -0.03646736, 0.08663268, 0.01116884, 0.9967375, 0.1154595, -0.02323655, -0.03785557, 0.09531032, 0.01345181, 0.9959238
 160634054, 0.1076996, -0.01586646, -0.03551527, 0.07701883, 0.003896349, 0.9975769, 0.1086602, -0.01027207, -0.03646736, 0.08663268, 0.01116884, 0.9967375
 160833974, 0.1261199, -0.02279412, -0.03612703, 0.0756328, 0.005961725, 0.9977008, 0.1076996, -0.01586646, -0.03551527, 0.07701883, 0.003896349, 0.9975769
 161033894, 0.134096, -0.00579151, -0.0353656, 0.06943578, 0.01321553, 0.9981019, 0.1261199, -0.02279412, -0.03612703, 0.0756328, 0.005961725, 0.9977008
 161233814, 0.1370922, -0.01316153, -0.03523249, 0.06717771, 0.008794047, 0.9983075, 0.134096, -0.00579151, -0.0353656, 0.06943578, 0.01321553, 0.9981019
 161433734, 0.1190726, -0.007701046, -0.03430327, 0.06417382, 0.007367037, 0.9984869, 0.1370922, -0.01316153, -0.03523249, 0.06717771, 0.008794047, 0.9983075
 161633654, 0.1087445, -0.01322665, -0.03306221, 0.03891159, -0.1045327, 0.9943148, 0.1190726, -0.007701046, -0.03430327, 0.06417382, 0.007367037, 0.9984869
 161833574, 0.121943, -0.009573264, -0.03435227, -0.006955914, -0.457863, 0.8896323, 0.1087445, -0.01322665, -0.03306221, 0.03891159, -0.1045327, 0.9943148
 162033494, 0.08342185, 0.01223569, -0.02554884, 0.003367653, -0.5331228, 0.8466462, 0.121943, -0.009573264, -0.03435227, -0.006955914, -0.457863, 0.8896323
 162234247, 0.1160522, -0.002193762, -0.03582021, 0.04896941, -0.3562191, 0.9337223, 0.08342185, 0.01223569, -0.02554884, 0.003367653, -0.5331228, 0.8466462
 162434167, 0.1180502, -0.005138778, -0.03489773, 0.0488976, -0.2287587, 0.9728347, 0.1160522, -0.002193762, -0.03582021, 0.04896941, -0.3562191, 0.9337223
 162634087, 0.1330576, -0.006685721, -0.03382752, 0.03158621, -0.2666457, 0.9638842, 0.1180502, -0.005138778, -0.03489773, 0.0488976, -0.2287587, 0.9728347
 162834007, 0.104693, -0.001417648, -0.03206843, 0.02296475, -0.3200319, 0.9476995, 0.1330576, -0.006685721, -0.03382752, 0.03158621, -0.2666457, 0.9638842
 163033927, 0.1002797, -0.007493549, -0.03384643, 0.02321792, -0.2955501, 0.9556016, 0.104693, -0.001417648, -0.03206843, 0.02296475, -0.3200319, 0.9476995
 163233847, 0.1165689, 0.01112785, -0.0274359, 0.02084395, -0.2414252, 0.9707783, 0.1002797, -0.007493549, -0.03384643, 0.02321792, -0.2955501, 0.9556016
 163433767, 0.09969401, -0.01010436, -0.03242586, 0.01428433, -0.2245516, 0.9748991, 0.1165689, 0.01112785, -0.0274359, 0.02084395, -0.2414252, 0.9707783
 163633687, 0.1078327, 0.00904684, -0.02692711, 0.009426814, -0.231209, 0.9734227, 0.09969401, -0.01010436, -0.03242586, 0.01428433, -0.2245516, 0.9748991
 163833607, 0.1267523, 0.0186128, -0.02395078, 0.008259824, -0.2234561, 0.9752781, 0.1078327, 0.00904684, -0.02692711, 0.009426814, -0.231209, 0.9734227
 164033527, 0.1123928, -0.00262169, -0.02899471, 0.003554154, -0.2062656, 0.9790488, 0.1267523, 0.0186128, -0.02395078, 0.008259824, -0.2234561, 0.9752781
 164234280, 0.1160309, 0.000155617, -0.02790005, 0.001212927, -0.1902608, 0.9822966, 0.1123928, -0.00262169, -0.02899471, 0.003554154, -0.2062656, 0.9790488
 164434200, 0.1041757, 0.008684872, -0.02583646, -0.004728226, -0.1787818, 0.9844276, 0.1160309, 0.000155617, -0.02790005, 0.001212927, -0.1902608, 0.9822966
 164634120, 0.0928535, 0.02225223, -0.02334526, -0.007797753, -0.1681336, 0.986277, 0.1041757, 0.008684872, -0.02583646, -0.004728226, -0.1787818, 0.9844276
 164834040, 0.118785, 0.01006904, -0.02455878, -0.009990539, -0.15737, 0.9880586, 0.0928535, 0.02225223, -0.02334526, -0.007797753, -0.1681336, 0.986277
 165033960, 0.1055414, 0.007362545, -0.02495977, -0.01650394, -0.1460862, 0.989681, 0.118785, 0.01006904, -0.02455878, -0.009990539, -0.15737, 0.9880586
 165233880, 0.10553, 0.02489857, -0.02180704, -0.01990298, -0.1359928, 0.9910687, 0.1055414, 0.007362545, -0.02495977, -0.01650394, -0.1460862, 0.989681
 165433800, 0.09305727, 0.01585323, -0.02352296, -0.02469758, -0.130138, 0.9917229, 0.10553, 0.02489857, -0.02180704, -0.01990298, -0.1359928, 0.9910687
 165633720, 0.110352, 0.02415844, -0.02123025, -0.02703372, -0.1217433, 0.9927567, 0.09305727, 0.01585323, -0.02352296, -0.02469758, -0.130138, 0.9917229
 165833640, 0.08727995, 0.02291484, -0.02253525, -0.03128415, -0.1113969, 0.9938152, 0.110352, 0.02415844, -0.02123025, -0.02703372, -0.1217433, 0.9927567
 166033560, 0.0894766, 0.0232719, -0.02240597, -0.03256573, -0.1040439, 0.9945734, 0.08727995, 0.02291484, -0.02253525, -0.03128415, -0.1113969, 0.9938152
 166233480, 0.1250405, 0.00701917, -0.02218743, -0.03412572, -0.09778897, 0.995191, 0.0894766, 0.0232719, -0.02240597, -0.03256573, -0.1040439, 0.9945734
 166434233, 0.09765917, 0.02499839, -0.02169567, -0.03590195, -0.09040778, 0.9958019, 0.1250405, 0.00701917, -0.02218743, -0.03412572, -0.09778897, 0.995191
 166634153, 0.1075801, 0.02432402, -0.02103832, -0.03807848, -0.0849316, 0.9962153, 0.09765917, 0.02499839, -0.02169567, -0.03590195, -0.09040778, 0.9958019
 166834073, 0.09683269, -0.001488575, -0.02438802, -0.04016953, -0.07874107, 0.996608, 0.1075801, 0.02432402, -0.02103832, -0.03807848, -0.0849316, 0.9962153
 167033993, 0.1024875, 0.03269616, -0.02046926, -0.04203013, -0.07138863, 0.9971188, 0.09683269, -0.001488575, -0.02438802, -0.04016953, -0.07874107, 0.996608
 167233913, 0.1098855, 0.006574932, -0.02208873, -0.04608444, -0.06851521, 0.9971293, 0.1024875, 0.03269616, -0.02046926, -0.04203013, -0.07138863, 0.9971188
 167433833, 0.1086533, 0.02050103, -0.02093897, -0.04583145, -0.06793842, 0.9971755, 0.1098855, 0.006574932, -0.02208873, -0.04608444, -0.06851521, 0.9971293
 167633753, 0.1145479, 0.002775478, -0.02213219, -0.04597723, -0.06437238, 0.9974135, 0.1086533, 0.02050103, -0.02093897, -0.04583145, -0.06793842, 0.9971755
 167833673, 0.1005454, 0.00423457, -0.02274985, -0.04904108, -0.05906506, 0.9975782, 0.1145479, 0.002775478, -0.02213219, -0.04597723, -0.06437238, 0.9974135
 168033593, 0.1282732, 0.01409882, -0.01974899, -0.04958781, -0.0545661, 0.9978535, 0.1005454, 0.00423457, -0.02274985, -0.04904108, -0.05906506, 0.9975782
 168233513, 0.09619719, 0.02952124, -0.02091707, -0.05252788, -0.04760455, 0.9980282, 0.1282732, 0.01409882, -0.01974899, -0.04958781, -0.0545661, 0.9978535
 168434266, 0.1199757, 0.03256964, -0.01911348, -0.05115887, -0.04226159, 0.9983745, 0.09619719, 0.02952124, -0.02091707, -0.05252788, -0.04760455, 0.9980282
 168634186, 0.117487, 0.02305546, -0.01982777, -0.05308685, -0.03890922, 0.9983978, 0.1199757, 0.03256964, -0.01911348, -0.05115887, -0.04226159, 0.9983745
 168834106, 0.1163558, 0.004674738, -0.02098786, -0.05433919, -0.03924523, 0.9983006, 0.117487, 0.02305546, -0.01982777, -0.05308685, -0.03890922, 0.9983978
 169034026, 0.09222297, 0.03842488, -0.02087005, -0.05424678, -0.03545698, 0.9984449, 0.1163558, 0.004674738, -0.02098786, -0.05433919, -0.03924523, 0.9983006
 169233946, 0.125401, 0.04461718, -0.01805391, -0.05331174, -0.03127646, 0.9986859, 0.09222297, 0.03842488, -0.02087005, -0.05424678, -0.03545698, 0.9984449
 169433866, 0.1199255, 0.01546795, -0.01965659, -0.05845014, -0.02917731, 0.9984265, 0.125401, 0.04461718, -0.01805391, -0.05331174, -0.03127646, 0.9986859
 169633786, 0.09587871, 0.02468205, -0.02097149, -0.06143945, -0.02694444, 0.9982858, 0.1199255, 0.01546795, -0.01965659, -0.05845014, -0.02917731, 0.9984265
 169833706, 0.1217071, 0.02011791, -0.01934022, -0.05772071, -0.02887522, 0.9984841, 0.09587871, 0.02468205, -0.02097149, -0.06143945, -0.02694444, 0.9982858
 170033626, 0.09072352, 0.03971973, -0.02095324, -0.0569508, -0.02835429, 0.9985205, 0.1217071, 0.02011791, -0.01934022, -0.05772071, -0.02887522, 0.9984841
 170233546, 0.1090061, 0.0217516, -0.02036041, -0.05808992, -0.02615155, 0.9985213, 0.09072352, 0.03971973, -0.02095324, -0.0569508, -0.02835429, 0.9985205
 170434299, 0.1028287, 0.02801823, -0.02041256, -0.05969921, -0.02550905, 0.9984402, 0.1090061, 0.0217516, -0.02036041, -0.05808992, -0.02615155, 0.9985213
 170634219, 0.09660318, 0.02714785, -0.02080958, -0.06192964, -0.02443111, 0.9983227, 0.1028287, 0.02801823, -0.02041256, -0.05969921, -0.02550905, 0.9984402
 170834139, 0.1339167, 0.0177791, -0.01803433, -0.06175121, -0.02003278, 0.9984756, 0.09660318, 0.02714785, -0.02080958, -0.06192964, -0.02443111, 0.9983227
 171034059, 0.1041312, 0.01292837, -0.02089553, -0.0624567, -0.01883579, 0.9984084, 0.1339167, 0.0177791, -0.01803433, -0.06175121, -0.02003278, 0.9984756
 171233979, 0.1086976, 0.01579318, -0.02067195, -0.05943988, -0.01989864, 0.9985801, 0.1041312, 0.01292837, -0.02089553, -0.0624567, -0.01883579, 0.9984084
 171433899, 0.1093243, 0.04312762, -0.0192707, -0.05978242, -0.02002877, 0.998583, 0.1086976, 0.01579318, -0.02067195, -0.05943988, -0.01989864, 0.9985801
 171633819, 0.1010099, 0.03314288, -0.02051847, -0.05955155, -0.01941938, 0.9985883, 0.1093243, 0.04312762, -0.0192707, -0.05978242, -0.02002877, 0.998583
 171833739, 0.1147558, 0.0221827, -0.01976219, -0.06046294, -0.01874545, 0.9985544, 0.1010099, 0.03314288, -0.02051847, -0.05955155, -0.01941938, 0.9985883
 172033659, 0.1038954, 0.00885972, -0.02140427, -0.05964805, -0.01938781, 0.9985656, 0.1147558, 0.0221827, -0.01976219, -0.06046294, -0.01874545, 0.9985544
 172233579, 0.1070146, 0.01734675, -0.02084544, -0.05914652, -0.01634769, 0.9986607, 0.1038954, 0.00885972, -0.02140427, -0.05964805, -0.01938781, 0.9985656
 172433499, 0.131494, 0.03605475, -0.01818857, -0.05690289, -0.01566367, 0.9988543, 0.1070146, 0.01734675, -0.02084544, -0.05914652, -0.01634769, 0.9986607
 172634252, 0.1232801, 0.0317976, -0.01908985, -0.05625936, -0.01833904, 0.9988283, 0.131494, 0.03605475, -0.01818857, -0.05690289, -0.01566367, 0.9988543
 172834172, 0.1127941, 0.03766541, -0.01985121, -0.05540333, -0.01684575, 0.9988933, 0.1232801, 0.0317976, -0.01908985, -0.05625936, -0.01833904, 0.9988283
 173034092, 0.1267384, 0.01957111, -0.01959802, -0.05496097, -0.01477504, 0.9989535, 0.1127941, 0.03766541, -0.01985121, -0.05540333, -0.01684575, 0.9988933
 173234012, 0.1035515, 0.007491532, -0.02169207, -0.0580299, -0.01659036, 0.9987096, 0.1267384, 0.01957111, -0.01959802, -0.05496097, -0.01477504, 0.9989535
 173433932, 0.1054425, 0.00852494, -0.02148998, -0.05799027, -0.01738918, 0.9987013, 0.1035515, 0.007491532, -0.02169207, -0.0580299, -0.01659036, 0.9987096
 173633852, 0.1189424, 0.04150832, -0.01909128, -0.05648618, -0.01581889, 0.9988616, 0.1054425, 0.00852494, -0.02148998, -0.05799027, -0.01738918, 0.9987013
 173833772, 0.1201571, 0.03562758, -0.01948707, -0.05434896, -0.01637699, 0.9989669, 0.1189424, 0.04150832, -0.01909128, -0.05648618, -0.01581889, 0.9988616
 174033692, 0.1026249, 0.04413248, -0.02074932, -0.0533637, -0.01378545, 0.999044, 0.1201571, 0.03562758, -0.01948707, -0.05434896, -0.01637699, 0.9989669
 174233612, 0.1336206, 0.02864695, -0.01903553, -0.05227752, -0.01337546, 0.9991359, 0.1026249, 0.04413248, -0.02074932, -0.0533637, -0.01378545, 0.999044
 174433532, 0.115639, 0.02625579, -0.02045952, -0.05352787, -0.01339962, 0.9990402, 0.1336206, 0.02864695, -0.01903553, -0.05227752, -0.01337546, 0.9991359
 174634285, 0.1274371, 0.03520976, -0.01945502, -0.05061989, -0.01425431, 0.9992056, 0.115639, 0.02625579, -0.02045952, -0.05352787, -0.01339962, 0.9990402
 174834205, 0.1286251, 0.02595033, -0.01967873, -0.05105517, -0.01513552, 0.9991634, 0.1274371, 0.03520976, -0.01945502, -0.05061989, -0.01425431, 0.9992056
 175034125, 0.09927509, 0.006186882, -0.02263486, -0.05271816, -0.01943863, 0.9989458, 0.1286251, 0.02595033, -0.01967873, -0.05105517, -0.01513552, 0.9991634
 175234045, 0.1315484, 0.01240949, -0.01986621, -0.05190033, -0.02055678, 0.999015, 0.09927509, 0.006186882, -0.02263486, -0.05271816, -0.01943863, 0.9989458
 175433965, 0.12042, 0.03153241, -0.01985096, -0.0503724, -0.02610985, 0.9989641, 0.1315484, 0.01240949, -0.01986621, -0.05190033, -0.02055678, 0.999015
 175633885, 0.1201686, 0.02723818, -0.02021689, -0.04831184, -0.03140593, 0.9989089, 0.12042, 0.03153241, -0.01985096, -0.0503724, -0.02610985, 0.9989641
 175833805, 0.1281573, 0.01220704, -0.02105776, -0.04329707, -0.03935459, 0.9988552, 0.1201686, 0.02723818, -0.02021689, -0.04831184, -0.03140593, 0.9989089
 176033725, 0.1251424, 0.04313862, -0.01902929, -0.03867533, -0.05672356, 0.9982335, 0.1281573, 0.01220704, -0.02105776, -0.04329707, -0.03935459, 0.9988552
 176233645, 0.09952009, 0.04635613, -0.01954265, -0.03070608, -0.09491044, 0.9955742, 0.1251424, 0.04313862, -0.01902929, -0.03867533, -0.05672356, 0.9982335
 176433565, 0.1201582, 0.03923604, -0.02112823, -0.06545327, 0.06428841, 0.9963695, 0.09952009, 0.04635613, -0.01954265, -0.03070608, -0.09491044, 0.9955742
 176633485, 0.1050021, 0.01581349, -0.02067327, -0.1603704, 0.4764583, 0.8650829, 0.1201582, 0.03923604, -0.02112823, -0.06545327, 0.06428841, 0.9963695
 176834238, 0.08845272, 0.0151563, -0.02643235, -0.156541, 0.5385174, 0.8285868, 0.1050021, 0.01581349, -0.02067327, -0.1603704, 0.4764583, 0.8650829
 177034158, 0.099558, 0.02402496, -0.02813074, -0.09145249, 0.3432156, 0.935381, 0.08845272, 0.0151563, -0.02643235, -0.156541, 0.5385174, 0.8285868
 177234078, 0.1324565, 0.01868476, -0.02109246, -0.0783539, 0.2379074, 0.9687323, 0.099558, 0.02402496, -0.02813074, -0.09145249, 0.3432156, 0.935381
 177433998, 0.1111539, 0.005787621, -0.01857892, -0.103116, 0.3093654, 0.9459187, 0.1324565, 0.01868476, -0.02109246, -0.0783539, 0.2379074, 0.9687323
 177633918, 0.1251521, -0.005699, -0.01141989, -0.1153095, 0.3740137, 0.9208395, 0.1111539, 0.005787621, -0.01857892, -0.103116, 0.3093654, 0.9459187
 177833838, 0.1179683, 0.006300832, -0.01703741, -0.114987, 0.3645803, 0.9246379, 0.1251521, -0.005699, -0.01141989, -0.1153095, 0.3740137, 0.9208395
 178033758, 0.1063723, -0.009849668, -0.01352773, -0.1118894, 0.3081335, 0.9453062, 0.1179683, 0.006300832, -0.01703741, -0.114987, 0.3645803, 0.9246379
 178233678, 0.09512798, 0.005408613, -0.01871955, -0.1185802, 0.2766427, 0.9541855, 0.1063723, -0.009849668, -0.01352773, -0.1118894, 0.3081335, 0.9453062
 178433598, 0.08882287, 0.01370317, -0.02069384, -0.1333132, 0.2846635, 0.9498708, 0.09512798, 0.005408613, -0.01871955, -0.1185802, 0.2766427, 0.9541855
 178633518, 0.1201137, 0.007329881, -0.01249106, -0.1426519, 0.2915072, 0.9464724, 0.08882287, 0.01370317, -0.02069384, -0.1333132, 0.2846635, 0.9498708
 178834271, 0.1071555, -0.0004539341, -0.01179424, -0.1499263, 0.2786326, 0.9491966, 0.1201137, 0.007329881, -0.01249106, -0.1426519, 0.2915072, 0.9464724
 179034191, 0.09145527, 0.01874606, -0.01888579, -0.1558845, 0.2600776, 0.9534854, 0.1071555, -0.0004539341, -0.01179424, -0.1499263, 0.2786326, 0.9491966
 179234111, 0.095658, 0.01818669, -0.01712097, -0.1616923, 0.2500064, 0.9552158, 0.09145527, 0.01874606, -0.01888579, -0.1558845, 0.2600776, 0.9534854
 179434031, 0.103327, 0.004253543, -0.01186566, -0.1645957, 0.2389512, 0.9575472, 0.095658, 0.01818669, -0.01712097, -0.1616923, 0.2500064, 0.9552158
 179633951, 0.1233564, 0.01483151, -0.00980418, -0.1658475, 0.2295397, 0.9596699, 0.103327, 0.004253543, -0.01186566, -0.1645957, 0.2389512, 0.9575472
 179833871, 0.09875847, -0.01786714, -0.007489754, -0.169973, 0.2202067, 0.961077, 0.1233564, 0.01483151, -0.00980418, -0.1658475, 0.2295397, 0.9596699
 180033791, 0.119115, -0.004383157, -0.006141441, -0.1691349, 0.2076331, 0.9640575, 0.09875847, -0.01786714, -0.007489754, -0.169973, 0.2202067, 0.961077
 180233711, 0.1042367, -0.01415094, -0.007317547, -0.1714127, 0.1909502, 0.9670713, 0.119115, -0.004383157, -0.006141441, -0.1691349, 0.2076331, 0.9640575
 180433631, 0.1209119, -0.002636822, -0.005641535, -0.1729884, 0.1787971, 0.9691443, 0.1042367, -0.01415094, -0.007317547, -0.1714127, 0.1909502, 0.9670713
 180633551, 0.1092274, -0.02559077, -0.004341729, -0.1750487, 0.1695629, 0.970404, 0.1209119, -0.002636822, -0.005641535, -0.1729884, 0.1787971, 0.9691443
 180834304, 0.1207776, 0.00985292, -0.007106876, -0.1757338, 0.1571623, 0.9724027, 0.1092274, -0.02559077, -0.004341729, -0.1750487, 0.1695629, 0.970404
 181034224, 0.1311079, -0.01829062, -0.0009818468, -0.1767667, 0.1434535, 0.9743357, 0.1207776, 0.00985292, -0.007106876, -0.1757338, 0.1571623, 0.9724027
 181234144, 0.1316796, -0.004071767, -0.002382418, -0.1791576, 0.1329235, 0.9753999, 0.1311079, -0.01829062, -0.0009818468, -0.1767667, 0.1434535, 0.9743357
 181434064, 0.1172128, 0.004133136, -0.006300535, -0.1804549, 0.1209088, 0.9767032, 0.1316796, -0.004071767, -0.002382418, -0.1791576, 0.1329235, 0.9753999
 181633984, 0.1076327, 0.001814346, -0.007680703, -0.1845249, 0.1097301, 0.9772464, 0.1172128, 0.004133136, -0.006300535, -0.1804549, 0.1209088, 0.9767032
 181833904, 0.1375052, -0.001291505, -0.0006160568, -0.1850028, 0.09862816, 0.9783875, 0.1076327, 0.001814346, -0.007680703, -0.1845249, 0.1097301, 0.9772464
 182033824, 0.1373101, -0.02917358, 0.001549738, -0.1869605, 0.08635865, 0.9791628, 0.1375052, -0.001291505, -0.0006160568, -0.1850028, 0.09862816, 0.9783875
 182233744, 0.1289675, 0.008815972, -0.002772538, -0.1881456, 0.07906762, 0.9795542, 0.1373101, -0.02917358, 0.001549738, -0.1869605, 0.08635865, 0.9791628
 182433664, 0.1236473, -0.004185016, -0.002899649, -0.1908219, 0.06898946, 0.9797818, 0.1289675, 0.008815972, -0.002772538, -0.1881456, 0.07906762, 0.9795542
 182633584, 0.1264811, -0.01584905, -0.001686601, -0.1916754, 0.05919903, 0.9802551, 0.1236473, -0.004185016, -0.002899649, -0.1908219, 0.06898946, 0.9797818
 182833504, 0.1449181, -0.01288305, 0.002341339, -0.1912922, 0.05103207, 0.9808242, 0.1264811, -0.01584905, -0.001686601, -0.1916754, 0.05919903, 0.9802551
 183034257, 0.1503266, -0.02712482, 0.003763935, -0.1904441, 0.04360898, 0.9813526, 0.1449181, -0.01288305, 0.002341339, -0.1912922, 0.05103207, 0.9808242
 183234177, 0.1473673, -0.01657997, 0.002997482, -0.1925198, 0.0376433, 0.9811925, 0.1503266, -0.02712482, 0.003763935, -0.1904441, 0.04360898, 0.9813526
 183434097, 0.1387239, -0.02077978, 0.001058787, -0.1944256, 0.02617149, 0.981171, 0.1473673, -0.01657997, 0.002997482, -0.1925198, 0.0376433, 0.9811925
 183634017, 0.1396107, -0.02269814, 0.00113087, -0.1950678, 0.01594344, 0.9812638, 0.1387239, -0.02077978, 0.001058787, -0.1944256, 0.02617149, 0.981171
 183833937, 0.1398899, 0.007179215, 0.001449622, -0.1962023, 0.013992, 0.981082, 0.1396107, -0.02269814, 0.00113087, -0.1950678, 0.01594344, 0.9812638
 184033857, 0.1376782, -0.008204496, 0.001110043, -0.1982611, 0.01208329, 0.9806809, 0.1398899, 0.007179215, 0.001449622, -0.1962023, 0.013992, 0.981082
 184233777, 0.1320557, -0.01573844, -0.0003486425, -0.1980698, 0.01046109, 0.9807244, 0.1376782, -0.008204496, 0.001110043, -0.1982611, 0.01208329, 0.9806809
 184433697, 0.1586048, 0.002592236, 0.005233858, -0.1918523, 0.005137322, 0.9820629, 0.1320557, -0.01573844, -0.0003486425, -0.1980698, 0.01046109, 0.9807244
 184633617, 0.1283919, -0.01140069, -0.001607779, -0.196095, -0.001756039, 0.9811703, 0.1586048, 0.002592236, 0.005233858, -0.1918523, 0.005137322, 0.9820629
 184833537, 0.1484579, -0.02027212, 0.003511433, -0.1995831, -0.002686974, 0.9804984, 0.1283919, -0.01140069, -0.001607779, -0.196095, -0.001756039, 0.9811703
 185034290, 0.1697304, 0.00268912, 0.009226628, -0.1993857, -0.006340973, 0.9805784, 0.1484579, -0.02027212, 0.003511433, -0.1995831, -0.002686974, 0.9804984
 185234210, 0.1436577, 0.008342669, 0.003051005, -0.1998808, -0.007951349, 0.9804137, 0.1697304, 0.00268912, 0.009226628, -0.1993857, -0.006340973, 0.9805784
 185434130, 0.1703207, 0.007187015, 0.009710738, -0.2004998, -0.01087275, 0.980315, 0.1436577, 0.008342669, 0.003051005, -0.1998808, -0.007951349, 0.9804137
 185634050, 0.1539396, -0.01338314, 0.004445463, -0.1976085, -0.01818785, 0.9807464, 0.1703207, 0.007187015, 0.009710738, -0.2004998, -0.01087275, 0.980315
 185833970, 0.1666636, -0.01735708, 0.006066689, -0.190344, -0.02336847, 0.9820982, 0.1539396, -0.01338314, 0.004445463, -0.1976085, -0.01818785, 0.9807464
 186033890, 0.1717763, -0.02024582, 0.00528498, -0.1795281, -0.02136222, 0.9841883, 0.1666636, -0.01735708, 0.006066689, -0.190344, -0.02336847, 0.9820982
 186233810, 0.1571095, 0.008407666, 0.001768181, -0.1709748, -0.02015564, 0.9857175, 0.1717763, -0.02024582, 0.00528498, -0.1795281, -0.02136222, 0.9841883
 186433730, 0.1780698, -0.008783358, 0.004278082, -0.163686, -0.02170023, 0.9869584, 0.1571095, 0.008407666, 0.001768181, -0.1709748, -0.02015564, 0.9857175
 186633650, 0.152823, 0.00180551, -0.001426283, -0.1581347, -0.02240111, 0.9877971, 0.1780698, -0.008783358, 0.004278082, -0.163686, -0.02170023, 0.9869584
 186833570, 0.1798821, 0.01332904, 0.002622617, -0.1476207, -0.02074343, 0.9895254, 0.152823, 0.00180551, -0.001426283, -0.1581347, -0.02240111, 0.9877971
 187033490, 0.1766984, 0.006666613, 0.0004443172, -0.1405509, -0.0190706, 0.9905761, 0.1798821, 0.01332904, 0.002622617, -0.1476207, -0.02074343, 0.9895254
 187234243, 0.1710436, -0.005660721, -0.001792572, -0.1366175, -0.02048473, 0.9910779, 0.1766984, 0.006666613, 0.0004443172, -0.1405509, -0.0190706, 0.9905761
 187434163, 0.1782684, 0.008121715, -0.001052517, -0.1304444, -0.0168067, 0.9920027, 0.1710436, -0.005660721, -0.001792572, -0.1366175, -0.02048473, 0.9910779
 187634083, 0.1928792, 0.001783473, -0.0004978739, -0.1211856, -0.01785366, 0.9931899, 0.1782684, 0.008121715, -0.001052517, -0.1304444, -0.0168067, 0.9920027
 187834003, 0.1775059, -0.008162482, -0.004712833, -0.1142873, -0.01880082, 0.9939467, 0.1928792, 0.001783473, -0.0004978739, -0.1211856, -0.01785366, 0.9931899
 188033923, 0.182413, -0.02207848, -0.005255185, -0.1094166, -0.01443789, 0.9945728, 0.1775059, -0.008162482, -0.004712833, -0.1142873, -0.01880082, 0.9939467
 188233843, 0.2042391, -0.01183294, -0.002605811, -0.1040317, -0.01172934, 0.9952285, 0.182413, -0.02207848, -0.005255185, -0.1094166, -0.01443789, 0.9945728
 188433763, 0.2036197, 0.0006892507, -0.004518444, -0.09289198, -0.01067835, 0.9963644, 0.2042391, -0.01183294, -0.002605811, -0.1040317, -0.01172934, 0.9952285
 188633683, 0.2080247, -0.01715982, -0.006051339, -0.08520126, -0.01166034, 0.9970438, 0.2036197, 0.0006892507, -0.004518444, -0.09289198, -0.01067835, 0.9963644
 188833603, 0.1825453, -0.002213718, -0.009950379, -0.07989981, -0.01052509, 0.9974368, 0.2080247, -0.01715982, -0.006051339, -0.08520126, -0.01166034, 0.9970438
 189033523, 0.1762225, -0.009678212, -0.01224723, -0.07256537, -0.008995114, 0.9979933, 0.1825453, -0.002213718, -0.009950379, -0.07989981, -0.01052509, 0.9974368
 189234276, 0.2187477, -0.004878241, -0.008957969, -0.0633211, -0.006561294, 0.9987553, 0.1762225, -0.009678212, -0.01224723, -0.07256537, -0.008995114, 0.9979933
 189434196, 0.1850783, -0.01929775, -0.01340811, -0.06168052, -0.004764823, 0.9987708, 0.2187477, -0.004878241, -0.008957969, -0.0633211, -0.006561294, 0.9987553
 189634116, 0.1931189, -0.0004061288, -0.01248609, -0.05957717, -0.004151955, 0.9989303, 0.1850783, -0.01929775, -0.01340811, -0.06168052, -0.004764823, 0.9987708
 189834036, 0.2045076, 0.01205406, -0.01171293, -0.05590347, -0.001975339, 0.9991869, 0.1931189, -0.0004061288, -0.01248609, -0.05957717, -0.004151955, 0.9989303
 190033956, 0.2045126, 0.002713603, -0.01177482, -0.05673768, 0.002987551, 0.9991315, 0.2045076, 0.01205406, -0.01171293, -0.05590347, -0.001975339, 0.9991869
 190233876, 0.1910012, 0.007666876, -0.01185822, -0.06332373, 0.002412667, 0.9987046, 0.2045126, 0.002713603, -0.01177482, -0.05673768, 0.002987551, 0.9991315
 190433796, 0.1789706, -0.01137043, -0.01258053, -0.06860165, 0.002009597, 0.9983171, 0.1910012, 0.007666876, -0.01185822, -0.06332373, 0.002412667, 0.9987046
 190633716, 0.1767506, 0.00972962, -0.01088932, -0.07765256, 0.006025527, 0.9976441, 0.1789706, -0.01137043, -0.01258053, -0.06860165, 0.002009597, 0.9983171
 190833636, 0.1901196, -0.0001842848, -0.007844549, -0.08583297, 0.008114099, 0.9969845, 0.1767506, 0.00972962, -0.01088932, -0.07765256, 0.006025527, 0.9976441
 191033556, 0.1723768, 0.01189363, -0.008926379, -0.09229465, 0.01056869, 0.9963496, 0.1901196, -0.0001842848, -0.007844549, -0.08583297, 0.008114099, 0.9969845
 191233476, 0.1954616, -0.006452098, -0.005357072, -0.0952538, 0.0107567, 0.9961135, 0.1723768, 0.01189363, -0.008926379, -0.09229465, 0.01056869, 0.9963496
 191434229, 0.1994272, -0.004866407, -0.004180534, -0.09825958, 0.009317341, 0.9958471, 0.1954616, -0.006452098, -0.005357072, -0.0952538, 0.0107567, 0.9961135
 191634149, 0.1894249, 0.01866122, -0.004068058, -0.1053061, 0.0116823, 0.9950906, 0.1994272, -0.004866407, -0.004180534, -0.09825958, 0.009317341, 0.9958471
 191834069, 0.2170449, -0.00365267, 0.0003402717, -0.106722, 0.01633976, 0.9949352, 0.1894249, 0.01866122, -0.004068058, -0.1053061, 0.0116823, 0.9950906
 192033989, 0.1752187, 0.008567874, -0.005278088, -0.1114894, 0.01665583, 0.9943052, 0.2170449, -0.00365267, 0.0003402717, -0.106722, 0.01633976, 0.9949352
 192233909, 0.1981249, 0.005314269, -0.001691239, -0.1112803, 0.01301176, 0.9944371, 0.1752187, 0.008567874, -0.005278088, -0.1114894, 0.01665583, 0.9943052
 192433829, 0.1807995, -0.01758881, -0.003967145, -0.1145162, 0.01603193, 0.99397, 0.1981249, 0.005314269, -0.001691239, -0.1112803, 0.01301176, 0.9944371
 192633749, 0.1977284, -0.01455954, -0.001175074, -0.1146256, 0.01787082, 0.9939694, 0.1807995, -0.01758881, -0.003967145, -0.1145162, 0.01603193, 0.99397
 192833669, 0.2084021, -0.01384097, 0.001296893, -0.1178351, 0.01986134, 0.9935858, 0.1977284, -0.01455954, -0.001175074, -0.1146256, 0.01787082, 0.9939694
 193033589, 0.2165634, -0.01281443, 0.003794774, -0.1226999, 0.02265226, 0.9929612, 0.2084021, -0.01384097, 0.001296893, -0.1178351, 0.01986134, 0.9935858
 193233509, 0.1897873, 0.009343579, 0.0001022704, -0.1279543, 0.02322737, 0.992224, 0.2165634, -0.01281443, 0.003794774, -0.1226999, 0.02265226, 0.9929612
 193434262, 0.2054349, -0.01511227, 0.003383372, -0.1303014, 0.02050526, 0.9920058, 0.1897873, 0.009343579, 0.0001022704, -0.1279543, 0.02322737, 0.992224
 193634182, 0.2068264, 0.01658888, 0.003079539, -0.1274988, 0.01991549, 0.9924046, 0.2054349, -0.01511227, 0.003383372, -0.1303014, 0.02050526, 0.9920058
 193834102, 0.2279559, -0.01958006, 0.007089561, -0.1283001, 0.02082608, 0.9923248, 0.2068264, 0.01658888, 0.003079539, -0.1274988, 0.01991549, 0.9924046
 194034022, 0.2346494, -0.01436639, 0.01004206, -0.1354138, 0.02238519, 0.9913692, 0.2279559, -0.01958006, 0.007089561, -0.1283001, 0.02082608, 0.9923248
 194233942, 0.2127013, -0.001164818, 0.007113446, -0.1414048, 0.02532429, 0.9904008, 0.2346494, -0.01436639, 0.01004206, -0.1354138, 0.02238519, 0.9913692
 194433862, 0.2387626, -0.002550192, 0.01165976, -0.1387836, 0.0257039, 0.9908429, 0.2127013, -0.001164818, 0.007113446, -0.1414048, 0.02532429, 0.9904008
 194633782, 0.213368, -0.01440455, 0.008103682, -0.1449687, 0.02616437, 0.9898589, 0.2387626, -0.002550192, 0.01165976, -0.1387836, 0.0257039, 0.9908429
 194833702, 0.2093679, -0.001329471, 0.0070794, -0.144253, 0.02642643, 0.9899517, 0.213368, -0.01440455, 0.008103682, -0.1449687, 0.02616437, 0.9898589
 195033622, 0.2397792, -0.01308916, 0.01156364, -0.1373903, 0.02436665, 0.9910688, 0.2093679, -0.001329471, 0.0070794, -0.144253, 0.02642643, 0.9899517
 195233542, 0.2360899, 0.01508467, 0.009501828, -0.1321068, 0.02230379, 0.9918393, 0.2397792, -0.01308916, 0.01156364, -0.1373903, 0.02436665, 0.9910688
 195434295, 0.249407, 0.008261575, 0.01055486, -0.1260404, 0.02066565, 0.9927053, 0.2360899, 0.01508467, 0.009501828, -0.1321068, 0.02230379, 0.9918393
 195634215, 0.2281944, -0.01190995, 0.006539179, -0.1256989, 0.02093448, 0.99266, 0.249407, 0.008261575, 0.01055486, -0.1260404, 0.02066565, 0.9927053
 195834135, 0.230609, -0.01250541, 0.005386578, -0.1187089, 0.02439736, 0.9934481, 0.2281944, -0.01190995, 0.006539179, -0.1256989, 0.02093448, 0.99266
 196034055, 0.2182617, -0.001322716, 0.00334133, -0.1193758, 0.02493202, 0.9933229, 0.230609, -0.01250541, 0.005386578, -0.1187089, 0.02439736, 0.9934481
 196233975, 0.2609076, 0.0133399, 0.008025713, -0.1084052, 0.02512929, 0.994728, 0.2182617, -0.001322716, 0.00334133, -0.1193758, 0.02493202, 0.9933229
 196433895, 0.2204461, -0.01601085, 0.0007896237, -0.1059739, 0.02284334, 0.9948912, 0.2609076, 0.0133399, 0.008025713, -0.1084052, 0.02512929, 0.994728
 196633815, 0.2663512, -0.006306428, 0.005872734, -0.0965836, 0.02330887, 0.9959987, 0.2204461, -0.01601085, 0.0007896237, -0.1059739, 0.02284334, 0.9948912
 196833735, 0.2376825, -0.004754005, 0.0004666913, -0.09310988, 0.02069139, 0.9962845, 0.2663512, -0.006306428, 0.005872734, -0.0965836, 0.02330887, 0.9959987
 197033655, 0.2494528, -0.0130811, 0.0002640076, -0.08518773, 0.01940708, 0.9970548, 0.2376825, -0.004754005, 0.0004666913, -0.09310988, 0.02069139, 0.9962845
 197233575, 0.2734486, 0.005148033, 0.001446247, -0.07630776, 0.01898355, 0.9978829, 0.2494528, -0.0130811, 0.0002640076, -0.08518773, 0.01940708, 0.9970548
 197433495, 0.2606045, -0.006126328, -0.001751725, -0.07104079, 0.02272804, 0.9981369, 0.2734486, 0.005148033, 0.001446247, -0.07630776, 0.01898355, 0.9978829
 197634248, 0.2961585, 0.01005395, 0.0001153946, -0.06069973, 0.02503982, 0.9989212, 0.2606045, -0.006126328, -0.001751725, -0.07104079, 0.02272804, 0.9981369
 197834168, 0.2995006, -0.01313204, -0.0008936785, -0.05554811, 0.02365937, 0.9992571, 0.2961585, 0.01005395, 0.0001153946, -0.06069973, 0.02503982, 0.9989212
 198034088, 0.278832, -0.01773834, -0.00466666, -0.05151188, 0.02191918, 0.9994199, 0.2995006, -0.01313204, -0.0008936785, -0.05554811, 0.02365937, 0.9992571
 198234008, 0.2675594, 0.007668721, -0.006791102, -0.04871703, 0.02240776, 0.9995176, 0.278832, -0.01773834, -0.00466666, -0.05151188, 0.02191918, 0.9994199
 198433928, 0.2875686, 0.00962683, -0.006550007, -0.04136314, 0.0215695, 0.9999512, 0.2675594, 0.007668721, -0.006791102, -0.04871703, 0.02240776, 0.9995176
 198633848, 0.2580909, 0.001104053, -0.009553239, -0.04252652, 0.02232573, 0.9997402, 0.2875686, 0.00962683, -0.006550007, -0.04136314, 0.0215695, 0.9999512
 198833768, 0.2972299, -0.0009454137, -0.007409114, -0.03471505, 0.02260489, 1.000218, 0.2580909, 0.001104053, -0.009553239, -0.04252652, 0.02232573, 0.9997402
 199033688, 0.2551587, 0.006006291, -0.01148754, -0.03566311, 0.01853204, 1.0001, 0.2972299, -0.0009454137, -0.007409114, -0.03471505, 0.02260489, 1.000218
 199233608, 0.275639, 0.004585635, -0.01353895, -0.02060235, 0.01447387, 1.00067, 0.2551587, 0.006006291, -0.01148754, -0.03566311, 0.01853204, 1.0001
 199433528, 0.2925809, -0.01059215, -0.01611605, -0.00657814, 0.01919467, 1.000846, 0.275639, 0.004585635, -0.01353895, -0.02060235, 0.01447387, 1.00067
 199634281, 0.3169262, -0.01726688, -0.01852427, 0.007455423, 0.02009396, 1.000936, 0.2925809, -0.01059215, -0.01611605, -0.00657814, 0.01919467, 1.000846
 199834201, 0.2656789, -0.003065918, -0.02333768, 0.01305988, 0.02005016, 1.000659, 0.3169262, -0.01726688, -0.01852427, 0.007455423, 0.02009396, 1.000936
 200034121, 0.3175918, 0.002863023, -0.02603087, 0.03139011, 0.0204656, 1.00048, 0.2656789, -0.003065918, -0.02333768, 0.01305988, 0.02005016, 1.000659
 200234041, 0.3113425, -0.01293206, -0.02867174, 0.03896175, 0.02202898, 1.000142, 0.3175918, 0.002863023, -0.02603087, 0.03139011, 0.0204656, 1.00048
 200433961, 0.2992692, 0.001350792, -0.03105233, 0.04537835, 0.02449697, 0.9997647, 0.3113425, -0.01293206, -0.02867174, 0.03896175, 0.02202898, 1.000142
 200633881, 0.2943716, -0.0201462, -0.03337571, 0.05287533, 0.02147071, 0.9994332, 0.2992692, 0.001350792, -0.03105233, 0.04537835, 0.02449697, 0.9997647
 200833801, 0.2914214, -0.001029752, -0.03632334, 0.0626967, 0.01731295, 0.9989437, 0.2943716, -0.0201462, -0.03337571, 0.05287533, 0.02147071, 0.9994332
 201033721, 0.2585403, 0.006567142, -0.03656879, 0.06301279, 0.0199215, 0.9987451, 0.2914214, -0.001029752, -0.03632334, 0.0626967, 0.01731295, 0.9989437
 201233641, 0.2622177, 0.005530262, -0.03651899, 0.06279998, 0.0202377, 0.9987651, 0.2585403, 0.006567142, -0.03656879, 0.06301279, 0.0199215, 0.9987451
 201433561, 0.2594296, 0.008207595, -0.03590305, 0.06048008, 0.01907533, 0.9989222, 0.2622177, 0.005530262, -0.03651899, 0.06279998, 0.0202377, 0.9987651
 201633481, 0.2350146, 0.0003559467, -0.03377773, 0.0513678, 0.01814476, 0.9993579, 0.2594296, 0.008207595, -0.03590305, 0.06048008, 0.01907533, 0.9989222
 201834234, 0.2771491, -0.02132045, -0.03439618, 0.05504969, 0.0163849, 0.9993373, 0.2350146, 0.0003559467, -0.03377773, 0.0513678, 0.01814476, 0.9993579
 202034154, 0.2492653, -0.002046905, -0.03222503, 0.0455247, 0.01843632, 0.9996821, 0.2771491, -0.02132045, -0.03439618, 0.05504969, 0.0163849, 0.9993373
 202234074, 0.2244385, -0.01543744, -0.03044195, 0.03585704, 0.01470771, 1.000048, 0.2492653, -0.002046905, -0.03222503, 0.0455247, 0.01843632, 0.9996821
 202433994, 0.2640644, -0.01864975, -0.02920701, 0.0346855, 0.01537094, 1.000213, 0.2244385, -0.01543744, -0.03044195, 0.03585704, 0.01470771, 1.000048
 202633914, 0.2462046, 0.0008994503, -0.02764098, 0.02666312, 0.01861999, 1.000348, 0.2640644, -0.01864975, -0.02920701, 0.0346855, 0.01537094, 1.000213
 202833834, 0.2601645, 0.000858061, -0.02579603, 0.02144828, 0.02195248, 1.000456, 0.2462046, 0.0008994503, -0.02764098, 0.02666312, 0.01861999, 1.000348
 203033754, 0.2434614, -0.008149549, -0.02471127, 0.01434244, 0.02382255, 1.000475, 0.2601645, 0.000858061, -0.02579603, 0.02144828, 0.02195248, 1.000456
 203233674, 0.2455715, -0.01899147, -0.02336713, 0.009012697, 0.01974448, 1.000627, 0.2434614, -0.008149549, -0.02471127, 0.01434244, 0.02382255, 1.000475
 203433594, 0.2378349, 0.01482409, -0.02237871, 0.00351597, 0.01787495, 1.00069, 0.2455715, -0.01899147, -0.02336713, 0.009012697, 0.01974448, 1.000627
 203633514, 0.2190694, -0.01371959, -0.02236894, -0.001348071, 0.01843124, 1.000609, 0.2378349, 0.01482409, -0.02237871, 0.00351597, 0.01787495, 1.00069
 203834267, 0.2057164, 0.01893063, -0.02177538, -0.007592175, 0.02193222, 1.000492, 0.2190694, -0.01371959, -0.02236894, -0.001348071, 0.01843124, 1.000609
 204034187, 0.2393276, -0.01694701, -0.01911532, -0.009852417, 0.02324873, 1.000523, 0.2057164, 0.01893063, -0.02177538, -0.007592175, 0.02193222, 1.000492
 204234107, 0.211133, -0.01401059, -0.01957544, -0.01642401, 0.02150799, 1.00039, 0.2393276, -0.01694701, -0.01911532, -0.009852417, 0.02324873, 1.000523
 204434027, 0.2374461, 0.006897684, -0.01773765, -0.01650073, 0.02340885, 1.000438, 0.211133, -0.01401059, -0.01957544, -0.01642401, 0.02150799, 1.00039
 204633947, 0.2361529, 0.01600765, -0.01746115, -0.01785842, 0.01896122, 1.00051, 0.2374461, 0.006897684, -0.01773765, -0.01650073, 0.02340885, 1.000438
 204833867, 0.217572, 0.01847813, -0.01797157, -0.02154043, 0.01728382, 1.000412, 0.2361529, 0.01600765, -0.01746115, -0.01785842, 0.01896122, 1.00051
 205033787, 0.2309212, -0.00956361, -0.01689025, -0.02210968, 0.02176997, 1.000336, 0.217572, 0.01847813, -0.01797157, -0.02154043, 0.01728382, 1.000412
 205233707, 0.2233808, -0.02037893, -0.01676474, -0.02531851, 0.02102233, 1.000247, 0.2309212, -0.00956361, -0.01689025, -0.02210968, 0.02176997, 1.000336
 205433627, 0.2241206, 0.01097166, -0.01724553, -0.0228757, 0.01931103, 1.00036, 0.2233808, -0.02037893, -0.01676474, -0.02531851, 0.02102233, 1.000247
 205633547, 0.1950146, -0.002755455, -0.01830336, -0.02852739, 0.02096572, 1.000092, 0.2241206, 0.01097166, -0.01724553, -0.0228757, 0.01931103, 1.00036
 205834300, 0.2371337, -0.006856152, -0.01484717, -0.02874302, 0.02195424, 1.000185, 0.1950146, -0.002755455, -0.01830336, -0.02852739, 0.02096572, 1.000092
 206034220, 0.2131659, -0.01395099, -0.01603027, -0.03249861, 0.02177067, 0.9999965, 0.2371337, -0.006856152, -0.01484717, -0.02874302, 0.02195424, 1.000185
 206234140, 0.1998734, 0.01461591, -0.01748247, -0.03077255, 0.02129095, 1.000042, 0.2131659, -0.01395099, -0.01603027, -0.03249861, 0.02177067, 0.9999965
 206434060, 0.1983886, -0.009030269, -0.01725052, -0.0325529, 0.02051945, 0.9999835, 0.1998734, 0.01461591, -0.01748247, -0.03077255, 0.02129095, 1.000042
 206633980, 0.2048793, -0.006595346, -0.01633808, -0.03459843, 0.01652967, 1.000007, 0.1983886, -0.009030269, -0.01725052, -0.0325529, 0.02051945, 0.9999835
 206833900, 0.198184, 0.01795809, -0.01669923, -0.03503273, 0.01692256, 0.9999827, 0.2048793, -0.006595346, -0.01633808, -0.03459843, 0.01652967, 1.000007
 207033820, 0.199708, -0.01709809, -0.01707039, -0.03308, 0.01857042, 1.000004, 0.198184, 0.01795809, -0.01669923, -0.03503273, 0.01692256, 0.9999827
 207233740, 0.2250729, -0.001075302, -0.01534055, -0.03112862, 0.01831165, 1.000151, 0.199708, -0.01709809, -0.01707039, -0.03308, 0.01857042, 1.000004
 207433660, 0.2218543, -0.006707603, -0.0151531, -0.03332033, 0.01788254, 1.000075, 0.2250729, -0.001075302, -0.01534055, -0.03112862, 0.01831165, 1.000151
 207633580, 0.2187917, 0.01837766, -0.0146599, -0.0364647, 0.01859896, 0.9999589, 0.2218543, -0.006707603, -0.0151531, -0.03332033, 0.01788254, 1.000075
 207833500, 0.1964146, 0.006787169, -0.01672787, -0.03596805, 0.01747499, 0.9999277, 0.2187917, 0.01837766, -0.0146599, -0.0364647, 0.01859896, 0.9999589
 208034253, 0.2214232, -0.008233799, -0.01536172, -0.03261421, 0.01599155, 1.000129, 0.1964146, 0.006787169, -0.01672787, -0.03596805, 0.01747499, 0.9999277
 208234173, 0.1913902, -0.006251045, -0.01744354, -0.03453363, 0.02018624, 0.999907, 0.2214232, -0.008233799, -0.01536172, -0.03261421, 0.01599155, 1.000129
 208434093, 0.2100931, -0.003135952, -0.01605171, -0.0337658, 0.01949329, 0.9999982, 0.1913902, -0.006251045, -0.01744354, -0.03453363, 0.02018624, 0.999907
 208634013, 0.2118469, -0.006634998, -0.01542151, -0.03603502, 0.02062067, 0.9998994, 0.2100931, -0.003135952, -0.01605171, -0.0337658, 0.01949329, 0.9999982
 208833933, 0.2190503, -0.00527453, -0.01542554, -0.03314738, 0.02071804, 1.000019, 0.2118469, -0.006634998, -0.01542151, -0.03603502, 0.02062067, 0.9998994
 209033853, 0.2173892, 0.0180254, -0.01648796, -0.02909285, 0.01890004, 1.000171, 0.2190503, -0.00527453, -0.01542554, -0.03314738, 0.02071804, 1.000019
 209233773, 0.2226135, -0.004018753, -0.01877857, -0.01664153, 0.01854591, 1.000484, 0.2173892, 0.0180254, -0.01648796, -0.02909285, 0.01890004, 1.000171
 209433693, 0.2304524, 0.007783278, -0.02141102, -0.002615254, 0.01988748, 1.000625, 0.2226135, -0.004018753, -0.01877857, -0.01664153, 0.01854591, 1.000484
 209633613, 0.1891164, -0.00533373, -0.02496208, 0.004583001, 0.02304673, 1.000428, 0.2304524, 0.007783278, -0.02141102, -0.002615254, 0.01988748, 1.000625
 209833533, 0.2110196, 0.003524448, -0.02685749, 0.01803399, 0.02565745, 1.000276, 0.1891164, -0.00533373, -0.02496208, 0.004583001, 0.02304673, 1.000428
 210034286, 0.2056975, -0.005719265, -0.02958765, 0.03068698, 0.02353445, 1.000001, 0.2110196, 0.003524448, -0.02685749, 0.01803399, 0.02565745, 1.000276
 210234206, 0.1889954, 0.0163763, -0.03169663, 0.04008212, 0.02336262, 0.9996431, 0.2056975, -0.005719265, -0.02958765, 0.03068698, 0.02353445, 1.000001
 210434126, 0.2306658, 0.01128736, -0.03414474, 0.05274457, 0.02250889, 0.9991901, 0.1889954, 0.0163763, -0.03169663, 0.04008212, 0.02336262, 0.9996431
 210634046, 0.1982942, -0.0008684041, -0.03515169, 0.05799078, 0.02463911, 0.9987481, 0.2306658, 0.01128736, -0.03414474, 0.05274457, 0.02250889, 0.9991901
 210833966, 0.2129837, -0.01573849, -0.03679512, 0.06528535, 0.02233304, 0.9983855, 0.1982942, -0.0008684041, -0.03515169, 0.05799078, 0.02463911, 0.9987481
 211033886, 0.1874674, -0.01259291, -0.03695046, 0.06808923, 0.01935959, 0.9981938, 0.2129837, -0.01573849, -0.03679512, 0.06528535, 0.02233304, 0.9983855
 211233806, 0.1730429, 0.01256006, -0.03656387, 0.06778229, 0.02306441, 0.9981165, 0.1874674, -0.01259291, -0.03695046, 0.06808923, 0.01935959, 0.9981938
 211433726, 0.1862937, 0.002075838, -0.03631051, 0.06492292, 0.01937091, 0.9984094, 0.1730429, 0.01256006, -0.03656387, 0.06778229, 0.02306441, 0.9981165
 211633646, 0.1845291, -0.01961489, -0.03549212, 0.0599496, 0.01334571, 0.998803, 0.1862937, 0.002075838, -0.03631051, 0.06492292, 0.01937091, 0.9984094
 211833566, 0.2084921, -0.01566263, -0.03456752, 0.05424907, 0.01292264, 0.9991982, 0.1845291, -0.01961489, -0.03549212, 0.0599496, 0.01334571, 0.998803
 212033486, 0.1824763, 0.009663174, -0.03259728, 0.04540011, 0.01351125, 0.9995774, 0.2084921, -0.01566263, -0.03456752, 0.05424907, 0.01292264, 0.9991982
 212234239, 0.1921044, -0.01041773, -0.03203595, 0.04173074, 0.01273066, 0.9997596, 0.1824763, 0.009663174, -0.03259728, 0.04540011, 0.01351125, 0.9995774
 212434159, 0.159365, -0.007278132, -0.0306893, 0.03311552, 0.01483321, 0.9999791, 0.1921044, -0.01041773, -0.03203595, 0.04173074, 0.01273066, 0.9997596
 212634079, 0.1879072, 0.01379287, -0.02906197, 0.02640089, 0.01867723, 1.000191, 0.159365, -0.007278132, -0.0306893, 0.03311552, 0.01483321, 0.9999791
 212833999, 0.1854831, 0.004774232, -0.02752192, 0.0176457, 0.01845524, 1.000376, 0.1879072, 0.01379287, -0.02906197, 0.02640089, 0.01867723, 1.000191
 213033919, 0.1981186, -0.01728358, -0.02612296, 0.01154201, 0.01108783, 1.000593, 0.1854831, 0.004774232, -0.02752192, 0.0176457, 0.01845524, 1.000376
 213233839, 0.1690124, -0.01954572, -0.02613238, 0.005533755, 0.009987029, 1.000585, 0.1981186, -0.01728358, -0.02612296, 0.01154201, 0.01108783, 1.000593
 213433759, 0.1558863, 0.01322629, -0.02538418, -0.0003776029, 0.01434151, 1.000538, 0.1690124, -0.01954572, -0.02613238, 0.005533755, 0.009987029, 1.000585
 213633679, 0.1870161, -0.004891444, -0.02380197, -0.00231139, 0.01655278, 1.000559, 0.1558863, 0.01322629, -0.02538418, -0.0003776029, 0.01434151, 1.000538
 213833599, 0.1855858, -0.0003000155, -0.02265118, -0.008838616, 0.01617523, 1.000527, 0.1870161, -0.004891444, -0.02380197, -0.00231139, 0.01655278, 1.000559
 214033519, 0.1774184, -0.008103801, -0.02194455, -0.01549589, 0.01771513, 1.000396, 0.1855858, -0.0003000155, -0.02265118, -0.008838616, 0.01617523, 1.000527
 214234272, 0.193111, 0.005285045, -0.02044438, -0.01810226, 0.01697712, 1.00041, 0.1774184, -0.008103801, -0.02194455, -0.01549589, 0.01771513, 1.000396
 214434192, 0.1926338, -0.01702313, -0.02028789, -0.01970357, 0.01496178, 1.000399, 0.193111, 0.005285045, -0.02044438, -0.01810226, 0.01697712, 1.00041
 214634112, 0.1949134, 0.003547363, -0.01899224, -0.02504802, 0.01796054, 1.000247, 0.1926338, -0.01702313, -0.02028789, -0.01970357, 0.01496178, 1.000399
 214834032, 0.1644366, -0.01473011, -0.02068628, -0.02776519, 0.01954591, 1.000064, 0.1949134, 0.003547363, -0.01899224, -0.02504802, 0.01796054, 1.000247
 215033952, 0.1810908, 0.01685175, -0.01942385, -0.02812816, 0.02119692, 1.000076, 0.1644366, -0.01473011, -0.02068628, -0.02776519, 0.01954591, 1.000064
 215233872, 0.1601685, 0.003654212, -0.02021235, -0.03246405, 0.02035807, 0.9999074, 0.1810908, 0.01685175, -0.01942385, -0.02812816, 0.02119692, 1.000076
 215433792, 0.1645903, 0.004313748, -0.01815852, -0.04311337, 0.02224356, 0.9994739, 0.1601685, 0.003654212, -0.02021235, -0.03246405, 0.02035807, 0.9999074
 215633712, 0.1821512, 0.0122315, -0.01443979, -0.05532207, 0.02161255, 0.9989302, 0.1645903, 0.004313748, -0.01815852, -0.04311337, 0.02224356, 0.9994739
 215833632, 0.1541405, -0.001466329, -0.01472414, -0.07127555, 0.01989469, 0.9978848, 0.1821512, 0.0122315, -0.01443979, -0.05532207, 0.02161255, 0.9989302
 216033552, 0.1776631, 0.0100984, -0.009566234, -0.08533878, 0.01973309, 0.9968408, 0.1541405, -0.001466329, -0.01472414, -0.07127555, 0.01989469, 0.9978848
 216234305, 0.1638038, 0.003937074, -0.00859431, -0.1022181, 0.01833421, 0.9952434, 0.1776631, 0.0100984, -0.009566234, -0.08533878, 0.01973309, 0.9968408
 216434225, 0.1477125, -0.0105404, -0.008553665, -0.1184, 0.01736738, 0.9934248, 0.1638038, 0.003937074, -0.00859431, -0.1022181, 0.01833421, 0.9952434
 216634145, 0.1713099, 0.01070933, -0.002917267, -0.1289125, 0.01956913, 0.9921358, 0.1477125, -0.0105404, -0.008553665, -0.1184, 0.01736738, 0.9934248
 216834065, 0.1549845, -0.01772724, -0.003790893, -0.1416398, 0.01875249, 0.9903637, 0.1713099, 0.01070933, -0.002917267, -0.1289125, 0.01956913, 0.9921358
 217033985, 0.1832797, 0.008298293, 0.00259763, -0.1475495, 0.02115276, 0.9895294, 0.1549845, -0.01772724, -0.003790893, -0.1416398, 0.01875249, 0.9903637
 217233905, 0.1577201, -0.005969423, -0.0009500831, -0.1561311, 0.02144557, 0.9881395, 0.1832797, 0.008298293, 0.00259763, -0.1475495, 0.02115276, 0.9895294
 217433825, 0.146993, -0.01823201, -0.003353173, -0.1541737, 0.02116152, 0.9884253, 0.1577201, -0.005969423, -0.0009500831, -0.1561311, 0.02144557, 0.9881395
 217633745, 0.1850571, -0.01947492, 0.003072502, -0.1482407, 0.02071624, 0.9894241, 0.146993, -0.01823201, -0.003353173, -0.1541737, 0.02116152, 0.9884253
 217833665, 0.1917921, -0.00102166, 0.003469337, -0.1434921, 0.02090347, 0.9901465, 0.1850571, -0.01947492, 0.003072502, -0.1482407, 0.02071624, 0.9894241
 218033585, 0.1862517, 0.008041915, 0.001548195, -0.1390108, 0.02300431, 0.9907307, 0.1917921, -0.00102166, 0.003469337, -0.1434921, 0.02090347, 0.9901465
 218233505, 0.1681212, 0.00820511, -0.002613613, -0.1342213, 0.02402774, 0.9913248, 0.1862517, 0.008041915, 0.001548195, -0.1390108, 0.02300431, 0.9907307
 218434258, 0.1683235, 0.001691, -0.003240272, -0.1302034, 0.0248825, 0.9918358, 0.1681212, 0.00820511, -0.002613613, -0.1342213, 0.02402774, 0.9913248
 218634178, 0.1624709, -0.007990712, -0.005356813, -0.1231053, 0.02631919, 0.9926868, 0.1683235, 0.001691, -0.003240272, -0.1302034, 0.0248825, 0.9918358
 218834098, 0.1871748, 0.004003504, -0.003635133, -0.1104932, 0.02384261, 0.9942956, 0.1624709, -0.007990712, -0.005356813, -0.1231053, 0.02631919, 0.9926868
 219034018, 0.1825814, 0.006348757, -0.005770916, -0.1028211, 0.02549614, 0.9950678, 0.1871748, 0.004003504, -0.003635133, -0.1104932, 0.02384261, 0.9942956
 219233938, 0.2094928, -0.00101904, -0.003884628, -0.09227208, 0.02404881, 0.9962026, 0.1825814, 0.006348757, -0.005770916, -0.1028211, 0.02549614, 0.9950678
 219433858, 0.1969932, -0.001439548, -0.006448779, -0.08866331, 0.02114695, 0.9965442, 0.2094928, -0.00101904, -0.003884628, -0.09227208, 0.02404881, 0.9962026
 219633778, 0.1866517, 0.01525856, -0.008707689, -0.08349831, 0.0191288, 0.9970335, 0.1969932, -0.001439548, -0.006448779, -0.08866331, 0.02114695, 0.9965442
 219833698, 0.1764928, -0.002308882, -0.01132014, -0.07630359, 0.01789703, 0.9975979, 0.1866517, 0.01525856, -0.008707689, -0.08349831, 0.0191288, 0.9970335
 220033618, 0.1703897, -0.01330467, -0.01286184, -0.07170413, 0.01763701, 0.9979242, 0.1764928, -0.002308882, -0.01132014, -0.07630359, 0.01789703, 0.9975979
 220233538, 0.2119413, 0.01332563, -0.009772914, -0.06258823, 0.01818901, 0.9986475, 0.1703897, -0.01330467, -0.01286184, -0.07170413, 0.01763701, 0.9979242
 220434291, 0.2191302, -0.01798584, -0.01057057, -0.05535357, 0.01991515, 0.9990452, 0.2119413, 0.01332563, -0.009772914, -0.06258823, 0.01818901, 0.9986475
 220634211, 0.1755098, -0.005722616, -0.01515679, -0.05499825, 0.01833826, 0.9989876, 0.2191302, -0.01798584, -0.01057057, -0.05535357, 0.01991515, 0.9990452
 220834131, 0.2106086, -0.0004423864, -0.01298178, -0.04822265, 0.01712256, 0.999451, 0.1755098, -0.005722616, -0.01515679, -0.05499825, 0.01833826, 0.9989876
 221034051, 0.1993298, 0.0150244, -0.01443022, -0.04612906, 0.01660808, 0.9995376, 0.2106086, -0.0004423864, -0.01298178, -0.04822265, 0.01712256, 0.999451
 221233971, 0.1933676, 0.005469374, -0.01560186, -0.04318806, 0.01714028, 0.9996387, 0.1993298, 0.0150244, -0.01443022, -0.04612906, 0.01660808, 0.9995376
 221433891, 0.2118384, 0.01754355, -0.01549056, -0.03550801, 0.01929083, 0.9999596, 0.1933676, 0.005469374, -0.01560186, -0.04318806, 0.01714028, 0.9996387
 221633811, 0.1993901, -0.01179679, -0.01654014, -0.03598695, 0.01721627, 0.9999287, 0.2118384, 0.01754355, -0.01549056, -0.03550801, 0.01929083, 0.9999596
 221833731, 0.2210982, 0.01621942, -0.01501149, -0.03366828, 0.01426256, 1.000134, 0.1993901, -0.01179679, -0.01654014, -0.03598695, 0.01721627, 0.9999287
 222033651, 0.2153517, -0.01204302, -0.01626561, -0.03110217, 0.0132423, 1.000197, 0.2210982, 0.01621942, -0.01501149, -0.03366828, 0.01426256, 1.000134
 222233571, 0.1940062, -0.003701743, -0.01793667, -0.03096926, 0.01449788, 1.000131, 0.2153517, -0.01204302, -0.01626561, -0.03110217, 0.0132423, 1.000197
 222433491, 0.1783607, 0.009991244, -0.01918833, -0.03027471, 0.01656331, 1.00009, 0.1940062, -0.003701743, -0.01793667, -0.03096926, 0.01449788, 1.000131
 222634244, 0.2108028, -0.01929391, -0.01777142, -0.02544174, 0.01780803, 1.00027, 0.1783607, 0.009991244, -0.01918833, -0.03027471, 0.01656331, 1.00009
 222834164, 0.2014184, 0.0152425, -0.01808474, -0.02668072, 0.01417416, 1.00029, 0.2108028, -0.01929391, -0.01777142, -0.02544174, 0.01780803, 1.00027
 223034084, 0.1793075, -0.009233902, -0.0195205, -0.02888552, 0.009238762, 1.000217, 0.2014184, 0.0152425, -0.01808474, -0.02668072, 0.01417416, 1.00029
 223234004, 0.2266936, 0.007989439, -0.01670166, -0.02412087, 0.01084702, 1.000464, 0.1793075, -0.009233902, -0.0195205, -0.02888552, 0.009238762, 1.000217
 223433924, 0.2009361, -8.276547E-05, -0.01795947, -0.02800365, 0.0159874, 1.000216, 0.2266936, 0.007989439, -0.01670166, -0.02412087, 0.01084702, 1.000464
 223633844, 0.2172655, 0.002679848, -0.01521453, -0.03476721, 0.01739919, 1.000026, 0.2009361, -8.276547E-05, -0.01795947, -0.02800365, 0.0159874, 1.000216
 223833764, 0.203262, -0.009861975, -0.01348311, -0.04984848, 0.01044964, 0.9994377, 0.2172655, 0.002679848, -0.01521453, -0.03476721, 0.01739919, 1.000026
 224033684, 0.18419, -0.01084178, -0.0124091, -0.0660128, 0.008085996, 0.9984729, 0.203262, -0.009861975, -0.01348311, -0.04984848, 0.01044964, 0.9994377
 224233604, 0.2222424, -0.005392266, -0.005483061, -0.07699288, 0.0127481, 0.997743, 0.18419, -0.01084178, -0.0124091, -0.0660128, 0.008085996, 0.9984729
 224433524, 0.2102764, -0.01834333, -0.003594782, -0.09361361, 0.01584961, 0.9962343, 0.2222424, -0.005392266, -0.005483061, -0.07699288, 0.0127481, 0.997743
 224634277, 0.1767261, -0.001899784, -0.005856233, -0.1072245, 0.01534321, 0.9947921, 0.2102764, -0.01834333, -0.003594782, -0.09361361, 0.01584961, 0.9962343
 224834197, 0.2180759, -0.01264881, 0.002069561, -0.1142414, 0.01430104, 0.9941289, 0.1767261, -0.001899784, -0.005856233, -0.1072245, 0.01534321, 0.9947921
 225034117, 0.2086463, -0.005203513, 0.002050346, -0.1214042, 0.01476616, 0.9932495, 0.2180759, -0.01264881, 0.002069561, -0.1142414, 0.01430104, 0.9941289
 225234037, 0.2048747, -0.008970757, 0.002827119, -0.1284171, 0.01516796, 0.9923487, 0.2086463, -0.005203513, 0.002050346, -0.1214042, 0.01476616, 0.9932495
 225433957, 0.2336111, 0.004449241, 0.008309865, -0.1290252, 0.01651931, 0.9923424, 0.2048747, -0.008970757, 0.002827119, -0.1284171, 0.01516796, 0.9923487
 225633877, 0.2256396, 0.01106639, 0.006474407, -0.1273295, 0.01595948, 0.9925492, 0.2336111, 0.004449241, 0.008309865, -0.1290252, 0.01651931, 0.9923424
 225833797, 0.2379789, 0.004613991, 0.007431868, -0.1219782, 0.01666239, 0.9932452, 0.2256396, 0.01106639, 0.006474407, -0.1273295, 0.01595948, 0.9925492
 226033717, 0.2443496, 0.0114387, 0.007223407, -0.1164438, 0.01857583, 0.993901, 0.2379789, 0.004613991, 0.007431868, -0.1219782, 0.01666239, 0.9932452
 226233637, 0.2216825, 0.0007052443, 0.002913861, -0.1149022, 0.01898919, 0.9939926, 0.2443496, 0.0114387, 0.007223407, -0.1164438, 0.01857583, 0.993901
 226433557, 0.2148391, -0.008328769, 0.0005747937, -0.1094564, 0.0209989, 0.9945409, 0.2216825, 0.0007052443, 0.002913861, -0.1149022, 0.01898919, 0.9939926
 226633477, 0.2189322, 0.01141572, 0.0001885574, -0.1045883, 0.01973854, 0.9951144, 0.2148391, -0.008328769, 0.0005747937, -0.1094564, 0.0209989, 0.9945409
 226834230, 0.2268526, -0.01414809, -0.0002181139, -0.09746966, 0.01891803, 0.995862, 0.2189322, 0.01141572, 0.0001885574, -0.1045883, 0.01973854, 0.9951144
 227034150, 0.2333089, -0.01981848, -0.001088312, -0.08938622, 0.02018217, 0.9966134, 0.2268526, -0.01414809, -0.0002181139, -0.09746966, 0.01891803, 0.995862
 227234070, 0.2603191, 0.002468339, 0.0008121245, -0.0811367, 0.02280216, 0.9973686, 0.2333089, -0.01981848, -0.001088312, -0.08938622, 0.02018217, 0.9966134
 227433990, 0.2528806, 0.002495857, -0.001916129, -0.07459523, 0.02140318, 0.9978827, 0.2603191, 0.002468339, 0.0008121245, -0.0811367, 0.02280216, 0.9973686
 227633910, 0.2688918, 0.002025927, -0.00241836, -0.06447488, 0.01959779, 0.9986849, 0.2528806, 0.002495857, -0.001916129, -0.07459523, 0.02140318, 0.9978827
 227833830, 0.256572, 0.006392597, -0.005071469, -0.06025548, 0.01742606, 0.9989443, 0.2688918, 0.002025927, -0.00241836, -0.06447488, 0.01959779, 0.9986849
 228033750, 0.2296601, 0.01427559, -0.008426137, -0.05942998, 0.01630493, 0.9989262, 0.256572, 0.006392597, -0.005071469, -0.06025548, 0.01742606, 0.9989443
 228233670, 0.2785352, -0.0154757, -0.005197152, -0.05007459, 0.0182469, 0.9995655, 0.2296601, 0.01427559, -0.008426137, -0.05942998, 0.01630493, 0.9989262
 228433590, 0.2755614, 0.01178094, -0.0063676, -0.04704542, 0.02300232, 0.999618, 0.2785352, -0.0154757, -0.005197152, -0.05007459, 0.0182469, 0.9995655
 228633510, 0.255945, -0.003641127, -0.009423366, -0.04359666, 0.02350355, 0.9996775, 0.2755614, 0.01178094, -0.0063676, -0.04704542, 0.02300232, 0.999618
 228834263, 0.2680996, -0.002966761, -0.009835841, -0.03712814, 0.02304165, 0.9999962, 0.255945, -0.003641127, -0.009423366, -0.04359666, 0.02350355, 0.9996775
 229034183, 0.2571476, -0.006536722, -0.01129355, -0.03582504, 0.02074272, 1.00005, 0.2680996, -0.002966761, -0.009835841, -0.03712814, 0.02304165, 0.9999962
 229234103, 0.2656538, 0.01120024, -0.01204838, -0.02967437, 0.01941131, 1.000322, 0.2571476, -0.006536722, -0.01129355, -0.03582504, 0.02074272, 1.00005
 229434023, 0.2800783, -0.01034806, -0.01121067, -0.02779459, 0.0189055, 1.000431, 0.2656538, 0.01120024, -0.01204838, -0.02967437, 0.01941131, 1.000322
 229633943, 0.2406398, -0.01698685, -0.01426982, -0.03007081, 0.01943907, 1.000203, 0.2800783, -0.01034806, -0.01121067, -0.02779459, 0.0189055, 1.000431
 229833863, 0.244017, -0.01636553, -0.01396934, -0.03040744, 0.02031619, 1.000167, 0.2406398, -0.01698685, -0.01426982, -0.03007081, 0.01943907, 1.000203
 230033783, 0.2766229, -0.01594743, -0.01255303, -0.02410882, 0.02009193, 1.000486, 0.244017, -0.01636553, -0.01396934, -0.03040744, 0.02031619, 1.000167
 230233703, 0.2415157, -0.001611425, -0.01430075, -0.0295365, 0.0209654, 1.0002, 0.2766229, -0.01594743, -0.01255303, -0.02410882, 0.02009193, 1.000486
 230433623, 0.2793774, -0.003871662, -0.009217888, -0.03512949, 0.02012462, 1.000177, 0.2415157, -0.001611425, -0.01430075, -0.0295365, 0.0209654, 1.0002
 230633543, 0.2446996, -0.006441008, -0.008696698, -0.0514546, 0.01823876, 0.9993726, 0.2793774, -0.003871662, -0.009217888, -0.03512949, 0.02012462, 1.000177
 230834296, 0.2428024, 0.01526076, -0.005634561, -0.06468426, 0.01831441, 0.9986086, 0.2446996, -0.006441008, -0.008696698, -0.0514546, 0.01823876, 0.9993726
 231034216, 0.2532122, 0.000623532, -0.001621738, -0.07555065, 0.01809683, 0.9978765, 0.2428024, 0.01526076, -0.005634561, -0.06468426, 0.01831441, 0.9986086
 231234136, 0.2592877, -0.002493952, 0.002077952, -0.08664022, 0.0151565, 0.9970443, 0.2532122, 0.000623532, -0.001621738, -0.07555065, 0.01809683, 0.9978765
 231434056, 0.2744856, -0.01269343, 0.006850421, -0.09585521, 0.0114964, 0.996304, 0.2592877, -0.002493952, 0.002077952, -0.08664022, 0.0151565, 0.9970443
 231633976, 0.2645127, -0.0006095814, 0.008167394, -0.1064694, 0.01389638, 0.9951621, 0.2744856, -0.01269343, 0.006850421, -0.09585521, 0.0114964, 0.996304
 231833896, 0.2719863, 0.000311345, 0.01146678, -0.1137355, 0.01705328, 0.9943392, 0.2645127, -0.0006095814, 0.008167394, -0.1064694, 0.01389638, 0.9951621
 232033816, 0.2495752, 0.005449413, 0.009838503, -0.1230972, 0.01830262, 0.9931193, 0.2719863, 0.000311345, 0.01146678, -0.1137355, 0.01705328, 0.9943392
 232233736, 0.2571393, 0.000544222, 0.01206735, -0.1262739, 0.01799304, 0.992751, 0.2495752, 0.005449413, 0.009838503, -0.1230972, 0.01830262, 0.9931193
 232433656, 0.2968473, -0.002929348, 0.01843422, -0.121503, 0.01867064, 0.9934983, 0.2571393, 0.000544222, 0.01206735, -0.1262739, 0.01799304, 0.992751
 232633576, 0.2990456, -0.003941424, 0.01822237, -0.1194202, 0.01659866, 0.993797, 0.2968473, -0.002929348, 0.01843422, -0.121503, 0.01867064, 0.9934983
 232833496, 0.3104052, -2.734366E-05, 0.01766623, -0.1104593, 0.01515653, 0.9949127, 0.2990456, -0.003941424, 0.01822237, -0.1194202, 0.01659866, 0.993797
 233034249, 0.2783108, 0.002579831, 0.01077113, -0.1070876, 0.01359283, 0.9951576, 0.3104052, -2.734366E-05, 0.01766623, -0.1104593, 0.01515653, 0.9949127
 233234169, 0.2676854, -0.004552043, 0.008038089, -0.1040934, 0.01400003, 0.9954219, 0.2783108, 0.002579831, 0.01077113, -0.1070876, 0.01359283, 0.9951576
 233434089, 0.2953153, 0.01319277, 0.01105304, -0.09765841, 0.0161765, 0.9961693, 0.2676854, -0.004552043, 0.008038089, -0.1040934, 0.01400003, 0.9954219
 233634009, 0.3029504, -0.0178729, 0.0111014, -0.09374604, 0.01978173, 0.996498, 0.2953153, 0.01319277, 0.01105304, -0.09765841, 0.0161765, 0.9961693
 233833929, 0.314956, -0.01019841, 0.01000899, -0.08367184, 0.02282074, 0.997392, 0.3029504, -0.0178729, 0.0111014, -0.09374604, 0.01978173, 0.996498
 234033849, 0.3352859, 0.003971152, 0.01090224, -0.07632192, 0.0250155, 0.9980451, 0.314956, -0.01019841, 0.01000899, -0.08367184, 0.02282074, 0.997392
 234233769, 0.3555733, -0.004768703, 0.01059563, -0.06593664, 0.02103778, 0.9989917, 0.3352859, 0.003971152, 0.01090224, -0.07632192, 0.0250155, 0.9980451
 234433689, 0.3232749, 0.01758375, 0.004355149, -0.06212801, 0.02213287, 0.9990399, 0.3555733, -0.004768703, 0.01059563, -0.06593664, 0.02103778, 0.9989917
 234633609, 0.3134138, 0.01175973, 0.001452819, -0.05736559, 0.02121809, 0.9992898, 0.3232749, 0.01758375, 0.004355149, -0.06212801, 0.02213287, 0.9990399
 234833529, 0.3226728, 0.01658616, 0.0008421596, -0.05154766, 0.02263107, 0.9996265, 0.3134138, 0.01175973, 0.001452819, -0.05736559, 0.02121809, 0.9992898
 235034282, 0.3410823, 0.00965404, 0.001602896, -0.04635845, 0.02321194, 0.9999644, 0.3226728, 0.01658616, 0.0008421596, -0.05154766, 0.02263107, 0.9996265
 235234202, 0.311159, 0.01121342, -0.003019106, -0.04398613, 0.02191436, 0.9999415, 0.3410823, 0.00965404, 0.001602896, -0.04635845, 0.02321194, 0.9999644
 235434122, 0.3560515, 0.005116585, -0.0002443027, -0.0353024, 0.02157527, 1.00054, 0.311159, 0.01121342, -0.003019106, -0.04398613, 0.02191436, 0.9999415
 235634042, 0.3709737, 0.008320836, -0.001097096, -0.0276791, 0.02157144, 1.000878, 0.3560515, 0.005116585, -0.0002443027, -0.0353024, 0.02157527, 1.00054
 235833962, 0.3183812, -0.0009420102, -0.005355792, -0.03376374, 0.02105193, 1.000387, 0.3709737, 0.008320836, -0.001097096, -0.0276791, 0.02157144, 1.000878
 236033882, 0.3461585, 0.003535869, -0.004249701, -0.02732998, 0.01868968, 1.000786, 0.3183812, -0.0009420102, -0.005355792, -0.03376374, 0.02105193, 1.000387
 236233802, 0.3293363, 0.003340158, -0.006488599, -0.02636383, 0.01563077, 1.000769, 0.3461585, 0.003535869, -0.004249701, -0.02732998, 0.01868968, 1.000786
 236433722, 0.3324597, -0.007224949, -0.007769404, -0.02067348, 0.04920231, 0.9998286, 0.3293363, 0.003340158, -0.006488599, -0.02636383, 0.01563077, 1.000769
 236633642, 0.2639462, -0.04257583, 0.003935743, 0.006767917, 0.5868802, 0.8108116, 0.3324597, -0.007224949, -0.007769404, -0.02067348, 0.04920231, 0.9998286
 236833562, 0.09354071, -0.03444064, -0.005025645, 0.07101633, 0.946528, 0.316405, 0.2639462, -0.04257583, 0.003935743, 0.006767917, 0.5868802, 0.8108116
 237033482, 0.05770666, -0.03794136, -0.02820543, 0.2697964, 0.9059435, 0.3278666, 0.09354071, -0.03444064, -0.005025645, 0.07101633, 0.946528, 0.316405
 237234235, 0.1126315, -0.08666311, -0.03025486, 0.4521098, 0.6901199, 0.5661695, 0.05770666, -0.03794136, -0.02820543, 0.2697964, 0.9059435, 0.3278666
 237434155, 0.07692743, -0.08806969, -0.0219376, 0.4875329, 0.5696435, 0.6625182, 0.1126315, -0.08666311, -0.03025486, 0.4521098, 0.6901199, 0.5661695
 237634075, 0.08495807, -0.09306058, -0.02494793, 0.506692, 0.5764017, 0.6420141, 0.07692743, -0.08806969, -0.0219376, 0.4875329, 0.5696435, 0.6625182
 237833995, 0.0806345, -0.1039865, -0.0165901, 0.5397817, 0.5762143, 0.6146363, 0.08495807, -0.09306058, -0.02494793, 0.506692, 0.5764017, 0.6420141
 238033915, 0.04437908, -0.08319802, -0.01492484, 0.5688211, 0.5250057, 0.6339231, 0.0806345, -0.1039865, -0.0165901, 0.5397817, 0.5762143, 0.6146363
 238233835, 0.04338761, -0.09504063, -0.01589741, 0.5880529, 0.4456868, 0.6757454, 0.04437908, -0.08319802, -0.01492484, 0.5688211, 0.5250057, 0.6339231
 238433755, 0.03133285, -0.08638594, -0.01839827, 0.6004873, 0.3918199, 0.6978099, 0.04338761, -0.09504063, -0.01589741, 0.5880529, 0.4456868, 0.6757454
 238633675, 0.02872607, -0.1012575, -0.01431625, 0.6180413, 0.3477187, 0.7058283, 0.03133285, -0.08638594, -0.01839827, 0.6004873, 0.3918199, 0.6978099
 238833595, 0.03263319, -0.07982884, -0.03400799, 0.6343809, 0.2991467, 0.7135412, 0.02872607, -0.1012575, -0.01431625, 0.6180413, 0.3477187, 0.7058283
 239033515, 0.02040903, -0.1132241, -0.0179944, 0.6431076, 0.2393718, 0.7281685, 0.03263319, -0.07982884, -0.03400799, 0.6343809, 0.2991467, 0.7135412
 239234268, 0.001680318, -0.1129194, -0.01089631, 0.644453, 0.1807757, 0.743702, 0.02040903, -0.1132241, -0.0179944, 0.6431076, 0.2393718, 0.7281685
 239434188, 0.01255863, -0.1158067, -0.02675145, 0.6438498, 0.1258947, 0.7554788, 0.001680318, -0.1129194, -0.01089631, 0.644453, 0.1807757, 0.743702
 239634108, -0.01929459, -0.1015227, -0.01012293, 0.640136, 0.07571673, 0.7652154, 0.01255863, -0.1158067, -0.02675145, 0.6438498, 0.1258947, 0.7554788
 239834028, 0.002615709, -0.08990037, -0.0344903, 0.6344914, 0.02522225, 0.7732183, -0.01929459, -0.1015227, -0.01012293, 0.640136, 0.07571673, 0.7652154
 240033948, -0.02760777, -0.08021422, -0.01659707, 0.6224416, -0.02566033, 0.782901, 0.002615709, -0.08990037, -0.0344903, 0.6344914, 0.02522225, 0.7732183
 240233868, -0.01660407, -0.1016798, -0.02870536, 0.613807, -0.05631798, 0.7881286, -0.02760777, -0.08021422, -0.01659707, 0.6224416, -0.02566033, 0.782901
 240433788, -0.02312108, -0.09607896, -0.0293238, 0.5958275, -0.1039406, 0.7970453, -0.01660407, -0.1016798, -0.02870536, 0.613807, -0.05631798, 0.7881286
 240633708, -0.02181101, -0.08165439, -0.03329512, 0.5732415, -0.1458223, 0.8069674, -0.02312108, -0.09607896, -0.0293238, 0.5958275, -0.1039406, 0.7970453
 240833628, -0.05527363, -0.07383531, -0.01387929, 0.5448349, -0.1823641, 0.819107, -0.02181101, -0.08165439, -0.03329512, 0.5732415, -0.1458223, 0.8069674
 241033548, -0.06028994, -0.09837272, -0.02047704, 0.5134614, -0.2141725, 0.8316329, -0.05527363, -0.07383531, -0.01387929, 0.5448349, -0.1823641, 0.819107
 241234301, -0.05525491, -0.08362091, -0.02433308, 0.4810205, -0.2374883, 0.8445756, -0.06028994, -0.09837272, -0.02047704, 0.5134614, -0.2141725, 0.8316329
 241434221, -0.05314452, -0.06550284, -0.02411179, 0.4479994, -0.2548287, 0.8575571, -0.05525491, -0.08362091, -0.02433308, 0.4810205, -0.2374883, 0.8445756
 241634141, -0.05529971, -0.07200079, -0.02731337, 0.4148632, -0.2678011, 0.8701972, -0.05314452, -0.06550284, -0.02411179, 0.4479994, -0.2548287, 0.8575571
 241834061, -0.06708343, -0.07359196, -0.0247273, 0.3822871, -0.2751606, 0.8827428, -0.05529971, -0.07200079, -0.02731337, 0.4148632, -0.2678011, 0.8701972
 242033981, -0.09400367, -0.07515451, -0.01660403, 0.349705, -0.2780609, 0.8952788, -0.06708343, -0.07359196, -0.0247273, 0.3822871, -0.2751606, 0.8827428
 242233901, -0.106908, -0.07307688, -0.01397572, 0.3195184, -0.2767585, 0.906903, -0.09400367, -0.07515451, -0.01660403, 0.349705, -0.2780609, 0.8952788
 242433821, -0.09103659, -0.05459901, -0.0169471, 0.2914976, -0.2702485, 0.9181968, -0.106908, -0.07307688, -0.01397572, 0.3195184, -0.2767585, 0.906903
 242633741, -0.06775232, -0.04926685, 0.03492194, 0.2691869, -0.2603591, 0.9277537, -0.09103659, -0.05459901, -0.0169471, 0.2914976, -0.2702485, 0.9181968
 242833661, -0.06710938, -0.05093891, 0.03840609, 0.247869, -0.2502368, 0.9364244, -0.06775232, -0.04926685, 0.03492194, 0.2691869, -0.2603591, 0.9277537
 243033581, -0.09518888, -0.06041168, 0.06875849, 0.2264779, -0.2398742, 0.9445473, -0.06710938, -0.05093891, 0.03840609, 0.247869, -0.2502368, 0.9364244
 243233501, -0.09481549, -0.06870511, 0.03931588, 0.2095467, -0.2286135, 0.9512219, -0.09518888, -0.06041168, 0.06875849, 0.2264779, -0.2398742, 0.9445473
 243434254, -0.09917828, -0.05986598, 0.04119228, 0.1942531, -0.2160477, 0.9573678, -0.09481549, -0.06870511, 0.03931588, 0.2095467, -0.2286135, 0.9512219
 243634174, -0.08979588, -0.03761235, 0.04255053, 0.1812904, -0.2023958, 0.9628289, -0.09917828, -0.05986598, 0.04119228, 0.1942531, -0.2160477, 0.9573678
 243834094, -0.08898269, -0.05036062, 0.03944361, 0.1692291, -0.1897756, 0.9675851, -0.08979588, -0.03761235, 0.04255053, 0.1812904, -0.2023958, 0.9628289
 244034014, -0.1024539, -0.04539884, 0.0423858, 0.1593622, -0.1768295, 0.9717085, -0.08898269, -0.05036062, 0.03944361, 0.1692291, -0.1897756, 0.9675851
 244233934, -0.08236368, -0.0285505, 0.01022156, 0.1535279, -0.1640187, 0.9748353, -0.1024539, -0.04539884, 0.0423858, 0.1593622, -0.1768295, 0.9717085
 244433854, -0.0957491, -0.01849432, 0.01342115, 0.1444314, -0.1515151, 0.9782431, -0.08236368, -0.0285505, 0.01022156, 0.1535279, -0.1640187, 0.9748353
 244633774, -0.09458879, -0.01450439, 0.01322482, 0.137495, -0.141025, 0.980796, -0.0957491, -0.01849432, 0.01342115, 0.1444314, -0.1515151, 0.9782431
 244833694, -0.1047577, -0.02560138, 0.04370725, 0.1312124, -0.131461, 0.9830046, -0.09458879, -0.01450439, 0.01322482, 0.137495, -0.141025, 0.980796
 245033614, -0.1009641, -0.02305103, 0.01270302, 0.1280222, -0.1219847, 0.9846277, -0.1047577, -0.02560138, 0.04370725, 0.1312124, -0.131461, 0.9830046
 245233534, -0.1050319, -0.02404216, 0.03839294, 0.1237112, -0.1129269, 0.9862621, -0.1009641, -0.02305103, 0.01270302, 0.1280222, -0.1219847, 0.9846277
 245434287, -0.09305584, -0.0130534, 0.04243647, 0.1204036, -0.1041298, 0.9876063, -0.1050319, -0.02404216, 0.03839294, 0.1237112, -0.1129269, 0.9862621
 245634207, -0.08433861, -0.0194252, 0.04548863, 0.1171252, -0.09691043, 0.988722, -0.09305584, -0.0130534, 0.04243647, 0.1204036, -0.1041298, 0.9876063
 245834127, -0.109149, -0.01367458, 0.01365585, 0.1124495, -0.09005016, 0.9899366, -0.08433861, -0.0194252, 0.04548863, 0.1171252, -0.09691043, 0.988722
 246034047, -0.1100986, -0.02711534, 0.04299876, 0.1094083, -0.08412635, 0.9908104, -0.109149, -0.01367458, 0.01365585, 0.1124495, -0.09005016, 0.9899366
 246233967, -0.1054541, -0.001386373, 0.01357706, 0.1081078, -0.07724575, 0.9914765, -0.1100986, -0.02711534, 0.04299876, 0.1094083, -0.08412635, 0.9908104
 246433887, -0.1129274, -0.01148861, 0.01372852, 0.1051925, -0.07168802, 0.992222, -0.1054541, -0.001386373, 0.01357706, 0.1081078, -0.07724575, 0.9914765
 246633807, -0.09760349, -0.01953269, 0.04147631, 0.1039644, -0.06700148, 0.9926582, -0.1129274, -0.01148861, 0.01372852, 0.1051925, -0.07168802, 0.992222
 246833727, -0.101569, -0.01590374, 0.03698829, 0.1019511, -0.06242763, 0.9931638, -0.09760349, -0.01953269, 0.04147631, 0.1039644, -0.06700148, 0.9926582
 247033647, -0.09162827, -0.002007863, 0.04134313, 0.1015466, -0.05777659, 0.9934574, -0.101569, -0.01590374, 0.03698829, 0.1019511, -0.06242763, 0.9931638
 247233567, -0.1002653, -0.004957931, 0.01193275, 0.1001322, -0.05427451, 0.9938048, -0.09162827, -0.002007863, 0.04134313, 0.1015466, -0.05777659, 0.9934574
 247433487, -0.1058798, -0.006980336, 0.01242678, 0.09850433, -0.05095132, 0.9941502, -0.1002653, -0.004957931, 0.01193275, 0.1001322, -0.05427451, 0.9938048
 247634240, -0.08659992, 0.005145736, 0.01046414, 0.09921288, -0.04722125, 0.9942206, -0.1058798, -0.006980336, 0.01242678, 0.09850433, -0.05095132, 0.9941502
 247834160, -0.1012899, -0.004611843, 0.04201314, 0.09674256, -0.04451381, 0.9946197, -0.08659992, 0.005145736, 0.01046414, 0.09921288, -0.04722125, 0.9942206
 248034080, -0.1003473, -0.005602272, 0.03671446, 0.09564318, -0.04171535, 0.9948413, -0.1012899, -0.004611843, 0.04201314, 0.09674256, -0.04451381, 0.9946197
 248234000, -0.1045715, 0.008386913, 0.0424724, 0.09394998, -0.0386497, 0.9951233, -0.1003473, -0.005602272, 0.03671446, 0.09564318, -0.04171535, 0.9948413
 248433920, -0.08805741, 0.003221561, 0.04034834, 0.09459271, -0.0368606, 0.9950998, -0.1045715, 0.008386913, 0.0424724, 0.09394998, -0.0386497, 0.9951233
 248633840, -0.08519463, 0.000366434, 0.03989255, 0.09424876, -0.03509459, 0.9951892, -0.08805741, 0.003221561, 0.04034834, 0.09459271, -0.0368606, 0.9950998
 248833760, -0.10848, 0.007696485, 0.04260772, 0.09143557, -0.03308742, 0.995555, -0.08519463, 0.000366434, 0.03989255, 0.09424876, -0.03509459, 0.9951892
 249033680, -0.1113869, -0.003746027, 0.01240624, 0.0906467, -0.03212036, 0.9956616, -0.10848, 0.007696485, 0.04260772, 0.09143557, -0.03308742, 0.995555
 249233600, -0.09192551, -0.007014851, 0.03019444, 0.091249, -0.0308436, 0.9956122, -0.1113869, -0.003746027, 0.01240624, 0.0906467, -0.03212036, 0.9956616
 249433520, -0.08661695, 0.004429143, 0.03979135, 0.09076592, -0.02903025, 0.9956931, -0.09192551, -0.007014851, 0.03019444, 0.091249, -0.0308436, 0.9956122
