TimeUS,CGpN,CGpE,CGpD,CGpe,PGpN,PGpE,PGpD,PGpe
 8425795, 0, 0, 0, 2.5, 0, 0, 0, 0
 8606556, 0, 0, 0, 2.5, 0, 0, 0, 2.5
 8806476, 0, 0, 0, 2.5, 0, 0, 0, 2.5
 9006396, 0, 0, 0, 2.5, 0, 0, 0, 2.5
 9206316, 0, 0, 0, 2.5, 0, 0, 0, 2.5
 9406236, 0, 0, 0, 2.5, 0, 0, 0, 2.5
 9606156, 0, 0, 0, 2.5, 0, 0, 0, 2.5
 9806076, 0, 0, 0, 2.5, 0, 0, 0, 2.5
 10005996, 0, 0, 0, 2.5, 0, 0, 0, 2.5
 10205916, 0, 0, 0, 2.5, 0, 0, 0, 2.5
 10405836, 0, 0, 0, 2.5, 0, 0, 0, 2.5
 10606589, 0, 0, 0, 2.5, 0, 0, 0, 2.5
 10806509, 0, 0, 0, 2.5, 0, 0, 0, 2.5
 11006429, 0, 0, 0, 2.5, 0, 0, 0, 2.5
 11206349, 0, 0, 0, 2.5, 0, 0, 0, 2.5
 11406269, 0, 0, 0, 2.5, 0, 0, 0, 2.5
 11606189, 0, 0, 0, 2.5, 0, 0, 0, 2.5
 11806109, 0, 0, 0, 2.5, 0, 0, 0, 2.5
 12006029, 0, 0, 0, 2.5, 0, 0, 0, 2.5
 12205949, 0, 0, 0, 2.5, 0, 0, 0, 2.5
 12405869, 0, 0, 0, 2.5, 0, 0, 0, 2.5
 12605789, 0, 0, 0, 2.5, 0, 0, 0, 2.5
 12806542, 0, 0, 0, 2.5, 0, 0, 0, 2.5
 13006462, 0, 0, 0, 2.5, 0, 0, 0, 2.5
 13206382, 0, 0, 0, 2.5, 0, 0, 0, 2.5
 13406302, 0, 0, 0, 2.5, 0, 0, 0, 2.5
 13606222, 0, 0, 0, 2.5, 0, 0, 0, 2.5
 13806142, 0, 0, 0, 2.5, 0, 0, 0, 2.5
 14006062, 0, 0, 0, 2.5, 0, 0, 0, 2.5
 14205982, 0, 0, 0, 2.5, 0, 0, 0, 2.5
 14405902, 0, 0, 0, 2.5, 0, 0, 0, 2.5
 14605822, 0, 0, 0, 2.5, 0, 0, 0, 2.5
 14806575, 0, 0, 0, 2.5, 0, 0, 0, 2.5
 15006495, 0, 0, 0, 2.5, 0, 0, 0, 2.5
 15206415, 0, 0, 0, 2.5, 0, 0, 0, 2.5
 15406335, 0, 0, 0, 2.5, 0, 0, 0, 2.5
 15606255, 0, 0, 0, 2.5, 0, 0, 0, 2.5
 15806175, 0, 0, 0, 2.5, 0, 0, 0, 2.5
 16006095, 0, 0, 0, 2.5, 0, 0, 0, 2.5
 16206015, 0, 0, 0, 2.5, 0, 0, 0, 2.5
 16405935, 0, 0, 0, 2.5, 0, 0, 0, 2.5
 16605855, 0, 0, 0, 2.5, 0, 0, 0, 2.5
 16805775, 0, 0, 0, 2.5, 0, 0, 0, 2.5
 17006528, 0, 0, 0, 2.5, 0, 0, 0, 2.5
 17206448, 0, 0, 0, 2.5, 0, 0, 0, 2.5
 17406368, 0, 0, 0, 2.5, 0, 0, 0, 2.5
 17606288, 0, 0, 0, 2.5, 0, 0, 0, 2.5
 17806208, 0, 0, 0, 2.5, 0, 0, 0, 2.5
 18006128, 0, 0, 0, 2.5, 0, 0, 0, 2.5
 18206048, 0, 0, 0, 2.5, 0, 0, 0, 2.5
 18405968, 0, 0, 0, 2.5, 0, 0, 0, 2.5
 18605888, 0, 0, 0, 2.5, 0, 0, 0, 2.5
 18805808, 0, 0, 0, 2.5, 0, 0, 0, 2.5
 19006561, 0, 0, 0, 2.5, 0, 0, 0, 2.5
 19206481, 0, 0, 0, 2.5, 0, 0, 0, 2.5
 19406401, 0, 0, 0, 2.5, 0, 0, 0, 2.5
 19606321, 0, 0, 0, 2.5, 0, 0, 0, 2.5
 19806241, 0, 0, 0, 2.5, 0, 0, 0, 2.5
 20006161, 0, 0, 0, 2.5, 0, 0, 0, 2.5
 20206081, 0, 0, 0, 2.5, 0, 0, 0, 2.5
 20406001, 0, 0, 0, 2.5, 0, 0, 0, 2.5
 20605921, 0, 0, 0, 2.5, 0, 0, 0, 2.5
 20805841, 0, 0, 0, 2.5, 0, 0, 0, 2.5
 21005761, 0, 0, 0, 2.5, 0, 0, 0, 2.5
 21206514, 0, 0, 0, 2.5, 0, 0, 0, 2.5
 21406434, 0, 0, 0, 2.5, 0, 0, 0, 2.5
 21606354, 0, 0, 0, 2.5, 0, 0, 0, 2.5
 21806274, 0, 0, 0, 2.5, 0, 0, 0, 2.5
 22006194, 0, 0, 0, 2.5, 0, 0, 0, 2.5
 22206114, 0, 0, 0, 2.5, 0, 0, 0, 2.5
 22406034, 0, 0, 0, 2.5, 0, 0, 0, 2.5
 22605954, 0, 0, 0, 2.5, 0, 0, 0, 2.5
 22805874, 0, 0, 0, 2.5, 0, 0, 0, 2.5
 23005794, 0, 0, 0, 2.5, 0, 0, 0, 2.5
 23206547, 0, 0, 0, 2.5, 0, 0, 0, 2.5
 23406467, 0, 0, 0, 2.5, 0, 0, 0, 2.5
 23606387, 0, 0, 0, 2.5, 0, 0, 0, 2.5
 23806307, 0, 0, 0, 2.5, 0, 0, 0, 2.5
 24006227, 0, 0, 0, 2.5, 0, 0, 0, 2.5
 24206147, 0, 0, 0, 2.5, 0, 0, 0, 2.5
 24406067, 0, 0, 0, 2.5, 0, 0, 0, 2.5
 24605987, 0, 0, 0, 2.5, 0, 0, 0, 2.5
 24805907, 0, 0, 0, 2.5, 0, 0, 0, 2.5
 25005827, 0, 0, 0, 2.5, 0, 0, 0, 2.5
 25206580, 0, 0, 0, 2.5, 0, 0, 0, 2.5
 25406500, 0, 0, 0, 2.5, 0, 0, 0, 2.5
 25606420, 0, 0, 0, 2.5, 0, 0, 0, 2.5
 25806340, 0, 0, 0, 2.5, 0, 0, 0, 2.5
 26006260, 0, 0, 0, 2.5, 0, 0, 0, 2.5
 26206180, 0, 0, 0, 2.5, 0, 0, 0, 2.5
 26406100, 0, 0, 0, 2.5, 0, 0, 0, 2.5
 26606020, 0, 0, 0, 2.5, 0, 0, 0, 2.5
 26805940, 0, 0, 0, 2.5, 0, 0, 0, 2.5
 27005860, 0, 0, 0, 2.5, 0, 0, 0, 2.5
 27205780, 0, 0, 0, 2.5, 0, 0, 0, 2.5
 27406533, 0, 0, 0, 2.5, 0, 0, 0, 2.5
 27606453, 0, 0, 0, 2.5, 0, 0, 0, 2.5
 27806373, 0, 0, 0, 2.5, 0, 0, 0, 2.5
 28006293, 0, 0, 0, 2.5, 0, 0, 0, 2.5
 28206213, 0, 0, 0, 2.5, 0, 0, 0, 2.5
 28406133, 0, 0, 0, 2.5, 0, 0, 0, 2.5
 28606053, 0, 0, 0, 2.5, 0, 0, 0, 2.5
 28805973, 0, 0, 0, 2.5, 0, 0, 0, 2.5
 29005893, 0, 0, 0, 2.5, 0, 0, 0, 2.5
 29205813, 0, 0, 0, 2.5, 0, 0, 0, 2.5
 29406566, 0, 0, 0, 2.5, 0, 0, 0, 2.5
 29606486, 0, 0, 0, 2.5, 0, 0, 0, 2.5
 29806406, 0, 0, 0, 2.5, 0, 0, 0, 2.5
 30006326, 0, 0, 0, 2.5, 0, 0, 0, 2.5
 30206246, 0, 0, 0, 2.5, 0, 0, 0, 2.5
 30406166, 0, 0, 0, 2.5, 0, 0, 0, 2.5
 30606086, 0, 0, 0, 2.5, 0, 0, 0, 2.5
 30806006, 0, 0, 0, 2.5, 0, 0, 0, 2.5
 31005926, 0, 0, 0, 2.5, 0, 0, 0, 2.5
 31205846, 0, 0, 0, 2.5, 0, 0, 0, 2.5
 31405766, 0, 0, 0, 2.5, 0, 0, 0, 2.5
 31606519, 0, 0, 0, 2.5, 0, 0, 0, 2.5
 31806439, 0, 0, 0, 2.5, 0, 0, 0, 2.5
 32006359, 0, 0, 0, 2.5, 0, 0, 0, 2.5
 32206279, 0, 0, 0, 2.5, 0, 0, 0, 2.5
 32406199, 0, 0, 0, 2.5, 0, 0, 0, 2.5
 32606119, 0, 0, 0, 2.5, 0, 0, 0, 2.5
 32806039, 0, 0, 0, 2.5, 0, 0, 0, 2.5
 33005959, 0, 0, 0, 2.5, 0, 0, 0, 2.5
 33205879, 0, 0, 0, 2.5, 0, 0, 0, 2.5
 33405799, 0, 0, 0, 2.5, 0, 0, 0, 2.5
 33606552, 0, 0, 0, 2.5, 0, 0, 0, 2.5
 33806472, 0, 0, 0, 2.5, 0, 0, 0, 2.5
 34006392, 0, 0, 0, 2.5, 0, 0, 0, 2.5
 34206312, 0, 0, 0, 2.5, 0, 0, 0, 2.5
 34406232, 0, 0, 0, 2.5, 0, 0, 0, 2.5
 34606152, 0, 0, 0, 2.5, 0, 0, 0, 2.5
 34806072, 0, 0, 0, 2.5, 0, 0, 0, 2.5
 35005992, 0, 0, 0, 2.5, 0, 0, 0, 2.5
 35205912, 0, 0, 0, 2.5, 0, 0, 0, 2.5
 35405832, 0, 0, 0, 2.5, 0, 0, 0, 2.5
 35606585, 0, 0, 0, 2.5, 0, 0, 0, 2.5
 35806505, 0, 0, 0, 2.5, 0, 0, 0, 2.5
 36006425, 0, 0, 0, 2.5, 0, 0, 0, 2.5
 36206345, 0, 0, 0, 2.5, 0, 0, 0, 2.5
 36406265, 0, 0, 0, 2.5, 0, 0, 0, 2.5
 36606185, 0, 0, 0, 2.5, 0, 0, 0, 2.5
 36806105, 0, 0, 0, 2.5, 0, 0, 0, 2.5
 37006025, 0, 0, 0, 2.5, 0, 0, 0, 2.5
 37205945, 0, 0, 0, 2.5, 0, 0, 0, 2.5
 37405865, 0, 0, 0, 2.5, 0, 0, 0, 2.5
 37605785, 0, 0, 0, 2.5, 0, 0, 0, 2.5
 37806538, 0, 0, 0, 2.5, 0, 0, 0, 2.5
 38006458, 0, 0, 0, 2.5, 0, 0, 0, 2.5
 38206378, 0, 0, 0, 2.5, 0, 0, 0, 2.5
 38406298, 0, 0, 0, 2.5, 0, 0, 0, 2.5
 38606218, 0, 0, 0, 2.5, 0, 0, 0, 2.5
 38806138, 0, 0, 0, 2.5, 0, 0, 0, 2.5
 39006058, 0, 0, 0, 2.5, 0, 0, 0, 2.5
 39205978, 0, 0, 0, 2.5, 0, 0, 0, 2.5
 39405898, 0, 0, 0, 2.5, 0, 0, 0, 2.5
 39605818, 0, 0, 0, 2.5, 0, 0, 0, 2.5
 39806571, 0, 0, 0, 2.5, 0, 0, 0, 2.5
 40006491, 0, 0, 0, 2.5, 0, 0, 0, 2.5
 40206411, 0, 0, 0, 2.5, 0, 0, 0, 2.5
 40406331, 0, 0, 0, 2.5, 0, 0, 0, 2.5
 40606251, 0, 0, 0, 2.5, 0, 0, 0, 2.5
 40806171, 0, 0, 0, 2.5, 0, 0, 0, 2.5
 41006091, 0, 0, 0, 2.5, 0, 0, 0, 2.5
 41206011, 0, 0, 0, 2.5, 0, 0, 0, 2.5
 41405931, 0, 0, 0, 2.5, 0, 0, 0, 2.5
 41605851, 0, 0, 0, 2.5, 0, 0, 0, 2.5
 41805771, 0, 0, 0, 2.5, 0, 0, 0, 2.5
 42006524, 0, 0, 0, 2.5, 0, 0, 0, 2.5
 42206444, 0, 0, 0, 2.5, 0, 0, 0, 2.5
 42406364, 0, 0, 0, 2.5, 0, 0, 0, 2.5
 42606284, 0, 0, 0, 2.5, 0, 0, 0, 2.5
 42806204, 0, 0, 0, 2.5, 0, 0, 0, 2.5
 43006124, 0, 0, 0, 2.5, 0, 0, 0, 2.5
 43206044, 0, 0, 0, 2.5, 0, 0, 0, 2.5
 43405964, 0, 0, 0, 2.5, 0, 0, 0, 2.5
 43605884, 0, 0, 0, 2.5, 0, 0, 0, 2.5
 43805804, 0, 0, 0, 2.5, 0, 0, 0, 2.5
 44006557, 0, 0, 0, 2.5, 0, 0, 0, 2.5
 44206477, 0, 0, 0, 2.5, 0, 0, 0, 2.5
 44406397, 0, 0, 0, 2.5, 0, 0, 0, 2.5
 44606317, 0, 0, 0, 2.5, 0, 0, 0, 2.5
 44806237, 0, 0, 0, 2.5, 0, 0, 0, 2.5
 45006157, 0, 0, 0, 2.5, 0, 0, 0, 2.5
 45206077, 0, 0, 0, 2.5, 0, 0, 0, 2.5
 45405997, 0, 0, 0, 2.5, 0, 0, 0, 2.5
 45605917, 0, 0, 0, 2.5, 0, 0, 0, 2.5
 45805837, 0, 0, 0, 2.5, 0, 0, 0, 2.5
 46006590, 0, 0, 0, 2.5, 0, 0, 0, 2.5
 46206510, 0, 0, 0, 2.5, 0, 0, 0, 2.5
 46406430, 0, 0, 0, 2.5, 0, 0, 0, 2.5
 46606350, 0, 0, -0.038, 2.5, 0, 0, 0, 2.5
 46806270, 0, 0, -0.6810001, 2.5, 0, 0, -0.038, 2.5
 47006190, -0.001, -0.001, -1.658, 2.5, 0, 0, -0.6810001, 2.5
 47206110, -0.007, -0.008, -3.105, 2.5, -0.001, -0.001, -1.658, 2.5
 47406030, -0.014, -0.017, -3.899, 2.5, -0.007, -0.008, -3.105, 2.5
 47605950, -0.022, -0.025, -4.563, 2.5, -0.014, -0.017, -3.899, 2.5
 47805870, -0.029, -0.034, -5.203, 2.5, -0.022, -0.025, -4.563, 2.5
 48005790, -0.035, -0.042, -5.742, 2.5, -0.029, -0.034, -5.203, 2.5
 48206543, -0.04, -0.049, -6.189, 2.5, -0.035, -0.042, -5.742, 2.5
 48406463, -0.044, -0.056, -6.561, 2.5, -0.04, -0.049, -6.189, 2.5
 48606383, -0.047, -0.062, -6.87, 2.5, -0.044, -0.056, -6.561, 2.5
 48806303, -0.049, -0.066, -7.124001, 2.5, -0.047, -0.062, -6.87, 2.5
 49006223, -0.051, -0.068, -6.716001, 2.5, -0.049, -0.066, -7.124001, 2.5
 49206143, -0.053, -0.06900001, -6.085001, 2.5, -0.051, -0.068, -6.716001, 2.5
 49406063, -0.055, -0.06900001, -5.551, 2.5, -0.053, -0.06900001, -6.085001, 2.5
 49605983, -0.056, -0.07, -5.091, 2.5, -0.055, -0.06900001, -5.551, 2.5
 49805903, -0.059, -0.072, -4.693, 2.5, -0.056, -0.07, -5.091, 2.5
 50005823, -0.061, -0.074, -4.348, 2.5, -0.059, -0.072, -4.693, 2.5
 50206576, -0.064, -0.07700001, -4.045, 2.5, -0.061, -0.074, -4.348, 2.5
 50406496, -0.064, -0.078, -3.171, 2.5, -0.064, -0.07700001, -4.045, 2.5
 50606416, -0.064, -0.071, -2.289, 2.5, -0.064, -0.078, -3.171, 2.5
 50806336, -0.085, -0.036, -1.677, 2.5, -0.064, -0.071, -2.289, 2.5
 51006256, -0.127, 0.026, -1.228, 2.5, -0.085, -0.036, -1.677, 2.5
 51206176, -0.176, 0.122, -0.869, 2.5, -0.127, 0.026, -1.228, 2.5
 51406096, -0.248, 0.229, -0.577, 2.5, -0.176, 0.122, -0.869, 2.5
 51606016, -0.344, 0.343, -0.349, 2.5, -0.248, 0.229, -0.577, 2.5
 51805936, -0.43, 0.47, -0.177, 2.5, -0.344, 0.343, -0.349, 2.5
 52005856, -0.521, 0.6070001, -0.046, 2.5, -0.43, 0.47, -0.177, 2.5
 52205776, -0.638, 0.7460001, 0.053, 2.5, -0.521, 0.6070001, -0.046, 2.5
 52406529, -0.776, 0.8940001, 0.134, 2.5, -0.638, 0.7460001, 0.053, 2.5
 52606449, -0.9260001, 1.052, 0.206, 2.5, -0.776, 0.8940001, 0.134, 2.5
 52806369, -1.09, 1.232, 0.275, 2.5, -0.9260001, 1.052, 0.206, 2.5
 53006289, -1.266, 1.427, 0.349, 2.5, -1.09, 1.232, 0.275, 2.5
 53206209, -1.466, 1.631, 0.429, 2.5, -1.266, 1.427, 0.349, 2.5
 53406129, -1.702, 1.86, 0.515, 2.5, -1.466, 1.631, 0.429, 2.5
 53606049, -1.965, 2.12, 0.604, 2.5, -1.702, 1.86, 0.515, 2.5
 53805969, -2.236, 2.406, 0.693, 2.5, -1.965, 2.12, 0.604, 2.5
 54005889, -2.518, 2.706, 0.78, 2.5, -2.236, 2.406, 0.693, 2.5
 54205809, -2.816, 3.017, 0.8650001, 2.5, -2.518, 2.706, 0.78, 2.5
 54406562, -3.112, 3.334, 0.946, 2.5, -2.816, 3.017, 0.8650001, 2.5
 54606482, -3.368, 3.649, 1.019, 2.5, -3.112, 3.334, 0.946, 2.5
 54806402, -3.603, 3.941, 1.085, 2.5, -3.368, 3.649, 1.019, 2.5
 55006322, -3.807, 4.203, 1.143, 2.5, -3.603, 3.941, 1.085, 2.5
 55206242, -3.983, 4.441, 1.193, 2.5, -3.807, 4.203, 1.143, 2.5
 55406162, -4.131, 4.656, 1.235, 2.5, -3.983, 4.441, 1.193, 2.5
 55606082, -4.261, 4.831, 1.27, 2.5, -4.131, 4.656, 1.235, 2.5
 55806002, -4.374, 4.969, 1.298, 2.5, -4.261, 4.831, 1.27, 2.5
 56005922, -4.491, 5.071, 1.319, 2.5, -4.374, 4.969, 1.298, 2.5
 56205842, -4.588, 5.154, 1.333, 2.5, -4.491, 5.071, 1.319, 2.5
 56405762, -4.653, 5.231, 1.342, 2.5, -4.588, 5.154, 1.333, 2.5
 56606515, -4.7, 5.314, 1.346, 2.5, -4.653, 5.231, 1.342, 2.5
 56806435, -4.746, 5.401, 1.343, 2.5, -4.7, 5.314, 1.346, 2.5
 57006355, -4.778, 5.473, 1.334, 2.5, -4.746, 5.401, 1.343, 2.5
 57206275, -4.809, 5.523, 1.325, 2.5, -4.778, 5.473, 1.334, 2.5
 57406195, -4.838, 5.548, 1.316, 2.5, -4.809, 5.523, 1.325, 2.5
 57606115, -4.861, 5.553, 1.311, 2.5, -4.838, 5.548, 1.316, 2.5
 57806035, -4.88, 5.554, 1.308, 2.5, -4.861, 5.553, 1.311, 2.5
 58005955, -4.89, 5.559, 1.307, 2.5, -4.88, 5.554, 1.308, 2.5
 58205875, -4.888, 5.565, 1.308, 2.5, -4.89, 5.559, 1.307, 2.5
 58405795, -4.891, 5.572, 1.311, 2.5, -4.888, 5.565, 1.308, 2.5
 58606548, -4.906, 5.582, 1.314, 2.5, -4.891, 5.572, 1.311, 2.5
 58806468, -4.921, 5.585, 1.316, 2.5, -4.906, 5.582, 1.314, 2.5
 59006388, -4.921, 5.572, 1.313, 2.5, -4.921, 5.585, 1.316, 2.5
 59206308, -4.9, 5.534, 1.306, 2.5, -4.921, 5.572, 1.313, 2.5
 59406228, -4.854, 5.462, 1.292, 2.5, -4.9, 5.534, 1.306, 2.5
 59606148, -4.782, 5.362, 1.271, 2.5, -4.854, 5.462, 1.292, 2.5
 59806068, -4.68, 5.243, 1.241, 2.5, -4.782, 5.362, 1.271, 2.5
 60005988, -4.55, 5.106, 1.203, 2.5, -4.68, 5.243, 1.241, 2.5
 60205908, -4.395, 4.947, 1.156, 2.5, -4.55, 5.106, 1.203, 2.5
 60405828, -4.211, 4.771, 1.1, 2.5, -4.395, 4.947, 1.156, 2.5
 60606581, -3.998, 4.556, 1.036, 2.5, -4.211, 4.771, 1.1, 2.5
 60806501, -3.775, 4.313, 0.9630001, 2.5, -3.998, 4.556, 1.036, 2.5
 61006421, -3.498, 4.032, 0.883, 2.5, -3.775, 4.313, 0.9630001, 2.5
 61206341, -3.129, 3.698, 0.795, 2.5, -3.498, 4.032, 0.883, 2.5
 61406261, -2.683, 3.327, 0.6990001, 2.5, -3.129, 3.698, 0.795, 2.5
 61606181, -2.171, 2.94, 0.6, 2.5, -2.683, 3.327, 0.6990001, 2.5
 61806101, -1.605, 2.567, 0.502, 2.5, -2.171, 2.94, 0.6, 2.5
 62006021, -1.001, 2.191, 0.409, 2.5, -1.605, 2.567, 0.502, 2.5
 62205941, -0.372, 1.826, 0.326, 2.5, -1.001, 2.191, 0.409, 2.5
 62405861, 0.262, 1.478, 0.254, 2.5, -0.372, 1.826, 0.326, 2.5
 62605781, 0.9160001, 1.16, 0.194, 2.5, 0.262, 1.478, 0.254, 2.5
 62806534, 1.587, 0.874, 0.143, 2.5, 0.9160001, 1.16, 0.194, 2.5
 63006454, 2.259, 0.6160001, 0.1, 2.5, 1.587, 0.874, 0.143, 2.5
 63206374, 2.926, 0.381, 0.06500001, 2.5, 2.259, 0.6160001, 0.1, 2.5
 63406294, 3.579, 0.18, 0.034, 2.5, 2.926, 0.381, 0.06500001, 2.5
 63606214, 4.169, 0.006, 0.008, 2.5, 3.579, 0.18, 0.034, 2.5
 63806134, 4.689, -0.133, -0.011, 2.5, 4.169, 0.006, 0.008, 2.5
 64006054, 5.158, -0.214, -0.025, 2.5, 4.689, -0.133, -0.011, 2.5
 64205974, 5.597, -0.241, -0.032, 2.5, 5.158, -0.214, -0.025, 2.5
 64405894, 6.017, -0.231, -0.034, 2.5, 5.597, -0.241, -0.032, 2.5
 64605814, 6.411, -0.212, -0.034, 2.5, 6.017, -0.231, -0.034, 2.5
 64806567, 6.778, -0.198, -0.032, 2.5, 6.411, -0.212, -0.034, 2.5
 65006487, 7.138, -0.196, -0.031, 2.5, 6.778, -0.198, -0.032, 2.5
 65206407, 7.48, -0.2, -0.031, 2.5, 7.138, -0.196, -0.031, 2.5
 65406327, 7.807, -0.2, -0.03, 2.5, 7.48, -0.2, -0.031, 2.5
 65606247, 8.120001, -0.192, -0.03, 2.5, 7.807, -0.2, -0.03, 2.5
 65806167, 8.406, -0.172, -0.032, 2.5, 8.120001, -0.192, -0.03, 2.5
 66006087, 8.657001, -0.149, -0.032, 2.5, 8.406, -0.172, -0.032, 2.5
 66206007, 8.88, -0.125, -0.031, 2.5, 8.657001, -0.149, -0.032, 2.5
 66405927, 9.069, -0.104, -0.033, 2.5, 8.88, -0.125, -0.031, 2.5
 66605847, 9.209001, -0.09, -0.034, 2.5, 9.069, -0.104, -0.033, 2.5
 66805767, 9.315001, -0.08800001, -0.032, 2.5, 9.209001, -0.09, -0.034, 2.5
 67006520, 9.405001, -0.103, -0.029, 2.5, 9.315001, -0.08800001, -0.032, 2.5
 67206440, 9.461, -0.112, -0.029, 2.5, 9.405001, -0.103, -0.029, 2.5
 67406360, 9.499001, -0.111, -0.026, 2.5, 9.461, -0.112, -0.029, 2.5
 67606280, 9.519, -0.102, -0.023, 2.5, 9.499001, -0.111, -0.026, 2.5
 67806200, 9.541, -0.093, -0.018, 2.5, 9.519, -0.102, -0.023, 2.5
 68006120, 9.571, -0.086, -0.015, 2.5, 9.541, -0.093, -0.018, 2.5
 68206040, 9.598001, -0.083, -0.014, 2.5, 9.571, -0.086, -0.015, 2.5
 68405960, 9.622001, -0.08400001, -0.012, 2.5, 9.598001, -0.083, -0.014, 2.5
 68605880, 9.647, -0.089, -0.011, 2.5, 9.622001, -0.08400001, -0.012, 2.5
 68805800, 9.659, -0.09900001, -0.011, 2.5, 9.647, -0.089, -0.011, 2.5
 69006553, 9.684, -0.106, -0.007, 2.5, 9.659, -0.09900001, -0.011, 2.5
 69206473, 9.719001, -0.105, -0.005, 2.5, 9.684, -0.106, -0.007, 2.5
 69406393, 9.735001, -0.09100001, -0.006, 2.5, 9.719001, -0.105, -0.005, 2.5
 69606313, 9.744, -0.074, -0.005, 2.5, 9.735001, -0.09100001, -0.006, 2.5
 69806233, 9.754001, -0.059, -0.002, 2.5, 9.744, -0.074, -0.005, 2.5
 70006153, 9.767, -0.046, 0, 2.5, 9.754001, -0.059, -0.002, 2.5
 70206073, 9.791, -0.025, 0.002, 2.5, 9.767, -0.046, 0, 2.5
 70405993, 9.813001, -0.002, 0.002, 2.5, 9.791, -0.025, 0.002, 2.5
 70605913, 9.825001, 0.018, 0.002, 2.5, 9.813001, -0.002, 0.002, 2.5
 70805833, 9.839001, 0.029, 0.003, 2.5, 9.825001, 0.018, 0.002, 2.5
 71006586, 9.858001, 0.022, 0.005, 2.5, 9.839001, 0.029, 0.003, 2.5
 71206506, 9.889001, 0.015, 0.006, 2.5, 9.858001, 0.022, 0.005, 2.5
 71406426, 9.908001, 0.016, 0.003, 2.5, 9.889001, 0.015, 0.006, 2.5
 71606346, 9.888, 0.003, -0.001, 2.5, 9.908001, 0.016, 0.003, 2.5
 71806266, 9.809, -0.005, -0.005, 2.5, 9.888, 0.003, -0.001, 2.5
 72006186, 9.674001, -0.001, -0.007, 2.5, 9.809, -0.005, -0.005, 2.5
 72206106, 9.491, 0.005, -0.006, 2.5, 9.674001, -0.001, -0.007, 2.5
 72406026, 9.27, 0.021, -0.002, 2.5, 9.491, 0.005, -0.006, 2.5
 72605946, 9.021001, 0.04, 0.001, 2.5, 9.27, 0.021, -0.002, 2.5
 72805866, 8.733001, 0.068, 0.005, 2.5, 9.021001, 0.04, 0.001, 2.5
 73005786, 8.414001, 0.086, 0.011, 2.5, 8.733001, 0.068, 0.005, 2.5
 73206539, 8.066, 0.09, 0.016, 2.5, 8.414001, 0.086, 0.011, 2.5
 73406459, 7.673, 0.079, 0.021, 2.5, 8.066, 0.09, 0.016, 2.5
 73606379, 7.24, 0.083, 0.026, 2.5, 7.673, 0.079, 0.021, 2.5
 73806299, 6.762, 0.09900001, 0.031, 2.5, 7.24, 0.083, 0.026, 2.5
 74006219, 6.262, 0.141, 0.034, 2.5, 6.762, 0.09900001, 0.031, 2.5
 74206139, 5.756, 0.223, 0.034, 2.5, 6.262, 0.141, 0.034, 2.5
 74406059, 5.243, 0.334, 0.03, 2.5, 5.756, 0.223, 0.034, 2.5
 74605979, 4.727, 0.481, 0.026, 2.5, 5.243, 0.334, 0.03, 2.5
 74805899, 4.192, 0.671, 0.022, 2.5, 4.727, 0.481, 0.026, 2.5
 75005819, 3.649, 0.9070001, 0.018, 2.5, 4.192, 0.671, 0.022, 2.5
 75206572, 3.115, 1.192, 0.016, 2.5, 3.649, 0.9070001, 0.018, 2.5
 75406492, 2.59, 1.524, 0.015, 2.5, 3.115, 1.192, 0.016, 2.5
 75606412, 2.095, 1.895, 0.014, 2.5, 2.59, 1.524, 0.015, 2.5
 75806332, 1.65, 2.296, 0.015, 2.5, 2.095, 1.895, 0.014, 2.5
 76006252, 1.253, 2.735, 0.016, 2.5, 1.65, 2.296, 0.015, 2.5
 76206172, 0.9020001, 3.199, 0.018, 2.5, 1.253, 2.735, 0.016, 2.5
 76406092, 0.583, 3.676, 0.019, 2.5, 0.9020001, 3.199, 0.018, 2.5
 76606012, 0.308, 4.156, 0.02, 2.5, 0.583, 3.676, 0.019, 2.5
 76805932, 0.09100001, 4.667, 0.022, 2.5, 0.308, 4.156, 0.02, 2.5
 77005852, -0.081, 5.171, 0.02, 2.5, 0.09100001, 4.667, 0.022, 2.5
 77205772, -0.217, 5.651, 0.02, 2.5, -0.081, 5.171, 0.02, 2.5
 77406525, -0.316, 6.129, 0.02, 2.5, -0.217, 5.651, 0.02, 2.5
 77606445, -0.372, 6.602, 0.021, 2.5, -0.316, 6.129, 0.02, 2.5
 77806365, -0.372, 7.073, 0.019, 2.5, -0.372, 6.602, 0.021, 2.5
 78006285, -0.323, 7.519001, 0.015, 2.5, -0.372, 7.073, 0.019, 2.5
 78206205, -0.281, 7.921, 0.011, 2.5, -0.323, 7.519001, 0.015, 2.5
 78406125, -0.253, 8.276, 0.008, 2.5, -0.281, 7.921, 0.011, 2.5
 78606045, -0.213, 8.583, 0.006, 2.5, -0.253, 8.276, 0.008, 2.5
 78805965, -0.177, 8.847, 0.004, 2.5, -0.213, 8.583, 0.006, 2.5
 79005885, -0.148, 9.070001, 0.002, 2.5, -0.177, 8.847, 0.004, 2.5
 79205805, -0.131, 9.264001, 0, 2.5, -0.148, 9.070001, 0.002, 2.5
 79406558, -0.122, 9.432, -0.001, 2.5, -0.131, 9.264001, 0, 2.5
 79606478, -0.114, 9.556001, -0.007, 2.5, -0.122, 9.432, -0.001, 2.5
 79806398, -0.12, 9.638, -0.01, 2.5, -0.114, 9.556001, -0.007, 2.5
 80006318, -0.134, 9.690001, -0.012, 2.5, -0.12, 9.638, -0.01, 2.5
 80206238, -0.129, 9.717, -0.013, 2.5, -0.134, 9.690001, -0.012, 2.5
 80406158, -0.122, 9.713, -0.015, 2.5, -0.129, 9.717, -0.013, 2.5
 80606078, -0.121, 9.71, -0.012, 2.5, -0.122, 9.713, -0.015, 2.5
 80805998, -0.14, 9.718, -0.009000001, 2.5, -0.121, 9.71, -0.012, 2.5
 81005918, -0.166, 9.738001, -0.007, 2.5, -0.14, 9.718, -0.009000001, 2.5
 81205838, -0.181, 9.761001, -0.008, 2.5, -0.166, 9.738001, -0.007, 2.5
 81406591, -0.175, 9.774, -0.009000001, 2.5, -0.181, 9.761001, -0.008, 2.5
 81606511, -0.175, 9.789001, -0.008, 2.5, -0.175, 9.774, -0.009000001, 2.5
 81806431, -0.178, 9.81, -0.007, 2.5, -0.175, 9.789001, -0.008, 2.5
 82006351, -0.183, 9.84, -0.007, 2.5, -0.178, 9.81, -0.007, 2.5
 82206271, -0.187, 9.859, -0.009000001, 2.5, -0.183, 9.84, -0.007, 2.5
 82406191, -0.187, 9.862, -0.01, 2.5, -0.187, 9.859, -0.009000001, 2.5
 82606111, -0.185, 9.859, -0.009000001, 2.5, -0.187, 9.862, -0.01, 2.5
 82806031, -0.181, 9.865001, -0.006, 2.5, -0.185, 9.859, -0.009000001, 2.5
 83005951, -0.172, 9.879001, -0.004, 2.5, -0.181, 9.865001, -0.006, 2.5
 83205871, -0.145, 9.898001, -0.004, 2.5, -0.172, 9.879001, -0.004, 2.5
 83405791, -0.111, 9.907001, -0.005, 2.5, -0.145, 9.898001, -0.004, 2.5
 83606544, -0.075, 9.911, -0.004, 2.5, -0.111, 9.907001, -0.005, 2.5
 83806464, -0.049, 9.912001, -0.004, 2.5, -0.075, 9.911, -0.004, 2.5
 84006384, -0.033, 9.916, -0.003, 2.5, -0.049, 9.912001, -0.004, 2.5
 84206304, -0.033, 9.917001, -0.002, 2.5, -0.033, 9.916, -0.003, 2.5
 84406224, -0.019, 9.928, -0.001, 2.5, -0.033, 9.917001, -0.002, 2.5
 84606144, 0.002, 9.945001, 0, 2.5, -0.019, 9.928, -0.001, 2.5
 84806064, 0.019, 9.974001, 0, 2.5, 0.002, 9.945001, 0, 2.5
 85005984, 0.026, 10.014, 0.001, 2.5, 0.019, 9.974001, 0, 2.5
 85205904, 0.026, 10.043, -0.001, 2.5, 0.026, 10.014, 0.001, 2.5
 85405824, 0.027, 10.065, -0.002, 2.5, 0.026, 10.043, -0.001, 2.5
 85606577, 0.026, 10.078, -0.002, 2.5, 0.027, 10.065, -0.002, 2.5
 85806497, 0.025, 10.084, -0.003, 2.5, 0.026, 10.078, -0.002, 2.5
 86006417, 0.032, 10.067, -0.005, 2.5, 0.025, 10.084, -0.003, 2.5
 86206337, 0.043, 10.043, -0.005, 2.5, 0.032, 10.067, -0.005, 2.5
 86406257, 0.058, 10.01, -0.004, 2.5, 0.043, 10.043, -0.005, 2.5
 86606177, 0.08000001, 9.989, 0, 2.5, 0.058, 10.01, -0.004, 2.5
 86806097, 0.108, 9.996, 0.001, 2.5, 0.08000001, 9.989, 0, 2.5
 87006017, 0.128, 10.005, 0, 2.5, 0.108, 9.996, 0.001, 2.5
 87205937, 0.142, 10.007, -0.001, 2.5, 0.128, 10.005, 0, 2.5
 87405857, 0.154, 10.003, -0.002, 2.5, 0.142, 10.007, -0.001, 2.5
 87605777, 0.134, 9.988, -0.001, 2.5, 0.154, 10.003, -0.002, 2.5
 87806530, 0.112, 9.957001, -0.004, 2.5, 0.134, 9.988, -0.001, 2.5
 88006450, 0.08500001, 9.912, -0.004, 2.5, 0.112, 9.957001, -0.004, 2.5
 88206370, 0.07100001, 9.874001, -0.002, 2.5, 0.08500001, 9.912, -0.004, 2.5
 88406290, 0.05400001, 9.853, 0, 2.5, 0.07100001, 9.874001, -0.002, 2.5
 88606210, 0.03400002, 9.843, 0, 2.5, 0.05400001, 9.853, 0, 2.5
 88806130, 0.009000003, 9.834001, 0, 2.5, 0.03400002, 9.843, 0, 2.5
 89006050, 0, 9.821001, 0, 2.5, 0.009000003, 9.834001, 0, 2.5
 89205970, 0, 9.814, 0.002, 2.5, 0, 9.821001, 0, 2.5
 89405890, 0, 9.819, 0.003, 2.5, 0, 9.814, 0.002, 2.5
 89605810, 0, 9.84, 0.005, 2.5, 0, 9.819, 0.003, 2.5
 89806563, 0, 9.860001, 0.003, 2.5, 0, 9.84, 0.005, 2.5
 90006483, 0, 9.874001, 0.003, 2.5, 0, 9.860001, 0.003, 2.5
 90206403, 0, 9.893001, 0.004, 2.5, 0, 9.874001, 0.003, 2.5
 90406323, 0, 9.913, 0.003, 2.5, 0, 9.893001, 0.004, 2.5
 90606243, 0, 9.928, 0.002, 2.5, 0, 9.913, 0.003, 2.5
 90806163, 0, 9.939, 0.001, 2.5, 0, 9.928, 0.002, 2.5
 91006083, 0, 9.945001, 0, 2.5, 0, 9.939, 0.001, 2.5
 91206003, 0, 9.948, 0.001, 2.5, 0, 9.945001, 0, 2.5
 91405923, 0, 9.949001, 0.001, 2.5, 0, 9.948, 0.001, 2.5
 91605843, 0, 9.948, 0.001, 2.5, 0, 9.949001, 0.001, 2.5
 91805763, 0, 9.945001, 0.001, 2.5, 0, 9.948, 0.001, 2.5
 92006516, 0, 9.940001, 0.002, 2.5, 0, 9.945001, 0.001, 2.5
 92206436, 0, 9.934001, 0.002, 2.5, 0, 9.940001, 0.002, 2.5
 92406356, 0, 9.928, 0.002, 2.5, 0, 9.934001, 0.002, 2.5
 92606276, 0, 9.922001, 0.002, 2.5, 0, 9.928, 0.002, 2.5
 92806196, 0, 9.914001, 0.001, 2.5, 0, 9.922001, 0.002, 2.5
 93006116, 0, 9.905, 0.001, 2.5, 0, 9.914001, 0.001, 2.5
 93206036, 0, 9.893001, 0.001, 2.5, 0, 9.905, 0.001, 2.5
 93405956, 0, 9.881001, 0.001, 2.5, 0, 9.893001, 0.001, 2.5
 93605876, 0, 9.868001, 0.002, 2.5, 0, 9.881001, 0.001, 2.5
 93805796, 0, 9.855, 0.001, 2.5, 0, 9.868001, 0.002, 2.5
 94006549, 0, 9.842001, 0.001, 2.5, 0, 9.855, 0.001, 2.5
 94206469, 0, 9.827001, 0.002, 2.5, 0, 9.842001, 0.001, 2.5
 94406389, 0, 9.813001, 0.002, 2.5, 0, 9.827001, 0.002, 2.5
 94606309, 0, 9.797, 0.002, 2.5, 0, 9.813001, 0.002, 2.5
 94806229, 0, 9.782001, 0.002, 2.5, 0, 9.797, 0.002, 2.5
 95006149, 0, 9.766001, 0.002, 2.5, 0, 9.782001, 0.002, 2.5
 95206069, 0, 9.750001, 0.001, 2.5, 0, 9.766001, 0.002, 2.5
 95405989, 0, 9.733001, 0.001, 2.5, 0, 9.750001, 0.001, 2.5
 95605909, 0, 9.712001, 0, 2.5, 0, 9.733001, 0.001, 2.5
 95805829, 0, 9.633, -0.011, 2.5, 0, 9.712001, 0, 2.5
 96006582, 0, 9.488001, -0.016, 2.5, 0, 9.633, -0.011, 2.5
 96206502, 0, 9.309, -0.017, 2.5, 0, 9.488001, -0.016, 2.5
 96406422, 0, 9.086, -0.019, 2.5, 0, 9.309, -0.017, 2.5
 96606342, 0, 8.808001, -0.02, 2.5, 0, 9.086, -0.019, 2.5
 96806262, 0, 8.471001, -0.02, 2.5, 0, 8.808001, -0.02, 2.5
 97006182, 0, 8.078, -0.017, 2.5, 0, 8.471001, -0.02, 2.5
 97206102, 0, 7.631, -0.013, 2.5, 0, 8.078, -0.017, 2.5
 97406022, 0, 7.143001, -0.008, 2.5, 0, 7.631, -0.013, 2.5
 97605942, 0, 6.629, -0.005, 2.5, 0, 7.143001, -0.008, 2.5
 97805862, 0, 6.117001, -0.005, 2.5, 0, 6.629, -0.005, 2.5
 98005782, 0, 5.610001, -0.009000001, 2.5, 0, 6.117001, -0.005, 2.5
 98206535, 0, 5.086, -0.014, 2.5, 0, 5.610001, -0.009000001, 2.5
 98406455, 0, 4.537, -0.02, 2.5, 0, 5.086, -0.014, 2.5
 98606375, 0, 3.976, -0.028, 2.5, 0, 4.537, -0.02, 2.5
 98806295, 0, 3.421, -0.038, 2.5, 0, 3.976, -0.028, 2.5
 99006215, 0, 2.867001, -0.047, 2.5, 0, 3.421, -0.038, 2.5
 99206135, 0, 2.324, -0.053, 2.5, 0, 2.867001, -0.047, 2.5
 99406055, 0, 1.826, -0.055, 2.5, 0, 2.324, -0.053, 2.5
 99605975, 0, 1.39, -0.049, 2.5, 0, 1.826, -0.055, 2.5
 99805895, 0, 1.028, -0.034, 2.5, 0, 1.39, -0.049, 2.5
 100005815, 0, 0.783, -0.009000001, 2.5, 0, 1.028, -0.034, 2.5
 100206568, 0, 0.6360002, 0.031, 2.5, 0, 0.783, -0.009000001, 2.5
 100406488, 0, 0.5480001, 0.086, 2.5, 0, 0.6360002, 0.031, 2.5
 100606408, 0, 0.498, 0.153, 2.5, 0, 0.5480001, 0.086, 2.5
 100806328, 0, 0.4680001, 0.209, 2.5, 0, 0.498, 0.153, 2.5
 101006248, 0, 0.4390001, 0.242, 2.5, 0, 0.4680001, 0.209, 2.5
 101206168, 0, 0.3980001, 0.252, 2.5, 0, 0.4390001, 0.242, 2.5
 101406088, 0, 0.3510001, 0.246, 2.5, 0, 0.3980001, 0.252, 2.5
 101606008, 0, 0.3040001, 0.231, 2.5, 0, 0.3510001, 0.246, 2.5
 101805928, 0, 0.266, 0.213, 2.5, 0, 0.3040001, 0.231, 2.5
 102005848, 0, 0.23, 0.196, 2.5, 0, 0.266, 0.213, 2.5
 102205768, 0, 0.1720001, 0.185, 2.5, 0, 0.23, 0.196, 2.5
 102406521, 0, 0.08000004, 0.181, 2.5, 0, 0.1720001, 0.185, 2.5
 102606441, 0, 0, 0.185, 2.5, 0, 0.08000004, 0.181, 2.5
 102806361, 0, 0, 0.197, 2.5, 0, 0, 0.185, 2.5
 103006281, 0, 0, 0.216, 2.5, 0, 0, 0.197, 2.5
 103206201, 0, 0, 0.24, 2.5, 0, 0, 0.216, 2.5
 103406121, 0, 0, 0.269, 2.5, 0, 0, 0.24, 2.5
 103606041, 0, 0, 0.301, 2.5, 0, 0, 0.269, 2.5
 103805961, 0, 0, 0.334, 2.5, 0, 0, 0.301, 2.5
 104005881, 0, 0, 0.369, 2.5, 0, 0, 0.334, 2.5
 104205801, 0, 0, 0.403, 2.5, 0, 0, 0.369, 2.5
 104406554, 0, 0, 0.434, 2.5, 0, 0, 0.403, 2.5
 104606474, 0, 0, 0.462, 2.5, 0, 0, 0.434, 2.5
 104806394, 0, 0, 0.48, 2.5, 0, 0, 0.462, 2.5
 105006314, 0, 0, 0.478, 2.5, 0, 0, 0.48, 2.5
 105206234, 0, 0, 0.419, 2.5, 0, 0, 0.478, 2.5
 105406154, 0, 0, 0.32, 2.5, 0, 0, 0.419, 2.5
 105606074, 0, 0, 0.207, 2.5, 0, 0, 0.32, 2.5
 105805994, 0, 0, 0.089, 2.5, 0, 0, 0.207, 2.5
 106005914, 0, 0, -0.022, 2.5, 0, 0, 0.089, 2.5
 106205834, 0, 0.0480001, -0.109, 2.5, 0, 0, -0.022, 2.5
 106406587, 0, 0.3410002, -0.157, 2.5, 0, 0.0480001, -0.109, 2.5
 106606507, 0, 0.5990001, -0.168, 2.5, 0, 0.3410002, -0.157, 2.5
 106806427, 0, 0.835, -0.152, 2.5, 0, 0.5990001, -0.168, 2.5
 107006347, 0, 1.065, -0.12, 2.5, 0, 0.835, -0.152, 2.5
 107206267, 0, 1.291, -0.086, 2.5, 0, 1.065, -0.12, 2.5
 107406187, 0, 1.507, -0.06, 2.5, 0, 1.291, -0.086, 2.5
 107606107, 0, 1.705, -0.049, 2.5, 0, 1.507, -0.06, 2.5
 107806027, 0, 1.88, -0.053, 2.5, 0, 1.705, -0.049, 2.5
 108005947, 0, 2.026, -0.072, 2.5, 0, 1.88, -0.053, 2.5
 108205867, 0, 2.141, -0.103, 2.5, 0, 2.026, -0.072, 2.5
 108405787, 0, 2.224, -0.139, 2.5, 0, 2.141, -0.103, 2.5
 108606540, 0, 2.281, -0.174, 2.5, 0, 2.224, -0.139, 2.5
 108806460, 0, 2.311, -0.206, 2.5, 0, 2.281, -0.174, 2.5
 109006380, 0, 2.319, -0.231, 2.5, 0, 2.311, -0.206, 2.5
 109206300, 0, 2.307, -0.25, 2.5, 0, 2.319, -0.231, 2.5
 109406220, 0, 2.277, -0.262, 2.5, 0, 2.307, -0.25, 2.5
 109606140, 0, 2.235, -0.268, 2.5, 0, 2.277, -0.262, 2.5
 109806060, 0, 2.183, -0.27, 2.5, 0, 2.235, -0.268, 2.5
 110005980, 0, 2.121, -0.268, 2.5, 0, 2.183, -0.27, 2.5
 110205900, 0, 2.05, -0.262, 2.5, 0, 2.121, -0.268, 2.5
 110405820, 0, 1.973, -0.254, 2.5, 0, 2.05, -0.262, 2.5
 110606573, 0, 1.89, -0.243, 2.5, 0, 1.973, -0.254, 2.5
 110806493, 0, 1.807, -0.23, 2.5, 0, 1.89, -0.243, 2.5
 111006413, 0, 1.722, -0.215, 2.5, 0, 1.807, -0.23, 2.5
 111206333, 0, 1.635, -0.2, 2.5, 0, 1.722, -0.215, 2.5
 111406253, 0, 1.548, -0.184, 2.5, 0, 1.635, -0.2, 2.5
 111606173, 0, 1.462, -0.168, 2.5, 0, 1.548, -0.184, 2.5
 111806093, 0, 1.377, -0.153, 2.5, 0, 1.462, -0.168, 2.5
 112006013, 0, 1.292, -0.139, 2.5, 0, 1.377, -0.153, 2.5
 112205933, 0, 1.208, -0.126, 2.5, 0, 1.292, -0.139, 2.5
 112405853, 0, 1.126, -0.113, 2.5, 0, 1.208, -0.126, 2.5
 112605773, 0, 1.046, -0.102, 2.5, 0, 1.126, -0.113, 2.5
 112806526, 0, 0.9680002, -0.09100001, 2.5, 0, 1.046, -0.102, 2.5
 113006446, 0, 0.8930001, -0.081, 2.5, 0, 0.9680002, -0.09100001, 2.5
 113206366, 0, 0.8180003, -0.072, 2.5, 0, 0.8930001, -0.081, 2.5
 113406286, 0, 0.7460003, -0.064, 2.5, 0, 0.8180003, -0.072, 2.5
 113606206, 0, 0.6760004, -0.058, 2.5, 0, 0.7460003, -0.064, 2.5
 113806126, 0, 0.608, -0.052, 2.5, 0, 0.6760004, -0.058, 2.5
 114006046, 0, 0.543, -0.047, 2.5, 0, 0.608, -0.052, 2.5
 114205966, 0, 0.4810002, -0.043, 2.5, 0, 0.543, -0.047, 2.5
 114405886, 0, 0.4220002, -0.041, 2.5, 0, 0.4810002, -0.043, 2.5
 114605806, 0, 0.3670001, -0.039, 2.5, 0, 0.4220002, -0.041, 2.5
 114806559, 0, 0.3130002, -0.037, 2.5, 0, 0.3670001, -0.039, 2.5
 115006479, 0, 0.2620001, -0.036, 2.5, 0, 0.3130002, -0.037, 2.5
 115206399, 0, 0.2140002, -0.036, 2.5, 0, 0.2620001, -0.036, 2.5
 115406319, 0, 0.1680002, -0.036, 2.5, 0, 0.2140002, -0.036, 2.5
 115606239, 0, 0.1240003, -0.037, 2.5, 0, 0.1680002, -0.036, 2.5
 115806159, 0, 0.08300018, -0.038, 2.5, 0, 0.1240003, -0.037, 2.5
 116006079, 0, 0.04400015, -0.039, 2.5, 0, 0.08300018, -0.038, 2.5
 116205999, 0, 0.006000042, -0.04, 2.5, 0, 0.04400015, -0.039, 2.5
 116405919, 0, 0, -0.042, 2.5, 0, 0.006000042, -0.04, 2.5
 116605839, 0, 0, -0.043, 2.5, 0, 0, -0.042, 2.5
 116806592, 0, 0, -0.045, 2.5, 0, 0, -0.043, 2.5
 117006512, 0, 0, -0.046, 2.5, 0, 0, -0.045, 2.5
 117206432, 0, 0, -0.048, 2.5, 0, 0, -0.046, 2.5
 117406352, 0, 0, -0.049, 2.5, 0, 0, -0.048, 2.5
 117606272, 0, 0, -0.05, 2.5, 0, 0, -0.049, 2.5
 117806192, 0, 0, -0.051, 2.5, 0, 0, -0.05, 2.5
 118006112, 0, 0, -0.051, 2.5, 0, 0, -0.051, 2.5
 118206032, 0, 0, -0.052, 2.5, 0, 0, -0.051, 2.5
 118405952, 0, 0, -0.052, 2.5, 0, 0, -0.052, 2.5
 118605872, 0, 0, -0.052, 2.5, 0, 0, -0.052, 2.5
 118805792, 0, 0, -0.051, 2.5, 0, 0, -0.052, 2.5
 119006545, 0, 0, -0.051, 2.5, 0, 0, -0.051, 2.5
 119206465, 0, 0, -0.051, 2.5, 0, 0, -0.051, 2.5
 119406385, 0, 0, -0.05, 2.5, 0, 0, -0.051, 2.5
 119606305, 0, 0, -0.049, 2.5, 0, 0, -0.05, 2.5
 119806225, 0, 0, -0.048, 2.5, 0, 0, -0.049, 2.5
 120006145, 0, 0, -0.047, 2.5, 0, 0, -0.048, 2.5
 120206065, 0, 0, -0.045, 2.5, 0, 0, -0.047, 2.5
 120405985, 0, 0, -0.043, 2.5, 0, 0, -0.045, 2.5
 120605905, 0, 0, -0.041, 2.5, 0, 0, -0.043, 2.5
 120805825, 0, 0, -0.038, 2.5, 0, 0, -0.041, 2.5
 121006578, 0, 0, -0.036, 2.5, 0, 0, -0.038, 2.5
 121206498, 0, 0, -0.033, 2.5, 0, 0, -0.036, 2.5
 121406418, 0, 0, -0.031, 2.5, 0, 0, -0.033, 2.5
 121606338, 0, 0, -0.029, 2.5, 0, 0, -0.031, 2.5
 121806258, 0, 0, -0.026, 2.5, 0, 0, -0.029, 2.5
 122006178, 0, 0, -0.023, 2.5, 0, 0, -0.026, 2.5
 122206098, 0, 0, -0.02, 2.5, 0, 0, -0.023, 2.5
 122406018, 0, 0, -0.018, 2.5, 0, 0, -0.02, 2.5
 122605938, 0, 0, -0.015, 2.5, 0, 0, -0.018, 2.5
 122805858, 0, 0, -0.013, 2.5, 0, 0, -0.015, 2.5
 123005778, 0, 0, -0.01, 2.5, 0, 0, -0.013, 2.5
 123206531, 0, 0, -0.008, 2.5, 0, 0, -0.01, 2.5
 123406451, 0, 0, -0.005, 2.5, 0, 0, -0.008, 2.5
 123606371, 0, 0, -0.004, 2.5, 0, 0, -0.005, 2.5
 123806291, 0, 0, -0.002, 2.5, 0, 0, -0.004, 2.5
 124006211, 0, 0, 0, 2.5, 0, 0, -0.002, 2.5
 124206131, 0, 0, 0.001, 2.5, 0, 0, 0, 2.5
 124406051, 0, 0, 0.003, 2.5, 0, 0, 0.001, 2.5
 124605971, 0, 0, 0.003, 2.5, 0, 0, 0.003, 2.5
 124805891, 0, 0, -0.01, 2.5, 0, 0, 0.003, 2.5
 125005811, 0, 0, -0.061, 2.5, 0, 0, -0.01, 2.5
 125206564, 0, 0, -0.08000001, 2.5, 0, 0, -0.061, 2.5
 125406484, 0, 0, -0.075, 2.5, 0, 0, -0.08000001, 2.5
 125606404, 0, 0, -0.06500001, 2.5, 0, 0, -0.075, 2.5
 125806324, 0, 0.03000021, -0.057, 2.5, 0, 0, -0.06500001, 2.5
 126006244, 0, 0.1950004, -0.05, 2.5, 0, 0.03000021, -0.057, 2.5
 126206164, 0, 0.3150001, -0.042, 2.5, 0, 0.1950004, -0.05, 2.5
 126406084, 0, 0.3990002, -0.033, 2.5, 0, 0.3150001, -0.042, 2.5
 126606004, 0, 0.4650002, -0.019, 2.5, 0, 0.3990002, -0.033, 2.5
 126805924, 0, 0.5280004, -0.003, 2.5, 0, 0.4650002, -0.019, 2.5
 127005844, 0, 0.5950003, 0.013, 2.5, 0, 0.5280004, -0.003, 2.5
 127205764, 0, 0.6680002, 0.029, 2.5, 0, 0.5950003, 0.013, 2.5
 127406517, 0, 0.7450004, 0.04, 2.5, 0, 0.6680002, 0.029, 2.5
 127606437, 0, 0.8190002, 0.046, 2.5, 0, 0.7450004, 0.04, 2.5
 127806357, 0, 0.8850002, 0.047, 2.5, 0, 0.8190002, 0.046, 2.5
 128006277, 0, 0.9400001, 0.046, 2.5, 0, 0.8850002, 0.047, 2.5
 128206197, 0, 0.9860005, 0.044, 2.5, 0, 0.9400001, 0.046, 2.5
 128406117, 0, 1.026, 0.04, 2.5, 0, 0.9860005, 0.044, 2.5
 128606037, 0, 1.061, 0.036, 2.5, 0, 1.026, 0.04, 2.5
 128805957, 0, 1.094, 0.032, 2.5, 0, 1.061, 0.036, 2.5
 129005877, 0, 1.124001, 0.027, 2.5, 0, 1.094, 0.032, 2.5
 129205797, 0, 1.152, 0.02, 2.5, 0, 1.124001, 0.027, 2.5
 129406550, 0, 1.176001, 0.014, 2.5, 0, 1.152, 0.02, 2.5
 129606470, 0, 1.196001, 0.007, 2.5, 0, 1.176001, 0.014, 2.5
 129806390, 0, 1.212, 0.001, 2.5, 0, 1.196001, 0.007, 2.5
 130006310, 0, 1.223, -0.004, 2.5, 0, 1.212, 0.001, 2.5
 130206230, 0, 1.231, -0.009000001, 2.5, 0, 1.223, -0.004, 2.5
 130406150, 0, 1.235, -0.013, 2.5, 0, 1.231, -0.009000001, 2.5
 130606070, 0, 1.237, -0.014, 2.5, 0, 1.235, -0.013, 2.5
 130805990, 0, 1.237, -0.017, 2.5, 0, 1.237, -0.014, 2.5
 131005910, 0, 1.235, -0.019, 2.5, 0, 1.237, -0.017, 2.5
 131205830, 0, 1.23, -0.021, 2.5, 0, 1.235, -0.019, 2.5
 131406583, 0, 1.221, -0.023, 2.5, 0, 1.23, -0.021, 2.5
 131606503, 0, 1.209, -0.025, 2.5, 0, 1.221, -0.023, 2.5
 131806423, 0, 1.195, -0.025, 2.5, 0, 1.209, -0.025, 2.5
 132006343, 0, 1.179, -0.025, 2.5, 0, 1.195, -0.025, 2.5
 132206263, 0, 1.161, -0.024, 2.5, 0, 1.179, -0.025, 2.5
 132406183, 0, 1.141, -0.023, 2.5, 0, 1.161, -0.024, 2.5
 132606103, 0, 1.119, -0.022, 2.5, 0, 1.141, -0.023, 2.5
 132806023, 0, 1.096, -0.021, 2.5, 0, 1.119, -0.022, 2.5
 133005943, 0, 1.071, -0.019, 2.5, 0, 1.096, -0.021, 2.5
 133205863, 0, 1.045001, -0.018, 2.5, 0, 1.071, -0.019, 2.5
 133405783, 0, 1.018, -0.016, 2.5, 0, 1.045001, -0.018, 2.5
 133606536, 0, 0.9890003, -0.014, 2.5, 0, 1.018, -0.016, 2.5
 133806456, 0, 0.9600005, -0.012, 2.5, 0, 0.9890003, -0.014, 2.5
 134006376, 0, 0.9300003, -0.01, 2.5, 0, 0.9600005, -0.012, 2.5
 134206296, 0, 0.8980002, -0.009000001, 2.5, 0, 0.9300003, -0.01, 2.5
 134406216, 0, 0.8670006, -0.007, 2.5, 0, 0.8980002, -0.009000001, 2.5
 134606136, 0, 0.8340006, -0.006, 2.5, 0, 0.8670006, -0.007, 2.5
 134806056, 0, 0.7430005, 0.006, 2.5, 0, 0.8340006, -0.006, 2.5
 135005976, 0, 0.335, 0.06500001, 2.5, 0, 0.7430005, 0.006, 2.5
 135205896, 0, 0, 0.09100001, 2.5, 0, 0.335, 0.06500001, 2.5
 135405816, 0, 0, 0.087, 2.5, 0, 0, 0.09100001, 2.5
 135606569, 0, 0, 0.07300001, 2.5, 0, 0, 0.087, 2.5
 135806489, 0, 0, 0.059, 2.5, 0, 0, 0.07300001, 2.5
 136006409, 0, 0, 0.051, 2.5, 0, 0, 0.059, 2.5
 136206329, 0, 0, 0.049, 2.5, 0, 0, 0.051, 2.5
 136406249, 0, 0, 0.052, 2.5, 0, 0, 0.049, 2.5
 136606169, 0, 0, 0.055, 2.5, 0, 0, 0.052, 2.5
 136806089, 0, 0, 0.058, 2.5, 0, 0, 0.055, 2.5
 137006009, 0, 0, 0.062, 2.5, 0, 0, 0.058, 2.5
 137205929, 0, 0, 0.067, 2.5, 0, 0, 0.062, 2.5
 137405849, 0, 0, 0.07300001, 2.5, 0, 0, 0.067, 2.5
 137605769, 0, 0, 0.082, 2.5, 0, 0, 0.07300001, 2.5
 137806522, 0, 0, 0.09100001, 2.5, 0, 0, 0.082, 2.5
 138006442, 0, 0, 0.09900001, 2.5, 0, 0, 0.09100001, 2.5
 138206362, 0, 0, 0.104, 2.5, 0, 0, 0.09900001, 2.5
 138406282, 0, 0, 0.106, 2.5, 0, 0, 0.104, 2.5
 138606202, 0, 0, 0.104, 2.5, 0, 0, 0.106, 2.5
 138806122, 0, 0, 0.101, 2.5, 0, 0, 0.104, 2.5
 139006042, 0, 0, 0.09500001, 2.5, 0, 0, 0.101, 2.5
 139205962, 0, 0, 0.08800001, 2.5, 0, 0, 0.09500001, 2.5
 139405882, 0, 0, 0.08000001, 2.5, 0, 0, 0.08800001, 2.5
 139605802, 0, 0, 0.072, 2.5, 0, 0, 0.08000001, 2.5
 139806555, 0, 0, 0.063, 2.5, 0, 0, 0.072, 2.5
 140006475, 0, 0, 0.054, 2.5, 0, 0, 0.063, 2.5
 140206395, 0, 0, 0.045, 2.5, 0, 0, 0.054, 2.5
 140406315, 0, 0, 0.035, 2.5, 0, 0, 0.045, 2.5
 140606235, 0, 0, 0.026, 2.5, 0, 0, 0.035, 2.5
 140806155, 0, 0, 0.017, 2.5, 0, 0, 0.026, 2.5
 141006075, 0, 0, 0.009000001, 2.5, 0, 0, 0.017, 2.5
 141205995, 0, 0, 0.001, 2.5, 0, 0, 0.009000001, 2.5
 141405915, 0, 0, -0.006, 2.5, 0, 0, 0.001, 2.5
 141605835, 0, 0, -0.013, 2.5, 0, 0, -0.006, 2.5
 141806588, 0, 0, -0.019, 2.5, 0, 0, -0.013, 2.5
 142006508, 0, 0, -0.025, 2.5, 0, 0, -0.019, 2.5
 142206428, 0, 0, -0.03, 2.5, 0, 0, -0.025, 2.5
 142406348, 0, 0, -0.035, 2.5, 0, 0, -0.03, 2.5
 142606268, 0, 0, -0.04, 2.5, 0, 0, -0.035, 2.5
 142806188, 0, 0, -0.043, 2.5, 0, 0, -0.04, 2.5
 143006108, 0, 0, -0.045, 2.5, 0, 0, -0.043, 2.5
 143206028, 0, 0, -0.047, 2.5, 0, 0, -0.045, 2.5
 143405948, 0, 0, -0.049, 2.5, 0, 0, -0.047, 2.5
 143605868, 0, 0, -0.05, 2.5, 0, 0, -0.049, 2.5
 143805788, 0, 0, -0.05, 2.5, 0, 0, -0.05, 2.5
 144006541, 0, 0, -0.05, 2.5, 0, 0, -0.05, 2.5
 144206461, 0, 0, -0.05, 2.5, 0, 0, -0.05, 2.5
 144406381, 0, 0, -0.049, 2.5, 0, 0, -0.05, 2.5
 144606301, 0, 0, -0.049, 2.5, 0, 0, -0.049, 2.5
 144806221, 0, 0, -0.047, 2.5, 0, 0, -0.049, 2.5
 145006141, 0, 0, -0.046, 2.5, 0, 0, -0.047, 2.5
 145206061, 0, 0, -0.044, 2.5, 0, 0, -0.046, 2.5
 145405981, 0, 0, -0.042, 2.5, 0, 0, -0.044, 2.5
 145605901, 0, 0, -0.04, 2.5, 0, 0, -0.042, 2.5
 145805821, 0, 0, -0.037, 2.5, 0, 0, -0.04, 2.5
 146006574, 0, 0, -0.035, 2.5, 0, 0, -0.037, 2.5
 146206494, 0, 0, -0.033, 2.5, 0, 0, -0.035, 2.5
 146406414, 0, 0, -0.03, 2.5, 0, 0, -0.033, 2.5
 146606334, 0, 0, -0.027, 2.5, 0, 0, -0.03, 2.5
 146806254, 0, 0, -0.025, 2.5, 0, 0, -0.027, 2.5
 147006174, 0, 0, -0.022, 2.5, 0, 0, -0.025, 2.5
 147206094, 0, 0, -0.02, 2.5, 0, 0, -0.022, 2.5
 147406014, 0, 0, -0.018, 2.5, 0, 0, -0.02, 2.5
 147605934, 0, 0, -0.016, 2.5, 0, 0, -0.018, 2.5
 147805854, 0, 0, -0.014, 2.5, 0, 0, -0.016, 2.5
 148005774, -11.516, 0.32, -0.012, 2.5, 0, 0, -0.014, 2.5
 148206527, -11.512, 0.353, -0.01, 2.5, -11.516, 0.32, -0.012, 2.5
 148406447, -11.516, 0.419, -0.04, 2.5, -11.512, 0.353, -0.01, 2.5
 148606367, -11.517, 0.634, -0.134, 2.5, -11.516, 0.419, -0.04, 2.5
 148806287, -11.499, 0.883, -0.181, 2.5, -11.517, 0.634, -0.134, 2.5
 149006207, -11.478, 1.128, -0.197, 2.5, -11.499, 0.883, -0.181, 2.5
 149206127, -11.453, 1.353, -0.2, 2.5, -11.478, 1.128, -0.197, 2.5
 149406047, -11.333, 1.547, -0.212, 2.5, -11.453, 1.353, -0.2, 2.5
 149605967, -10.598, 1.54, -0.28, 2.5, -11.333, 1.547, -0.212, 2.5
 149805887, -9.702001, 1.408, -0.177, 2.5, -10.598, 1.54, -0.28, 2.5
 150005807, -8.887, 1.262, 0.011, 2.5, -9.702001, 1.408, -0.177, 2.5
 150206560, -8.171, 1.125, 0.247, 2.5, -8.887, 1.262, 0.011, 2.5
 150406480, -7.546, 1.002, 0.516, 2.5, -8.171, 1.125, 0.247, 2.5
 150606400, -6.993001, 0.8930001, 0.8010001, 2.5, -7.546, 1.002, 0.516, 2.5
 150806320, -6.497, 0.7970001, 1.056, 2.5, -6.993001, 0.8930001, 0.8010001, 2.5
 151006240, -6.048, 0.707, 1.254, 2.5, -6.497, 0.7970001, 1.056, 2.5
 151206160, -5.639, 0.622, 1.372, 2.5, -6.048, 0.707, 1.254, 2.5
 151406080, -5.264, 0.539, 1.401, 2.5, -5.639, 0.622, 1.372, 2.5
 151606000, -4.919, 0.459, 1.339, 2.5, -5.264, 0.539, 1.401, 2.5
 151805920, -4.604, 0.382, 1.229, 2.5, -4.919, 0.459, 1.339, 2.5
 152005840, -4.314, 0.311, 1.095, 2.5, -4.604, 0.382, 1.229, 2.5
 152205760, -4.049, 0.245, 0.9490001, 2.5, -4.314, 0.311, 1.095, 2.5
 152406513, -3.804, 0.185, 0.798, 2.5, -4.049, 0.245, 0.9490001, 2.5
 152606433, -3.58, 0.131, 0.6580001, 2.5, -3.804, 0.185, 0.798, 2.5
 152806353, -3.374, 0.081, 0.5330001, 2.5, -3.58, 0.131, 0.6580001, 2.5
 153006273, -3.185, 0.037, 0.428, 2.5, -3.374, 0.081, 0.5330001, 2.5
 153206193, -3.01, -0.002, 0.348, 2.5, -3.185, 0.037, 0.428, 2.5
 153406113, -2.847, -0.037, 0.291, 2.5, -3.01, -0.002, 0.348, 2.5
 153606033, -2.697, -0.068, 0.256, 2.5, -2.847, -0.037, 0.291, 2.5
 153805953, -2.557, -0.094, 0.243, 2.5, -2.697, -0.068, 0.256, 2.5
 154005873, -2.427, -0.117, 0.247, 2.5, -2.557, -0.094, 0.243, 2.5
 154205793, -2.306, -0.136, 0.264, 2.5, -2.427, -0.117, 0.247, 2.5
 154406546, -2.192, -0.151, 0.294, 2.5, -2.306, -0.136, 0.264, 2.5
 154606466, -2.087, -0.164, 0.33, 2.5, -2.192, -0.151, 0.294, 2.5
 154806386, -1.987, -0.175, 0.37, 2.5, -2.087, -0.164, 0.33, 2.5
 155006306, -1.893, -0.183, 0.408, 2.5, -1.987, -0.175, 0.37, 2.5
 155206226, -1.804, -0.188, 0.444, 2.5, -1.893, -0.183, 0.408, 2.5
 155406146, -1.721, -0.192, 0.479, 2.5, -1.804, -0.188, 0.444, 2.5
 155606066, -1.643, -0.195, 0.509, 2.5, -1.721, -0.192, 0.479, 2.5
 155805986, -1.569, -0.198, 0.53, 2.5, -1.643, -0.195, 0.509, 2.5
 156005906, -1.499, -0.198, 0.545, 2.5, -1.569, -0.198, 0.53, 2.5
 156205826, -1.433, -0.198, 0.554, 2.5, -1.499, -0.198, 0.545, 2.5
 156406579, -1.37, -0.196, 0.557, 2.5, -1.433, -0.198, 0.554, 2.5
 156606499, -1.311, -0.193, 0.553, 2.5, -1.37, -0.196, 0.557, 2.5
 156806419, -1.255, -0.189, 0.548, 2.5, -1.311, -0.193, 0.553, 2.5
 157006339, -1.202, -0.185, 0.538, 2.5, -1.255, -0.189, 0.548, 2.5
 157206259, -1.153, -0.18, 0.518, 2.5, -1.202, -0.185, 0.538, 2.5
 157406179, -1.105, -0.176, 0.493, 2.5, -1.153, -0.18, 0.518, 2.5
 157606099, -1.059, -0.171, 0.466, 2.5, -1.105, -0.176, 0.493, 2.5
 157806019, -1.017, -0.165, 0.444, 2.5, -1.059, -0.171, 0.466, 2.5
 158005939, -0.9760001, -0.16, 0.427, 2.5, -1.017, -0.165, 0.444, 2.5
 158205859, -0.937, -0.153, 0.416, 2.5, -0.9760001, -0.16, 0.427, 2.5
 158405779, -0.9, -0.146, 0.407, 2.5, -0.937, -0.153, 0.416, 2.5
 158606532, -0.8650001, -0.14, 0.405, 2.5, -0.9, -0.146, 0.407, 2.5
 158806452, -0.832, -0.134, 0.408, 2.5, -0.8650001, -0.14, 0.405, 2.5
 159006372, -0.8010001, -0.128, 0.413, 2.5, -0.832, -0.134, 0.408, 2.5
 159206292, -0.77, -0.121, 0.422, 2.5, -0.8010001, -0.128, 0.413, 2.5
 159406212, -0.7410001, -0.114, 0.431, 2.5, -0.77, -0.121, 0.422, 2.5
 159606132, -0.7130001, -0.108, 0.442, 2.5, -0.7410001, -0.114, 0.431, 2.5
 159806052, -0.687, -0.102, 0.456, 2.5, -0.7130001, -0.108, 0.442, 2.5
 160005972, -0.6620001, -0.097, 0.468, 2.5, -0.687, -0.102, 0.456, 2.5
 160205892, -0.6390001, -0.09200001, 0.478, 2.5, -0.6620001, -0.097, 0.468, 2.5
 160405812, -0.617, -0.08800001, 0.489, 2.5, -0.6390001, -0.09200001, 0.478, 2.5
 160606565, -0.596, -0.083, 0.495, 2.5, -0.617, -0.08800001, 0.489, 2.5
 160806485, -0.576, -0.078, 0.5, 2.5, -0.596, -0.083, 0.495, 2.5
 161006405, -0.559, -0.074, 0.505, 2.5, -0.576, -0.078, 0.5, 2.5
 161206325, -0.541, -0.07, 0.507, 2.5, -0.559, -0.074, 0.505, 2.5
 161406245, -0.524, -0.066, 0.508, 2.5, -0.541, -0.07, 0.507, 2.5
 161606165, -0.507, -0.062, 0.508, 2.5, -0.524, -0.066, 0.508, 2.5
 161806085, -0.491, -0.058, 0.506, 2.5, -0.507, -0.062, 0.508, 2.5
 162006005, -0.476, -0.053, 0.503, 2.5, -0.491, -0.058, 0.506, 2.5
 162205925, -0.462, -0.049, 0.503, 2.5, -0.476, -0.053, 0.503, 2.5
 162405845, -0.448, -0.048, 0.5, 2.5, -0.462, -0.049, 0.503, 2.5
 162605765, -0.436, -0.048, 0.499, 2.5, -0.448, -0.048, 0.5, 2.5
 162806518, -0.425, -0.048, 0.499, 2.5, -0.436, -0.048, 0.499, 2.5
 163006438, -0.413, -0.047, 0.499, 2.5, -0.425, -0.048, 0.499, 2.5
 163206358, -0.402, -0.045, 0.498, 2.5, -0.413, -0.047, 0.499, 2.5
 163406278, -0.391, -0.045, 0.496, 2.5, -0.402, -0.045, 0.498, 2.5
 163606198, -0.381, -0.044, 0.496, 2.5, -0.391, -0.045, 0.496, 2.5
 163806118, -0.371, -0.045, 0.497, 2.5, -0.381, -0.044, 0.496, 2.5
 164006038, -0.362, -0.044, 0.5, 2.5, -0.371, -0.045, 0.497, 2.5
 164205958, -0.354, -0.045, 0.499, 2.5, -0.362, -0.044, 0.5, 2.5
 164405878, -0.347, -0.045, 0.497, 2.5, -0.354, -0.045, 0.499, 2.5
 164605798, -0.34, -0.046, 0.499, 2.5, -0.347, -0.045, 0.497, 2.5
 164806551, -0.333, -0.047, 0.499, 2.5, -0.34, -0.046, 0.499, 2.5
 165006471, -0.326, -0.048, 0.498, 2.5, -0.333, -0.047, 0.499, 2.5
 165206391, -0.319, -0.048, 0.479, 2.5, -0.326, -0.048, 0.498, 2.5
 165406311, -0.313, -0.049, 0.428, 2.5, -0.319, -0.048, 0.479, 2.5
 165606231, -0.307, -0.051, 0.407, 2.5, -0.313, -0.049, 0.428, 2.5
 165806151, -0.302, -0.052, 0.408, 2.5, -0.307, -0.051, 0.407, 2.5
 166006071, -0.296, -0.053, 0.42, 2.5, -0.302, -0.052, 0.408, 2.5
 166205991, -0.292, -0.054, 0.437, 2.5, -0.296, -0.053, 0.42, 2.5
 166405911, -0.287, -0.055, 0.454, 2.5, -0.292, -0.054, 0.437, 2.5
 166605831, -0.283, -0.056, 0.468, 2.5, -0.287, -0.055, 0.454, 2.5
 166806584, -0.279, -0.058, 0.48, 2.5, -0.283, -0.056, 0.468, 2.5
 167006504, -0.275, -0.059, 0.489, 2.5, -0.279, -0.058, 0.48, 2.5
 167206424, -0.271, -0.061, 0.494, 2.5, -0.275, -0.059, 0.489, 2.5
 167406344, -0.267, -0.063, 0.498, 2.5, -0.271, -0.061, 0.494, 2.5
 167606264, -0.263, -0.064, 0.499, 2.5, -0.267, -0.063, 0.498, 2.5
 167806184, -0.26, -0.066, 0.5, 2.5, -0.263, -0.064, 0.499, 2.5
 168006104, -0.256, -0.06900001, 0.5, 2.5, -0.26, -0.066, 0.5, 2.5
 168206024, -0.253, -0.071, 0.499, 2.5, -0.256, -0.06900001, 0.5, 2.5
 168405944, -0.251, -0.07300001, 0.498, 2.5, -0.253, -0.071, 0.499, 2.5
 168605864, -0.248, -0.075, 0.497, 2.5, -0.251, -0.07300001, 0.498, 2.5
 168805784, -0.246, -0.078, 0.497, 2.5, -0.248, -0.075, 0.497, 2.5
 169006537, -0.244, -0.08000001, 0.496, 2.5, -0.246, -0.078, 0.497, 2.5
 169206457, -0.241, -0.083, 0.496, 2.5, -0.244, -0.08000001, 0.496, 2.5
 169406377, -0.239, -0.085, 0.495, 2.5, -0.241, -0.083, 0.496, 2.5
 169606297, -0.237, -0.08800001, 0.495, 2.5, -0.239, -0.085, 0.495, 2.5
 169806217, -0.235, -0.09100001, 0.496, 2.5, -0.237, -0.08800001, 0.495, 2.5
 170006137, -0.233, -0.093, 0.496, 2.5, -0.235, -0.09100001, 0.496, 2.5
 170206057, -0.232, -0.096, 0.495, 2.5, -0.233, -0.093, 0.496, 2.5
 170405977, -0.23, -0.098, 0.495, 2.5, -0.232, -0.096, 0.495, 2.5
 170605897, -0.228, -0.101, 0.495, 2.5, -0.23, -0.098, 0.495, 2.5
 170805817, -0.227, -0.103, 0.494, 2.5, -0.228, -0.101, 0.495, 2.5
 171006570, -0.162, -0.07600001, 0.357, 2.5, -0.227, -0.103, 0.494, 2.5
 171206490, 0.066, 0.031, -0.142, 2.5, -0.162, -0.07600001, 0.357, 2.5
 171406410, 0.013, 0.006, -0.031, 2.5, 0.066, 0.031, -0.142, 2.5
 171606330, -0.01, -0.004, 0.022, 2.5, 0.013, 0.006, -0.031, 2.5
 171806250, 0, 0, 0.001, 2.5, -0.01, -0.004, 0.022, 2.5
 172006170, 0.001, 0, -0.003, 2.5, 0, 0, 0.001, 2.5
 172206090, 0, 0, 0, 2.5, 0.001, 0, -0.003, 2.5
 172406010, 0, 0, 0, 2.5, 0, 0, 0, 2.5
 172605930, 0, 0, 0, 2.5, 0, 0, 0, 2.5
 172805850, 0, 0, 0, 2.5, 0, 0, 0, 2.5
 173005770, 0, 0, 0, 2.5, 0, 0, 0, 2.5
 173206523, 0, 0, 0, 2.5, 0, 0, 0, 2.5
