TimeUS,CAN,CAE,CAD,CAe
 3560242, 0, 0, 0, 0
 3640210, 0.00162528, 0.001265202, -0.0188317, 0.6736071
 3740170, -6.378624E-05, 5.749457E-05, -0.001024447, 0.01859937
 3840963, -5.87756E-05, 6.374445E-05, -0.0009802198, 0.01875436
 3940923, -0.0001337899, 2.406721E-05, -0.001017421, 0.01859937
 4040883, -0.0001955183, 3.812335E-05, -0.0008993269, 0.01859937
 4140843, -9.449072E-06, -6.003785E-05, -0.001132722, 0.01859937
 4240803, -0.0001036252, 0.0001307419, -0.00106521, 0.01859007
 4340763, 9.909093E-05, 8.582932E-05, -0.001040719, 0.01859007
 4440723, -2.807134E-05, 5.950821E-05, -0.001023074, 0.01859007
 4540683, 3.742971E-07, -3.958411E-05, -0.001063103, 0.01859007
 4640643, -6.936335E-05, 2.644554E-05, -0.000821033, 0.01859007
 4740603, -7.404562E-05, 0.0001183094, -0.001037078, 0.01859007
 4840563, 7.436646E-05, 0.0001354383, -0.0009369344, 0.01859007
 4940523, -8.299637E-05, 1.202022E-05, -0.001062197, 0.01859007
 5040483, -5.318461E-05, 0.000149204, -0.0009842272, 0.01859007
 5140443, -2.598904E-05, 7.333558E-05, -0.0008585451, 0.01859007
 5240403, 4.097634E-05, 0.0001602372, -0.001094266, 0.01859007
 5340363, -2.477368E-05, 5.802285E-06, -0.0009776495, 0.01859007
 5440323, -1.820776E-05, 4.038413E-05, -0.0009483644, 0.01859007
 5540283, 5.08087E-05, 0.0001548575, -0.0009148751, 0.01859007
 5640243, -0.0001012506, 0.0001038945, -0.0008581732, 0.01859007
 5740203, -8.985219E-05, 7.118174E-05, -0.001030328, 0.01859007
 5840163, -4.222652E-05, 0.0003020092, -0.0009907001, 0.01859007
 5940956, -0.0001178955, 2.679684E-06, -0.001170212, 0.01874498
 6040916, 0.0001030881, 3.684238E-05, -0.001008365, 0.01859007
 6140876, -5.508718E-05, 0.0001749143, -0.001076668, 0.01859007
 6240836, -5.383607E-05, 8.883818E-05, -0.001084685, 0.01859937
 6340796, -4.996351E-05, 0.000155676, -0.001009327, 0.01859937
 6440756, -5.661484E-06, 6.899158E-05, -0.001029909, 0.01859937
 6540716, -0.0001040401, 8.78052E-06, -0.0009752091, 0.01859937
 6640676, -6.891642E-07, -4.728974E-05, -0.0008999943, 0.01859937
 6740636, -5.352593E-05, 0.0001432928, -0.0009032736, 0.01859937
 6840596, -1.684185E-05, 5.303219E-05, -0.001076191, 0.01859937
 6940556, 6.793132E-05, 0.0001711375, -0.001053579, 0.01859937
 7040516, -9.093914E-05, 0.0001078705, -0.0008778874, 0.01859937
 7140476, -1.595321E-05, 0.0001232504, -0.0008765623, 0.01859937
 7240436, -0.0001880758, 8.134306E-05, -0.000929756, 0.01859007
 7340396, -3.841078E-05, 0.0002379695, -0.001017621, 0.01859007
 7440356, 7.769674E-05, 3.643559E-05, -0.0009829212, 0.01859007
 7540316, -9.109013E-05, 0.0001391198, -0.0009965914, 0.01859007
 7640276, 2.519386E-05, 0.0001399705, -0.0009178685, 0.01859007
 7740236, -0.0001180544, 0.0001632687, -0.0009765531, 0.01859007
 7840196, -0.0001139439, 6.403094E-05, -0.0008614145, 0.01859007
 7940156, -0.0001413757, 7.929932E-05, -0.001082521, 0.01859007
 8040949, -7.861937E-05, 2.760125E-05, -0.0008453332, 0.01874498
 8140909, -0.0001319086, -6.580095E-05, -0.001023827, 0.01859007
 8240869, -4.237121E-06, 3.856899E-05, -0.0009620822, 0.01859937
 8340829, 8.662832E-05, 3.829547E-05, -0.0009455903, 0.01859937
 8440789, 4.912793E-05, -6.005598E-05, -0.0009063622, 0.01859937
 8540749, -4.449012E-05, 6.240548E-05, -0.0009302804, 0.01859937
 8640709, -3.484918E-05, 0.0002150753, -0.0009366674, 0.01859937
 8740669, -0.0001838185, 0.0002017697, -0.001014666, 0.01859937
 8840629, -2.328871E-05, 0.0001105393, -0.0008964289, 0.01859937
 8940589, -0.000145301, 0.000310249, -0.001010881, 0.01859937
 9040549, -9.22769E-05, 0.000191301, -0.0008982878, 0.01859937
 9140509, -7.467976E-05, 0.0002074277, -0.0009462576, 0.01859937
 9240469, -2.995532E-05, 0.0001968422, -0.000971596, 0.01859007
 9340429, -4.651435E-05, 0.0001910708, -0.0009752949, 0.01859007
 9440389, -0.0001292201, 0.0002395716, -0.0009190506, 0.01859007
 9540349, -0.0001631256, 0.0002708294, -0.0009575159, 0.01859007
 9640309, -6.295598E-05, 0.0001286915, -0.0009939031, 0.01859007
 9740269, 1.841783E-05, 0.0002379398, -0.0009597181, 0.01859007
 9840229, -0.0001626728, 3.511343E-05, -0.001080357, 0.01859007
 9940189, -4.690225E-05, 0.000142954, -0.0009225015, 0.01859007
 10040149, -3.121779E-05, 0.0001675184, -0.0008371341, 0.01859007
 10140942, -0.0001266203, 0.0001328477, -0.0009280739, 0.01874498
 10240902, -6.504558E-05, 5.57602E-05, -0.0009620822, 0.01859007
 10340862, -0.0001907316, 0.0002197395, -0.0009231498, 0.01859007
 10440822, 2.684454E-05, 0.000177644, -0.0009613005, 0.01859007
 10540782, -6.183395E-05, 0.0002831036, -0.000938412, 0.01859007
 10640742, 2.457605E-05, 0.0001248851, -0.001018412, 0.01859007
 10740702, -0.0001477175, 0.0001682786, -0.001022006, 0.01859007
 10840662, 1.57606E-05, 0.0002347587, -0.000912654, 0.01859007
 10940622, 0.0001125087, 0.0001452991, -0.001018546, 0.01859007
 11040582, -3.818656E-05, 6.282778E-05, -0.0008042646, 0.01859007
 11140542, -0.0001185459, 0.0002430385, -0.001002807, 0.01859007
 11240502, -7.110935E-05, 6.296075E-05, -0.0009830642, 0.01859937
 11340462, -0.0001005823, 0.0001161646, -0.000940576, 0.01859937
 11440422, -0.0001275148, 0.0001026832, -0.0009893845, 0.01859937
 11540382, 8.713308E-05, -1.318358E-05, -0.001031234, 0.01859937
 11640342, -0.0002539325, 0.0001675379, -0.00110235, 0.01859937
 11740302, 1.593457E-05, 8.119447E-05, -0.0009797562, 0.01859937
 11840262, -0.0001136297, 6.723437E-05, -0.0009317293, 0.01859937
 11940222, -7.936445E-05, 0.0001782306, -0.001056258, 0.01859937
 12040182, -4.317252E-05, 0.0001121832, -0.0008926825, 0.01859937
 12140975, 6.715298E-06, 0.0003340546, -0.0009384882, 0.01859937
 12240935, -0.0001036645, 2.816375E-05, -0.0009774072, 0.01874498
 12340895, -2.001519E-05, 0.0002480308, -0.001038069, 0.01859007
 12440855, -8.858118E-05, 0.0002403091, -0.0008897082, 0.01859007
 12540815, -2.394957E-05, 0.0001364633, -0.0009695656, 0.01859007
 12640775, -5.728891E-05, 4.897852E-05, -0.0008941982, 0.01859007
 12740735, -0.0001372107, 3.819788E-05, -0.001028317, 0.01859007
 12840695, 5.834625E-05, 0.0001140034, -0.001035457, 0.01859007
 12940655, -6.564562E-05, 0.0001426687, -0.0008913765, 0.01859007
 13040615, -0.0001710673, 2.892069E-05, -0.0009521012, 0.01859007
 13140575, -9.086201E-05, 0.0001508144, -0.0009079733, 0.01859007
 13240535, -0.0001048346, 0.0001817197, -0.0009587648, 0.01859937
 13340495, -0.0001314815, 0.0001135386, -0.0009112526, 0.01859937
 13440455, -7.798762E-05, 0.0002250633, -0.0009489172, 0.01859937
 13540415, 3.788786E-05, 0.0002173633, -0.0009683167, 0.01859937
 13640375, -0.0001716066, 0.000233119, -0.0008696796, 0.01859937
 13740335, 3.90793E-05, 0.000214055, -0.001028803, 0.01859937
 13840295, -0.0001197643, 7.244827E-05, -0.00105315, 0.01859937
 13940255, -0.0001407933, 5.69711E-05, -0.001012159, 0.01859937
 14040215, -0.0001979829, 7.523644E-05, -0.0009488219, 0.01859937
 14140175, -0.0002392591, 0.0003152782, -0.0009297847, 0.01859937
 14240968, -0.000103478, 0.0001531651, -0.0008635415, 0.01874498
 14340928, -0.0002362835, 0.0002823363, -0.0009374968, 0.01859007
 14440888, 9.579475E-06, 0.0002031241, -0.0009517675, 0.01859007
 14540848, -0.0001513834, 0.0003287867, -0.0009436264, 0.01859007
 14640808, 2.049289E-05, 0.0003125159, -0.001071835, 0.01859007
 14740768, 5.426327E-05, -3.183224E-06, -0.001016372, 0.01859007
 14840728, -1.634933E-05, 0.0001753251, -0.0008855709, 0.01859007
 14940688, -0.0001017045, 6.113888E-05, -0.0009978021, 0.01859007
 15040648, -0.0002102214, 0.0001860382, -0.001158003, 0.01859007
 15140608, -4.041535E-05, 0.0001280743, -0.0009941225, 0.01859007
 15240568, -8.575352E-05, 0.0002484203, -0.001125715, 0.01859007
 15340528, -3.764647E-05, 0.0002899207, -0.0009422537, 0.01859007
 15440488, -9.683109E-05, 0.0001893011, -0.001113894, 0.01859007
 15540448, -9.271519E-05, 5.309152E-05, -0.0009015767, 0.01859007
 15640408, -1.710232E-05, 0.0002068528, -0.0009237598, 0.01859007
 15740368, 7.769201E-05, 0.0001424878, -0.0009672967, 0.01859007
 15840328, -1.937021E-05, 0.0001943168, -0.0009179829, 0.01859007
 15940288, -2.007525E-05, 0.0001678249, -0.001026716, 0.01859007
 16040248, -7.616055E-05, 0.0001958399, -0.001047964, 0.01859007
 16140208, -9.688546E-05, 9.651404E-05, -0.0009387837, 0.01859007
 16240168, -0.000201115, 0.0002311127, -0.0009635884, 0.01859937
 16340961, -4.594468E-06, 0.0003251834, -0.001032701, 0.01875436
 16440921, 0.0001281601, 0.0001564999, -0.0009031401, 0.01859937
 16540881, -0.0001496849, 0.0002718239, -0.0008904517, 0.01859937
 16640841, -0.0001548523, 2.070157E-05, -0.000964351, 0.01859937
 16740801, -5.071294E-05, 0.0002146048, -0.0009052088, 0.01859937
 16840761, -0.0002066536, 0.0002030919, -0.0009696895, 0.01859937
 16940721, -0.0003102664, 0.0002539275, -0.0008729303, 0.01859937
 17040681, -5.472323E-05, 0.0002167836, -0.001012788, 0.01859937
 17140641, -0.0001136587, 0.0001593736, -0.0009025777, 0.01859937
 17240601, -0.0002580795, 0.0003772851, -0.0009124252, 0.01859007
 17340561, -0.000194339, 9.170097E-05, -0.0009288219, 0.01859007
 17440521, -0.0001318848, 0.000300602, -0.001014265, 0.01859007
 17540481, -0.0001235093, 0.0002264476, -0.0009623111, 0.01859007
 17640441, -9.783475E-05, 0.0002123827, -0.00102214, 0.01859007
 17740401, -0.0001126333, 0.0002654538, -0.0008788502, 0.01859007
 17840361, -0.000120574, 0.0002019536, -0.0008969533, 0.01859007
 17940321, -0.0001236246, 0.0001511765, -0.0009329687, 0.01859007
 18040281, -0.0001751811, 0.0002106166, -0.0009331498, 0.01859007
 18140241, -6.810629E-05, 0.0001437845, -0.0009142079, 0.01859007
 18240201, -0.000115389, 0.0003415659, -0.0008909189, 0.01859937
 18340161, -0.0003676336, 0.0001214392, -0.001061339, 0.01859937
 18440954, -6.701893E-05, 0.0002503778, -0.001014229, 0.01875436
 18540914, -0.0002654904, 0.0002177997, -0.001020309, 0.01859937
 18640874, -7.362528E-05, 0.0003937893, -0.001062769, 0.01859937
 18740834, -0.0001606345, 0.0001604241, -0.001088174, 0.01859937
 18840794, -0.0002544725, 0.0001729635, -0.0008806805, 0.01859937
 18940754, -6.804476E-05, 9.384778E-05, -0.0009734646, 0.01859937
 19040714, -0.0002858806, 0.0002090436, -0.001009003, 0.01859937
 19140674, -0.0002571123, 7.915554E-05, -0.000973169, 0.01859937
 19240634, -0.0001891033, 0.0002484721, -0.001184209, 0.01859007
 19340594, -0.0003399173, 0.0002648939, -0.0009467628, 0.01859007
 19440554, -0.0002376882, 8.535692E-05, -0.0008752657, 0.01859007
 19540514, -0.0001932668, 0.0002383016, -0.00103866, 0.01859007
 19640474, -8.236279E-05, 0.0002294085, -0.001019794, 0.01859007
 19740434, -0.0003062401, 0.0003592614, -0.0009575541, 0.01859007
 19840394, -0.0003134198, 0.0002710317, -0.001059099, 0.01859007
 19940354, -0.0001028137, 0.0002049817, -0.0009268771, 0.01859007
 20040314, -0.0001375842, 0.0004229251, -0.000811052, 0.01859007
 20140274, -0.0001810542, 0.0002626383, -0.001067555, 0.01859007
 20240234, 6.35455E-05, 0.0003464345, -0.0009821013, 0.01859007
 20340194, -1.495084E-06, 0.0002995846, -0.001275563, 0.01859007
 20440154, -0.0003593513, 0.0003558918, -0.001056982, 0.01859007
 20540947, -0.0001200708, 0.0002416312, -0.001014282, 0.01874498
 20640907, -0.000298225, 0.0005213752, -0.0009260954, 0.01859007
 20740867, 0.01331675, -0.002152354, -0.0009991843, 0.01859007
 20840827, 0.07495877, -0.0139061, -0.0009876876, 0.01859007
 20940787, 0.1652971, -0.03028992, -0.0001499434, 0.01859007
 21040747, 0.2673295, -0.05008234, 0.002799163, 0.01859007
 21140707, 0.3710715, -0.0694809, 0.00460777, 0.01859007
 21240667, 0.4724129, -0.08850048, 0.005438993, 0.01859937
 21340627, 0.5683699, -0.1059432, 0.002803806, 0.01859937
 21440587, 0.6656189, -0.1236798, -0.002027358, 0.01859937
 21540547, 0.7483236, -0.1361111, -0.009058799, 0.01859937
 21640507, 0.8280928, -0.1562785, -0.01932243, 0.01859937
 21740467, 0.8876341, -0.1623565, -0.03110857, 0.01859937
 21840427, 0.8871973, -0.1677563, -0.04237676, 0.01859937
 21940387, 0.859378, -0.1566647, -0.05230811, 0.01859937
 22040347, 0.8036909, -0.1518939, -0.06052805, 0.01859937
 22140307, 0.753059, -0.1397027, -0.06831951, 0.01859937
 22240267, 0.6855491, -0.1264036, -0.07285856, 0.01859007
 22340227, 0.6296331, -0.1166975, -0.1032622, 0.01859007
 22440187, 0.5613182, -0.1010821, -0.1445282, 0.01859007
 22540147, 0.5074102, -0.0951881, -0.1101923, 0.01859007
 22640940, 0.459745, -0.08968683, -0.07297049, 0.01874498
 22740900, 0.5295768, -0.09701749, -0.1265595, 0.01859007
 22840860, 0.6125519, -0.1095414, -0.674617, 0.01859007
 22940820, 0.4503448, -0.08316781, -0.9454108, 0.01859007
 23040780, 0.3674918, -0.07518867, -0.8458139, 0.01859007
 23140740, 0.3540558, -0.07373352, -0.5919307, 0.01859007
 23240700, 0.3704164, -0.07013956, -0.3705122, 0.01859937
 23340660, 0.3923103, -0.06934428, -0.2002117, 0.01859937
 23440620, 0.3845806, -0.08124902, -0.1314436, 0.01859937
 23540580, 0.340331, -0.075827, -0.1524305, 0.01859937
 23640540, 0.2299819, -0.04474767, -0.3128475, 0.01859937
 23740500, 0.04447281, -0.01557292, -0.5955606, 0.01859937
 23840460, -0.1680291, 0.0192059, -0.8343873, 0.01859937
 23940420, -0.354757, 0.03937494, -0.9769112, 0.01859937
 24040380, -0.4733696, 0.08000277, -0.9782223, 0.01859937
 24140340, -0.4923395, 0.07998338, -0.8448189, 0.01859937
 24240300, -0.4662756, 0.05306068, -0.6825952, 0.01859007
 24340260, -0.4004006, -0.003388975, -0.5113034, 0.01859007
 24440220, -0.2852409, -0.05321087, -0.3048559, 0.01859007
 24540180, -0.1370407, -0.09668195, -0.08964084, 0.01859007
 24640973, -0.03173386, -0.1231134, 0.05617951, 0.01859007
 24740933, -0.01927512, -0.1137253, 0.09537835, 0.01874498
 24840893, -0.05802685, -0.08544023, 0.1352162, 0.01859007
 24940853, -0.0536477, -0.04704573, 0.2677661, 0.01859007
 25040813, -0.03476471, 0.03175161, 0.4360963, 0.01859007
 25140773, -0.05463784, 0.04834733, 0.5759869, 0.01859007
 25240733, -0.1281662, -0.05903398, 0.6865498, 0.01859007
 25340693, -0.2118626, -0.1221325, 0.7753806, 0.01859007
 25440653, -0.2939355, -0.1345381, 0.8214741, 0.01859007
 25540613, -0.3624562, -0.1769639, 0.7861416, 0.01859007
 25640573, -0.3806385, -0.2500237, 0.6753726, 0.01859007
 25740533, -0.3778002, -0.3443718, 0.5093125, 0.01859007
 25840493, -0.3603648, -0.4480281, 0.3175556, 0.01859007
 25940453, -0.3176521, -0.4981047, 0.1670467, 0.01859007
 26040413, -0.2897461, -0.4853873, 0.08255935, 0.01859007
 26140373, -0.2714463, -0.4331281, 0.06475207, 0.01859007
 26240333, -0.2618811, -0.3607874, 0.1065516, 0.01859937
 26340293, -0.2469269, -0.2940609, 0.1650451, 0.01859937
 26440253, -0.2359471, -0.244326, 0.2260762, 0.01859937
 26540213, -0.2354729, -0.2215737, 0.2545547, 0.01859937
 26640173, -0.2405728, -0.2239094, 0.265634, 0.01859937
 26740966, -0.2506838, -0.2360112, 0.2612749, 0.01875436
 26840926, -0.2660019, -0.2597747, 0.2242279, 0.01859937
 26940886, -0.2893465, -0.2827824, 0.1735398, 0.01859937
 27040846, -0.3105905, -0.3031872, 0.1250581, 0.01859937
 27140806, -0.3509458, -0.3254361, 0.06024154, 0.01859937
 27240766, -0.3830758, -0.3340333, 0.01263944, 0.01859007
 27340726, -0.3843202, -0.3154489, 0.007887278, 0.01859007
 27440686, -0.3935785, -0.3038235, 0.006800524, 0.01859007
 27540646, -0.4158011, -0.2921117, -0.0182474, 0.01859007
 27640606, -0.4271085, -0.2695625, -0.0207628, 0.01859007
 27740566, -0.4284578, -0.2430714, -0.01717983, 0.01859007
 27840526, -0.4324777, -0.2181277, -0.01620645, 0.01859007
 27940486, -0.4538376, -0.2061825, -0.04142694, 0.01859007
 28040446, -0.453143, -0.1794048, -0.03343393, 0.01859007
 28140406, -0.466894, -0.1472784, -0.03787059, 0.01859007
 28240366, -0.5284305, -0.08594801, -0.06207239, 0.01859937
 28340326, -0.6354686, -0.008177847, -0.1304978, 0.01859937
 28440286, -0.7578453, 0.09090352, -0.2025887, 0.01859937
 28540246, -0.8133517, 0.1815768, -0.2314151, 0.01859937
 28640206, -0.7809576, 0.2379041, -0.1917765, 0.01859937
 28740166, -0.6923016, 0.2635011, -0.1125484, 0.01859937
 28840959, -0.5894364, 0.2725555, -0.02786553, 0.01875436
 28940919, -0.4639933, 0.2735364, 0.05008845, 0.01859937
 29040879, -0.3772959, 0.2617195, 0.1238458, 0.01859937
 29140839, -0.352079, 0.2304228, 0.1943101, 0.01859937
 29240799, -0.3619586, 0.1945474, 0.2264235, 0.01859007
 29340759, -0.3898228, 0.1669088, 0.20371, 0.01859007
 29440719, -0.4329643, 0.1448223, 0.1273653, 0.01859007
 29540679, -0.4679548, 0.1374608, 0.03136884, 0.01859007
 29640639, -0.5000817, 0.1450323, -0.05701094, 0.01859007
 29740599, -0.5069111, 0.1620238, -0.1145346, 0.01859007
 29840559, -0.5075318, 0.1895377, -0.1440174, 0.01859007
 29940519, -0.4966365, 0.2214615, -0.1570506, 0.01859007
 30040479, -0.467932, 0.2453955, -0.1367596, 0.01859007
 30140439, -0.4373196, 0.2610255, -0.1046835, 0.01859007
 30240399, -0.4159114, 0.2764604, -0.08495251, 0.01859007
 30340359, -0.3934374, 0.2882123, -0.06585623, 0.01859007
 30440319, -0.37434, 0.302756, -0.05502965, 0.01859007
 30540279, -0.3639573, 0.3184647, -0.05596432, 0.01859007
 30640239, -0.356234, 0.3349771, -0.06295675, 0.01859007
 30740199, -0.3477639, 0.3552656, -0.07531483, 0.01859007
 30840159, -0.336929, 0.3691632, -0.08365093, 0.01859007
 30940952, -0.3254052, 0.3863857, -0.08952854, 0.01874498
 31040912, -0.3080808, 0.3980678, -0.09788887, 0.01859007
 31140872, -0.2922063, 0.413289, -0.09880637, 0.01859007
 31240832, -0.2793754, 0.4332757, -0.1102624, 0.01859007
 31340792, -0.262554, 0.4480898, -0.1096527, 0.01859007
 31440752, -0.2428954, 0.4617941, -0.1070939, 0.01859007
 31540712, -0.2211123, 0.4740842, -0.1042957, 0.01859007
 31640672, -0.1978506, 0.4801412, -0.09328575, 0.01859007
 31740632, -0.175732, 0.4871354, -0.08326673, 0.01859007
 31840592, -0.1566655, 0.4934708, -0.08513352, 0.01859007
 31940552, -0.1348092, 0.507593, -0.0934613, 0.01859007
 32040512, -0.1111445, 0.5130087, -0.09612805, 0.01859007
 32140472, -0.09055312, 0.5157515, -0.09216397, 0.01859007
 32240432, -0.06872413, 0.5173757, -0.08614268, 0.01859007
 32340392, -0.04528286, 0.5200675, -0.08957004, 0.01859007
 32440352, -0.02398117, 0.517234, -0.08154915, 0.01859007
 32540312, -0.002755198, 0.5066679, -0.06714059, 0.01859007
 32640272, 0.01414202, 0.4931366, -0.05756037, 0.01859007
 32740232, 0.03103276, 0.4857069, -0.05545738, 0.01859007
 32840192, 0.05010723, 0.4840458, -0.05831043, 0.01859007
 32940152, 0.07058261, 0.4764615, -0.05187424, 0.01859007
 33040945, 0.0920279, 0.4801297, -0.05212086, 0.01874498
 33140905, 0.1104842, 0.4688701, -0.05087898, 0.01859007
 33240865, 0.12787, 0.46007, -0.0487192, 0.01859007
 33340825, 0.1447697, 0.4463715, -0.04451673, 0.01859007
 33440785, 0.1605387, 0.4331389, -0.03896356, 0.01859007
 33540745, 0.1733881, 0.4173946, -0.03195152, 0.01859007
 33640705, 0.1864556, 0.3995047, -0.02803598, 0.01859007
 33740665, 0.1988215, 0.3877098, -0.02897426, 0.01859007
 33840625, 0.2097396, 0.376368, -0.03102311, 0.01859007
 33940585, 0.2207661, 0.360841, -0.03270448, 0.01859007
 34040545, 0.2282236, 0.3440616, -0.03018364, 0.01859007
 34140505, 0.2339776, 0.3251966, -0.01491007, 0.01859007
 34240465, 0.2392294, 0.3103008, -0.008248319, 0.01859007
 34340425, 0.2438351, 0.2926929, -0.002718143, 0.01859007
 34440385, 0.2503288, 0.274899, -0.00149441, 0.01859007
 34540345, 0.2531326, 0.2567542, -0.003923744, 0.01859007
 34640305, 0.258155, 0.2416324, -0.007247705, 0.01859007
 34740265, 0.2630828, 0.2284678, -0.009018523, 0.01859007
 34840225, 0.2633824, 0.2102574, -0.01156412, 0.01859007
 34940185, 0.2648404, 0.1899296, -0.00410914, 0.01859007
 35040145, 0.2649243, 0.1712435, -0.003761989, 0.01859007
 35140938, 0.2682496, 0.1603942, -0.003917067, 0.01874498
 35240898, 0.2576445, 0.1433384, 0.001544868, 0.01859007
 35340858, 0.2554525, 0.1308928, -0.001442637, 0.01859007
 35440818, 0.2547304, 0.1150818, -0.008499006, 0.01859007
 35540778, 0.2486502, 0.09518737, -0.006859276, 0.01859007
 35640738, 0.2495369, 0.07548774, -0.000723044, 0.01859007
 35740698, 0.2541111, 0.06099075, -0.005544866, 0.01859007
 35840658, 0.2546105, 0.04821606, -0.01226024, 0.01859007
 35940618, 0.2444925, 0.03470495, 0.0007526247, 0.01859007
 36040578, 0.2377651, 0.02250596, 0.005355752, 0.01859007
 36140538, 0.2347125, 0.01116432, -0.004653604, 0.01859007
 36240498, 0.2310826, 0.0001862686, -0.0119059, 0.01859007
 36340458, 0.2242325, -0.01151715, -0.003765488, 0.01859007
 36440418, 0.2159097, -0.02275413, 0.008085964, 0.01859007
 36540378, 0.2035328, -0.03651316, 0.01357606, 0.01859007
 36640338, 0.1944847, -0.04729789, 0.02566043, 0.01859007
 36740298, 0.190337, -0.05751243, 0.0214553, 0.01859007
 36840258, 0.1827378, -0.0654783, 0.01241556, 0.01859007
 36940218, 0.1743266, -0.07094769, 0.01363723, 0.01859007
 37040178, 0.1709321, -0.07990005, 0.005212882, 0.01859007
 37140971, 0.1679004, -0.08472392, -0.00332418, 0.01859007
 37240931, 0.1695514, -0.09043148, -0.00847814, 0.01874498
 37340891, 0.1652371, -0.09363823, -0.01049013, 0.01859007
 37440851, 0.1616954, -0.09809057, -0.01166085, 0.01859007
 37540811, 0.1617317, -0.105734, -0.01569863, 0.01859007
 37640771, 0.1597283, -0.115806, -0.006429112, 0.01859007
 37740731, 0.1500471, -0.1220462, -0.001884555, 0.01859007
 37840691, 0.1429348, -0.1336721, 0.001324114, 0.01859007
 37940651, 0.1372485, -0.1384915, -0.0005492588, 0.01859007
 38040611, 0.1340239, -0.1406864, -0.002142392, 0.01859007
 38140571, 0.1326619, -0.1414453, 0.001118098, 0.01859007
 38240531, 0.1289971, -0.1408817, 0.01205034, 0.01859007
 38340491, 0.1263614, -0.1415454, 0.01840817, 0.01859007
 38440451, 0.1198077, -0.1476254, 0.007522663, 0.01859007
 38540411, 0.1175927, -0.1525036, -0.005658165, 0.01859007
 38640371, 0.1166979, -0.1576229, -0.02131271, 0.01859007
 38740331, 0.1159046, -0.1552227, -0.0249358, 0.01859007
 38840291, 0.1165066, -0.1552061, -0.01564905, 0.01859007
 38940251, 0.1123752, -0.1475407, 0.01129333, 0.01859007
 39040211, 0.1032704, -0.148601, 0.01320005, 0.01859007
 39140171, 0.09906866, -0.1466965, 0.01276041, 0.01859007
 39240964, 0.09866566, -0.1518839, 0.0008059646, 0.01874498
 39340924, 0.0953768, -0.155656, -0.006511324, 0.01859007
 39440884, 0.0963821, -0.1549698, -0.005561749, 0.01859007
 39540844, 0.09426886, -0.154368, 0.007422681, 0.01859007
 39640804, 0.09044053, -0.1570116, 0.007527486, 0.01859007
 39740764, 0.09399713, -0.1580863, 0.003492035, 0.01859007
 39840724, 0.09134988, -0.155607, 0.002087692, 0.01859007
 39940684, 0.09196272, -0.1551187, -0.01059276, 0.01859007
 40040644, 0.09520387, -0.1576298, -0.01467007, 0.01859007
 40140604, 0.09016213, -0.1520058, -0.01196405, 0.01859007
 40240564, 0.08171194, -0.187671, -0.007272089, 0.01859007
 40340524, 0.08447982, -0.1689312, -0.02560731, 0.01859007
 40440484, 0.09983207, 0.002104215, -0.06897862, 0.01859007
 40540444, 0.1164556, 0.1997115, -0.0698719, 0.01859007
 40640404, 0.1184115, 0.3596626, 0.01012985, 0.01859007
 40740364, 0.1067849, 0.4190875, 0.08789914, 0.01859007
 40840324, 0.1007805, 0.4094347, 0.08386014, 0.01859007
 40940284, 0.1033918, 0.3794858, -0.01023267, 0.01859007
 41040244, 0.1159975, 0.330219, -0.1252882, 0.01859007
 41140204, 0.1284765, 0.2618637, -0.1869247, 0.01859007
 41240164, 0.1286981, 0.1860347, -0.1539363, 0.01859007
 41340957, 0.1279148, 0.1368512, -0.09618971, 0.01874498
 41440917, 0.1216056, 0.1115364, -0.02100357, 0.01859007
 41540877, 0.1145915, 0.1021784, 0.03748997, 0.01859007
 41640837, 0.1178467, 0.1086278, 0.0596032, 0.01859007
 41740797, 0.1280609, 0.1216537, 0.04396776, 0.01859007
 41840757, 0.1351248, 0.1381858, 0.01574101, 0.01859007
 41940717, 0.1431796, 0.1467614, -0.0078401, 0.01859007
 42040677, 0.1520984, 0.144909, -0.03670157, 0.01859007
 42140637, 0.1587191, 0.1364941, -0.05982376, 0.01859007
 42240597, 0.1553509, 0.1235999, -0.0566726, 0.01859007
 42340557, 0.145007, 0.1087857, -0.03888631, 0.01859007
 42440517, 0.1402638, 0.09185172, -0.02895886, 0.01859007
 42540477, 0.144234, 0.07915628, -0.02530602, 0.01859007
 42640437, 0.1393048, 0.06716827, -0.009871043, 0.01859007
 42740397, 0.1350566, 0.05884592, -0.00186343, 0.01859007
 42840357, 0.1293271, 0.04931019, 0.006563583, 0.01859007
 42940317, 0.1237902, 0.04119312, 0.009948135, 0.01859007
 43040277, 0.12333, 0.03752726, -0.001608005, 0.01859007
 43140237, 0.1248826, 0.03424719, -0.009900643, 0.01859007
 43240197, 0.1211031, 0.03429428, 0.0003518222, 0.01859007
 43340157, 0.1206813, 0.03058512, 0.005819805, 0.01859007
 43440950, 0.1215134, 0.02372209, -0.007107338, 0.01874498
 43540910, 0.115033, 0.0157537, -0.01397933, 0.01859007
 43640870, 0.1124324, 0.006288817, -0.006352505, 0.01859007
 43740830, 0.1062305, -0.004363531, 0.000554111, 0.01859007
 43840790, 0.1011519, -0.01028846, -0.009216597, 0.01859007
 43940750, 0.09959643, -0.0171248, -0.009511727, 0.01859007
 44040710, 0.09516767, -0.02039137, -0.006550132, 0.01859007
 44140670, 0.09474007, -0.02357863, -0.001774088, 0.01859007
 44240630, 0.09044865, -0.02864473, -0.003793667, 0.01859007
 44340590, 0.08608933, -0.03732615, -0.004287806, 0.01859007
 44440550, 0.07962429, -0.04418725, -0.004054488, 0.01859007
 44540510, 0.07489979, -0.05091004, -0.00246409, 0.01859007
 44640470, 0.0752673, -0.05048579, 0.002320334, 0.01859007
 44740430, 0.06574267, -0.05179653, 0.01607082, 0.01859007
 44840390, 0.06552135, -0.05513477, 0.007949652, 0.01859007
 44940350, 0.06203849, -0.06079646, 0.00308231, 0.01859007
 45040310, 0.06171152, -0.06508831, -0.004885282, 0.01859007
 45140270, 0.05682763, -0.06770957, -0.001735174, 0.01859007
 45240230, 0.05354925, -0.07283153, -0.001250053, 0.01859007
 45340190, 0.05211683, -0.07775522, -0.01334627, 0.01859007
 45440150, 0.04908146, -0.08052278, -0.01302794, 0.01859007
 45540943, 0.04545259, -0.08604703, -0.004114651, 0.01874498
 45640903, 0.03931166, -0.08679771, -0.0004341581, 0.01859007
 45740863, 0.03924936, -0.09138673, -0.0007169525, 0.01859007
 45840823, 0.04009128, -0.08995349, -0.01037964, 0.01859007
 45940783, 0.03544869, -0.09210464, -0.005379641, 0.01859007
 46040743, 0.01391853, -0.1249567, 0.004185604, 0.01859007
 46140703, 0.02099586, -0.1109675, 0.002635759, 0.01859007
 46240663, 0.1074597, 0.0345423, -0.0196222, 0.01859007
 46340623, 0.2084523, 0.2001403, 0.008230702, 0.01859007
 46440583, 0.2795838, 0.3234256, 0.06717947, 0.01859007
 46540543, 0.3110033, 0.3832159, 0.08494101, 0.01859007
 46640503, 0.3244553, 0.4012044, 0.006256834, 0.01859007
 46740463, 0.3415505, 0.3975189, -0.1378944, 0.01859007
 46840423, 0.3521383, 0.3591059, -0.2739257, 0.01859007
 46940383, 0.3355128, 0.2782802, -0.3230911, 0.01859007
 47040343, 0.2910668, 0.1861917, -0.2610865, 0.01859007
 47140303, 0.2357935, 0.1095932, -0.1491501, 0.01859007
 47240263, 0.2086179, 0.06576727, -0.05811115, 0.01859007
 47340223, 0.1926862, 0.04111291, 0.01698563, 0.01859007
 47440183, 0.1888399, 0.03051563, 0.05481459, 0.01859007
 47540976, 0.205867, 0.03385002, 0.05032174, 0.01859007
 47640936, 0.2150501, 0.03277994, 0.0432591, 0.01874498
 47740896, 0.2243282, 0.03273626, 0.003215514, 0.01859007
 47840856, 0.2382129, 0.02695164, -0.03426127, 0.01859007
 47940816, 0.2414064, 0.01883353, -0.05230458, 0.01859007
 48040776, 0.2434037, 0.007428981, -0.06722672, 0.01859007
 48140736, 0.2330118, -0.007812882, -0.07292362, 0.01859007
 48240696, 0.2227254, -0.02043747, -0.0682485, 0.01859007
 48340656, 0.210286, -0.03332421, -0.06829666, 0.01859007
 48440616, 0.1921053, -0.04820208, -0.04601456, 0.01859007
 48540576, 0.1778963, -0.05986127, -0.01712885, 0.01859007
 48640536, 0.1639786, -0.06786333, -0.003230109, 0.01859007
 48740496, 0.1525759, -0.07244631, 0.001346783, 0.01859007
 48840456, 0.1464172, -0.08172445, -0.0001167021, 0.01859007
 48940416, 0.1432171, -0.09064624, -0.009905094, 0.01859007
 49040376, 0.1331362, -0.09386281, -0.00549131, 0.01859007
 49140336, 0.1225286, -0.09832739, 0.0113002, 0.01859007
 49240296, 0.1144635, -0.1005689, 0.009728115, 0.01859007
 49340256, 0.1100141, -0.1029539, -0.002318723, 0.01859007
 49440216, 0.1025793, -0.1052212, -0.02004312, 0.01859007
 49540176, 0.09474114, -0.1037742, -0.02153236, 0.01859007
 49640969, 0.08577397, -0.1050838, -0.01705796, 0.01874498
 49740929, 0.07529878, -0.1084885, -0.01652959, 0.01859007
 49840889, 0.06603172, -0.1158624, -0.003587642, 0.01859007
 49940849, 0.05838808, -0.1190708, 0.007799947, 0.01859007
 50040809, 0.05048814, -0.120693, 0.001440578, 0.01859007
 50140769, 0.03517841, -0.1171158, 0.01631922, 0.01859007
 50240729, 0.02453593, -0.1156445, 0.03094053, 0.01859007
 50340689, 0.0210732, -0.1175528, 0.01560541, 0.01859007
 50440649, 0.01172215, -0.1240591, 0.003463037, 0.01859007
 50540609, 0.005997359, -0.1261597, -0.007175378, 0.01859007
 50640569, 0.0006878208, -0.1257255, -0.005533474, 0.01859007
 50740529, -0.006632361, -0.126539, -0.01117697, 0.01859007
 50840489, -0.01112406, -0.1280596, -0.007297295, 0.01859007
 50940449, -0.01553519, -0.1261988, -0.01029626, 0.01859007
 51040409, -0.02912562, -0.1305391, -0.01128644, 0.01859007
 51140369, -0.06893168, -0.1405138, 0.003705945, 0.01859007
 51240329, -0.03295594, -0.1189532, 0.01533328, 0.01859007
 51340289, 0.131707, -0.06282626, 0.01050198, 0.01859007
 51440249, 0.3147347, -0.008408555, 0.008965958, 0.01859007
 51540209, 0.4556883, 0.03389649, 0.04657964, 0.01859007
 51640169, 0.5790443, 0.07328605, 0.07437804, 0.01859007
 51740962, 0.7074164, 0.1101711, 0.02058861, 0.01874498
 51840922, 0.830494, 0.1162678, -0.1255588, 0.01859007
 51940882, 0.962952, 0.09028417, -0.3314554, 0.01859007
 52040842, 1.038558, 0.02177412, -0.5222476, 0.01859007
 52140802, 1.041476, -0.1027292, -0.633786, 0.01859007
 52240762, 0.9676456, -0.2353175, -0.6312423, 0.01859007
 52340722, 0.8482693, -0.3305265, -0.5310178, 0.01859007
 52440682, 0.7246106, -0.3881502, -0.368713, 0.01859007
 52540642, 0.6333227, -0.4160828, -0.2365461, 0.01859007
 52640602, 0.5744618, -0.4409331, -0.1568663, 0.01859007
 52740562, 0.5288685, -0.4603077, -0.117337, 0.01859007
 52840522, 0.4931785, -0.4756157, -0.09608185, 0.01859007
 52940482, 0.4656698, -0.4961782, -0.09552386, 0.01859007
 53040442, 0.4464002, -0.53044, -0.1093096, 0.01859007
 53140402, 0.4213413, -0.5667838, -0.1271748, 0.01859007
 53240362, 0.3880281, -0.5988152, -0.1246431, 0.01859007
 53340322, 0.3521174, -0.6293119, -0.1273756, 0.01859007
 53440282, 0.3042071, -0.636426, -0.1074657, 0.01859007
 53540242, 0.2640318, -0.6454726, -0.09839291, 0.01859007
 53640202, 0.2217905, -0.6431749, -0.07656458, 0.01859007
 53740162, 0.1875551, -0.644853, -0.05875044, 0.01859007
 53840955, 0.1541111, -0.6554847, -0.05707558, 0.01874498
 53940915, 0.1178508, -0.6457171, -0.04916758, 0.01859007
 54040875, 0.07992359, -0.619386, -0.01921476, 0.01859007
 54140835, 0.04951068, -0.6250329, -0.02162878, 0.01859007
 54240795, 0.01678909, -0.6058337, -0.01137534, 0.01859007
 54340755, -0.01630609, -0.5911061, -0.006939733, 0.01859007
 54440715, -0.04294739, -0.5731239, 0.003611712, 0.01859007
 54540675, -0.06945956, -0.5643806, 0.0001887138, 0.01859007
 54640635, -0.09495904, -0.5509266, -0.0008916435, 0.01859007
 54740595, -0.1164801, -0.5300401, 0.01148796, 0.01859007
 54840555, -0.1326361, -0.5151066, 0.01883104, 0.01859007
 54940515, -0.1519716, -0.5073431, 0.01179076, 0.01859007
 55040475, -0.1715358, -0.4809229, 0.01818197, 0.01859007
 55140435, -0.192071, -0.4584778, 0.01916637, 0.01859007
 55240395, -0.2141463, -0.4339443, 0.01725742, 0.01859007
 55340355, -0.2338414, -0.4193107, 0.0110962, 0.01859007
 55440315, -0.2468058, -0.3913468, 0.01780499, 0.01859007
 55540275, -0.2566866, -0.3528847, 0.0313382, 0.01859007
 55640235, -0.2649795, -0.3241031, 0.03500028, 0.01859007
 55740195, -0.2745377, -0.3032469, 0.03129863, 0.01859007
 55840155, -0.2790037, -0.2817001, 0.03111281, 0.01859007
 55940948, -0.2834125, -0.2652197, 0.03148158, 0.01874498
 56040908, -0.2807043, -0.2336602, 0.04680552, 0.01859007
 56140868, -0.2795156, -0.2082194, 0.05013591, 0.01859007
 56240828, -0.276739, -0.1834121, 0.05371496, 0.01859007
 56340788, -0.2761639, -0.159011, 0.04987951, 0.01859007
 56440748, -0.276024, -0.133165, 0.0407711, 0.01859007
 56540708, -0.2765393, -0.1088311, 0.03135868, 0.01859007
 56640668, -0.2730696, -0.07967936, 0.0228372, 0.01859007
 56740628, -0.2658319, -0.05399409, 0.02470293, 0.01859007
 56840588, -0.2543413, -0.03042662, 0.0433027, 0.01859007
 56940548, -0.2528151, -0.009263407, 0.04105916, 0.01859007
 57040508, -0.2474817, 0.0115657, 0.02799174, 0.01859007
 57140468, -0.2409721, 0.03230183, 0.02559351, 0.01859007
 57240428, -0.2278529, 0.04851002, 0.03489273, 0.01859007
 57340388, -0.2188655, 0.06758831, 0.03802025, 0.01859007
 57440348, -0.2027823, 0.08122703, 0.04441197, 0.01859007
 57540308, -0.1896053, 0.09808831, 0.03733125, 0.01859007
 57640268, -0.1788123, 0.1112263, 0.04179993, 0.01859007
 57740228, -0.167393, 0.1316425, 0.04261527, 0.01859007
 57840188, -0.1601478, 0.1461775, 0.03012676, 0.01859007
 57940148, -0.1489288, 0.1608487, 0.03125955, 0.01859007
 58040941, -0.1397806, 0.1712667, 0.03516566, 0.01874498
 58140901, -0.1225564, 0.1777193, 0.0433543, 0.01859007
 58240861, -0.1173357, 0.1896394, 0.03633562, 0.01859007
 58340821, -0.1107917, 0.1965475, 0.02540791, 0.01859007
 58440781, -0.1060474, 0.2093053, 0.01071824, 0.01859007
 58540741, -0.1020072, 0.2286401, 0.005011575, 0.01859007
 58640701, -0.093885, 0.2445738, 0.007496981, 0.01859007
 58740661, -0.08571582, 0.2558743, 0.02340154, 0.01859007
 58840621, -0.07479648, 0.2615725, 0.03322858, 0.01859007
 58940581, -0.06862454, 0.2702186, 0.02454809, 0.01859007
 59040541, -0.0683365, 0.2640522, 0.0330796, 0.01859007
 59140501, -0.0633435, 0.2570768, 0.03419131, 0.01859007
 59240461, -0.06073384, 0.2570452, 0.02049172, 0.01859007
 59340421, -0.0584327, 0.2543416, 0.01702618, 0.01859007
 59440381, -0.05831314, 0.2578848, 0.02052442, 0.01859007
 59540341, -0.05764822, 0.2573433, 0.01252018, 0.01859007
 59640301, -0.05602652, 0.2655465, 0.01015331, 0.01859007
 59740261, -0.05567701, 0.2661101, 0.02108104, 0.01859007
 59840221, -0.05480019, 0.266043, 0.01186552, 0.01859007
 59940181, -0.06063869, 0.2665512, -0.0008037593, 0.01859007
 60040974, -0.05942675, 0.2655857, -0.01696634, 0.01859007
 60140934, -0.0575767, 0.2697718, -0.01910362, 0.01874498
 60240894, -0.05247858, 0.2608058, -0.0003300011, 0.01859007
 60340854, -0.05496611, 0.2550468, 0.01342118, 0.01859007
 60440814, -0.05300115, 0.252066, 0.01833902, 0.01859007
 60540774, -0.05687569, 0.2523069, 0.008981678, 0.01859007
 60640734, -0.05855637, 0.2462119, 0.01140991, 0.01859007
 60740694, -0.06091412, 0.2467508, -0.001014256, 0.01859007
 60840654, -0.0634112, 0.2439134, -0.005107667, 0.01859007
 60940614, -0.06425561, 0.2414965, 0.0001218594, 0.01859007
 61040574, -0.06912005, 0.2062346, -0.00303598, 0.01859007
 61140534, -0.06093814, 0.2213414, -0.001566136, 0.01859007
 61240494, -0.03817444, 0.3782402, 0.03165802, 0.01859007
 61340454, -0.01322626, 0.5462707, 0.0994444, 0.01859007
 61440414, 0.009132681, 0.6761826, 0.1877537, 0.01859007
 61540374, 0.02247277, 0.7769855, 0.1999245, 0.01859007
 61640334, 0.02439099, 0.8894987, 0.1011137, 0.01859007
 61740294, 0.0008947444, 1.024283, -0.07518564, 0.01859007
 61840254, -0.06914839, 1.120695, -0.2515151, 0.01859007
 61940214, -0.1628677, 1.113009, -0.3595331, 0.01859007
 62040174, -0.2502315, 1.017371, -0.3689202, 0.01859007
 62140967, -0.3161497, 0.8939289, -0.3117939, 0.01874498
 62240927, -0.3495621, 0.7568188, -0.217329, 0.01859007
 62340887, -0.3697079, 0.6459556, -0.1271397, 0.01859007
 62440847, -0.3725565, 0.5545422, -0.05181308, 0.01859007
 62540807, -0.3694229, 0.4873922, 0.01007071, 0.01859007
 62640767, -0.3636268, 0.4438022, 0.03844357, 0.01859007
 62740727, -0.3740112, 0.4209218, 0.02808262, 0.01859007
 62840687, -0.3947176, 0.4127748, 0.002390582, 0.01859007
 62940647, -0.4143429, 0.3985569, -0.02386963, 0.01859007
 63040607, -0.4367191, 0.3848055, -0.0405632, 0.01859007
 63140567, -0.4575094, 0.3707944, -0.05414565, 0.01859007
 63240527, -0.4799857, 0.3492878, -0.06974585, 0.01859007
 63340487, -0.4879529, 0.3227387, -0.06744879, 0.01859007
 63440447, -0.5019212, 0.3002658, -0.07671657, 0.01859007
 63540407, -0.499532, 0.2687633, -0.069532, 0.01859007
 63640367, -0.5003793, 0.2407185, -0.07085213, 0.01859007
 63740327, -0.4948162, 0.2038629, -0.06101371, 0.01859007
 63840287, -0.4820113, 0.175895, -0.04987654, 0.01859007
 63940247, -0.4749371, 0.1515691, -0.04016111, 0.01859007
 64040207, -0.463837, 0.1237128, -0.0321639, 0.01859007
 64140167, -0.4554654, 0.09839309, -0.03688431, 0.01859007
 64240960, -0.4543425, 0.08060173, -0.04264279, 0.01874498
 64340920, -0.4475909, 0.05962919, -0.05168883, 0.01859007
 64440880, -0.4465019, 0.03982898, -0.05562601, 0.01859007
 64540840, -0.4345571, 0.01829561, -0.05106822, 0.01859007
 64640800, -0.4238028, -0.0006330246, -0.04580485, 0.01859007
 64740760, -0.4135076, -0.01860339, -0.04569102, 0.01859007
 64840720, -0.4016178, -0.03926697, -0.04358379, 0.01859007
 64940680, -0.3892465, -0.05267376, -0.04438265, 0.01859007
 65040640, -0.3743515, -0.07025547, -0.04317132, 0.01859007
 65140600, -0.3549326, -0.07991782, -0.03771195, 0.01859007
 65240560, -0.3418019, -0.09370163, -0.040319, 0.01859007
 65340520, -0.3274875, -0.1094795, -0.04132725, 0.01859007
 65440480, -0.3121806, -0.1224991, -0.037932, 0.01859007
 65540440, -0.2937839, -0.1291415, -0.03547821, 0.01859007
 65640400, -0.281547, -0.1410016, -0.03811973, 0.01859007
 65740360, -0.2692718, -0.1536302, -0.05066216, 0.01859007
 65840320, -0.2484904, -0.1618189, -0.04059073, 0.01859007
 65940280, -0.238796, -0.1690801, -0.04801962, 0.01859007
 66040240, -0.2588005, -0.1751165, -0.08350822, 0.01859007
 66140200, -0.2493494, -0.214247, -0.2131283, 0.01859007
 66240160, -0.1210082, -0.2915021, -0.3784726, 0.01859007
 66340953, 0.0390176, -0.3529671, -0.4239503, 0.01874498
 66440913, 0.1264733, -0.3490573, -0.2906778, 0.01859007
 66540873, 0.1207226, -0.2934406, -0.05228206, 0.01859007
 66640833, 0.07267333, -0.2074744, 0.225012, 0.01859007
 66740793, 0.03236143, -0.122333, 0.4816189, 0.01859007
 66840753, 0.02049067, -0.06348667, 0.6803864, 0.01859007
 66940713, 0.0317063, -0.03769607, 0.7602098, 0.01859007
 67040673, 0.05473203, -0.03399736, 0.7140903, 0.01859007
 67140633, 0.08589497, -0.03347813, 0.5520827, 0.01859007
 67240593, 0.1165982, -0.02527252, 0.3387785, 0.01859007
 67340553, 0.1469755, -0.01753575, 0.1148901, 0.01859007
 67440513, 0.1636522, -0.01491481, -0.07355044, 0.01859007
 67540473, 0.172546, -0.02220287, -0.204769, 0.01859007
 67640433, 0.1648078, -0.0347305, -0.2475248, 0.01859007
 67740393, 0.1500115, -0.04706856, -0.2299571, 0.01859007
 67840353, 0.1397503, -0.05234684, -0.1812432, 0.01859007
 67940313, 0.1343908, -0.05817537, -0.1300974, 0.01859007
 68040273, 0.1349123, -0.05875208, -0.07590315, 0.01859007
 68140233, 0.1363057, -0.05729995, -0.02928195, 0.01859007
 68240193, 0.1413765, -0.05758018, -0.01031783, 0.01859007
 68340153, 0.1470958, -0.06394473, -0.01892398, 0.01859007
 68440946, 0.1487006, -0.07171014, -0.02893872, 0.01874498
 68540906, 0.1472096, -0.06916285, -0.01796808, 0.01859007
 68640866, 0.1487422, -0.06663101, -0.01573364, 0.01859007
 68740826, 0.1470006, -0.06705379, -0.02249847, 0.01859007
 68840786, 0.1451804, -0.06693124, -0.01830832, 0.01859007
 68940746, 0.1442263, -0.0655534, -0.01547922, 0.01859007
 69040706, 0.1415139, -0.06172683, 0.005865906, 0.01859007
 69140666, 0.1369497, -0.05337371, 0.02750422, 0.01859007
 69240626, 0.1367097, -0.05104268, 0.03009875, 0.01859007
 69340586, 0.132064, -0.04797655, 0.03533589, 0.01859007
 69440546, 0.1302499, -0.04793674, 0.02254807, 0.01859007
 69540506, 0.1279478, -0.04752218, -0.003146686, 0.01859007
 69640466, 0.121104, -0.04880809, -0.01232448, 0.01859007
 69740426, 0.1164581, -0.05181508, -0.0221472, 0.01859007
 69840386, 0.1158829, -0.05295999, -0.02690553, 0.01859007
 69940346, 0.1152512, -0.05629494, -0.03127393, 0.01859007
 70040306, 0.1194474, -0.05504721, -0.04754476, 0.01859007
 70140266, 0.1186028, -0.0527076, -0.0545826, 0.01859007
 70240226, 0.116198, -0.05300322, -0.03902502, 0.01859007
 70340186, 0.1082433, -0.05418275, -0.03902535, 0.01859007
 70440146, 0.1058948, -0.05089408, -0.02495568, 0.01859007
 70540939, 0.1102109, -0.05414306, -0.02584689, 0.01874498
 70640899, 0.1060386, -0.05323196, -0.01564507, 0.01859007
 70740859, 0.0816579, -0.05498451, -0.01970979, 0.01859007
 70840819, 0.06246879, -0.05513241, -0.02177554, 0.01859007
 70940779, 0.04935622, -0.05703481, -0.02157676, 0.01859007
 71040739, 0.04053183, -0.05560574, -0.00609421, 0.01859007
 71140699, 0.05009541, -0.05167718, 0.002481202, 0.01859007
 71240659, 0.08038421, -0.05271001, -0.01431661, 0.01859007
 71340619, 0.1067109, -0.05335892, -0.03913333, 0.01859007
 71440579, 0.1198029, -0.05098987, -0.04234926, 0.01859007
 71540539, 0.115758, -0.04784871, -0.03296011, 0.01859007
 71640499, 0.1128156, -0.04586871, -0.02384183, 0.01859007
 71740459, 0.09696276, -0.0419957, -0.008339367, 0.01859007
 71840419, 0.06157728, -0.04264363, -0.002485196, 0.01859007
 71940379, 0.02938456, -0.04234055, -0.005479565, 0.01859007
 72040339, 0.01659688, -0.04124742, -0.003451311, 0.01859007
 72140299, 0.01396609, -0.04143886, 0.0001561971, 0.01859007
 72240259, 0.01669251, -0.04094604, -0.01140537, 0.01859007
 72340219, 0.03203978, -0.0427782, -0.0194552, 0.01859007
 72440179, 0.06779236, -0.04237554, -0.02985017, 0.01859007
 72540972, 0.101162, -0.04394377, -0.02966323, 0.01859007
 72640932, 0.1094233, -0.03858685, -0.01413958, 0.01874498
 72740892, 0.1050461, -0.0402091, -0.01151641, 0.01859007
 72840852, 0.09886404, -0.04091531, -0.006194564, 0.01859007
 72940812, 0.08199716, -0.03752691, 0.000247265, 0.01859007
 73040772, 0.04290367, -0.04020759, -0.0090449, 0.01859007
 73140732, 0.007788716, -0.04020987, -0.0208058, 0.01859007
 73240692, -0.00759233, -0.03928112, -0.012626, 0.01859007
 73340652, -0.007260662, -0.03696502, -0.01178381, 0.01859007
 73440612, -0.000525986, -0.03515939, -0.00775356, 0.01859007
 73540572, 0.006287253, -0.03715931, -0.01535361, 0.01859007
 73640532, 0.02432537, -0.03541528, -0.01236466, 0.01859007
 73740492, 0.05955899, -0.03464898, -0.0001675126, 0.01859007
 73840452, 0.08759455, -0.03126073, 0.008769264, 0.01859007
 73940412, 0.09759779, -0.03081483, 0.004747027, 0.01859007
 74040372, 0.09565499, -0.03114807, 0.004222411, 0.01859007
 74140332, 0.07854413, -0.03040802, -0.01822835, 0.01859007
 74240292, 0.03860923, -0.03255953, -0.04297179, 0.01859007
 74340252, 0.005224818, -0.03239375, -0.04085226, 0.01859007
 74440212, -0.01459439, -0.03062598, -0.01468102, 0.01859007
 74540172, -0.02469591, -0.02973277, 0.0002359495, 0.01859007
 74640965, -0.01546847, -0.02507439, 0.009510866, 0.01874498
 74740925, -0.003208144, -0.02531308, 0.006390141, 0.01859007
 74840885, 0.007200554, -0.02401717, 0.006965797, 0.01859007
 74940845, 0.01961372, -0.02535773, -0.01295354, 0.01859007
 75040805, 0.04798678, -0.02498265, -0.002080295, 0.01859007
 75140765, 0.06993047, -0.02674163, -0.009574893, 0.01859007
 75240725, 0.08075045, -0.02605823, -0.01161158, 0.01859007
 75340685, 0.07214563, -0.02462334, -0.00833402, 0.01859007
 75440645, 0.03889371, -0.02248211, -0.006236069, 0.01859007
 75540605, 0.0004742611, -0.01991226, 0.01154027, 0.01859007
 75640565, -0.0211272, -0.01772057, 0.005781969, 0.01859007
 75740525, -0.02582141, -0.01517097, 0.004330066, 0.01859007
 75840485, -0.01808962, -0.01557213, -0.002961843, 0.01859007
 75940445, -0.005017899, -0.01693407, -0.02071982, 0.01859007
 76040405, 0.003580377, -0.01907453, -0.0206183, 0.01859007
 76140365, 0.01153307, -0.01638513, -0.01476213, 0.01859007
 76240325, 0.01672694, -0.01835422, -0.01216255, 0.01859007
 76340285, 0.01989485, -0.01618619, 0.0009975543, 0.01859007
 76440245, 0.01988622, -0.01748396, 0.002845074, 0.01859007
 76540205, 0.0197513, -0.02125143, 0.01543346, 0.01859007
 76640165, 0.01453898, -0.02171066, 0.008903868, 0.01859007
 76740958, 0.01149874, -0.02015173, 0.00169936, 0.01874498
 76840918, 0.01073538, -0.01871609, 0.01157985, 0.01859007
 76940878, 0.006392688, -0.01399618, 0.00490616, 0.01859007
 77040838, 0.006155089, -0.008478773, -0.0003510596, 0.01859007
 77140798, 0.002704866, -0.010319, 0.001649549, 0.01859007
 77240758, 0.002422063, -0.01297782, -0.00687101, 0.01859007
 77340718, 0.004804205, -0.01498783, -0.008346079, 0.01859007
 77440678, 0.009094859, -0.01310945, 0.003786231, 0.01859007
 77540638, 0.01262027, -0.01067824, 0.006522744, 0.01859007
 77640598, 0.01292343, -0.008888802, -0.003245047, 0.01859007
 77740558, 0.01040946, -0.008662841, -0.01125088, 0.01859007
 77840518, 0.005713908, -0.009826596, -0.003294304, 0.01859007
 77940478, 0.005927648, -0.009080949, -0.001515736, 0.01859007
 78040438, 0.003827318, -0.01048351, -0.002869602, 0.01859007
 78140398, 0.002912738, -0.00824781, 0.008694164, 0.01859007
 78240358, 0.006023103, -0.008241286, 0.01149768, 0.01859007
 78340318, 0.004738546, -0.005660932, 0.01272933, 0.01859007
 78440278, 0.003542163, -0.005476678, -0.001420959, 0.01859007
 78540238, 0.003181925, -0.005386288, -0.01059396, 0.01859007
 78640198, 0.001875845, -0.004877145, -0.004713051, 0.01859007
 78740158, -1.458626E-05, -0.002566947, -0.0118678, 0.01859007
 78840951, -0.0006288363, -0.003209248, -0.006230874, 0.01874498
 78940911, -0.0002158352, -0.002255381, 0.02676313, 0.01859007
 79040871, 0.002212247, 0.00136267, 0.0316934, 0.01859007
 79140831, 0.004016724, 0.001542082, 0.009721737, 0.01859007
 79240791, -0.0005573908, 0.0003257712, -0.01036291, 0.01859007
 79340751, -0.001875223, -0.001561365, -0.01120682, 0.01859007
 79440711, 0.0002790572, -0.004601381, -0.007620662, 0.01859007
 79540671, -0.002478162, -0.0008948771, -0.004634185, 0.01859007
 79640631, -0.003242171, -0.00310233, 0.002920718, 0.01859007
 79740591, -0.005363603, -0.005485918, 0.0112471, 0.01859007
 79840551, -0.006870413, -0.003103007, 0.01331655, 0.01859007
 79940511, -0.004299628, -0.002704039, 0.01355542, 0.01859007
 80040471, -0.0005903213, -0.00374978, -0.003369413, 0.01859007
 80140431, -0.0001614025, -0.003286759, -0.00185772, 0.01859007
 80240391, -0.001975788, -0.002009282, -0.0003241005, 0.01859007
 80340351, -0.002653458, -0.001615686, -0.0003307164, 0.01859007
 80440311, -0.009559656, -0.00165538, -0.004613403, 0.01859007
 80540271, -0.00921178, 0.0002330816, 0.009268332, 0.01859007
 80640231, -0.005442458, 0.002066883, 0.01802911, 0.01859007
 80740191, -0.004305357, 0.002758985, 0.01911359, 0.01859007
 80840151, -0.004746015, 0.003669481, 0.003678604, 0.01859007
 80940944, -0.003948559, 0.003002579, 0.0002836024, 0.01874498
 81040904, -0.002484413, 0.0049532, 0.006370933, 0.01859007
 81140864, -0.004516595, 0.004575316, -0.0002890766, 0.01859007
 81240824, -0.00583108, 0.005144142, -0.02066162, 0.01859007
 81340784, -0.00148676, 0.003569612, -0.0173651, 0.01859007
 81440744, -0.004277211, 0.00295864, -0.002060066, 0.01859007
 81540704, -0.007418402, 0.008087175, 0.01521476, 0.01859007
 81640664, -0.005735254, 0.007511373, 0.026921, 0.01859007
 81740624, -0.006268505, 0.008833412, 0.03026016, 0.01859007
 81840584, -0.003702175, 0.009766249, 0.01641713, 0.01859007
 81940544, -0.002940928, 0.009792046, 0.01544607, 0.01859007
 82040504, -0.004501869, 0.01057705, 0.01579782, 0.01859007
 82140464, -0.003837735, 0.01226508, 0.007555789, 0.01859007
 82240424, -0.006494246, 0.01332422, -0.0153815, 0.01859007
 82340384, -0.008698267, 0.009434124, -0.01289884, 0.01859007
 82440344, -0.008456528, 0.009836024, 0.001662457, 0.01859007
 82540304, -0.008517377, 0.01329317, -0.0004073325, 0.01859007
 82640264, -0.01189548, 0.01324016, 0.0005325379, 0.01859007
 82740224, -0.01220959, 0.01452642, 0.005559518, 0.01859007
 82840184, -0.01414883, 0.01250007, -0.009022106, 0.01859007
 82940977, -0.01611356, 0.01126925, -0.005508536, 0.01859007
 83040937, -0.01305953, 0.01209329, -0.007291928, 0.01874498
 83140897, -0.01211378, 0.01165943, -0.004178187, 0.01859007
 83240857, -0.01194751, 0.01250094, -0.001246135, 0.01859565
 83340817, -0.007402427, 0.01197184, 0.01491821, 0.01859937
 83440777, -0.005079858, 0.01115802, 0.01662547, 0.01859937
 83540737, -0.0024395, 0.01078282, 0.01624095, 0.01859937
 83640697, -0.0009008418, 0.01227732, 0.009637943, 0.01859937
 83740657, -0.003479297, 0.01165011, 0.0188632, 0.01859937
 83840617, -0.003613336, 0.012242, 0.01957331, 0.01859937
 83940577, -0.003445455, 0.01467731, 0.004651421, 0.01859937
 84040537, -0.004155439, 0.01513938, -0.01258198, 0.01859937
 84140497, -0.004656861, 0.01557568, -0.02015993, 0.01859937
 84240457, -0.005381918, 0.01135878, -0.02763377, 0.01859379
 84340417, -0.005212619, 0.009954115, -0.01353833, 0.01859007
 84440377, -0.003238945, 0.007537453, -0.003591341, 0.01859007
 84540337, -0.004224276, 0.01080865, -0.001643448, 0.01859007
 84640297, -0.006297474, 0.009471931, 0.001572199, 0.01859007
 84740257, -0.006949375, 0.00709396, 0.006648827, 0.01859007
 84840217, -0.006833497, 0.00265171, 0.01327558, 0.01859007
 84940177, -0.009167936, 0.003059549, 0.01647377, 0.01859007
 85040970, -0.008807505, 0.007128353, 0.00556214, 0.01859007
 85140930, -0.009634526, 0.01033848, -0.01413582, 0.01874498
 85240890, -0.005059374, 0.01139446, -0.01645913, 0.01859007
 85340850, -0.001855332, 0.01030018, -0.01073085, 0.01859007
 85440810, 0.001570373, 0.01143312, 0.001501341, 0.01859007
 85540770, -0.001003535, 0.01130111, 0.01195407, 0.01859007
 85640730, -0.004126595, 0.01431886, 0.01964423, 0.01859007
 85740690, -0.005538025, 0.01421596, 0.01983679, 0.01859007
 85840650, -0.006075844, 0.01735599, 0.02407392, 0.01859007
 85940610, -0.004232675, 0.01567529, 0.003185142, 0.01859007
 86040570, -0.005132447, 0.01577964, -0.00817463, 0.01859007
 86140530, -0.005200763, 0.01490307, -0.009837611, 0.01859007
 86240490, -0.002140718, 0.01301051, -0.01061572, 0.01859007
 86340450, -0.003013069, 0.009825135, -0.01158215, 0.01859007
 86440410, -0.002310412, 0.008434037, -0.02898443, 0.01859007
 86540370, -0.009199263, 0.01209482, -0.05957548, 0.01859007
 86640330, -0.01769364, 0.008410453, -0.086027, 0.01859007
 86740290, -0.02196108, 0.009186521, -0.07740825, 0.01859007
 86840250, -0.02036547, 0.008513293, -0.05929371, 0.01859007
 86940210, -0.02112678, 0.005188093, -0.03013678, 0.01859007
 87040170, -0.01803933, 0.005596071, -0.001583343, 0.01859007
 87140963, -0.01602, 0.008331935, 0.02717288, 0.01874498
 87240923, -0.0163097, 0.008082082, 0.02665059, 0.01859007
 87340883, -0.0180395, 0.008178203, 0.01323714, 0.01859007
 87440843, -0.01677709, 0.008776851, 0.01110986, 0.01859007
 87540803, -0.01195894, 0.006853196, 0.01975209, 0.01859007
 87640763, -0.01419407, 0.006792241, 0.02622834, 0.01859007
 87740723, -0.01635211, 0.004946896, 0.01768959, 0.01859007
 87840683, -0.01767367, 0.003286073, -0.0004704023, 0.01859007
 87940643, -0.01702091, 0.006898419, -0.01221192, 0.01859007
 88040603, -0.01705831, 0.0110293, 0.002232745, 0.01859007
 88140563, -0.01790788, 0.01285303, 0.01235093, 0.01859007
 88240523, -0.01277139, 0.01166517, -0.0003901732, 0.01859565
 88340483, -0.01429107, 0.01266126, 0.003725478, 0.01859937
 88440443, -0.01655614, 0.01276194, 0.01373782, 0.01859937
 88540403, -0.01376893, 0.007987194, 0.01174147, 0.01859937
 88640363, -0.01365573, 0.01109099, 0.006406481, 0.01859937
 88740323, -0.01294669, 0.01682568, 0.00733392, 0.01859937
 88840283, -0.009941562, 0.01726809, 0.009471546, 0.01859937
 88940243, -0.01074162, 0.01927014, 0.01188815, 0.01859937
 89040203, -0.01380397, 0.01745541, 0.01841375, 0.01859937
 89140163, -0.015216, 0.01358772, 0.01442622, 0.01859937
 89240956, -0.01198362, 0.01704476, 0.01856949, 0.0187487
 89340916, -0.01151858, 0.01915387, 0.008955633, 0.01859007
 89440876, -0.01046879, 0.01826397, -0.0004135767, 0.01859007
 89540836, -0.01283689, 0.01538488, -0.002342794, 0.01859007
 89640796, 0.02414047, -0.005582248, 0.01757219, 0.01859007
 89740756, 0.01569073, 0.00390418, 0.02606564, 0.01859007
 89840716, -0.1346559, 0.06376617, 0.01679322, 0.01859007
 89940676, -0.3054292, 0.1359582, 0.02121015, 0.01859007
 90040636, -0.4375048, 0.1874439, 0.04407045, 0.01859007
 90140596, -0.5532168, 0.2323905, 0.0664189, 0.01859007
 90240556, -0.6798219, 0.2832445, 0.07795047, 0.01859007
 90340516, -0.7947254, 0.3175686, 0.03550613, 0.01859007
 90440476, -0.9243092, 0.3513587, -0.09829261, 0.01859007
 90540436, -1.053546, 0.3580539, -0.2911195, 0.01859007
 90640396, -1.114646, 0.3018774, -0.4508654, 0.01859007
 90740356, -1.113193, 0.1924534, -0.5383716, 0.01859007
 90840316, -1.040053, 0.05739453, -0.5186954, 0.01859007
 90940276, -0.9166691, -0.04948662, -0.4085163, 0.01859007
 91040236, -0.7887185, -0.1179567, -0.2658373, 0.01859007
 91140196, -0.7095239, -0.1660728, -0.1636604, 0.01859007
 91240156, -0.6472081, -0.1892108, -0.08500398, 0.01859007
 91340949, -0.6129042, -0.2074477, -0.0414171, 0.01874498
 91440909, -0.5950278, -0.2260204, -0.03595581, 0.01859007
 91540869, -0.6056411, -0.2574961, -0.059409, 0.01859007
 91640829, -0.5911792, -0.2840372, -0.06541975, 0.01859007
 91740789, -0.5735871, -0.3137844, -0.07778928, 0.01859007
 91840749, -0.557755, -0.3523985, -0.08992339, 0.01859007
 91940709, -0.5326766, -0.3808667, -0.1010079, 0.01859007
 92040669, -0.4981367, -0.4060971, -0.09253225, 0.01859007
 92140629, -0.4594186, -0.4268866, -0.07651003, 0.01859007
 92240589, -0.419434, -0.4381425, -0.06044796, 0.01859007
 92340549, -0.3866516, -0.4513817, -0.04889607, 0.01859007
 92440509, -0.3577912, -0.4643002, -0.05116373, 0.01859007
 92540469, -0.3189204, -0.4692703, -0.03782115, 0.01859007
 92640429, -0.2929122, -0.480074, -0.03568286, 0.01859007
 92740389, -0.2706206, -0.4964899, -0.03195693, 0.01859007
 92840349, -0.2496314, -0.5133102, -0.03722764, 0.01859007
 92940309, -0.2160776, -0.512594, -0.02997867, 0.01859007
 93040269, -0.1850969, -0.5216234, -0.03760777, 0.01859007
 93140229, -0.163424, -0.541397, -0.0471469, 0.01859007
 93240189, -0.1333922, -0.5507795, -0.04739806, 0.01859565
 93340149, -0.09925963, -0.548148, -0.04668975, 0.01859937
 93440942, -0.06450715, -0.546145, -0.04233083, 0.01875436
 93540902, -0.02752449, -0.5415729, -0.04954632, 0.01859937
 93640862, 0.006359595, -0.5410918, -0.05509082, 0.01859937
 93740822, 0.03729454, -0.5333114, -0.04991986, 0.01859937
 93840782, 0.06515307, -0.5190558, -0.04226986, 0.01859937
 93940742, 0.09799989, -0.4994024, -0.03251493, 0.01859937
 94040702, 0.1234247, -0.481189, -0.01891493, 0.01859937
 94140662, 0.1499169, -0.4645056, -0.01877036, 0.01859937
 94240622, 0.1729143, -0.4373832, -0.009614645, 0.01859379
 94340582, 0.1965024, -0.417063, -0.007991253, 0.01859007
 94440542, 0.2161704, -0.3871057, 0.008915977, 0.01859007
 94540502, 0.2278003, -0.3636873, 0.01837032, 0.01859007
 94640462, 0.240682, -0.3366267, 0.02699927, 0.01859007
 94740422, 0.2545108, -0.3235747, 0.0166189, 0.01859007
 94840382, 0.2671658, -0.3062654, 0.01297357, 0.01859007
 94940342, 0.2737508, -0.2790829, 0.0202622, 0.01859007
 95040302, 0.2826221, -0.2552901, 0.02008119, 0.01859007
 95140262, 0.2910151, -0.240227, 0.009059381, 0.01859007
 95240222, 0.2950642, -0.2180982, 0.00290762, 0.01859007
 95340182, 0.2988025, -0.1936689, 0.006231446, 0.01859007
 95440975, 0.3012715, -0.1695561, 0.005342539, 0.01859007
 95540935, 0.30308, -0.1487042, 0.003623937, 0.01874498
 95640895, 0.2988154, -0.1268349, 0.004804757, 0.01859007
 95740855, 0.2916035, -0.1094452, 0.01242346, 0.01859007
 95840815, 0.2833079, -0.08956253, 0.02813604, 0.01859007
 95940775, 0.2778452, -0.07184048, 0.02104187, 0.01859007
 96040735, 0.2728489, -0.05518285, 0.0152651, 0.01859007
 96140695, 0.2688035, -0.04089256, 0.007974247, 0.01859007
 96240655, 0.2648832, -0.02508825, 0.001939379, 0.01859007
 96340615, 0.2612064, -0.01082698, -0.008339539, 0.01859007
 96440575, 0.2582396, 0.0005122627, -0.015794, 0.01859007
 96540535, 0.2514269, 0.01350637, -0.0178497, 0.01859007
 96640495, 0.2473285, 0.02647001, -0.01828177, 0.01859007
 96740455, 0.2367451, 0.03872971, -0.005440576, 0.01859007
 96840415, 0.2310444, 0.04983899, -0.004831822, 0.01859007
 96940375, 0.2242278, 0.05682103, -0.01211912, 0.01859007
 97040335, 0.2124764, 0.0656664, -0.0133424, 0.01859007
 97140295, 0.2047047, 0.07873844, -0.0111363, 0.01859007
 97240255, 0.1910872, 0.08619539, -0.0008759235, 0.01859007
 97340215, 0.1825302, 0.09365132, -0.007604217, 0.01859007
 97440175, 0.1727469, 0.1018927, -0.01343176, 0.01859007
 97540968, 0.16931, 0.1099579, -0.008937755, 0.01874498
 97640928, 0.1569925, 0.1165485, -0.004684491, 0.01859007
 97740888, 0.1496527, 0.1193525, -0.007785534, 0.01859007
 97840848, 0.1435498, 0.1229268, -0.01016648, 0.01859007
 97940808, 0.1384263, 0.1276027, -0.01661583, 0.01859007
 98040768, 0.1358531, 0.1317559, -0.01948095, 0.01859007
 98140728, 0.1304125, 0.1326538, -0.02006641, 0.01859007
 98240688, 0.1227783, 0.1357798, -0.02043425, 0.01859565
 98340648, 0.120441, 0.1406906, -0.03592219, 0.01859937
 98440608, 0.1130405, 0.1452626, -0.03724227, 0.01859937
 98540568, 0.1084247, 0.1468446, -0.03329783, 0.01859937
 98640528, 0.1040573, 0.1465765, -0.01821598, 0.01859937
 98740488, 0.1009041, 0.1464346, -0.01559865, 0.01859937
 98840448, 0.09897519, 0.1480522, -0.01302262, 0.01859937
 98940408, 0.09271268, 0.1459848, -0.007937039, 0.01859937
 99040368, 0.08767574, 0.147884, -0.02017096, 0.01859937
 99140328, 0.08422917, 0.1511661, -0.03685851, 0.01859937
 99240288, 0.08245923, 0.1547503, -0.03261046, 0.01859379
 99340248, 0.08011211, 0.1554783, -0.02510477, 0.01859007
 99440208, 0.07257473, 0.15114, -0.01296483, 0.01859007
 99540168, 0.0666118, 0.1489896, -0.007569031, 0.01859007
 99640961, 0.06718465, 0.1522536, -0.02214163, 0.01874498
 99740921, 0.0656307, 0.1476437, -0.01245365, 0.01859007
 99840881, 0.06227335, 0.1472664, -0.005133167, 0.01859007
 99940841, 0.05768757, 0.1450661, -0.001539072, 0.01859007
 100040801, 0.0524554, 0.1428865, -0.006435069, 0.01859007
 100140761, 0.05038376, 0.1429431, -0.007307171, 0.01859007
 100240721, 0.05034801, 0.1436978, -0.01165049, 0.01859007
 100340681, 0.04777852, 0.1456232, -0.01686422, 0.01859007
 100440641, 0.04962569, 0.1426303, -0.0218241, 0.01859007
 100540601, 0.05147187, 0.1448634, -0.03709277, 0.01859007
 100640561, 0.0512236, 0.1470564, -0.04078555, 0.01859007
 100740521, 0.05120335, 0.1495819, -0.03557437, 0.01859007
 100840481, 0.04934926, 0.1492817, -0.02686271, 0.01859007
 100940441, 0.04527717, 0.1431999, -0.01289933, 0.01859007
 101040401, 0.04285172, 0.137073, 0.005079535, 0.01859007
 101140361, 0.03776276, 0.1301992, 0.007740061, 0.01859007
 101240321, 0.04019587, 0.1253115, 0.002801899, 0.01859379
 101340281, 0.03898093, 0.1205483, 0.005011718, 0.01859937
 101440241, 0.04078134, 0.1182785, 0.002721508, 0.01859937
 101540201, 0.03927049, 0.1194417, -0.0142681, 0.01859937
 101640161, 0.03639785, 0.1246524, -0.008816023, 0.01859937
 101740954, 0.03529413, 0.1216428, -0.01321704, 0.01875436
 101840914, 0.02767333, 0.1196192, -0.02561527, 0.01859937
 101940874, 0.02865445, 0.1160536, -0.02481182, 0.01859937
 102040834, 0.02752775, 0.1177812, -0.02503392, 0.01859937
 102140794, 0.02865482, 0.1146811, -0.006709513, 0.01859937
 102240754, 0.02743454, 0.1105424, 0.00372522, 0.01859565
 102340714, 0.03361436, 0.1104635, 0.006626853, 0.01859007
 102440674, 0.03264934, 0.1057402, 0.007106951, 0.01859007
 102540634, 0.02948983, 0.1025035, -0.009956172, 0.01859007
 102640594, 0.02823618, 0.1007409, -0.01513311, 0.01859007
 102740554, 0.0292094, 0.09723109, -0.01499844, 0.01859007
 102840514, 0.02894944, 0.09491397, -0.01313808, 0.01859007
 102940474, 0.02793649, 0.0936246, -0.004232373, 0.01859007
 103040434, 0.0266736, 0.09137772, -0.009890452, 0.01859007
 103140394, 0.01730804, 0.09083173, -0.001398662, 0.01859007
 103240354, 0.01367771, 0.08358671, 0.00778948, 0.01859379
 103340314, 0.01455238, 0.0828071, -0.0002083518, 0.01859937
 103440274, 0.01966761, 0.07794178, 0.002042849, 0.01859937
 103540234, 0.01801661, 0.07847744, -0.005176637, 0.01859937
 103640194, 0.02187895, 0.08078042, -0.01102807, 0.01859937
 103740154, 0.02685068, 0.08576474, -0.0204346, 0.01859937
 103840947, 0.02698819, 0.08100025, -0.02899372, 0.01875436
 103940907, 0.02371416, 0.07291581, -0.01463071, 0.01859937
 104040867, 0.01755056, 0.07117935, 0.01131786, 0.01859937
 104140827, 0.01658376, 0.06986734, 0.01209506, 0.01859937
 104240787, 0.01744081, 0.0688678, -0.007243549, 0.01859565
 104340747, 0.01812015, 0.06148122, -0.01538418, 0.01859007
 104440707, 0.01985659, 0.06770775, -0.006237147, 0.01859007
 104540667, 0.02009842, 0.06740815, -0.005655086, 0.01859007
 104640627, 0.01892592, 0.06656835, -0.01177042, 0.01859007
 104740587, 0.01748062, 0.06605028, -0.01788771, 0.01859007
 104840547, 0.0168395, 0.06499296, -0.01681048, 0.01859007
 104940507, 0.01426131, 0.06324705, -0.01484302, 0.01859007
 105040467, 0.01685804, 0.05978353, 0.004533089, 0.01859007
 105140427, 0.01477971, 0.05442001, 0.02449394, 0.01859007
 105240387, 0.01536878, 0.0572275, 0.007646219, 0.01859007
 105340347, 0.01358593, 0.05723291, -0.01005959, 0.01859007
 105440307, 0.0128126, 0.05432075, -0.002398542, 0.01859007
 105540267, 0.01408299, 0.05351973, -0.004129836, 0.01859007
 105640227, 0.01416994, 0.05223864, -0.01236105, 0.01859007
 105740187, 0.01631752, 0.05174926, -0.01649131, 0.01859007
 105840147, 0.01371839, 0.05150522, 0.0008784116, 0.01859007
 105940940, 0.0149078, 0.04813804, -0.0001305467, 0.01874498
 106040900, 0.01461403, 0.04315858, 0.00111704, 0.01859007
 106140860, 0.01547574, 0.04002283, 0.004163497, 0.01859007
 106240820, 0.01694035, 0.03889337, 0.007879861, 0.01859379
 106340780, 0.01676742, 0.03327087, 0.006052027, 0.01859937
 106440740, 0.01503173, 0.03360125, 0.006533793, 0.01859937
 106540700, 0.01591151, 0.02974829, -0.001409358, 0.01859937
 106640660, 0.01502371, 0.03058413, -0.00629097, 0.01859937
 106740620, 0.01789572, 0.02646988, -0.002387817, 0.01859937
 106840580, -0.004213497, 0.0543468, -0.01177579, 0.01859937
 106940540, 0.0005981978, 0.04062398, -0.008816986, 0.01859937
 107040500, 0.09241269, -0.1013877, -0.02251501, 0.01859937
 107140460, 0.1984338, -0.2516468, -0.01172561, 0.01859937
 107240420, 0.2784371, -0.3618944, 0.05663827, 0.01859565
 107340380, 0.3380375, -0.4499258, 0.1171314, 0.01859007
 107440340, 0.3806102, -0.5100291, 0.1321958, 0.01859007
 107540300, 0.4271718, -0.5644139, 0.04315024, 0.01859007
 107640260, 0.4694363, -0.5961964, -0.1131575, 0.01859007
 107740220, 0.4850028, -0.5660662, -0.2575941, 0.01859007
 107840180, 0.4769164, -0.4844619, -0.340889, 0.01859007
 107940973, 0.4281642, -0.3671961, -0.3280169, 0.01859007
 108040933, 0.369934, -0.2544207, -0.2504075, 0.01874498
 108140893, 0.3199304, -0.1692795, -0.1447043, 0.01859007
 108240853, 0.2717662, -0.1109226, -0.03172418, 0.01859379
 108340813, 0.2396885, -0.07512285, 0.04234023, 0.01859937
 108440773, 0.2267309, -0.05838075, 0.07213159, 0.01859937
 108540733, 0.2222284, -0.04370004, 0.07532059, 0.01859937
 108640693, 0.2195955, -0.03577324, 0.06149591, 0.01859937
 108740653, 0.2285699, -0.03560355, 0.02960233, 0.01859937
 108840613, 0.2299716, -0.03248383, 0.008347766, 0.01859937
 108940573, 0.2322658, -0.02686979, -0.007640576, 0.01859937
 109040533, 0.2365044, -0.01743937, -0.02961376, 0.01859937
 109140493, 0.2322363, -0.007479019, -0.0574085, 0.01859937
 109240453, 0.2156879, 0.004413874, -0.05978808, 0.01859565
 109340413, 0.2032019, 0.01767079, -0.05423702, 0.01859007
 109440373, 0.1858444, 0.02316855, -0.03406291, 0.01859007
 109540333, 0.166306, 0.03006684, -0.01282562, 0.01859007
 109640293, 0.151365, 0.0353983, -0.01696458, 0.01859007
 109740253, 0.1408487, 0.04143101, -0.01841739, 0.01859007
 109840213, 0.1226777, 0.04672904, -0.007848688, 0.01859007
 109940173, 0.1131236, 0.05413951, 0.007500994, 0.01859007
 110040966, 0.1029101, 0.05800017, 0.01028563, 0.01874498
 110140926, 0.1029755, 0.05684508, 0.004047377, 0.01859007
 110240886, 0.09593486, 0.05767163, -0.004414528, 0.01859007
 110340846, 0.08783225, 0.06062849, -0.001366593, 0.01859007
 110440806, 0.07952473, 0.06157707, -0.006650895, 0.01859007
 110540766, 0.06961477, 0.06486336, -0.01482533, 0.01859007
 110640726, 0.05882021, 0.06434833, -0.004754033, 0.01859007
 110740686, 0.05112635, 0.06619377, -0.003586135, 0.01859007
 110840646, 0.04453953, 0.0687319, -0.01705547, 0.01859007
 110940606, 0.03655719, 0.06897458, -0.0132181, 0.01859007
 111040566, 0.03045608, 0.06832269, -0.004361277, 0.01859007
 111140526, 0.02886104, 0.06716648, -0.006485299, 0.01859007
 111240486, 0.02617634, 0.06623084, -0.008211016, 0.01859379
 111340446, 0.02026484, 0.06473964, 0.002224547, 0.01859937
 111440406, 0.01637423, 0.06588769, 0.003255962, 0.01859937
 111540366, 0.01090616, 0.06723997, -0.004854606, 0.01859937
 111640326, 0.003217237, 0.06570788, -0.009556122, 0.01859937
 111740286, 0.006099153, 0.06497784, -0.01278686, 0.01859937
 111840246, 0.002737249, 0.06739096, -0.01912896, 0.01859937
 111940206, -0.008262622, 0.06710155, -0.01144432, 0.01859937
 112040166, -0.01382356, 0.06868724, -0.005113215, 0.01859937
 112140959, -0.01567671, 0.06714222, -0.01228926, 0.01875436
 112240919, -0.01992178, 0.06626286, -0.01446922, 0.01859565
 112340879, -0.02401846, 0.06663369, -0.00629976, 0.01859007
 112440839, -0.02423387, 0.06365997, -0.007827593, 0.01859007
 112540799, -0.02346359, 0.0616945, -0.0005050353, 0.01859007
 112640759, -0.02762092, 0.06248251, 0.008747566, 0.01859007
 112740719, -0.03144428, 0.06121558, -0.00229817, 0.01859007
 112840679, -0.03446829, 0.06118742, -0.0166256, 0.01859007
 112940639, -0.04130907, 0.05949049, -0.01413292, 0.01859007
 113040599, -0.03705282, 0.05891673, -0.009878611, 0.01859007
 113140559, -0.0385306, 0.057922, -0.007480765, 0.01859007
 113240519, -0.03963399, 0.05452643, -0.01007859, 0.01859379
 113340479, -0.03966678, 0.05428077, -0.002811451, 0.01859937
 113440439, -0.03750465, 0.05423116, -0.002274347, 0.01859937
 113540399, -0.04148554, 0.05396925, 0.005325523, 0.01859937
 113640359, -0.0480497, 0.05036876, 0.005864753, 0.01859937
 113740319, -0.05160659, 0.0479146, 0.0108649, 0.01859937
 113840279, -0.05079615, 0.04866077, 0.007740099, 0.01859937
 113940239, -0.05471011, 0.04941863, -0.01077778, 0.01859937
 114040199, -0.05011991, 0.04935244, -0.01767219, 0.01859937
 114140159, -0.0493663, 0.04841612, -0.02002615, 0.01859937
 114240952, -0.05557698, 0.04651951, -0.001152077, 0.01875064
 114340912, -0.05166635, 0.04292331, 0.01498391, 0.01859007
 114440872, -0.05510806, 0.04115373, 0.02138925, 0.01859007
 114540832, -0.0515749, 0.04042286, -0.0009753235, 0.01859007
 114640792, -0.05268931, 0.04074958, -0.008815957, 0.01859007
 114740752, -0.0485733, 0.03815074, -0.009323309, 0.01859007
 114840712, -0.05480148, 0.03867747, -1.016211E-05, 0.01859007
 114940672, -0.05543728, 0.03696684, 0.001063646, 0.01859007
 115040632, -0.05442363, 0.03305907, 0.02070644, 0.01859007
 115140592, -0.05346379, 0.0303781, 0.03070683, 0.01859007
 115240552, -0.05194982, 0.02859664, 0.01092631, 0.01859007
 115340512, -0.05476221, 0.02980621, -0.0005767994, 0.01859007
 115440472, -0.06182317, 0.027593, -0.01119001, 0.01859007
 115540432, -0.06910632, 0.03131843, -0.01648868, 0.01859007
 115640392, -0.07395145, 0.02815452, -0.01519697, 0.01859007
 115740352, -0.08189769, 0.02744886, -0.001948016, 0.01859007
 115840312, -0.08916614, 0.02605761, 0.001473266, 0.01859007
 115940272, -0.0973011, 0.02434822, 0.01685295, 0.01859007
 116040232, -0.1028486, 0.02468917, 0.02019517, 0.01859007
 116140192, -0.1030274, 0.02142571, 0.01809705, 0.01859007
 116240152, -0.1037327, 0.01834931, 0.0191045, 0.01859379
 116340945, -0.1030259, 0.017496, 0.01833186, 0.01875436
 116440905, -0.1047584, 0.01627279, 0.004537579, 0.01859937
 116540865, -0.1078532, 0.01778955, 0.01012047, 0.01859937
 116640825, -0.1129692, 0.01498801, 0.003833038, 0.01859937
 116740785, -0.118092, 0.01472773, -0.004156262, 0.01859937
 116840745, -0.1260604, 0.01438041, 0.0005018039, 0.01859937
 116940705, -0.1264836, 0.01468437, -0.002474138, 0.01859937
 117040665, -0.126135, 0.01653253, -0.01636168, 0.01859937
 117140625, -0.121542, 0.01703539, -0.007823551, 0.01859937
 117240585, -0.1243229, 0.01699224, -0.01707039, 0.01859565
 117340545, -0.1190348, 0.0159725, -0.01722539, 0.01859007
 117440505, -0.1161341, 0.01620127, -0.003429452, 0.01859007
 117540465, -0.1163835, 0.01657634, 0.01455472, 0.01859007
 117640425, -0.1156778, 0.01642194, 0.01621039, 0.01859007
 117740385, -0.1115334, 0.01280951, 0.01059209, 0.01859007
 117840345, -0.1122732, 0.01300378, 0.009431975, 0.01859007
 117940305, -0.1062237, 0.01101519, 0.01866999, 0.01859007
 118040265, -0.1044575, 0.008781979, 0.01343223, 0.01859007
 118140225, -0.1071833, 0.0102361, 0.003229899, 0.01859007
 118240185, -0.1080573, 0.008287899, 0.006478426, 0.01859379
 118340145, -0.1067229, 0.005273815, 0.01330539, 0.01859937
 118440938, -0.1039112, -0.0008382219, 0.02298911, 0.01875436
 118540898, -0.1052668, -0.002388084, 0.01041955, 0.01859937
 118640858, -0.103145, -0.0004148111, 0.006815644, 0.01859937
 118740818, -0.1013524, 0.007304009, -0.00752761, 0.01859937
 118840778, -0.09873885, 0.00659551, -0.01240954, 0.01859937
 118940738, -0.09434157, 0.009381957, -0.01362859, 0.01859937
 119040698, -0.08926846, 0.0105809, -0.0189823, 0.01859937
 119140658, -0.08490613, 0.01185357, -0.0164209, 0.01859937
 119240618, -0.08373649, 0.01080293, -0.01571923, 0.01859565
 119340578, -0.08455488, 0.01317927, -0.0094386, 0.01859007
 119440538, -0.08369224, 0.01126203, -0.0006704319, 0.01859007
 119540498, -0.07844595, 0.01068004, 0.007297361, 0.01859007
 119640458, -0.07650694, 0.009211041, 0.02154227, 0.01859007
 119740418, -0.07261971, 0.005635797, 0.02034657, 0.01859007
 119840378, -0.07134662, 0.004376933, 0.009838716, 0.01859007
 119940338, -0.06525502, 0.005018178, 0.01106801, 0.01859007
 120040298, -0.06437073, 0.00571114, 0.009421717, 0.01859007
 120140258, -0.06344934, 0.0037789, 0.01217396, 0.01859007
 120240218, -0.0599454, 0.002859962, 0.01621739, 0.01859007
 120340178, -0.05514771, 0.00131601, 0.01238412, 0.01859007
 120440971, -0.05756138, 0.001814864, -0.01153216, 0.01859007
 120540931, -0.05413336, 8.756774E-05, -0.0118971, 0.01874498
 120640891, -0.05293903, 0.004645337, -0.01337542, 0.01859007
 120740851, -0.0455076, 0.003620158, -0.0142441, 0.01859007
 120840811, -0.04472077, 0.002102534, -0.01518149, 0.01859007
 120940771, -0.03847827, -0.00331584, -0.007019753, 0.01859007
 121040731, -0.03425017, -0.00513666, -0.001230854, 0.01859007
 121140691, -0.03699621, -0.004456273, 0.0005868566, 0.01859007
 121240651, -0.03571519, 0.001082587, -0.008817015, 0.01859379
 121340611, -0.03432115, 0.004064773, -0.008415402, 0.01859937
 121440571, -0.02947942, 0.003415935, -0.00152503, 0.01859937
 121540531, -0.02100138, 0.003721829, 0.002437846, 0.01859937
 121640491, -0.02118684, 0.003422224, 0.005915764, 0.01859937
 121740451, -0.0178706, 0.002615133, 0.0001623743, 0.01859937
 121840411, -0.01295033, 0.0002771342, 0.002326816, 0.01859937
 121940371, -0.01270226, 0.001560068, -0.0001713735, 0.01859937
 122040331, -0.01216408, -0.0004638532, -0.01420965, 0.01859937
 122140291, -0.01351452, 0.0007364879, -0.01923149, 0.01859937
 122240251, -0.0112308, 0.0006553811, -0.01794859, 0.01859565
 122340211, -0.00666725, -0.000174418, -0.002634225, 0.01859007
 122440171, -0.003696116, -0.001360901, -0.006692898, 0.01859007
 122540964, -0.0003817428, -0.0002182324, -0.01012755, 0.01874498
 122640924, -0.001826559, -0.0002730487, -0.008552344, 0.01859007
 122740884, 0.003105523, -0.0007743448, 0.005801092, 0.01859007
 122840844, 0.00471713, -0.004147348, 0.01665051, 0.01859007
 122940804, 0.006508765, -0.003421759, 0.002943587, 0.01859007
 123040764, 0.004190275, -0.003771801, -0.001617376, 0.01859007
 123140724, 0.008890525, -0.005283345, 0.003747432, 0.01859007
 123240684, 0.009390287, -0.006238205, 0.004527598, 0.01859379
 123340644, 0.01399967, -0.007466511, 0.005854915, 0.01859937
 123440604, 0.01865882, -0.01080683, 0.005836002, 0.01859937
 123540564, 0.01509392, -0.008165248, -0.004441725, 0.01859937
 123640524, 0.01423346, -0.007869439, -0.01878327, 0.01859937
 123740484, 0.01120034, -0.01274013, -0.006080092, 0.01859937
 123840444, 0.012866, -0.0164277, 0.01171465, 0.01859937
 123940404, 0.0175959, -0.01735916, 0.02074594, 0.01859937
 124040364, 0.02289434, -0.01110486, 0.01804108, 0.01859937
 124140324, 0.02253591, -0.01146457, 0.01161222, 0.01859937
 124240284, 0.02539215, -0.01293544, 0.004469266, 0.01859565
 124340244, 0.02372145, -0.01216191, 0.003403055, 0.01859007
 124440204, 0.02509313, -0.009618295, -0.01252305, 0.01859007
 124540164, 0.030073, -0.01146475, -0.01909323, 0.01859007
 124640957, 0.0305794, -0.0124884, -0.0008048973, 0.01874498
 124740917, 0.0270163, -0.0126871, 0.003459109, 0.01859007
 124840877, 0.02877595, -0.01033661, 0.0002832519, 0.01859007
 124940837, 0.03329705, -0.01695352, -0.008891334, 0.01859007
 125040797, 0.03344315, -0.01738035, -0.006995282, 0.01859007
 125140757, 0.03275765, -0.0138855, -0.01079593, 0.01859007
 125240717, 0.03319782, -0.01405598, -0.01343462, 0.01859007
 125340677, 0.03490788, -0.01135807, -0.0100756, 0.01859007
 125440637, 0.03277748, -0.01014403, -0.009631537, 0.01859007
 125540597, 0.03047627, -0.01094628, 0.01511187, 0.01859007
 125640557, 0.03176718, -0.01358904, 0.01529068, 0.01859007
 125740517, 0.03579883, -0.01463187, 0.01993249, 0.01859007
 125840477, 0.04213532, -0.01468832, 0.01501179, 0.01859007
 125940437, 0.04783648, -0.0164065, -0.007917383, 0.01859007
 126040397, 0.04443977, -0.01485922, -0.01614792, 0.01859007
 126140357, 0.04169328, -0.01954836, -0.01271528, 0.01859007
 126240317, 0.0417971, -0.02414731, -0.004694624, 0.01859379
 126340277, 0.03915409, -0.02621062, -0.0005142061, 0.01859937
 126440237, 0.0330011, -0.02422297, 0.001897024, 0.01859937
 126540197, 0.07302514, 0.05104379, -0.0003166744, 0.01859937
 126640157, 0.06350075, 0.2629637, -0.02104034, 0.01859937
 126740950, -0.08725797, 0.3659279, -0.04588676, 0.01875436
 126840910, -0.2477059, 0.4057356, -0.02724258, 0.01859937
 126940870, -0.3528791, 0.4161886, 0.04012785, 0.01859937
 127040830, -0.4247495, 0.4127506, 0.1192108, 0.01859937
 127140790, -0.465881, 0.4060952, 0.1656743, 0.01859937
 127240750, -0.4847455, 0.398637, 0.1375025, 0.01859565
