TimeUS,CGpN,CGpE,CGpD,CGpe,PGpN,PGpE,PGpD,PGpe
 8425795, 0, 0, 0, 2.5, 0, 0, 0, 0
 8606556, 0, 0, 0, 2.5, 0, 0, 0, 2.5
 8806476, 0, 0, 0, 2.5, 0, 0, 0, 2.5
 9006396, 0, 0, 0, 2.5, 0, 0, 0, 2.5
 9206316, 0, 0, 0, 2.5, 0, 0, 0, 2.5
 9406236, 0, 0, 0, 2.5, 0, 0, 0, 2.5
 9606156, 0, 0, 0, 2.5, 0, 0, 0, 2.5
 9806076, 0, 0, 0, 2.5, 0, 0, 0, 2.5
 10005996, 0, 0, 0, 2.5, 0, 0, 0, 2.5
 10205916, 0, 0, 0, 2.5, 0, 0, 0, 2.5
 10405836, 0, 0, 0, 2.5, 0, 0, 0, 2.5
 10606589, 0, 0, 0, 2.5, 0, 0, 0, 2.5
 10806509, 0, 0, 0, 2.5, 0, 0, 0, 2.5
 11006429, 0, 0, 0, 2.5, 0, 0, 0, 2.5
 11206349, 0, 0, 0, 2.5, 0, 0, 0, 2.5
 11406269, 0, 0, 0, 2.5, 0, 0, 0, 2.5
 11606189, 0, 0, 0, 2.5, 0, 0, 0, 2.5
 11806109, 0, 0, 0, 2.5, 0, 0, 0, 2.5
 12006029, 0, 0, 0, 2.5, 0, 0, 0, 2.5
 12205949, 0, 0, 0, 2.5, 0, 0, 0, 2.5
 12405869, 0, 0, 0, 2.5, 0, 0, 0, 2.5
 12605789, 0, 0, 0, 2.5, 0, 0, 0, 2.5
 12806542, 0, 0, 0, 2.5, 0, 0, 0, 2.5
 13006462, 0, 0, 0, 2.5, 0, 0, 0, 2.5
 13206382, 0, 0, 0, 2.5, 0, 0, 0, 2.5
 13406302, 0, 0, 0, 2.5, 0, 0, 0, 2.5
 13606222, 0, 0, 0, 2.5, 0, 0, 0, 2.5
 13806142, 0, 0, 0, 2.5, 0, 0, 0, 2.5
 14006062, 0, 0, 0, 2.5, 0, 0, 0, 2.5
 14205982, 0, 0, 0, 2.5, 0, 0, 0, 2.5
 14405902, 0, 0, 0, 2.5, 0, 0, 0, 2.5
 14605822, 0, 0, 0, 2.5, 0, 0, 0, 2.5
 14806575, 0, 0, 0, 2.5, 0, 0, 0, 2.5
 15006495, 0, 0, 0, 2.5, 0, 0, 0, 2.5
 15206415, 0, 0, 0, 2.5, 0, 0, 0, 2.5
 15406335, 0, 0, 0, 2.5, 0, 0, 0, 2.5
 15606255, 0, 0, 0, 2.5, 0, 0, 0, 2.5
 15806175, 0, 0, 0, 2.5, 0, 0, 0, 2.5
 16006095, 0, 0, 0, 2.5, 0, 0, 0, 2.5
 16206015, 0, 0, 0, 2.5, 0, 0, 0, 2.5
 16405935, 0, 0, 0, 2.5, 0, 0, 0, 2.5
 16605855, 0, 0, 0, 2.5, 0, 0, 0, 2.5
 16805775, 0, 0, 0, 2.5, 0, 0, 0, 2.5
 17006528, 0, 0, 0, 2.5, 0, 0, 0, 2.5
 17206448, 0, 0, 0, 2.5, 0, 0, 0, 2.5
 17406368, 0, 0, 0, 2.5, 0, 0, 0, 2.5
 17606288, 0, 0, 0, 2.5, 0, 0, 0, 2.5
 17806208, 0, 0, 0, 2.5, 0, 0, 0, 2.5
 18006128, 0, 0, 0, 2.5, 0, 0, 0, 2.5
 18206048, 0, 0, 0, 2.5, 0, 0, 0, 2.5
 18405968, 0, 0, 0, 2.5, 0, 0, 0, 2.5
 18605888, 0, 0, 0, 2.5, 0, 0, 0, 2.5
 18805808, 0, 0, 0, 2.5, 0, 0, 0, 2.5
 19006561, 0, 0, 0, 2.5, 0, 0, 0, 2.5
 19206481, 0, 0, 0, 2.5, 0, 0, 0, 2.5
 19406401, 0, 0, 0, 2.5, 0, 0, 0, 2.5
 19606321, 0, 0, 0, 2.5, 0, 0, 0, 2.5
 19806241, 0, 0, 0, 2.5, 0, 0, 0, 2.5
 20006161, 0, 0, 0, 2.5, 0, 0, 0, 2.5
 20206081, 0, 0, 0, 2.5, 0, 0, 0, 2.5
 20406001, 0, 0, 0, 2.5, 0, 0, 0, 2.5
 20605921, 0, 0, 0, 2.5, 0, 0, 0, 2.5
 20805841, 0, 0, 0, 2.5, 0, 0, 0, 2.5
 21005761, 0, 0, 0, 2.5, 0, 0, 0, 2.5
 21206514, 0, 0, 0, 2.5, 0, 0, 0, 2.5
 21406434, 0, 0, 0, 2.5, 0, 0, 0, 2.5
 21606354, 0, 0, 0, 2.5, 0, 0, 0, 2.5
 21806274, 0, 0, 0, 2.5, 0, 0, 0, 2.5
 22006194, 0, 0, 0, 2.5, 0, 0, 0, 2.5
 22206114, 0, 0, 0, 2.5, 0, 0, 0, 2.5
 22406034, 0, 0, 0, 2.5, 0, 0, 0, 2.5
 22605954, 0, 0, 0, 2.5, 0, 0, 0, 2.5
 22805874, 0, 0, 0, 2.5, 0, 0, 0, 2.5
 23005794, 0, 0, 0, 2.5, 0, 0, 0, 2.5
 23206547, 0, 0, 0, 2.5, 0, 0, 0, 2.5
 23406467, 0, 0, 0, 2.5, 0, 0, 0, 2.5
 23606387, 0, 0, 0, 2.5, 0, 0, 0, 2.5
 23806307, 0, 0, 0, 2.5, 0, 0, 0, 2.5
 24006227, 0, 0, 0, 2.5, 0, 0, 0, 2.5
 24206147, 0, 0, 0, 2.5, 0, 0, 0, 2.5
 24406067, 0, 0, 0, 2.5, 0, 0, 0, 2.5
 24605987, 0, 0, 0, 2.5, 0, 0, 0, 2.5
 24805907, 0, 0, 0, 2.5, 0, 0, 0, 2.5
 25005827, 0, 0, 0, 2.5, 0, 0, 0, 2.5
 25206580, 0, 0, 0, 2.5, 0, 0, 0, 2.5
 25406500, 0, 0, 0, 2.5, 0, 0, 0, 2.5
 25606420, 0, 0, 0, 2.5, 0, 0, 0, 2.5
 25806340, 0, 0, 0, 2.5, 0, 0, 0, 2.5
 26006260, 0, 0, 0, 2.5, 0, 0, 0, 2.5
 26206180, 0, 0, 0, 2.5, 0, 0, 0, 2.5
 26406100, 0, 0, 0, 2.5, 0, 0, 0, 2.5
 26606020, 0, 0, 0, 2.5, 0, 0, 0, 2.5
 26805940, 0, 0, 0, 2.5, 0, 0, 0, 2.5
 27005860, 0, 0, 0, 2.5, 0, 0, 0, 2.5
 27205780, 0, 0, 0, 2.5, 0, 0, 0, 2.5
 27406533, 0, 0, 0, 2.5, 0, 0, 0, 2.5
 27606453, 0, 0, 0, 2.5, 0, 0, 0, 2.5
 27806373, 0, 0, 0, 2.5, 0, 0, 0, 2.5
 28006293, 0, 0, 0, 2.5, 0, 0, 0, 2.5
 28206213, 0, 0, 0, 2.5, 0, 0, 0, 2.5
 28406133, 0, 0, 0, 2.5, 0, 0, 0, 2.5
 28606053, 0, 0, 0, 2.5, 0, 0, 0, 2.5
 28805973, 0, 0, 0, 2.5, 0, 0, 0, 2.5
 29005893, 0, 0, 0, 2.5, 0, 0, 0, 2.5
 29205813, 0, 0, 0, 2.5, 0, 0, 0, 2.5
 29406566, 0, 0, 0, 2.5, 0, 0, 0, 2.5
 29606486, 0, 0, 0, 2.5, 0, 0, 0, 2.5
 29806406, 0, 0, 0, 2.5, 0, 0, 0, 2.5
 30006326, 0, 0, 0, 2.5, 0, 0, 0, 2.5
 30206246, 0, 0, 0, 2.5, 0, 0, 0, 2.5
 30406166, 0, 0, 0, 2.5, 0, 0, 0, 2.5
 30606086, 0, 0, 0, 2.5, 0, 0, 0, 2.5
 30806006, 0, 0, 0, 2.5, 0, 0, 0, 2.5
 31005926, 0, 0, 0, 2.5, 0, 0, 0, 2.5
 31205846, 0, 0, 0, 2.5, 0, 0, 0, 2.5
 31405766, 0, 0, 0, 2.5, 0, 0, 0, 2.5
 31606519, 0, 0, 0, 2.5, 0, 0, 0, 2.5
 31806439, 0, 0, 0, 2.5, 0, 0, 0, 2.5
 32006359, 0, 0, 0, 2.5, 0, 0, 0, 2.5
 32206279, 0, 0, 0, 2.5, 0, 0, 0, 2.5
 32406199, 0, 0, 0, 2.5, 0, 0, 0, 2.5
 32606119, 0, 0, 0, 2.5, 0, 0, 0, 2.5
 32806039, 0, 0, 0, 2.5, 0, 0, 0, 2.5
 33005959, 0, 0, 0, 2.5, 0, 0, 0, 2.5
 33205879, 0, 0, 0, 2.5, 0, 0, 0, 2.5
 33405799, 0, 0, 0, 2.5, 0, 0, 0, 2.5
 33606552, 0, 0, 0, 2.5, 0, 0, 0, 2.5
 33806472, 0, 0, 0, 2.5, 0, 0, 0, 2.5
 34006392, 0, 0, 0, 2.5, 0, 0, 0, 2.5
 34206312, 0, 0, 0, 2.5, 0, 0, 0, 2.5
 34406232, 0, 0, 0, 2.5, 0, 0, 0, 2.5
 34606152, 0, 0, 0, 2.5, 0, 0, 0, 2.5
 34806072, 0, 0, 0, 2.5, 0, 0, 0, 2.5
 35005992, 0, 0, 0, 2.5, 0, 0, 0, 2.5
 35205912, 0, 0, 0, 2.5, 0, 0, 0, 2.5
 35405832, 0, 0, 0, 2.5, 0, 0, 0, 2.5
 35606585, 0, 0, 0, 2.5, 0, 0, 0, 2.5
 35806505, 0, 0, 0, 2.5, 0, 0, 0, 2.5
 36006425, 0, 0, 0, 2.5, 0, 0, 0, 2.5
 36206345, 0, 0, 0, 2.5, 0, 0, 0, 2.5
 36406265, 0, 0, 0, 2.5, 0, 0, 0, 2.5
 36606185, 0, 0, 0, 2.5, 0, 0, 0, 2.5
 36806105, 0, 0, 0, 2.5, 0, 0, 0, 2.5
 37006025, 0, 0, 0, 2.5, 0, 0, 0, 2.5
 37205945, 0, 0, 0, 2.5, 0, 0, 0, 2.5
 37405865, 0, 0, 0, 2.5, 0, 0, 0, 2.5
 37605785, 0, 0, 0, 2.5, 0, 0, 0, 2.5
 37806538, 0, 0, 0, 2.5, 0, 0, 0, 2.5
 38006458, 0, 0, 0, 2.5, 0, 0, 0, 2.5
 38206378, 0, 0, 0, 2.5, 0, 0, 0, 2.5
 38406298, 0, 0, 0, 2.5, 0, 0, 0, 2.5
 38606218, 0, 0, 0, 2.5, 0, 0, 0, 2.5
 38806138, 0, 0, 0, 2.5, 0, 0, 0, 2.5
 39006058, 0, 0, 0, 2.5, 0, 0, 0, 2.5
 39205978, 0, 0, 0, 2.5, 0, 0, 0, 2.5
 39405898, 0, 0, 0, 2.5, 0, 0, 0, 2.5
 39605818, 0, 0, 0, 2.5, 0, 0, 0, 2.5
 39806571, 0, 0, 0, 2.5, 0, 0, 0, 2.5
 40006491, 0, 0, 0, 2.5, 0, 0, 0, 2.5
 40206411, 0, 0, 0, 2.5, 0, 0, 0, 2.5
 40406331, 0, 0, 0, 2.5, 0, 0, 0, 2.5
 40606251, 0, 0, 0, 2.5, 0, 0, 0, 2.5
 40806171, 0, 0, 0, 2.5, 0, 0, 0, 2.5
 41006091, 0, 0, 0, 2.5, 0, 0, 0, 2.5
 41206011, 0, 0, 0, 2.5, 0, 0, 0, 2.5
 41405931, 0, 0, 0, 2.5, 0, 0, 0, 2.5
 41605851, 0, 0, 0, 2.5, 0, 0, 0, 2.5
 41805771, 0, 0, 0, 2.5, 0, 0, 0, 2.5
 42006524, 0, 0, 0, 2.5, 0, 0, 0, 2.5
 42206444, 0, 0, 0, 2.5, 0, 0, 0, 2.5
 42406364, 0, 0, 0, 2.5, 0, 0, 0, 2.5
 42606284, 0, 0, 0, 2.5, 0, 0, 0, 2.5
 42806204, 0, 0, 0, 2.5, 0, 0, 0, 2.5
 43006124, 0, 0, 0, 2.5, 0, 0, 0, 2.5
 43206044, 0, 0, 0, 2.5, 0, 0, 0, 2.5
 43405964, 0, 0, 0, 2.5, 0, 0, 0, 2.5
 43605884, 0, 0, 0, 2.5, 0, 0, 0, 2.5
 43805804, 0, 0, 0, 2.5, 0, 0, 0, 2.5
 44006557, 0, 0, 0, 2.5, 0, 0, 0, 2.5
 44206477, 0, 0, 0, 2.5, 0, 0, 0, 2.5
 44406397, 0, 0, 0, 2.5, 0, 0, 0, 2.5
 44606317, 0, 0, 0, 2.5, 0, 0, 0, 2.5
 44806237, 0, 0, 0, 2.5, 0, 0, 0, 2.5
 45006157, 0, 0, 0, 2.5, 0, 0, 0, 2.5
 45206077, 0, 0, 0, 2.5, 0, 0, 0, 2.5
 45405997, 0, 0, 0, 2.5, 0, 0, 0, 2.5
 45605917, 0, 0, 0, 2.5, 0, 0, 0, 2.5
 45805837, 0, 0, 0, 2.5, 0, 0, 0, 2.5
 46006590, 0, 0, 0, 2.5, 0, 0, 0, 2.5
 46206510, 0, 0, 0, 2.5, 0, 0, 0, 2.5
 46406430, 0, 0, 0, 2.5, 0, 0, 0, 2.5
 46606350, 0, 0, -0.038, 2.5, 0, 0, 0, 2.5
 46806270, 0, 0, -0.6810001, 2.5, 0, 0, -0.038, 2.5
 47006190, -0.001, -0.001, -1.658, 2.5, 0, 0, -0.6810001, 2.5
 47206110, -0.007, -0.008, -3.105, 2.5, -0.001, -0.001, -1.658, 2.5
 47406030, -0.014, -0.017, -3.899, 2.5, -0.007, -0.008, -3.105, 2.5
 47605950, -0.022, -0.025, -4.563, 2.5, -0.014, -0.017, -3.899, 2.5
 47805870, -0.029, -0.034, -5.203, 2.5, -0.022, -0.025, -4.563, 2.5
 48005790, -0.035, -0.042, -5.742, 2.5, -0.029, -0.034, -5.203, 2.5
 48206543, -0.04, -0.049, -6.189, 2.5, -0.035, -0.042, -5.742, 2.5
 48406463, -0.044, -0.056, -6.561, 2.5, -0.04, -0.049, -6.189, 2.5
 48606383, -0.047, -0.062, -6.87, 2.5, -0.044, -0.056, -6.561, 2.5
 48806303, -0.049, -0.066, -7.124001, 2.5, -0.047, -0.062, -6.87, 2.5
 49006223, -0.052, -0.06900001, -7.331, 2.5, -0.049, -0.066, -7.124001, 2.5
 49206143, -0.056, -0.072, -7.5, 2.5, -0.052, -0.06900001, -7.331, 2.5
 49406063, -0.059, -0.074, -7.638, 2.5, -0.056, -0.072, -7.5, 2.5
 49605983, -0.062, -0.075, -7.746, 2.5, -0.059, -0.074, -7.638, 2.5
 49805903, -0.06500001, -0.07700001, -7.829, 2.5, -0.062, -0.075, -7.746, 2.5
 50005823, -0.06900001, -0.081, -7.897, 2.5, -0.06500001, -0.07700001, -7.829, 2.5
 50206576, -0.072, -0.08400001, -7.95, 2.5, -0.06900001, -0.081, -7.897, 2.5
 50406496, -0.075, -0.086, -7.992001, 2.5, -0.072, -0.08400001, -7.95, 2.5
 50606416, -0.078, -0.089, -8.023001, 2.5, -0.075, -0.086, -7.992001, 2.5
 50806336, -0.078, -0.09, -7.556, 2.5, -0.078, -0.089, -8.023001, 2.5
 51006256, -0.07700001, -0.09100001, -6.938, 2.5, -0.078, -0.09, -7.556, 2.5
 51206176, -0.07700001, -0.09200001, -6.427001, 2.5, -0.07700001, -0.09100001, -6.938, 2.5
 51406096, -0.07300001, -0.083, -6.074, 2.5, -0.07700001, -0.09200001, -6.427001, 2.5
 51606016, -0.06500001, -0.052, -5.655, 2.5, -0.07300001, -0.083, -6.074, 2.5
 51805936, -0.041, -0.028, -5.049, 2.5, -0.06500001, -0.052, -5.655, 2.5
 52005856, -0.018, -0.011, -4.278, 2.5, -0.041, -0.028, -5.049, 2.5
 52205776, -0.004, -0.005, -3.521, 2.5, -0.018, -0.011, -4.278, 2.5
 52406529, 0.002, -0.007, -2.837, 2.5, -0.004, -0.005, -3.521, 2.5
 52606449, 0.009000001, -0.013, -2.256, 2.5, 0.002, -0.007, -2.837, 2.5
 52806369, 0.02, -0.018, -1.789, 2.5, 0.009000001, -0.013, -2.256, 2.5
 53006289, 0.039, -0.028, -1.501, 2.5, 0.02, -0.018, -1.789, 2.5
 53206209, 0.051, -0.056, -1.31, 2.5, 0.039, -0.028, -1.501, 2.5
 53406129, 0.047, -0.087, -1.16, 2.5, 0.051, -0.056, -1.31, 2.5
 53606049, 0.031, -0.113, -1.027, 2.5, 0.047, -0.087, -1.16, 2.5
 53805969, 0.018, -0.131, -0.8940001, 2.5, 0.031, -0.113, -1.027, 2.5
 54005889, -0.002, -0.131, -0.754, 2.5, 0.018, -0.131, -0.8940001, 2.5
 54205809, -0.029, -0.112, -0.6020001, 2.5, -0.002, -0.131, -0.754, 2.5
 54406562, -0.046, -0.083, -0.439, 2.5, -0.029, -0.112, -0.6020001, 2.5
 54606482, -0.042, -0.041, -0.267, 2.5, -0.046, -0.083, -0.439, 2.5
 54806402, -0.046, -0.002, -0.08800001, 2.5, -0.042, -0.041, -0.267, 2.5
 55006322, -0.049, 0.021, 0.082, 2.5, -0.046, -0.002, -0.08800001, 2.5
 55206242, -0.052, 0.03, 0.17, 2.5, -0.049, 0.021, 0.082, 2.5
 55406162, -0.04, 0.031, 0.193, 2.5, -0.052, 0.03, 0.17, 2.5
 55606082, -0.02, 0.014, 0.179, 2.5, -0.04, 0.031, 0.193, 2.5
 55806002, 0.01, -0.01, 0.149, 2.5, -0.02, 0.014, 0.179, 2.5
 56005922, 0.027, -0.043, 0.114, 2.5, 0.01, -0.01, 0.149, 2.5
 56205842, 0.051, -0.07, 0.081, 2.5, 0.027, -0.043, 0.114, 2.5
 56405762, 0.086, -0.081, 0.053, 2.5, 0.051, -0.07, 0.081, 2.5
 56606515, 0.114, -0.06900001, 0.033, 2.5, 0.086, -0.081, 0.053, 2.5
 56806435, 0.113, -0.032, 0.018, 2.5, 0.114, -0.06900001, 0.033, 2.5
 57006355, 0.104, 0.011, 0.007, 2.5, 0.113, -0.032, 0.018, 2.5
 57206275, 0.079, 0.05, 0.001, 2.5, 0.104, 0.011, 0.007, 2.5
 57406195, 0.061, 0.06500001, -0.002, 2.5, 0.079, 0.05, 0.001, 2.5
 57606115, 0.053, 0.061, -0.005, 2.5, 0.061, 0.06500001, -0.002, 2.5
 57806035, 0.053, 0.051, -0.006, 2.5, 0.053, 0.061, -0.005, 2.5
 58005955, 0.062, 0.045, -0.008, 2.5, 0.053, 0.051, -0.006, 2.5
 58205875, 0.081, 0.038, -0.009000001, 2.5, 0.062, 0.045, -0.008, 2.5
 58405795, 0.09100001, 0.03, -0.012, 2.5, 0.081, 0.038, -0.009000001, 2.5
 58606548, 0.086, 0.022, -0.014, 2.5, 0.09100001, 0.03, -0.012, 2.5
 58806468, 0.08000001, 0.011, -0.016, 2.5, 0.086, 0.022, -0.014, 2.5
 59006388, 0.075, 0.001, -0.017, 2.5, 0.08000001, 0.011, -0.016, 2.5
 59206308, 0.067, -0.003, -0.016, 2.5, 0.075, 0.001, -0.017, 2.5
 59406228, 0.061, -0.016, -0.017, 2.5, 0.067, -0.003, -0.016, 2.5
 59606148, 0.059, -0.03, -0.018, 2.5, 0.061, -0.016, -0.017, 2.5
 59806068, 0.061, -0.036, -0.019, 2.5, 0.059, -0.03, -0.018, 2.5
 60005988, 0.067, -0.033, -0.021, 2.5, 0.061, -0.036, -0.019, 2.5
 60205908, 0.071, -0.022, -0.023, 2.5, 0.067, -0.033, -0.021, 2.5
 60405828, 0.074, 0, -0.025, 2.5, 0.071, -0.022, -0.023, 2.5
 60606581, 0.07700001, 0.015, -0.027, 2.5, 0.074, 0, -0.025, 2.5
 60806501, 0.054, 0.035, -0.029, 2.5, 0.07700001, 0.015, -0.027, 2.5
 61006421, 0.026, 0.052, -0.03, 2.5, 0.054, 0.035, -0.029, 2.5
 61206341, 0.015, 0.049, -0.03, 2.5, 0.026, 0.052, -0.03, 2.5
 61406261, 0.01, 0.042, -0.031, 2.5, 0.015, 0.049, -0.03, 2.5
 61606181, 0.013, 0.034, -0.031, 2.5, 0.01, 0.042, -0.031, 2.5
 61806101, 0.023, 0.045, -0.031, 2.5, 0.013, 0.034, -0.031, 2.5
 62006021, 0.027, 0.054, -0.031, 2.5, 0.023, 0.045, -0.031, 2.5
 62205941, 0.027, 0.056, -0.031, 2.5, 0.027, 0.054, -0.031, 2.5
 62405861, 0.016, 0.049, -0.03, 2.5, 0.027, 0.056, -0.031, 2.5
 62605781, 0.009000001, 0.044, -0.03, 2.5, 0.016, 0.049, -0.03, 2.5
 62806534, 0.006, 0.046, -0.03, 2.5, 0.009000001, 0.044, -0.03, 2.5
 63006454, 0.001, 0.044, -0.029, 2.5, 0.006, 0.046, -0.03, 2.5
 63206374, -0.001, 0.032, -0.029, 2.5, 0.001, 0.044, -0.029, 2.5
 63406294, 0.007, 0.019, -0.028, 2.5, -0.001, 0.032, -0.029, 2.5
 63606214, 0.009000001, -0.001, -0.028, 2.5, 0.007, 0.019, -0.028, 2.5
 63806134, 0, -0.03, -0.028, 2.5, 0.009000001, -0.001, -0.028, 2.5
 64006054, -0.01, -0.046, -0.027, 2.5, 0, -0.03, -0.028, 2.5
 64205974, -0.015, -0.056, -0.027, 2.5, -0.01, -0.046, -0.027, 2.5
 64405894, -0.009000001, -0.059, -0.027, 2.5, -0.015, -0.056, -0.027, 2.5
 64605814, 0, -0.068, -0.026, 2.5, -0.009000001, -0.059, -0.027, 2.5
 64806567, -0.005, -0.078, -0.025, 2.5, 0, -0.068, -0.026, 2.5
 65006487, -0.011, -0.08000001, -0.024, 2.5, -0.005, -0.078, -0.025, 2.5
 65206407, -0.011, -0.082, -0.023, 2.5, -0.011, -0.08000001, -0.024, 2.5
 65406327, 0.003, -0.082, -0.022, 2.5, -0.011, -0.082, -0.023, 2.5
 65606247, 0.033, -0.08400001, -0.022, 2.5, 0.003, -0.082, -0.022, 2.5
 65806167, 0.064, -0.08400001, -0.022, 2.5, 0.033, -0.08400001, -0.022, 2.5
 66006087, 0.082, -0.086, -0.021, 2.5, 0.064, -0.08400001, -0.022, 2.5
 66206007, 0.096, -0.083, -0.021, 2.5, 0.082, -0.086, -0.021, 2.5
 66405927, 0.098, -0.072, -0.02, 2.5, 0.096, -0.083, -0.021, 2.5
 66605847, 0.075, -0.06, -0.02, 2.5, 0.098, -0.072, -0.02, 2.5
 66805767, 0.045, -0.05, -0.019, 2.5, 0.075, -0.06, -0.02, 2.5
 67006520, 0.021, -0.056, -0.019, 2.5, 0.045, -0.05, -0.019, 2.5
 67206440, -0.008, -0.056, -0.018, 2.5, 0.021, -0.056, -0.019, 2.5
 67406360, -0.026, -0.051, -0.017, 2.5, -0.008, -0.056, -0.018, 2.5
 67606280, -0.038, -0.042, -0.016, 2.5, -0.026, -0.051, -0.017, 2.5
 67806200, -0.041, -0.037, -0.015, 2.5, -0.038, -0.042, -0.016, 2.5
 68006120, -0.042, -0.034, -0.014, 2.5, -0.041, -0.037, -0.015, 2.5
 68206040, -0.047, -0.034, -0.013, 2.5, -0.042, -0.034, -0.014, 2.5
 68405960, -0.055, -0.035, -0.013, 2.5, -0.047, -0.034, -0.013, 2.5
 68605880, -0.061, -0.04, -0.012, 2.5, -0.055, -0.035, -0.013, 2.5
 68805800, -0.075, -0.051, -0.012, 2.5, -0.061, -0.04, -0.012, 2.5
 69006553, -0.075, -0.06, -0.011, 2.5, -0.075, -0.051, -0.012, 2.5
 69206473, -0.061, -0.064, -0.011, 2.5, -0.075, -0.06, -0.011, 2.5
 69406393, -0.062, -0.053, -0.01, 2.5, -0.061, -0.064, -0.011, 2.5
 69606313, -0.068, -0.04, -0.01, 2.5, -0.062, -0.053, -0.01, 2.5
 69806233, -0.072, -0.029, -0.009000001, 2.5, -0.068, -0.04, -0.01, 2.5
 70006153, -0.072, -0.02, -0.009000001, 2.5, -0.072, -0.029, -0.009000001, 2.5
 70206073, -0.06, -0.001, -0.009000001, 2.5, -0.072, -0.02, -0.009000001, 2.5
 70405993, -0.05, 0.017, -0.008, 2.5, -0.06, -0.001, -0.009000001, 2.5
 70605913, -0.049, 0.037, -0.008, 2.5, -0.05, 0.017, -0.008, 2.5
 70805833, -0.043, 0.048, -0.008, 2.5, -0.049, 0.037, -0.008, 2.5
 71006586, -0.032, 0.04, -0.008, 2.5, -0.043, 0.048, -0.008, 2.5
 71206506, -0.009000001, 0.033, -0.008, 2.5, -0.032, 0.04, -0.008, 2.5
 71406426, 0.017, 0.037, -0.007, 2.5, -0.009000001, 0.033, -0.008, 2.5
 71606346, 0.043, 0.025, -0.007, 2.5, 0.017, 0.037, -0.007, 2.5
 71806266, 0.052, 0.019, -0.006, 2.5, 0.043, 0.025, -0.007, 2.5
 72006186, 0.042, 0.025, -0.006, 2.5, 0.052, 0.019, -0.006, 2.5
 72206106, 0.017, 0.032, -0.005, 2.5, 0.042, 0.025, -0.006, 2.5
 72406026, -0.009000001, 0.048, -0.005, 2.5, 0.017, 0.032, -0.005, 2.5
 72605946, -0.028, 0.066, -0.004, 2.5, -0.009000001, 0.048, -0.005, 2.5
 72805866, -0.047, 0.093, -0.004, 2.5, -0.028, 0.066, -0.004, 2.5
 73005786, -0.064, 0.116, -0.004, 2.5, -0.047, 0.093, -0.004, 2.5
 73206539, -0.075, 0.125, -0.004, 2.5, -0.064, 0.116, -0.004, 2.5
 73406459, -0.082, 0.125, -0.005, 2.5, -0.075, 0.125, -0.004, 2.5
 73606379, -0.085, 0.117, -0.005, 2.5, -0.082, 0.125, -0.005, 2.5
 73806299, -0.086, 0.105, -0.005, 2.5, -0.085, 0.117, -0.005, 2.5
 74006219, -0.085, 0.09100001, -0.006, 2.5, -0.086, 0.105, -0.005, 2.5
 74206139, -0.083, 0.075, -0.006, 2.5, -0.085, 0.09100001, -0.006, 2.5
 74406059, -0.081, 0.06, -0.005, 2.5, -0.083, 0.075, -0.006, 2.5
 74605979, -0.079, 0.045, -0.005, 2.5, -0.081, 0.06, -0.005, 2.5
 74805899, -0.07600001, 0.032, -0.004, 2.5, -0.079, 0.045, -0.005, 2.5
 75005819, -0.074, 0.021, -0.004, 2.5, -0.07600001, 0.032, -0.004, 2.5
 75206572, -0.07300001, 0.012, -0.003, 2.5, -0.074, 0.021, -0.004, 2.5
 75406492, -0.07300001, 0.005, -0.003, 2.5, -0.07300001, 0.012, -0.003, 2.5
 75606412, -0.07300001, 0, -0.003, 2.5, -0.07300001, 0.005, -0.003, 2.5
 75806332, -0.07300001, -0.002, -0.003, 2.5, -0.07300001, 0, -0.003, 2.5
 76006252, -0.075, -0.004, -0.003, 2.5, -0.07300001, -0.002, -0.003, 2.5
 76206172, -0.07700001, -0.005, -0.002, 2.5, -0.075, -0.004, -0.003, 2.5
 76406092, -0.079, -0.005, -0.002, 2.5, -0.07700001, -0.005, -0.002, 2.5
 76606012, -0.083, -0.004, -0.001, 2.5, -0.079, -0.005, -0.002, 2.5
 76805932, -0.086, -0.003, -0.001, 2.5, -0.083, -0.004, -0.001, 2.5
 77005852, -0.089, -0.001, 0, 2.5, -0.086, -0.003, -0.001, 2.5
 77205772, -0.093, 0, 0, 2.5, -0.089, -0.001, 0, 2.5
 77406525, -0.097, 0.001, 0, 2.5, -0.093, 0, 0, 2.5
 77606445, -0.101, 0.003, 0, 2.5, -0.097, 0.001, 0, 2.5
 77806365, -0.104, 0.005, 0, 2.5, -0.101, 0.003, 0, 2.5
 78006285, -0.108, 0.008, 0, 2.5, -0.104, 0.005, 0, 2.5
 78206205, -0.111, 0.009000001, 0, 2.5, -0.108, 0.008, 0, 2.5
 78406125, -0.115, 0.011, 0, 2.5, -0.111, 0.009000001, 0, 2.5
 78606045, -0.118, 0.013, 0.001, 2.5, -0.115, 0.011, 0, 2.5
 78805965, -0.121, 0.014, 0.001, 2.5, -0.118, 0.013, 0.001, 2.5
 79005885, -0.124, 0.015, 0.001, 2.5, -0.121, 0.014, 0.001, 2.5
 79205805, -0.127, 0.016, 0.001, 2.5, -0.124, 0.015, 0.001, 2.5
 79406558, -0.13, 0.017, 0.001, 2.5, -0.127, 0.016, 0.001, 2.5
 79606478, -0.133, 0.017, 0.001, 2.5, -0.13, 0.017, 0.001, 2.5
 79806398, -0.135, 0.018, 0.001, 2.5, -0.133, 0.017, 0.001, 2.5
 80006318, -0.137, 0.019, 0.002, 2.5, -0.135, 0.018, 0.001, 2.5
 80206238, -0.139, 0.02, 0.002, 2.5, -0.137, 0.019, 0.002, 2.5
 80406158, -0.141, 0.021, 0.002, 2.5, -0.139, 0.02, 0.002, 2.5
 80606078, -0.143, 0.022, 0.002, 2.5, -0.141, 0.021, 0.002, 2.5
 80805998, -0.145, 0.023, 0.002, 2.5, -0.143, 0.022, 0.002, 2.5
 81005918, -0.147, 0.025, 0.002, 2.5, -0.145, 0.023, 0.002, 2.5
 81205838, -0.148, 0.026, 0.001, 2.5, -0.147, 0.025, 0.002, 2.5
 81406591, -0.15, 0.028, 0.001, 2.5, -0.148, 0.026, 0.001, 2.5
 81606511, -0.151, 0.03, 0.001, 2.5, -0.15, 0.028, 0.001, 2.5
 81806431, -0.152, 0.031, 0.001, 2.5, -0.151, 0.03, 0.001, 2.5
 82006351, -0.153, 0.033, 0, 2.5, -0.152, 0.031, 0.001, 2.5
 82206271, -0.154, 0.035, 0, 2.5, -0.153, 0.033, 0, 2.5
 82406191, -0.155, 0.037, 0, 2.5, -0.154, 0.035, 0, 2.5
 82606111, -0.156, 0.039, 0, 2.5, -0.155, 0.037, 0, 2.5
 82806031, -0.157, 0.041, 0, 2.5, -0.156, 0.039, 0, 2.5
 83005951, -0.157, 0.044, 0, 2.5, -0.157, 0.041, 0, 2.5
 83205871, -0.157, 0.046, 0, 2.5, -0.157, 0.044, 0, 2.5
 83405791, -0.156, 0.048, 0, 2.5, -0.157, 0.046, 0, 2.5
 83606544, -0.156, 0.05, 0, 2.5, -0.156, 0.048, 0, 2.5
 83806464, -0.156, 0.053, 0, 2.5, -0.156, 0.05, 0, 2.5
 84006384, -0.155, 0.055, 0, 2.5, -0.156, 0.053, 0, 2.5
 84206304, -0.154, 0.057, 0, 2.5, -0.155, 0.055, 0, 2.5
 84406224, -0.153, 0.059, 0, 2.5, -0.154, 0.057, 0, 2.5
 84606144, -0.151, 0.062, 0, 2.5, -0.153, 0.059, 0, 2.5
 84806064, -0.15, 0.064, 0, 2.5, -0.151, 0.062, 0, 2.5
 85005984, -0.148, 0.067, 0, 2.5, -0.15, 0.064, 0, 2.5
 85205904, -0.146, 0.07, 0, 2.5, -0.148, 0.067, 0, 2.5
 85405824, -0.144, 0.07300001, 0, 2.5, -0.146, 0.07, 0, 2.5
 85606577, -0.141, 0.075, 0, 2.5, -0.144, 0.07300001, 0, 2.5
 85806497, -0.138, 0.078, 0, 2.5, -0.141, 0.075, 0, 2.5
 86006417, -0.136, 0.081, 0, 2.5, -0.138, 0.078, 0, 2.5
 86206337, -0.133, 0.08400001, 0.001, 2.5, -0.136, 0.081, 0, 2.5
 86406257, -0.129, 0.087, 0.001, 2.5, -0.133, 0.08400001, 0.001, 2.5
 86606177, -0.125, 0.09, 0.001, 2.5, -0.129, 0.087, 0.001, 2.5
 86806097, -0.121, 0.094, 0.001, 2.5, -0.125, 0.09, 0.001, 2.5
 87006017, -0.117, 0.097, 0.001, 2.5, -0.121, 0.094, 0.001, 2.5
 87205937, -0.112, 0.101, 0.001, 2.5, -0.117, 0.097, 0.001, 2.5
 87405857, -0.107, 0.104, 0.001, 2.5, -0.112, 0.101, 0.001, 2.5
 87605777, -0.101, 0.108, 0.001, 2.5, -0.107, 0.104, 0.001, 2.5
 87806530, -0.09500001, 0.112, 0.001, 2.5, -0.101, 0.108, 0.001, 2.5
 88006450, -0.089, 0.116, 0.001, 2.5, -0.09500001, 0.112, 0.001, 2.5
 88206370, -0.083, 0.12, 0.001, 2.5, -0.089, 0.116, 0.001, 2.5
 88406290, -0.07600001, 0.124, 0.001, 2.5, -0.083, 0.12, 0.001, 2.5
 88606210, -0.06900001, 0.128, 0.001, 2.5, -0.07600001, 0.124, 0.001, 2.5
 88806130, -0.062, 0.132, 0.001, 2.5, -0.06900001, 0.128, 0.001, 2.5
 89006050, -0.054, 0.137, 0.001, 2.5, -0.062, 0.132, 0.001, 2.5
 89205970, -0.046, 0.141, 0.001, 2.5, -0.054, 0.137, 0.001, 2.5
 89405890, -0.038, 0.146, 0.001, 2.5, -0.046, 0.141, 0.001, 2.5
 89605810, -0.029, 0.151, 0.001, 2.5, -0.038, 0.146, 0.001, 2.5
 89806563, -0.019, 0.155, 0.001, 2.5, -0.029, 0.151, 0.001, 2.5
 90006483, -0.01, 0.16, 0, 2.5, -0.019, 0.155, 0.001, 2.5
 90206403, 0, 0.165, 0, 2.5, -0.01, 0.16, 0, 2.5
 90406323, 0.01, 0.169, 0, 2.5, 0, 0.165, 0, 2.5
 90606243, 0.021, 0.174, -0.001, 2.5, 0.01, 0.169, 0, 2.5
 90806163, 0.033, 0.179, -0.001, 2.5, 0.021, 0.174, -0.001, 2.5
 91006083, 0.046, 0.184, -0.001, 2.5, 0.033, 0.179, -0.001, 2.5
 91206003, 0.059, 0.19, -0.002, 2.5, 0.046, 0.184, -0.001, 2.5
 91405923, 0.07300001, 0.195, -0.002, 2.5, 0.059, 0.19, -0.002, 2.5
 91605843, 0.087, 0.201, -0.002, 2.5, 0.07300001, 0.195, -0.002, 2.5
 91805763, 0.103, 0.206, -0.001, 2.5, 0.087, 0.201, -0.002, 2.5
 92006516, 0.119, 0.212, 0, 2.5, 0.103, 0.206, -0.001, 2.5
 92206436, 0.136, 0.218, 0, 2.5, 0.119, 0.212, 0, 2.5
 92406356, 0.153, 0.224, 0, 2.5, 0.136, 0.218, 0, 2.5
 92606276, 0.171, 0.23, 0.001, 2.5, 0.153, 0.224, 0, 2.5
 92806196, 0.189, 0.236, 0.001, 2.5, 0.171, 0.23, 0.001, 2.5
 93006116, 0.209, 0.243, 0.002, 2.5, 0.189, 0.236, 0.001, 2.5
 93206036, 0.229, 0.249, 0.002, 2.5, 0.209, 0.243, 0.002, 2.5
 93405956, 0.251, 0.256, 0.002, 2.5, 0.229, 0.249, 0.002, 2.5
 93605876, 0.273, 0.263, 0.002, 2.5, 0.251, 0.256, 0.002, 2.5
 93805796, 0.297, 0.271, 0.002, 2.5, 0.273, 0.263, 0.002, 2.5
 94006549, 0.322, 0.278, 0.002, 2.5, 0.297, 0.271, 0.002, 2.5
 94206469, 0.347, 0.285, 0.001, 2.5, 0.322, 0.278, 0.002, 2.5
 94406389, 0.373, 0.293, 0, 2.5, 0.347, 0.285, 0.001, 2.5
 94606309, 0.4, 0.3, 0, 2.5, 0.373, 0.293, 0, 2.5
 94806229, 0.427, 0.308, 0, 2.5, 0.4, 0.3, 0, 2.5
 95006149, 0.456, 0.317, 0, 2.5, 0.427, 0.308, 0, 2.5
 95206069, 0.484, 0.325, 0, 2.5, 0.456, 0.317, 0, 2.5
 95405989, 0.515, 0.334, 0, 2.5, 0.484, 0.325, 0, 2.5
 95605909, 0.546, 0.344, 0, 2.5, 0.515, 0.334, 0, 2.5
 95805829, 0.5790001, 0.353, -0.001, 2.5, 0.546, 0.344, 0, 2.5
 96006582, 0.613, 0.363, -0.001, 2.5, 0.5790001, 0.353, -0.001, 2.5
 96206502, 0.649, 0.373, 0, 2.5, 0.613, 0.363, -0.001, 2.5
 96406422, 0.6850001, 0.382, 0, 2.5, 0.649, 0.373, 0, 2.5
 96606342, 0.724, 0.393, 0, 2.5, 0.6850001, 0.382, 0, 2.5
 96806262, 0.762, 0.403, 0, 2.5, 0.724, 0.393, 0, 2.5
 97006182, 0.8010001, 0.413, 0, 2.5, 0.762, 0.403, 0, 2.5
 97206102, 0.841, 0.424, 0, 2.5, 0.8010001, 0.413, 0, 2.5
 97406022, 0.883, 0.436, 0, 2.5, 0.841, 0.424, 0, 2.5
 97605942, 0.928, 0.447, 0, 2.5, 0.883, 0.436, 0, 2.5
 97805862, 0.973, 0.459, 0, 2.5, 0.928, 0.447, 0, 2.5
 98005782, 1.021, 0.471, 0.001, 2.5, 0.973, 0.459, 0, 2.5
 98206535, 1.07, 0.483, 0.001, 2.5, 1.021, 0.471, 0.001, 2.5
 98406455, 1.119, 0.495, 0.001, 2.5, 1.07, 0.483, 0.001, 2.5
 98606375, 1.169, 0.507, 0.001, 2.5, 1.119, 0.495, 0.001, 2.5
 98806295, 1.221, 0.52, 0.001, 2.5, 1.169, 0.507, 0.001, 2.5
 99006215, 1.275, 0.532, 0.001, 2.5, 1.221, 0.52, 0.001, 2.5
 99206135, 1.33, 0.545, 0.001, 2.5, 1.275, 0.532, 0.001, 2.5
 99406055, 1.387, 0.558, 0.002, 2.5, 1.33, 0.545, 0.001, 2.5
 99605975, 1.447, 0.571, 0.002, 2.5, 1.387, 0.558, 0.002, 2.5
 99805895, 1.508, 0.5840001, 0.002, 2.5, 1.447, 0.571, 0.002, 2.5
 100005815, 1.572, 0.597, 0.002, 2.5, 1.508, 0.5840001, 0.002, 2.5
 100206568, 1.639, 0.611, 0.002, 2.5, 1.572, 0.597, 0.002, 2.5
 100406488, 1.708, 0.625, 0.003, 2.5, 1.639, 0.611, 0.002, 2.5
 100606408, 1.779, 0.64, 0.003, 2.5, 1.708, 0.625, 0.003, 2.5
 100806328, 1.853, 0.656, 0.003, 2.5, 1.779, 0.64, 0.003, 2.5
 101006248, 1.926, 0.671, 0.004, 2.5, 1.853, 0.656, 0.003, 2.5
 101206168, 2.002, 0.686, 0.004, 2.5, 1.926, 0.671, 0.004, 2.5
 101406088, 2.081, 0.702, 0.005, 2.5, 2.002, 0.686, 0.004, 2.5
 101606008, 2.164, 0.7180001, 0.005, 2.5, 2.081, 0.702, 0.005, 2.5
 101805928, 2.251, 0.7360001, 0.006, 2.5, 2.164, 0.7180001, 0.005, 2.5
 102005848, 2.342, 0.754, 0.006, 2.5, 2.251, 0.7360001, 0.006, 2.5
 102205768, 2.435, 0.772, 0.006, 2.5, 2.342, 0.754, 0.006, 2.5
 102406521, 2.53, 0.791, 0.006, 2.5, 2.435, 0.772, 0.006, 2.5
 102606441, 2.627, 0.809, 0.006, 2.5, 2.53, 0.791, 0.006, 2.5
 102806361, 2.726, 0.8280001, 0.006, 2.5, 2.627, 0.809, 0.006, 2.5
 103006281, 2.828, 0.848, 0.007, 2.5, 2.726, 0.8280001, 0.006, 2.5
 103206201, 2.933, 0.868, 0.007, 2.5, 2.828, 0.848, 0.007, 2.5
 103406121, 3.042, 0.8890001, 0.008, 2.5, 2.933, 0.868, 0.007, 2.5
 103606041, 3.156, 0.91, 0.008, 2.5, 3.042, 0.8890001, 0.008, 2.5
 103805961, 3.273, 0.9310001, 0.009000001, 2.5, 3.156, 0.91, 0.008, 2.5
 104005881, 3.394, 0.9530001, 0.01, 2.5, 3.273, 0.9310001, 0.009000001, 2.5
 104205801, 3.518, 0.975, 0.01, 2.5, 3.394, 0.9530001, 0.01, 2.5
 104406554, 3.645, 0.997, 0.011, 2.5, 3.518, 0.975, 0.01, 2.5
 104606474, 3.773, 1.019, 0.012, 2.5, 3.645, 0.997, 0.011, 2.5
 104806394, 3.904, 1.042, 0.013, 2.5, 3.773, 1.019, 0.012, 2.5
 105006314, 4.037, 1.064, 0.014, 2.5, 3.904, 1.042, 0.013, 2.5
 105206234, 4.165, 1.086, 0.015, 2.5, 4.037, 1.064, 0.014, 2.5
 105406154, 4.293, 1.107, 0.016, 2.5, 4.165, 1.086, 0.015, 2.5
 105606074, 4.426, 1.129, 0.018, 2.5, 4.293, 1.107, 0.016, 2.5
 105805994, 4.563, 1.151, 0.019, 2.5, 4.426, 1.129, 0.018, 2.5
 106005914, 4.703, 1.173, 0.02, 2.5, 4.563, 1.151, 0.019, 2.5
 106205834, 4.845, 1.195, 0.021, 2.5, 4.703, 1.173, 0.02, 2.5
 106406587, 4.987, 1.217, 0.022, 2.5, 4.845, 1.195, 0.021, 2.5
 106606507, 5.13, 1.239, 0.024, 2.5, 4.987, 1.217, 0.022, 2.5
 106806427, 5.271, 1.261, 0.025, 2.5, 5.13, 1.239, 0.024, 2.5
 107006347, 5.413, 1.282, 0.027, 2.5, 5.271, 1.261, 0.025, 2.5
 107206267, 5.555, 1.304, 0.028, 2.5, 5.413, 1.282, 0.027, 2.5
 107406187, 5.698, 1.326, 0.029, 2.5, 5.555, 1.304, 0.028, 2.5
 107606107, 5.841, 1.347, 0.029, 2.5, 5.698, 1.326, 0.029, 2.5
 107806027, 5.984, 1.368, 0.03, 2.5, 5.841, 1.347, 0.029, 2.5
 108005947, 6.128, 1.389, 0.03, 2.5, 5.984, 1.368, 0.03, 2.5
 108205867, 6.271, 1.411, 0.031, 2.5, 6.128, 1.389, 0.03, 2.5
 108405787, 6.417, 1.432, 0.031, 2.5, 6.271, 1.411, 0.031, 2.5
 108606540, 6.555, 1.452, 0.031, 2.5, 6.417, 1.432, 0.031, 2.5
 108806460, 6.690001, 1.471, 0.032, 2.5, 6.555, 1.452, 0.031, 2.5
 109006380, 6.827, 1.49, 0.033, 2.5, 6.690001, 1.471, 0.032, 2.5
 109206300, 6.966001, 1.51, 0.033, 2.5, 6.827, 1.49, 0.033, 2.5
 109406220, 7.106, 1.53, 0.034, 2.5, 6.966001, 1.51, 0.033, 2.5
 109606140, 7.246, 1.549, 0.034, 2.5, 7.106, 1.53, 0.034, 2.5
 109806060, 7.386, 1.569, 0.034, 2.5, 7.246, 1.549, 0.034, 2.5
 110005980, 7.525001, 1.588, 0.034, 2.5, 7.386, 1.569, 0.034, 2.5
 110205900, 7.664001, 1.606, 0.034, 2.5, 7.525001, 1.588, 0.034, 2.5
 110405820, 7.802001, 1.624, 0.034, 2.5, 7.664001, 1.606, 0.034, 2.5
 110606573, 7.940001, 1.643, 0.033, 2.5, 7.802001, 1.624, 0.034, 2.5
 110806493, 8.075001, 1.66, 0.033, 2.5, 7.940001, 1.643, 0.033, 2.5
 111006413, 8.21, 1.678, 0.032, 2.5, 8.075001, 1.66, 0.033, 2.5
 111206333, 8.344001, 1.695, 0.031, 2.5, 8.21, 1.678, 0.032, 2.5
 111406253, 8.471001, 1.711, 0.03, 2.5, 8.344001, 1.695, 0.031, 2.5
 111606173, 8.596001, 1.727, 0.029, 2.5, 8.471001, 1.711, 0.03, 2.5
 111806093, 8.722, 1.742, 0.028, 2.5, 8.596001, 1.727, 0.029, 2.5
 112006013, 8.851001, 1.757, 0.026, 2.5, 8.722, 1.742, 0.028, 2.5
 112205933, 8.98, 1.772, 0.025, 2.5, 8.851001, 1.757, 0.026, 2.5
 112405853, 9.108001, 1.787, 0.023, 2.5, 8.98, 1.772, 0.025, 2.5
 112605773, 9.234, 1.801, 0.021, 2.5, 9.108001, 1.787, 0.023, 2.5
 112806526, 9.360001, 1.815, 0.018, 2.5, 9.234, 1.801, 0.021, 2.5
 113006446, 9.484, 1.829, 0.016, 2.5, 9.360001, 1.815, 0.018, 2.5
 113206366, 9.606001, 1.841, 0.013, 2.5, 9.484, 1.829, 0.016, 2.5
 113406286, 9.727, 1.854, 0.01, 2.5, 9.606001, 1.841, 0.013, 2.5
 113606206, 9.847, 1.867, 0.007, 2.5, 9.727, 1.854, 0.01, 2.5
 113806126, 9.966001, 1.878, 0.004, 2.5, 9.847, 1.867, 0.007, 2.5
 114006046, 10.084, 1.89, 0.001, 2.5, 9.966001, 1.878, 0.004, 2.5
 114205966, 10.194, 1.901, -0.002, 2.5, 10.084, 1.89, 0.001, 2.5
 114405886, 10.222, 1.898, -0.039, 2.5, 10.194, 1.901, -0.002, 2.5
 114605806, 9.584001, 1.833, -0.09, 2.5, 10.222, 1.898, -0.039, 2.5
 114806559, 8.722, 1.745, -0.08000001, 2.5, 9.584001, 1.833, -0.09, 2.5
 115006479, 7.93, 1.654, -0.086, 2.5, 8.722, 1.745, -0.08000001, 2.5
 115206399, 7.239, 1.569, -0.107, 2.5, 7.93, 1.654, -0.086, 2.5
 115406319, 6.641, 1.489, -0.13, 2.5, 7.239, 1.569, -0.107, 2.5
 115606239, 6.118001, 1.416, -0.149, 2.5, 6.641, 1.489, -0.13, 2.5
 115806159, 5.657, 1.347, -0.159, 2.5, 6.118001, 1.416, -0.149, 2.5
 116006079, 5.246, 1.281, -0.16, 2.5, 5.657, 1.347, -0.159, 2.5
 116205999, 4.878, 1.219, -0.152, 2.5, 5.246, 1.281, -0.16, 2.5
 116405919, 4.547, 1.161, -0.138, 2.5, 4.878, 1.219, -0.152, 2.5
 116605839, 4.247, 1.105, -0.121, 2.5, 4.547, 1.161, -0.138, 2.5
 116806592, 3.974, 1.052, -0.101, 2.5, 4.247, 1.105, -0.121, 2.5
 117006512, 3.723, 1.003, -0.081, 2.5, 3.974, 1.052, -0.101, 2.5
 117206432, 3.493, 0.956, -0.063, 2.5, 3.723, 1.003, -0.081, 2.5
 117406352, 3.282, 0.9110001, -0.048, 2.5, 3.493, 0.956, -0.063, 2.5
 117606272, 3.087, 0.868, -0.036, 2.5, 3.282, 0.9110001, -0.048, 2.5
 117806192, 2.908, 0.827, -0.024, 2.5, 3.087, 0.868, -0.036, 2.5
 118006112, 2.741, 0.7870001, -0.014, 2.5, 2.908, 0.827, -0.024, 2.5
 118206032, 2.586, 0.749, -0.006, 2.5, 2.741, 0.7870001, -0.014, 2.5
 118405952, 2.443, 0.712, 0.021, 2.5, 2.586, 0.749, -0.006, 2.5
 118605872, 2.312, 0.678, 0.173, 2.5, 2.443, 0.712, 0.021, 2.5
 118805792, 2.19, 0.645, 0.382, 2.5, 2.312, 0.678, 0.173, 2.5
 119006545, 2.076, 0.614, 0.609, 2.5, 2.19, 0.645, 0.382, 2.5
 119206465, 1.969, 0.5840001, 0.837, 2.5, 2.076, 0.614, 0.609, 2.5
 119406385, 1.868, 0.555, 1.058, 2.5, 1.969, 0.5840001, 0.837, 2.5
 119606305, 1.773, 0.529, 1.27, 2.5, 1.868, 0.555, 1.058, 2.5
 119806225, 1.683, 0.503, 1.457, 2.5, 1.773, 0.529, 1.27, 2.5
 120006145, 1.597, 0.477, 1.551, 2.5, 1.683, 0.503, 1.457, 2.5
 120206065, 1.514, 0.453, 1.577, 2.5, 1.597, 0.477, 1.551, 2.5
 120405985, 1.436, 0.428, 1.567, 2.5, 1.514, 0.453, 1.577, 2.5
 120605905, 1.36, 0.405, 1.542, 2.5, 1.436, 0.428, 1.567, 2.5
 120805825, 1.289, 0.382, 1.514, 2.5, 1.36, 0.405, 1.542, 2.5
 121006578, 1.221, 0.36, 1.491, 2.5, 1.289, 0.382, 1.514, 2.5
 121206498, 1.156, 0.338, 1.474, 2.5, 1.221, 0.36, 1.491, 2.5
 121406418, 1.095, 0.317, 1.461, 2.5, 1.156, 0.338, 1.474, 2.5
 121606338, 1.038, 0.297, 1.452, 2.5, 1.095, 0.317, 1.461, 2.5
 121806258, 0.9820001, 0.277, 1.446, 2.5, 1.038, 0.297, 1.452, 2.5
 122006178, 0.9300001, 0.256, 1.442, 2.5, 0.9820001, 0.277, 1.446, 2.5
 122206098, 0.8790001, 0.237, 1.44, 2.5, 0.9300001, 0.256, 1.442, 2.5
 122406018, 0.831, 0.218, 1.438, 2.5, 0.8790001, 0.237, 1.44, 2.5
 122605938, 0.784, 0.201, 1.437, 2.5, 0.831, 0.218, 1.438, 2.5
 122805858, 0.74, 0.186, 1.436, 2.5, 0.784, 0.201, 1.437, 2.5
 123005778, 0.698, 0.172, 1.433, 2.5, 0.74, 0.186, 1.436, 2.5
 123206531, 0.6580001, 0.159, 1.43, 2.5, 0.698, 0.172, 1.433, 2.5
 123406451, 0.62, 0.145, 1.428, 2.5, 0.6580001, 0.159, 1.43, 2.5
 123606371, 0.583, 0.132, 1.426, 2.5, 0.62, 0.145, 1.428, 2.5
 123806291, 0.5470001, 0.119, 1.424, 2.5, 0.583, 0.132, 1.426, 2.5
 124006211, 0.512, 0.106, 1.422, 2.5, 0.5470001, 0.119, 1.424, 2.5
 124206131, 0.478, 0.094, 1.42, 2.5, 0.512, 0.106, 1.422, 2.5
 124406051, 0.445, 0.082, 1.418, 2.5, 0.478, 0.094, 1.42, 2.5
 124605971, 0.413, 0.07, 1.416, 2.5, 0.445, 0.082, 1.418, 2.5
 124805891, 0.383, 0.059, 1.415, 2.5, 0.413, 0.07, 1.416, 2.5
 125005811, 0.354, 0.048, 1.414, 2.5, 0.383, 0.059, 1.415, 2.5
 125206564, 0.327, 0.038, 1.413, 2.5, 0.354, 0.048, 1.414, 2.5
 125406484, 0.3, 0.028, 1.413, 2.5, 0.327, 0.038, 1.413, 2.5
 125606404, 0.274, 0.019, 1.412, 2.5, 0.3, 0.028, 1.413, 2.5
 125806324, 0.248, 0.009000001, 1.411, 2.5, 0.274, 0.019, 1.412, 2.5
 126006244, 0.223, 0, 1.409, 2.5, 0.248, 0.009000001, 1.411, 2.5
 126206164, 0.199, -0.008, 1.409, 2.5, 0.223, 0, 1.409, 2.5
 126406084, 0.176, -0.017, 1.408, 2.5, 0.199, -0.008, 1.409, 2.5
 126606004, 0.154, -0.025, 1.406, 2.5, 0.176, -0.017, 1.408, 2.5
 126805924, 0.132, -0.033, 1.406, 2.5, 0.154, -0.025, 1.406, 2.5
 127005844, 0.111, -0.04, 1.405, 2.5, 0.132, -0.033, 1.406, 2.5
 127205764, 0.09, -0.046, 1.405, 2.5, 0.111, -0.04, 1.405, 2.5
 127406517, 0.07, -0.052, 1.405, 2.5, 0.09, -0.046, 1.405, 2.5
 127606437, 0.05, -0.058, 1.404, 2.5, 0.07, -0.052, 1.405, 2.5
 127806357, 0.03, -0.064, 1.402, 2.5, 0.05, -0.058, 1.404, 2.5
 128006277, 0.011, -0.06900001, 1.4, 2.5, 0.03, -0.064, 1.402, 2.5
 128206197, -0.007, -0.074, 1.398, 2.5, 0.011, -0.06900001, 1.4, 2.5
 128406117, -0.025, -0.079, 1.397, 2.5, -0.007, -0.074, 1.398, 2.5
 128606037, -0.042, -0.08400001, 1.397, 2.5, -0.025, -0.079, 1.397, 2.5
 128805957, -0.06, -0.08800001, 1.398, 2.5, -0.042, -0.08400001, 1.397, 2.5
 129005877, -0.07600001, -0.093, 1.398, 2.5, -0.06, -0.08800001, 1.398, 2.5
 129205797, -0.093, -0.097, 1.398, 2.5, -0.07600001, -0.093, 1.398, 2.5
 129406550, -0.109, -0.102, 1.397, 2.5, -0.093, -0.097, 1.398, 2.5
 129606470, -0.124, -0.106, 1.398, 2.5, -0.109, -0.102, 1.397, 2.5
 129806390, -0.139, -0.109, 1.398, 2.5, -0.124, -0.106, 1.398, 2.5
 130006310, -0.154, -0.113, 1.398, 2.5, -0.139, -0.109, 1.398, 2.5
 130206230, -0.168, -0.116, 1.399, 2.5, -0.154, -0.113, 1.398, 2.5
 130406150, -0.182, -0.119, 1.4, 2.5, -0.168, -0.116, 1.399, 2.5
 130606070, -0.195, -0.122, 1.401, 2.5, -0.182, -0.119, 1.4, 2.5
 130805990, -0.208, -0.125, 1.402, 2.5, -0.195, -0.122, 1.401, 2.5
 131005910, -0.221, -0.128, 1.402, 2.5, -0.208, -0.125, 1.402, 2.5
 131205830, -0.234, -0.131, 1.403, 2.5, -0.221, -0.128, 1.402, 2.5
 131406583, -0.246, -0.134, 1.403, 2.5, -0.234, -0.131, 1.403, 2.5
 131606503, -0.257, -0.137, 1.404, 2.5, -0.246, -0.134, 1.403, 2.5
 131806423, -0.268, -0.14, 1.404, 2.5, -0.257, -0.137, 1.404, 2.5
 132006343, -0.277, -0.143, 1.404, 2.5, -0.268, -0.14, 1.404, 2.5
 132206263, -0.287, -0.145, 1.405, 2.5, -0.277, -0.143, 1.404, 2.5
 132406183, -0.296, -0.147, 1.406, 2.5, -0.287, -0.145, 1.405, 2.5
 132606103, -0.306, -0.149, 1.407, 2.5, -0.296, -0.147, 1.406, 2.5
 132806023, -0.315, -0.152, 1.409, 2.5, -0.306, -0.149, 1.407, 2.5
 133005943, -0.325, -0.154, 1.41, 2.5, -0.315, -0.152, 1.409, 2.5
 133205863, -0.334, -0.156, 1.411, 2.5, -0.325, -0.154, 1.41, 2.5
 133405783, -0.343, -0.157, 1.411, 2.5, -0.334, -0.156, 1.411, 2.5
 133606536, -0.351, -0.158, 1.412, 2.5, -0.343, -0.157, 1.411, 2.5
 133806456, -0.357, -0.158, 1.413, 2.5, -0.351, -0.158, 1.412, 2.5
 134006376, -0.363, -0.159, 1.416, 2.5, -0.357, -0.158, 1.413, 2.5
 134206296, -0.367, -0.159, 1.419, 2.5, -0.363, -0.159, 1.416, 2.5
 134406216, -0.371, -0.16, 1.422, 2.5, -0.367, -0.159, 1.419, 2.5
 134606136, -0.375, -0.161, 1.425, 2.5, -0.371, -0.16, 1.422, 2.5
 134806056, -0.379, -0.162, 1.428, 2.5, -0.375, -0.161, 1.425, 2.5
 135005976, -0.382, -0.164, 1.43, 2.5, -0.379, -0.162, 1.428, 2.5
 135205896, -0.386, -0.166, 1.432, 2.5, -0.382, -0.164, 1.43, 2.5
 135405816, -0.389, -0.168, 1.433, 2.5, -0.386, -0.166, 1.432, 2.5
 135606569, -0.392, -0.17, 1.433, 2.5, -0.389, -0.168, 1.433, 2.5
 135806489, -0.395, -0.173, 1.433, 2.5, -0.392, -0.17, 1.433, 2.5
 136006409, -0.398, -0.175, 1.433, 2.5, -0.395, -0.173, 1.433, 2.5
 136206329, -0.4, -0.176, 1.433, 2.5, -0.398, -0.175, 1.433, 2.5
 136406249, -0.402, -0.178, 1.432, 2.5, -0.4, -0.176, 1.433, 2.5
 136606169, -0.405, -0.18, 1.432, 2.5, -0.402, -0.178, 1.432, 2.5
 136806089, -0.407, -0.182, 1.432, 2.5, -0.405, -0.18, 1.432, 2.5
 137006009, -0.408, -0.183, 1.432, 2.5, -0.407, -0.182, 1.432, 2.5
 137205929, -0.409, -0.183, 1.433, 2.5, -0.408, -0.183, 1.432, 2.5
 137405849, -0.41, -0.184, 1.433, 2.5, -0.409, -0.183, 1.433, 2.5
 137605769, -0.411, -0.185, 1.432, 2.5, -0.41, -0.184, 1.433, 2.5
 137806522, -0.412, -0.186, 1.431, 2.5, -0.411, -0.185, 1.432, 2.5
 138006442, -0.413, -0.186, 1.431, 2.5, -0.412, -0.186, 1.431, 2.5
 138206362, -0.414, -0.187, 1.431, 2.5, -0.413, -0.186, 1.431, 2.5
 138406282, -0.414, -0.187, 1.431, 2.5, -0.414, -0.187, 1.431, 2.5
 138606202, -0.414, -0.187, 1.431, 2.5, -0.414, -0.187, 1.431, 2.5
 138806122, -0.414, -0.187, 1.431, 2.5, -0.414, -0.187, 1.431, 2.5
 139006042, -0.414, -0.187, 1.429, 2.5, -0.414, -0.187, 1.431, 2.5
 139205962, -0.414, -0.186, 1.355, 2.5, -0.414, -0.187, 1.429, 2.5
 139405882, -0.414, -0.186, 1.194, 2.5, -0.414, -0.186, 1.355, 2.5
 139605802, -0.414, -0.186, 0.9860001, 2.5, -0.414, -0.186, 1.194, 2.5
 139806555, -0.414, -0.187, 0.763, 2.5, -0.414, -0.186, 0.9860001, 2.5
 140006475, -0.414, -0.187, 0.548, 2.5, -0.414, -0.187, 0.763, 2.5
 140206395, -0.413, -0.188, 0.42, 2.5, -0.414, -0.187, 0.548, 2.5
 140406315, -0.411, -0.188, 0.368, 2.5, -0.413, -0.188, 0.42, 2.5
 140606235, -0.409, -0.187, 0.36, 2.5, -0.411, -0.188, 0.368, 2.5
 140806155, -0.407, -0.187, 0.375, 2.5, -0.409, -0.187, 0.36, 2.5
 141006075, -0.404, -0.187, 0.397, 2.5, -0.407, -0.187, 0.375, 2.5
 141205995, -0.402, -0.187, 0.417, 2.5, -0.404, -0.187, 0.397, 2.5
 141405915, -0.399, -0.187, 0.433, 2.5, -0.402, -0.187, 0.417, 2.5
 141605835, -0.396, -0.187, 0.444, 2.5, -0.399, -0.187, 0.433, 2.5
 141806588, -0.393, -0.187, 0.45, 2.5, -0.396, -0.187, 0.444, 2.5
 142006508, -0.389, -0.187, 0.452, 2.5, -0.393, -0.187, 0.45, 2.5
 142206428, -0.386, -0.187, 0.453, 2.5, -0.389, -0.187, 0.452, 2.5
 142406348, -0.382, -0.187, 0.454, 2.5, -0.386, -0.187, 0.453, 2.5
 142606268, -0.379, -0.187, 0.454, 2.5, -0.382, -0.187, 0.454, 2.5
 142806188, -0.375, -0.187, 0.454, 2.5, -0.379, -0.187, 0.454, 2.5
 143006108, -0.37, -0.186, 0.455, 2.5, -0.375, -0.187, 0.454, 2.5
 143206028, -0.366, -0.186, 0.456, 2.5, -0.37, -0.186, 0.455, 2.5
 143405948, -0.362, -0.185, 0.458, 2.5, -0.366, -0.186, 0.456, 2.5
 143605868, -0.358, -0.185, 0.461, 2.5, -0.362, -0.185, 0.458, 2.5
 143805788, -0.353, -0.184, 0.463, 2.5, -0.358, -0.185, 0.461, 2.5
 144006541, -0.348, -0.182, 0.466, 2.5, -0.353, -0.184, 0.463, 2.5
 144206461, -0.343, -0.18, 0.468, 2.5, -0.348, -0.182, 0.466, 2.5
 144406381, -0.339, -0.178, 0.471, 2.5, -0.343, -0.18, 0.468, 2.5
 144606301, -0.336, -0.175, 0.473, 2.5, -0.339, -0.178, 0.471, 2.5
 144806221, -0.332, -0.173, 0.475, 2.5, -0.336, -0.175, 0.473, 2.5
 145006141, -0.329, -0.17, 0.477, 2.5, -0.332, -0.173, 0.475, 2.5
 145206061, -0.326, -0.167, 0.479, 2.5, -0.329, -0.17, 0.477, 2.5
 145405981, -0.322, -0.164, 0.481, 2.5, -0.326, -0.167, 0.479, 2.5
 145605901, -0.318, -0.161, 0.483, 2.5, -0.322, -0.164, 0.481, 2.5
 145805821, -0.314, -0.158, 0.485, 2.5, -0.318, -0.161, 0.483, 2.5
 146006574, -0.309, -0.156, 0.487, 2.5, -0.314, -0.158, 0.485, 2.5
 146206494, -0.304, -0.153, 0.488, 2.5, -0.309, -0.156, 0.487, 2.5
 146406414, -0.3, -0.15, 0.489, 2.5, -0.304, -0.153, 0.488, 2.5
 146606334, -0.294, -0.148, 0.491, 2.5, -0.3, -0.15, 0.489, 2.5
 146806254, -0.289, -0.146, 0.492, 2.5, -0.294, -0.148, 0.491, 2.5
 147006174, -0.284, -0.143, 0.492, 2.5, -0.289, -0.146, 0.492, 2.5
 147206094, -0.279, -0.141, 0.493, 2.5, -0.284, -0.143, 0.492, 2.5
 147406014, -0.274, -0.14, 0.494, 2.5, -0.279, -0.141, 0.493, 2.5
 147605934, -0.268, -0.138, 0.495, 2.5, -0.274, -0.14, 0.494, 2.5
 147805854, -0.263, -0.136, 0.496, 2.5, -0.268, -0.138, 0.495, 2.5
 148005774, -0.257, -0.134, 0.496, 2.5, -0.263, -0.136, 0.496, 2.5
 148206527, -0.252, -0.133, 0.496, 2.5, -0.257, -0.134, 0.496, 2.5
 148406447, -0.246, -0.131, 0.496, 2.5, -0.252, -0.133, 0.496, 2.5
 148606367, -0.24, -0.129, 0.496, 2.5, -0.246, -0.131, 0.496, 2.5
 148806287, -0.235, -0.128, 0.496, 2.5, -0.24, -0.129, 0.496, 2.5
 149006207, -0.229, -0.126, 0.497, 2.5, -0.235, -0.128, 0.496, 2.5
 149206127, -0.223, -0.125, 0.498, 2.5, -0.229, -0.126, 0.497, 2.5
 149406047, -0.217, -0.124, 0.498, 2.5, -0.223, -0.125, 0.498, 2.5
 149605967, -0.211, -0.122, 0.499, 2.5, -0.217, -0.124, 0.498, 2.5
 149805887, -0.205, -0.121, 0.499, 2.5, -0.211, -0.122, 0.499, 2.5
 150005807, -0.199, -0.12, 0.5, 2.5, -0.205, -0.121, 0.499, 2.5
 150206560, -0.193, -0.118, 0.5, 2.5, -0.199, -0.12, 0.5, 2.5
 150406480, -0.187, -0.117, 0.499, 2.5, -0.193, -0.118, 0.5, 2.5
 150606400, -0.182, -0.115, 0.499, 2.5, -0.187, -0.117, 0.499, 2.5
 150806320, -0.176, -0.114, 0.498, 2.5, -0.182, -0.115, 0.499, 2.5
 151006240, -0.171, -0.112, 0.498, 2.5, -0.176, -0.114, 0.498, 2.5
 151206160, -0.165, -0.11, 0.498, 2.5, -0.171, -0.112, 0.498, 2.5
 151406080, -0.16, -0.109, 0.498, 2.5, -0.165, -0.11, 0.498, 2.5
 151606000, -0.154, -0.107, 0.497, 2.5, -0.16, -0.109, 0.498, 2.5
 151805920, -0.149, -0.105, 0.497, 2.5, -0.154, -0.107, 0.497, 2.5
 152005840, -0.143, -0.104, 0.497, 2.5, -0.149, -0.105, 0.497, 2.5
 152205760, -0.138, -0.102, 0.496, 2.5, -0.143, -0.104, 0.497, 2.5
 152406513, -0.132, -0.101, 0.495, 2.5, -0.138, -0.102, 0.496, 2.5
 152606433, -0.127, -0.09900001, 0.494, 2.5, -0.132, -0.101, 0.495, 2.5
 152806353, -0.122, -0.098, 0.494, 2.5, -0.127, -0.09900001, 0.494, 2.5
 153006273, -0.116, -0.097, 0.493, 2.5, -0.122, -0.098, 0.494, 2.5
 153206193, -0.111, -0.096, 0.492, 2.5, -0.116, -0.097, 0.493, 2.5
 153406113, -0.105, -0.094, 0.491, 2.5, -0.111, -0.096, 0.492, 2.5
 153606033, -0.09900001, -0.093, 0.491, 2.5, -0.105, -0.094, 0.491, 2.5
 153805953, -0.093, -0.09100001, 0.49, 2.5, -0.09900001, -0.093, 0.491, 2.5
 154005873, -0.08800001, -0.089, 0.49, 2.5, -0.093, -0.09100001, 0.49, 2.5
 154205793, -0.083, -0.087, 0.489, 2.5, -0.08800001, -0.089, 0.49, 2.5
 154406546, -0.079, -0.085, 0.489, 2.5, -0.083, -0.087, 0.489, 2.5
 154606466, -0.074, -0.083, 0.49, 2.5, -0.079, -0.085, 0.489, 2.5
 154806386, -0.07, -0.081, 0.49, 2.5, -0.074, -0.083, 0.49, 2.5
 155006306, -0.066, -0.08000001, 0.489, 2.5, -0.07, -0.081, 0.49, 2.5
 155206226, -0.062, -0.079, 0.488, 2.5, -0.066, -0.08000001, 0.489, 2.5
 155406146, -0.059, -0.078, 0.487, 2.5, -0.062, -0.079, 0.488, 2.5
 155606066, -0.055, -0.07700001, 0.486, 2.5, -0.059, -0.078, 0.487, 2.5
 155805986, -0.052, -0.07600001, 0.485, 2.5, -0.055, -0.07700001, 0.486, 2.5
 156005906, -0.049, -0.075, 0.485, 2.5, -0.052, -0.07600001, 0.485, 2.5
 156205826, -0.046, -0.074, 0.485, 2.5, -0.049, -0.075, 0.485, 2.5
 156406579, -0.043, -0.074, 0.485, 2.5, -0.046, -0.074, 0.485, 2.5
 156606499, -0.04, -0.074, 0.485, 2.5, -0.043, -0.074, 0.485, 2.5
 156806419, -0.037, -0.074, 0.484, 2.5, -0.04, -0.074, 0.485, 2.5
 157006339, -0.034, -0.075, 0.483, 2.5, -0.037, -0.074, 0.484, 2.5
 157206259, -0.032, -0.07600001, 0.482, 2.5, -0.034, -0.075, 0.483, 2.5
 157406179, -0.029, -0.07700001, 0.482, 2.5, -0.032, -0.07600001, 0.482, 2.5
 157606099, -0.027, -0.078, 0.481, 2.5, -0.029, -0.07700001, 0.482, 2.5
 157806019, -0.025, -0.079, 0.481, 2.5, -0.027, -0.078, 0.481, 2.5
 158005939, -0.023, -0.079, 0.481, 2.5, -0.025, -0.079, 0.481, 2.5
 158205859, -0.021, -0.079, 0.481, 2.5, -0.023, -0.079, 0.481, 2.5
 158405779, -0.019, -0.079, 0.48, 2.5, -0.021, -0.079, 0.481, 2.5
 158606532, -0.017, -0.079, 0.481, 2.5, -0.019, -0.079, 0.48, 2.5
 158806452, -0.016, -0.079, 0.48, 2.5, -0.017, -0.079, 0.481, 2.5
 159006372, -0.014, -0.078, 0.48, 2.5, -0.016, -0.079, 0.48, 2.5
 159206292, -0.013, -0.078, 0.48, 2.5, -0.014, -0.078, 0.48, 2.5
 159406212, -0.011, -0.07700001, 0.48, 2.5, -0.013, -0.078, 0.48, 2.5
 159606132, -0.01, -0.07700001, 0.48, 2.5, -0.011, -0.07700001, 0.48, 2.5
 159806052, -0.006, -0.054, 0.339, 2.5, -0.01, -0.07700001, 0.48, 2.5
 160005972, 0.002, 0.022, -0.138, 2.5, -0.006, -0.054, 0.339, 2.5
 160205892, 0, 0.004, -0.029, 2.5, 0.002, 0.022, -0.138, 2.5
 160405812, 0, -0.003, 0.022, 2.5, 0, 0.004, -0.029, 2.5
 160606565, 0, 0, 0.001, 2.5, 0, -0.003, 0.022, 2.5
 160806485, 0, 0, -0.003, 2.5, 0, 0, 0.001, 2.5
 161006405, 0, 0, 0, 2.5, 0, 0, -0.003, 2.5
 161206325, 0, 0, 0, 2.5, 0, 0, 0, 2.5
 161406245, 0, 0, 0, 2.5, 0, 0, 0, 2.5
 161606165, 0, 0, 0, 2.5, 0, 0, 0, 2.5
 161806085, 0, 0, 0, 2.5, 0, 0, 0, 2.5
 162006005, 0, 0, 0, 2.5, 0, 0, 0, 2.5
 162205925, 0, 0, 0, 2.5, 0, 0, 0, 2.5
