TimeUS,CAN,CAE,CAD,CAe
 1900906, 0, 0, 0, 0
 1940890, -0.008596797, -0.009840873, -0.009979006, 0.3572391
 2040850, -0.000683966, -0.000770737, -0.0006797931, 0.01859007
 2140810, -0.0005580046, -0.0005808945, -0.0009233118, 0.01859007
 2240770, -0.0004127045, -0.0005742786, -0.001003179, 0.01859007
 2340730, -0.0003781361, -0.0003366835, -0.001029613, 0.01859007
 2440690, -0.0002829468, -0.0001488631, -0.001130872, 0.01859007
 2540650, -0.0001297487, -0.0002259269, -0.0009144176, 0.01859007
 2640610, -0.0002863307, -0.0001124871, -0.001061873, 0.01859007
 2740570, -0.0001989641, -0.0001775674, -0.001058403, 0.01859007
 2840530, -0.0002386546, 9.875826E-06, -0.001012988, 0.01859007
 2940490, -0.0002322835, -3.565142E-05, -0.001048813, 0.01859007
 3040450, -0.0002515618, -4.669258E-05, -0.0009208713, 0.01859007
 3140410, -0.0001235728, 0.0001568105, -0.0008023675, 0.01859007
 3240370, -0.000208512, 6.545273E-05, -0.0008477157, 0.01859937
 3340330, -5.009122E-05, 0.0001344704, -0.0009109667, 0.01859937
 3440290, -1.728416E-05, 4.056585E-05, -0.0007941502, 0.01859937
 3540250, -9.774975E-05, 0.0002153619, -0.0008693364, 0.01859937
 3640210, -0.0001012565, -3.393849E-05, -0.000874017, 0.01859937
 3740170, -6.378624E-05, 5.749457E-05, -0.001024447, 0.01859937
 3840963, -5.87756E-05, 6.374445E-05, -0.0009802198, 0.01875436
 3940923, -0.0001337899, 2.406721E-05, -0.001017421, 0.01859937
 4040883, -0.0001955183, 3.812335E-05, -0.0008993269, 0.01859937
 4140843, -9.449072E-06, -6.003785E-05, -0.001132722, 0.01859937
 4240803, -0.0001036252, 0.0001307419, -0.00106521, 0.01859007
 4340763, 9.909093E-05, 8.582932E-05, -0.001040719, 0.01859007
 4440723, -2.807134E-05, 5.950821E-05, -0.001023074, 0.01859007
 4540683, 3.742971E-07, -3.958411E-05, -0.001063103, 0.01859007
 4640643, -6.936335E-05, 2.644554E-05, -0.000821033, 0.01859007
 4740603, -7.404562E-05, 0.0001183094, -0.001037078, 0.01859007
 4840563, 7.436646E-05, 0.0001354383, -0.0009369344, 0.01859007
 4940523, -8.299637E-05, 1.202022E-05, -0.001062197, 0.01859007
 5040483, -5.318461E-05, 0.000149204, -0.0009842272, 0.01859007
 5140443, -2.598904E-05, 7.333558E-05, -0.0008585451, 0.01859007
 5240403, 4.097634E-05, 0.0001602372, -0.001094266, 0.01859007
 5340363, -2.477368E-05, 5.802285E-06, -0.0009776495, 0.01859007
 5440323, -1.820776E-05, 4.038413E-05, -0.0009483644, 0.01859007
 5540283, 5.08087E-05, 0.0001548575, -0.0009148751, 0.01859007
 5640243, -0.0001012506, 0.0001038945, -0.0008581732, 0.01859007
 5740203, -8.985219E-05, 7.118174E-05, -0.001030328, 0.01859007
 5840163, -4.222652E-05, 0.0003020092, -0.0009907001, 0.01859007
 5940956, -0.0001178955, 2.679684E-06, -0.001170212, 0.01874498
 6040916, 0.0001030881, 3.684238E-05, -0.001008365, 0.01859007
 6140876, -5.508718E-05, 0.0001749143, -0.001076668, 0.01859007
 6240836, -5.383607E-05, 8.883818E-05, -0.001084685, 0.01859937
 6340796, -4.996351E-05, 0.000155676, -0.001009327, 0.01859937
 6440756, -5.661484E-06, 6.899158E-05, -0.001029909, 0.01859937
 6540716, -0.0001040401, 8.78052E-06, -0.0009752091, 0.01859937
 6640676, -6.891642E-07, -4.728974E-05, -0.0008999943, 0.01859937
 6740636, -5.352593E-05, 0.0001432928, -0.0009032736, 0.01859937
 6840596, -1.684185E-05, 5.303219E-05, -0.001076191, 0.01859937
 6940556, 6.793132E-05, 0.0001711375, -0.001053579, 0.01859937
 7040516, -9.093914E-05, 0.0001078705, -0.0008778874, 0.01859937
 7140476, -1.595321E-05, 0.0001232504, -0.0008765623, 0.01859937
 7240436, -0.0001880758, 8.134306E-05, -0.000929756, 0.01859007
 7340396, -3.841078E-05, 0.0002379695, -0.001017621, 0.01859007
 7440356, 7.769674E-05, 3.643559E-05, -0.0009829212, 0.01859007
 7540316, -9.109013E-05, 0.0001391198, -0.0009965914, 0.01859007
 7640276, 2.519386E-05, 0.0001399705, -0.0009178685, 0.01859007
 7740236, -0.0001180544, 0.0001632687, -0.0009765531, 0.01859007
 7840196, -0.0001139439, 6.403094E-05, -0.0008614145, 0.01859007
 7940156, -0.0001413757, 7.929932E-05, -0.001082521, 0.01859007
 8040949, -7.861937E-05, 2.760125E-05, -0.0008453332, 0.01874498
 8140909, -0.0001319086, -6.580095E-05, -0.001023827, 0.01859007
 8240869, -4.237121E-06, 3.856899E-05, -0.0009620822, 0.01859937
 8340829, 8.662832E-05, 3.829547E-05, -0.0009455903, 0.01859937
 8440789, 4.912793E-05, -6.005598E-05, -0.0009063622, 0.01859937
 8540749, -4.449012E-05, 6.240548E-05, -0.0009302804, 0.01859937
 8640709, -3.484918E-05, 0.0002150753, -0.0009366674, 0.01859937
 8740669, -0.0001838185, 0.0002017697, -0.001014666, 0.01859937
 8840629, -2.328871E-05, 0.0001105393, -0.0008964289, 0.01859937
 8940589, -0.000145301, 0.000310249, -0.001010881, 0.01859937
 9040549, -9.22769E-05, 0.000191301, -0.0008982878, 0.01859937
 9140509, -7.467976E-05, 0.0002074277, -0.0009462576, 0.01859937
 9240469, -2.995532E-05, 0.0001968422, -0.000971596, 0.01859007
 9340429, -4.651435E-05, 0.0001910708, -0.0009752949, 0.01859007
 9440389, -0.0001292201, 0.0002395716, -0.0009190506, 0.01859007
 9540349, -0.0001631256, 0.0002708294, -0.0009575159, 0.01859007
 9640309, -6.295598E-05, 0.0001286915, -0.0009939031, 0.01859007
 9740269, 1.841783E-05, 0.0002379398, -0.0009597181, 0.01859007
 9840229, -0.0001626728, 3.511343E-05, -0.001080357, 0.01859007
 9940189, -4.690225E-05, 0.000142954, -0.0009225015, 0.01859007
 10040149, -3.121779E-05, 0.0001675184, -0.0008371341, 0.01859007
 10140942, -0.0001266203, 0.0001328477, -0.0009280739, 0.01874498
 10240902, -6.504558E-05, 5.57602E-05, -0.0009620822, 0.01859007
 10340862, -0.0001907316, 0.0002197395, -0.0009231498, 0.01859007
 10440822, 2.684454E-05, 0.000177644, -0.0009613005, 0.01859007
 10540782, -6.183395E-05, 0.0002831036, -0.000938412, 0.01859007
 10640742, 2.457605E-05, 0.0001248851, -0.001018412, 0.01859007
 10740702, -0.0001477175, 0.0001682786, -0.001022006, 0.01859007
 10840662, 1.57606E-05, 0.0002347587, -0.000912654, 0.01859007
 10940622, 0.0001125087, 0.0001452991, -0.001018546, 0.01859007
 11040582, -3.818656E-05, 6.282778E-05, -0.0008042646, 0.01859007
 11140542, -0.0001185459, 0.0002430385, -0.001002807, 0.01859007
 11240502, -7.110935E-05, 6.296075E-05, -0.0009830642, 0.01859937
 11340462, -0.0001005823, 0.0001161646, -0.000940576, 0.01859937
 11440422, -0.0001275148, 0.0001026832, -0.0009893845, 0.01859937
 11540382, 8.713308E-05, -1.318358E-05, -0.001031234, 0.01859937
 11640342, -0.0002539325, 0.0001675379, -0.00110235, 0.01859937
 11740302, 1.593457E-05, 8.119447E-05, -0.0009797562, 0.01859937
 11840262, -0.0001136297, 6.723437E-05, -0.0009317293, 0.01859937
 11940222, -7.936445E-05, 0.0001782306, -0.001056258, 0.01859937
 12040182, -4.317252E-05, 0.0001121832, -0.0008926825, 0.01859937
 12140975, 6.715298E-06, 0.0003340546, -0.0009384882, 0.01859937
 12240935, -0.0001036645, 2.816375E-05, -0.0009774072, 0.01874498
 12340895, -2.001519E-05, 0.0002480308, -0.001038069, 0.01859007
 12440855, -8.858118E-05, 0.0002403091, -0.0008897082, 0.01859007
 12540815, -2.394957E-05, 0.0001364633, -0.0009695656, 0.01859007
 12640775, -5.728891E-05, 4.897852E-05, -0.0008941982, 0.01859007
 12740735, -0.0001372107, 3.819788E-05, -0.001028317, 0.01859007
 12840695, 5.834625E-05, 0.0001140034, -0.001035457, 0.01859007
 12940655, -6.564562E-05, 0.0001426687, -0.0008913765, 0.01859007
 13040615, -0.0001710673, 2.892069E-05, -0.0009521012, 0.01859007
 13140575, -9.086201E-05, 0.0001508144, -0.0009079733, 0.01859007
 13240535, -0.0001048346, 0.0001817197, -0.0009587648, 0.01859937
 13340495, -0.0001314815, 0.0001135386, -0.0009112526, 0.01859937
 13440455, -7.798762E-05, 0.0002250633, -0.0009489172, 0.01859937
 13540415, 3.788786E-05, 0.0002173633, -0.0009683167, 0.01859937
 13640375, -0.0001716066, 0.000233119, -0.0008696796, 0.01859937
 13740335, 3.90793E-05, 0.000214055, -0.001028803, 0.01859937
 13840295, -0.0001197643, 7.244827E-05, -0.00105315, 0.01859937
 13940255, -0.0001407933, 5.69711E-05, -0.001012159, 0.01859937
 14040215, -0.0001979829, 7.523644E-05, -0.0009488219, 0.01859937
 14140175, -0.0002392591, 0.0003152782, -0.0009297847, 0.01859937
 14240968, -0.000103478, 0.0001531651, -0.0008635415, 0.01874498
 14340928, -0.0002362835, 0.0002823363, -0.0009374968, 0.01859007
 14440888, 9.579475E-06, 0.0002031241, -0.0009517675, 0.01859007
 14540848, -0.0001513834, 0.0003287867, -0.0009436264, 0.01859007
 14640808, 2.049289E-05, 0.0003125159, -0.001071835, 0.01859007
 14740768, 5.426327E-05, -3.183224E-06, -0.001016372, 0.01859007
 14840728, -1.634933E-05, 0.0001753251, -0.0008855709, 0.01859007
 14940688, -0.0001017045, 6.113888E-05, -0.0009978021, 0.01859007
 15040648, -0.0002102214, 0.0001860382, -0.001158003, 0.01859007
 15140608, -4.041535E-05, 0.0001280743, -0.0009941225, 0.01859007
 15240568, -8.575352E-05, 0.0002484203, -0.001125715, 0.01859007
 15340528, -3.764647E-05, 0.0002899207, -0.0009422537, 0.01859007
 15440488, -9.683109E-05, 0.0001893011, -0.001113894, 0.01859007
 15540448, -9.271519E-05, 5.309152E-05, -0.0009015767, 0.01859007
 15640408, -1.710232E-05, 0.0002068528, -0.0009237598, 0.01859007
 15740368, 7.769201E-05, 0.0001424878, -0.0009672967, 0.01859007
 15840328, -1.937021E-05, 0.0001943168, -0.0009179829, 0.01859007
 15940288, -2.007525E-05, 0.0001678249, -0.001026716, 0.01859007
 16040248, -7.616055E-05, 0.0001958399, -0.001047964, 0.01859007
 16140208, -9.688546E-05, 9.651404E-05, -0.0009387837, 0.01859007
 16240168, -0.000201115, 0.0002311127, -0.0009635884, 0.01859937
 16340961, -4.594468E-06, 0.0003251834, -0.001032701, 0.01875436
 16440921, 0.0001281601, 0.0001564999, -0.0009031401, 0.01859937
 16540881, -0.0001496849, 0.0002718239, -0.0008904517, 0.01859937
 16640841, -0.0001548523, 2.070157E-05, -0.000964351, 0.01859937
 16740801, -5.071294E-05, 0.0002146048, -0.0009052088, 0.01859937
 16840761, -0.0002066536, 0.0002030919, -0.0009696895, 0.01859937
 16940721, -0.0003102664, 0.0002539275, -0.0008729303, 0.01859937
 17040681, -5.472323E-05, 0.0002167836, -0.001012788, 0.01859937
 17140641, -0.0001136587, 0.0001593736, -0.0009025777, 0.01859937
 17240601, -0.0002580795, 0.0003772851, -0.0009124252, 0.01859007
 17340561, -0.000194339, 9.170097E-05, -0.0009288219, 0.01859007
 17440521, -0.0001318848, 0.000300602, -0.001014265, 0.01859007
 17540481, -0.0001235093, 0.0002264476, -0.0009623111, 0.01859007
 17640441, -9.783475E-05, 0.0002123827, -0.00102214, 0.01859007
 17740401, -0.0001126333, 0.0002654538, -0.0008788502, 0.01859007
 17840361, -0.000120574, 0.0002019536, -0.0008969533, 0.01859007
 17940321, -0.0001236246, 0.0001511765, -0.0009329687, 0.01859007
 18040281, -0.0001751811, 0.0002106166, -0.0009331498, 0.01859007
 18140241, -6.810629E-05, 0.0001437845, -0.0009142079, 0.01859007
 18240201, -0.000115389, 0.0003415659, -0.0008909189, 0.01859937
 18340161, -0.0003676336, 0.0001214392, -0.001061339, 0.01859937
 18440954, -6.701893E-05, 0.0002503778, -0.001014229, 0.01875436
 18540914, -0.0002654904, 0.0002177997, -0.001020309, 0.01859937
 18640874, -7.362528E-05, 0.0003937893, -0.001062769, 0.01859937
 18740834, -0.0001606345, 0.0001604241, -0.001088174, 0.01859937
 18840794, -0.0002544725, 0.0001729635, -0.0008806805, 0.01859937
 18940754, -6.804476E-05, 9.384778E-05, -0.0009734646, 0.01859937
 19040714, -0.0002858806, 0.0002090436, -0.001009003, 0.01859937
 19140674, -0.0002571123, 7.915554E-05, -0.000973169, 0.01859937
 19240634, -0.0001891033, 0.0002484721, -0.001184209, 0.01859007
 19340594, -0.0003399173, 0.0002648939, -0.0009467628, 0.01859007
 19440554, -0.0002376882, 8.535692E-05, -0.0008752657, 0.01859007
 19540514, -0.0001932668, 0.0002383016, -0.00103866, 0.01859007
 19640474, -8.236279E-05, 0.0002294085, -0.001019794, 0.01859007
 19740434, -0.0003062401, 0.0003592614, -0.0009575541, 0.01859007
 19840394, -0.0003134198, 0.0002710317, -0.001059099, 0.01859007
 19940354, -0.0001028137, 0.0002049817, -0.0009268771, 0.01859007
 20040314, -0.0001375842, 0.0004229251, -0.000811052, 0.01859007
 20140274, -0.0001810542, 0.0002626383, -0.001067555, 0.01859007
 20240234, 6.35455E-05, 0.0003464345, -0.0009821013, 0.01859007
 20340194, -1.495084E-06, 0.0002995846, -0.001275563, 0.01859007
 20440154, -0.0003593513, 0.0003558918, -0.001056982, 0.01859007
 20540947, -0.0001200708, 0.0002416312, -0.001014282, 0.01874498
 20640907, 0.01330959, -0.002093647, -0.0009296226, 0.01859007
 20740867, 0.07515816, -0.01410185, -0.001016658, 0.01859007
 20840827, 0.165168, -0.03108973, -0.0001229748, 0.01859007
 20940787, 0.266621, -0.04928612, 0.002752805, 0.01859007
 21040747, 0.371554, -0.07011731, 0.004796341, 0.01859007
 21140707, 0.4733031, -0.08932588, 0.005005512, 0.01859007
 21240667, 0.5698925, -0.1075812, 0.003166448, 0.01859937
 21340627, 0.6600976, -0.1239381, -0.001918702, 0.01859937
 21440587, 0.7517906, -0.1406717, -0.009313623, 0.01859937
 21540547, 0.8270885, -0.1513702, -0.01911455, 0.01859937
 21640507, 0.8862924, -0.1685395, -0.03141557, 0.01859937
 21740467, 0.8905094, -0.1639114, -0.04214308, 0.01859937
 21840427, 0.8552289, -0.1630165, -0.05202428, 0.01859937
 21940387, 0.8103656, -0.1485429, -0.06111585, 0.01859937
 22040347, 0.7468979, -0.1422859, -0.06762499, 0.01859937
 22140307, 0.6930428, -0.1295023, -0.07394476, 0.01859937
 22240267, 0.6214414, -0.1154686, -0.09966663, 0.01859007
 22340227, 0.562156, -0.105065, -0.1430559, 0.01859007
 22440187, 0.5054453, -0.09139071, -0.1158768, 0.01859007
 22540147, 0.4576562, -0.08661684, -0.06915271, 0.01859007
 22640940, 0.4100251, -0.08117685, -0.05174534, 0.01874498
 22740900, 0.5411661, -0.1003081, -0.2075818, 0.01859007
 22840860, 0.5435051, -0.0970138, -0.7896919, 0.01859007
 22940820, 0.396861, -0.07427607, -0.9712045, 0.01859007
 23040780, 0.3370628, -0.0715633, -0.8016586, 0.01859007
 23140740, 0.3267514, -0.07109731, -0.5230275, 0.01859007
 23240700, 0.301201, -0.05953969, -0.2986192, 0.01859937
 23340660, 0.2463822, -0.04419395, -0.1238138, 0.01859937
 23440620, 0.1476938, -0.03710752, -0.03572962, 0.01859937
 23540580, 0.02557462, -0.01630726, 0.00192671, 0.01859937
 23640540, -0.08532006, 0.01307554, -0.01156279, 0.01859937
 23740500, -0.1587652, 0.02526125, -0.05569405, 0.01859937
 23840460, -0.199577, 0.03258664, -0.06970171, 0.01859937
 23940420, -0.2138269, 0.03612581, -0.06978245, 0.01859937
 24040380, -0.2189919, 0.03853953, -0.06003255, 0.01859937
 24140340, -0.2204209, -0.01082312, -0.03304783, 0.01859937
 24240300, -0.2314467, -0.05102427, -0.02392887, 0.01859007
 24340260, -0.2375118, -0.06215283, -0.02690314, 0.01859007
 24440220, -0.2384434, -0.05245166, -0.01899367, 0.01859007
 24540180, -0.2266912, -0.03814255, 0.008170368, 0.01859007
 24640973, -0.2119223, -0.02773299, 0.0310411, 0.01859007
 24740933, -0.2108104, -0.01666599, 0.02834767, 0.01874498
 24840893, -0.2146657, -0.006510289, 0.01646221, 0.01859007
 24940853, -0.2071973, -0.007010477, 0.02533988, 0.01859007
 25040813, -0.2034584, -0.02290726, 0.04437385, 0.01859007
 25140773, -0.2044432, -0.03520178, 0.04744738, 0.01859007
 25240733, -0.2064315, -0.04635041, 0.03700897, 0.01859007
 25340693, -0.2078517, -0.04692334, 0.02888681, 0.01859007
 25440653, -0.201221, -0.0444656, 0.0262131, 0.01859007
 25540613, -0.1998806, -0.04266085, 0.0142663, 0.01859007
 25640573, -0.1962619, -0.03797492, 0.01762471, 0.01859007
 25740533, -0.2076992, -0.0262103, 0.02614732, 0.01859007
 25840493, -0.2662596, -0.003168731, 0.0302335, 0.01859007
 25940453, -0.33268, 0.02639185, 0.07076841, 0.01859007
 26040413, -0.4104683, 0.05785226, 0.1188228, 0.01859007
 26140373, -0.4629714, 0.07870562, 0.1504697, 0.01859007
 26240333, -0.4526151, 0.08141665, 0.1792548, 0.01859937
 26340293, -0.3219852, 0.1068219, 0.3613289, 0.01859937
 26440253, -0.1392568, 0.1078627, 0.6989926, 0.01859937
 26540213, -0.0320367, 0.04844368, 0.9419472, 0.01859937
 26640173, 0.001745408, -0.007740261, 0.9789435, 0.01859937
 26740966, 0.003727153, -0.09927411, 0.8489457, 0.01875436
 26840926, -0.01680264, -0.2998688, 0.6052795, 0.01859937
 26940886, -0.06925318, -0.5831562, 0.3265203, 0.01859937
 27040846, -0.1575202, -0.8878622, 0.009623798, 0.01859937
 27140806, -0.3092786, -1.154244, -0.3380063, 0.01859937
 27240766, -0.4826755, -1.285658, -0.6187963, 0.01859007
 27340726, -0.6075642, -1.227391, -0.735884, 0.01859007
 27440686, -0.6753708, -1.078838, -0.7030382, 0.01859007
 27540646, -0.6950466, -0.9083138, -0.6069791, 0.01859007
 27640606, -0.6592849, -0.742812, -0.4536171, 0.01859007
 27740566, -0.5994851, -0.6062542, -0.310357, 0.01859007
 27840526, -0.5518233, -0.5090317, -0.2129209, 0.01859007
 27940486, -0.555509, -0.4563903, -0.1935262, 0.01859007
 28040446, -0.5488062, -0.3978001, -0.1651133, 0.01859007
 28140406, -0.5685958, -0.349354, -0.1713406, 0.01859007
 28240366, -0.603117, -0.2970473, -0.1852424, 0.01859937
 28340326, -0.6291376, -0.2315782, -0.1876498, 0.01859937
 28440286, -0.6433187, -0.1569545, -0.1623076, 0.01859937
 28540246, -0.6368719, -0.08529462, -0.1412969, 0.01859937
 28640206, -0.602614, -0.02104909, -0.08881704, 0.01859937
 28740166, -0.5602402, 0.03283754, -0.03051636, 0.01859937
 28840959, -0.5302294, 0.07364067, 0.001664434, 0.01875436
 28940919, -0.4749568, 0.1041057, 0.04115815, 0.01859937
 29040879, -0.4470865, 0.1270367, 0.07025222, 0.01859937
 29140839, -0.4265838, 0.1510086, 0.08253975, 0.01859937
 29240799, -0.3918109, 0.170339, 0.08329358, 0.01859007
 29340759, -0.3814996, 0.1769536, 0.103053, 0.01859007
 29440719, -0.4465663, 0.1508025, 0.1424662, 0.01859007
 29540679, -0.5095923, 0.1238177, 0.1641914, 0.01859007
 29640639, -0.5831771, 0.1064826, 0.1304846, 0.01859007
 29740599, -0.6429592, 0.09742272, 0.04926585, 0.01859007
 29840559, -0.7187335, 0.1101799, -0.06404793, 0.01859007
 29940519, -0.7772551, 0.154112, -0.1837163, 0.01859007
 30040479, -0.7678972, 0.2085132, -0.2340861, 0.01859007
 30140439, -0.7219865, 0.2605677, -0.2308579, 0.01859007
 30240399, -0.6679529, 0.3161246, -0.2052793, 0.01859007
 30340359, -0.5902086, 0.3525106, -0.1460317, 0.01859007
 30440319, -0.5151076, 0.3748654, -0.08236199, 0.01859007
 30540279, -0.4626292, 0.3867761, -0.03301654, 0.01859007
 30640239, -0.4217639, 0.3942901, 0.003004093, 0.01859007
 30740199, -0.3900194, 0.4035061, 0.02009155, 0.01859007
 30840159, -0.3631705, 0.4045054, 0.0307296, 0.01859007
 30940952, -0.3413286, 0.4153396, 0.03378846, 0.01874498
 31040912, -0.3220497, 0.4228953, 0.02029316, 0.01859007
 31140872, -0.3071087, 0.4351655, 0.01249398, 0.01859007
 31240832, -0.2992666, 0.4568632, -0.01250198, 0.01859007
 31340792, -0.284059, 0.4696491, -0.01898859, 0.01859007
 31440752, -0.2641444, 0.4805631, -0.02166515, 0.01859007
 31540712, -0.2424478, 0.487006, -0.02411888, 0.01859007
 31640672, -0.2162626, 0.4851517, -0.01265986, 0.01859007
 31740632, -0.1923084, 0.4868587, -0.003730073, 0.01859007
 31840592, -0.1748601, 0.4878902, -0.0116085, 0.01859007
 31940552, -0.1545468, 0.5015152, -0.02601756, 0.01859007
 32040512, -0.1309051, 0.5044483, -0.03085523, 0.01859007
 32140472, -0.1123434, 0.5027325, -0.02972293, 0.01859007
 32240432, -0.09343816, 0.5007756, -0.0280996, 0.01859007
 32340392, -0.07124139, 0.5037709, -0.03816886, 0.01859007
 32440352, -0.04967883, 0.501268, -0.0343728, 0.01859007
 32540312, -0.02666092, 0.4920073, -0.02411605, 0.01859007
 32640272, -0.008426432, 0.4814346, -0.02007935, 0.01859007
 32740232, 0.009280099, 0.4791519, -0.02434782, 0.01859007
 32840192, 0.02974673, 0.4835693, -0.03408496, 0.01859007
 32940152, 0.04790999, 0.4762236, -0.03300568, 0.01859007
 33040945, 0.06437377, 0.4801225, -0.04031408, 0.01874498
 33140905, 0.08359203, 0.4701714, -0.04280366, 0.01859007
 33240865, 0.1039199, 0.4634026, -0.04324094, 0.01859007
 33340825, 0.1224879, 0.4505881, -0.04157434, 0.01859007
 33440785, 0.1393637, 0.4379453, -0.03836907, 0.01859007
 33540745, 0.1530262, 0.4221225, -0.03308104, 0.01859007
 33640705, 0.1696174, 0.4055672, -0.03014416, 0.01859007
 33740665, 0.1865433, 0.3958886, -0.03150977, 0.01859007
 33840625, 0.1994281, 0.3847857, -0.03274594, 0.01859007
 33940585, 0.2113936, 0.3686044, -0.0337965, 0.01859007
 34040545, 0.2191436, 0.3506464, -0.03025261, 0.01859007
 34140505, 0.225363, 0.3304964, -0.01372976, 0.01859007
 34240465, 0.2308212, 0.3155631, -0.007252795, 0.01859007
 34340425, 0.2361511, 0.2979224, -0.003579043, 0.01859007
 34440385, 0.2437122, 0.2801438, -0.004742985, 0.01859007
 34540345, 0.24723, 0.2621472, -0.008948389, 0.01859007
 34640305, 0.2531132, 0.2474056, -0.01379627, 0.01859007
 34740265, 0.2621596, 0.2349077, -0.01605788, 0.01859007
 34840225, 0.2677104, 0.2167989, -0.01861455, 0.01859007
 34940185, 0.2723327, 0.1960675, -0.01188526, 0.01859007
 35040145, 0.2743475, 0.1769709, -0.01324393, 0.01859007
 35140938, 0.2789003, 0.1660072, -0.01441445, 0.01874498
 35240898, 0.2714953, 0.1472992, -0.006512096, 0.01859007
 35340858, 0.2734041, 0.1326647, -0.006283153, 0.01859007
 35440818, 0.2704905, 0.1144007, -0.01082699, 0.01859007
 35540778, 0.2593448, 0.09216361, -0.007068266, 0.01859007
 35640738, 0.2537915, 0.0703946, 0.001598644, 0.01859007
 35740698, 0.2549177, 0.05466841, -0.001726652, 0.01859007
 35840658, 0.2563204, 0.04048514, -0.006716244, 0.01859007
 35940618, 0.2496746, 0.02552992, 0.007139067, 0.01859007
 36040578, 0.2482764, 0.01188556, 0.00891754, 0.01859007
 36140538, 0.2482399, -0.0003317089, -0.006850239, 0.01859007
 36240498, 0.2462822, -0.01215088, -0.01924972, 0.01859007
 36340458, 0.2369549, -0.02440932, -0.01424393, 0.01859007
 36440418, 0.2271722, -0.036694, -0.003222149, 0.01859007
 36540378, 0.2165809, -0.05211125, 0.003316286, 0.01859007
 36640338, 0.2079423, -0.06456415, 0.01638109, 0.01859007
 36740298, 0.203438, -0.07656191, 0.01252774, 0.01859007
 36840258, 0.1944648, -0.08648498, 0.006154383, 0.01859007
 36940218, 0.1840975, -0.09369268, 0.01197689, 0.01859007
 37040178, 0.1784119, -0.1041439, 0.007795486, 0.01859007
 37140971, 0.1731477, -0.1099437, 0.003158822, 0.01859007
 37240931, 0.1726024, -0.1164734, 0.001311822, 0.01874498
 37340891, 0.1663598, -0.1199434, 0.001023246, 0.01859007
 37440851, 0.1610689, -0.1251403, 0.0004530905, 0.01859007
 37540811, 0.1563947, -0.1328059, -0.004656273, 0.01859007
 37640771, 0.1489016, -0.1419948, 0.00284821, 0.01859007
 37740731, 0.1396671, -0.1489969, 0.005524351, 0.01859007
 37840691, 0.1354575, -0.1617945, 0.007730633, 0.01859007
 37940651, 0.1308843, -0.1676127, 0.005148601, 0.01859007
 38040611, 0.1246954, -0.1702669, 0.002901728, 0.01859007
 38140571, 0.1186934, -0.171443, 0.005231089, 0.01859007
 38240531, 0.1132124, -0.1706024, 0.01518849, 0.01859007
 38340491, 0.1100051, -0.171751, 0.01997933, 0.01859007
 38440451, 0.1061326, -0.1794527, 0.007609717, 0.01859007
 38540411, 0.1050993, -0.1857127, -0.00639058, 0.01859007
 38640371, 0.101664, -0.1909001, -0.02311413, 0.01859007
 38740331, 0.1000466, -0.1887199, -0.02692543, 0.01859007
 38840291, 0.1005436, -0.1885085, -0.01657989, 0.01859007
 38940251, 0.09702555, -0.1801906, 0.01169032, 0.01859007
 39040211, 0.08816085, -0.1811816, 0.01281718, 0.01859007
 39140171, 0.0846427, -0.1797925, 0.01053576, 0.01859007
 39240964, 0.08461818, -0.1868828, -0.004644983, 0.01874498
 39340924, 0.08203584, -0.1921397, -0.01479904, 0.01859007
 39440884, 0.08413428, -0.1924293, -0.01599189, 0.01859007
 39540844, 0.08305669, -0.1912678, -0.002712033, 0.01859007
 39640804, 0.07971435, -0.1934708, -0.001309586, 0.01859007
 39740764, 0.08370743, -0.1941589, -0.00328213, 0.01859007
 39840724, 0.08129886, -0.1902602, -0.001973974, 0.01859007
 39940684, 0.07723349, -0.2251153, -0.004099178, 0.01859007
 40040644, 0.08357124, -0.2100505, -0.02077167, 0.01859007
 40140604, 0.1066136, -0.03834673, -0.07161229, 0.01859007
 40240564, 0.1316969, 0.1581878, -0.084866, 0.01859007
 40340524, 0.1446063, 0.3196785, -0.02323809, 0.01859007
 40440484, 0.1353975, 0.3991772, 0.06282835, 0.01859007
 40540444, 0.1224552, 0.4010647, 0.06354828, 0.01859007
 40640404, 0.120668, 0.3773518, -0.02731845, 0.01859007
 40740364, 0.132963, 0.3305537, -0.1564128, 0.01859007
 40840324, 0.1442105, 0.2552236, -0.2244565, 0.01859007
 40940284, 0.1395805, 0.1727695, -0.1976452, 0.01859007
 41040244, 0.1283718, 0.1067112, -0.1082131, 0.01859007
 41140204, 0.1174786, 0.07402961, -0.01478886, 0.01859007
 41240164, 0.1114478, 0.06528772, 0.06423876, 0.01859007
 41340957, 0.1191199, 0.07605588, 0.07510862, 0.01874498
 41440917, 0.127438, 0.09147006, 0.06120031, 0.01859007
 41540877, 0.1323708, 0.1011812, 0.03691056, 0.01859007
 41640837, 0.1425467, 0.1089377, -0.001589463, 0.01859007
 41740797, 0.1564618, 0.1110092, -0.04672562, 0.01859007
 41840757, 0.1599272, 0.112382, -0.07558566, 0.01859007
 41940717, 0.1581042, 0.1047645, -0.0781853, 0.01859007
 42040677, 0.1557862, 0.0877078, -0.07420497, 0.01859007
 42140637, 0.1504296, 0.06766132, -0.06250469, 0.01859007
 42240597, 0.1397118, 0.0495799, -0.03068732, 0.01859007
 42340557, 0.1269869, 0.03575454, 0.003387803, 0.01859007
 42440517, 0.1217935, 0.02410701, 0.01362472, 0.01859007
 42540477, 0.1279494, 0.01811778, 0.005720777, 0.01859007
 42640437, 0.1265337, 0.0138206, 0.005140279, 0.01859007
 42740397, 0.1260401, 0.01096328, -0.003706984, 0.01859007
 42840357, 0.1231567, 0.004866313, -0.007924552, 0.01859007
 42940317, 0.1189833, -0.002490498, -0.01215773, 0.01859007
 43040277, 0.1182945, -0.007565503, -0.02459145, 0.01859007
 43140237, 0.1186151, -0.01229643, -0.02861741, 0.01859007
 43240197, 0.1132835, -0.01221505, -0.01137532, 0.01859007
 43340157, 0.1105073, -0.01668086, 0.0009801281, 0.01859007
 43440950, 0.1080658, -0.02568733, -0.005857457, 0.01874498
 43540910, 0.09874298, -0.0329277, -0.005415456, 0.01859007
 43640870, 0.09409626, -0.04034228, 0.008394869, 0.01859007
 43740830, 0.08619562, -0.04869306, 0.01877067, 0.01859007
 43840790, 0.08016884, -0.05280609, 0.007755113, 0.01859007
 43940750, 0.07859985, -0.05751619, 0.003823972, 0.01859007
 44040710, 0.07455396, -0.05885205, 0.001859541, 0.01859007
 44140670, 0.07511175, -0.05975886, 0.002295501, 0.01859007
 44240630, 0.07119706, -0.06343368, -0.002834121, 0.01859007
 44340590, 0.06392539, -0.06960055, -0.0040577, 0.01859007
 44440550, 0.0557304, -0.07512964, -0.002694501, 0.01859007
 44540510, 0.05314545, -0.08221623, -0.0008168576, 0.01859007
 44640470, 0.05534457, -0.08111025, 0.001978521, 0.01859007
 44740430, 0.04714274, -0.0811235, 0.01342125, 0.01859007
 44840390, 0.04754266, -0.08428585, 0.002860412, 0.01859007
 44940350, 0.04433453, -0.08938767, -0.002154261, 0.01859007
 45040310, 0.04423733, -0.09302577, -0.00953433, 0.01859007
 45140270, 0.03956572, -0.09421019, -0.003921218, 0.01859007
 45240230, 0.03633267, -0.09798791, -0.0006990115, 0.01859007
 45340190, 0.03439799, -0.1021503, -0.009903063, 0.01859007
 45440150, 0.03117974, -0.1033019, -0.006337796, 0.01859007
 45540943, 0.02747684, -0.1070077, 0.005272207, 0.01874498
 45640903, 0.001275826, -0.1387468, 0.0132461, 0.01859007
 45740863, 0.01165839, -0.1241339, 0.007137075, 0.01859007
 45840823, 0.1064445, 0.02446966, -0.02742267, 0.01859007
 45940783, 0.2081447, 0.1887924, -0.01725435, 0.01859007
 46040743, 0.2850192, 0.3172648, 0.0435306, 0.01859007
 46140703, 0.3162081, 0.3777359, 0.07714349, 0.01859007
 46240663, 0.3224511, 0.3974197, 0.009161096, 0.01859007
 46340623, 0.3242306, 0.3881288, -0.1129892, 0.01859007
 46440583, 0.3272032, 0.3484685, -0.2440755, 0.01859007
 46540543, 0.3176789, 0.2765105, -0.3093956, 0.01859007
 46640503, 0.2832544, 0.1926422, -0.2758949, 0.01859007
 46740463, 0.2452192, 0.1208563, -0.1766423, 0.01859007
 46840423, 0.2189186, 0.07487177, -0.07620035, 0.01859007
 46940383, 0.2005176, 0.0490173, 0.001430778, 0.01859007
 47040343, 0.191754, 0.03681714, 0.05580436, 0.01859007
 47140303, 0.1888049, 0.02800909, 0.07216208, 0.01859007
 47240263, 0.2043647, 0.02735496, 0.03977108, 0.01859007
 47340223, 0.2173634, 0.02487371, 0.007231852, 0.01859007
 47440183, 0.2252699, 0.02208724, -0.0262945, 0.01859007
 47540976, 0.2403286, 0.02131974, -0.06195991, 0.01859007
 47640936, 0.2376264, 0.01002008, -0.06501871, 0.01874498
 47740896, 0.2279797, -0.001527997, -0.07647947, 0.01859007
 47840856, 0.2197103, -0.0165909, -0.07303236, 0.01859007
 47940816, 0.2020716, -0.02871062, -0.04990442, 0.01859007
 48040776, 0.1892056, -0.04303867, -0.03301412, 0.01859007
 48140736, 0.1713111, -0.0577912, -0.01866759, 0.01859007
 48240696, 0.1594162, -0.06552359, -0.007681739, 0.01859007
 48340656, 0.1497861, -0.07197496, -0.01238241, 0.01859007
 48440616, 0.1368545, -0.07715555, -0.002928297, 0.01859007
 48540576, 0.1308269, -0.08229165, 0.008157174, 0.01859007
 48640536, 0.1257131, -0.08931094, 0.004955741, 0.01859007
 48740496, 0.119907, -0.09338902, -0.003453866, 0.01859007
 48840456, 0.1150196, -0.09992192, -0.01342194, 0.01859007
 48940416, 0.1098768, -0.1052357, -0.02646066, 0.01859007
 49040376, 0.09723841, -0.1067151, -0.01924397, 0.01859007
 49140336, 0.08423159, -0.1097378, 0.00450163, 0.01859007
 49240296, 0.07355127, -0.1108522, 0.009915438, 0.01859007
 49340256, 0.0672538, -0.1123342, 0.001846109, 0.01859007
 49440216, 0.05970483, -0.1166892, -0.01401654, 0.01859007
 49540176, 0.05396865, -0.1180588, -0.01417201, 0.01859007
 49640969, 0.04643308, -0.1195799, -0.008640224, 0.01874498
 49740929, 0.03628075, -0.1189241, -0.008561667, 0.01859007
 49840889, 0.02720288, -0.1205293, 0.003819234, 0.01859007
 49940849, 0.02059058, -0.1205641, 0.01405482, 0.01859007
 50040809, 0.01316855, -0.1206024, 0.005251719, 0.01859007
 50140769, 0.0007251147, -0.1189711, 0.01787804, 0.01859007
 50240729, -0.007660728, -0.1183903, 0.02891304, 0.01859007
 50340689, -0.01179815, -0.117978, 0.01061713, 0.01859007
 50440649, -0.02165684, -0.1229176, 0.000133585, 0.01859007
 50540609, -0.03273752, -0.1255883, -0.007103252, 0.01859007
 50640569, -0.06648044, -0.1333701, -0.0003167506, 0.01859007
 50740529, -0.03086296, -0.1182238, -0.008202475, 0.01859007
 50840489, 0.1410389, -0.06693854, -0.01858892, 0.01859007
 50940449, 0.3234724, -0.008458558, -0.0137739, 0.01859007
 51040409, 0.4653628, 0.03914244, 0.01474569, 0.01859007
 51140369, 0.5869663, 0.07841737, 0.04833665, 0.01859007
 51240329, 0.6925403, 0.1076804, 0.01944621, 0.01859007
 51340289, 0.8062565, 0.1220892, -0.1140416, 0.01859007
 51440249, 0.9448781, 0.1074619, -0.3269162, 0.01859007
 51540209, 1.022217, 0.03678352, -0.5153947, 0.01859007
 51640169, 1.020939, -0.07927085, -0.615388, 0.01859007
 51740962, 0.9740069, -0.2119708, -0.6327754, 0.01874498
 51840922, 0.8597697, -0.3229054, -0.5371716, 0.01859007
 51940882, 0.7486215, -0.3985577, -0.4003679, 0.01859007
 52040842, 0.6447353, -0.425756, -0.270041, 0.01859007
 52140802, 0.5743102, -0.4459495, -0.1863067, 0.01859007
 52240762, 0.5243381, -0.4636201, -0.1425049, 0.01859007
 52340722, 0.4846634, -0.4750581, -0.1193194, 0.01859007
 52440682, 0.4501269, -0.4895056, -0.09138107, 0.01859007
 52540642, 0.4274632, -0.5120787, -0.08897808, 0.01859007
 52640602, 0.408132, -0.5480142, -0.1017636, 0.01859007
 52740562, 0.3789434, -0.5774117, -0.1141618, 0.01859007
 52840522, 0.3422723, -0.5981763, -0.1089437, 0.01859007
 52940482, 0.3021604, -0.6152076, -0.09951407, 0.01859007
 53040442, 0.2689965, -0.6328608, -0.09559751, 0.01859007
 53140402, 0.2342072, -0.6433398, -0.09592358, 0.01859007
 53240362, 0.1955441, -0.649251, -0.08018249, 0.01859007
 53340322, 0.157133, -0.6565401, -0.07479005, 0.01859007
 53440282, 0.1141191, -0.6434488, -0.05255953, 0.01859007
 53540242, 0.07864612, -0.6357145, -0.04370933, 0.01859007
 53640202, 0.04608638, -0.6178439, -0.0262337, 0.01859007
 53740162, 0.01920406, -0.6078184, -0.01338074, 0.01859007
 53840955, -0.01216732, -0.6082691, -0.01398436, 0.01874498
 53940915, -0.04053226, -0.5897607, -0.009380021, 0.01859007
 54040875, -0.0673879, -0.5570543, 0.01637975, 0.01859007
 54140835, -0.09042752, -0.5522015, 0.0101504, 0.01859007
 54240795, -0.1126472, -0.5262848, 0.01752404, 0.01859007
 54340755, -0.1364855, -0.5042049, 0.02055445, 0.01859007
 54440715, -0.1543485, -0.48132, 0.02902671, 0.01859007
 54540675, -0.1769949, -0.4683973, 0.02357214, 0.01859007
 54640635, -0.1967279, -0.4514442, 0.01938927, 0.01859007
 54740595, -0.2112131, -0.4281196, 0.02855335, 0.01859007
 54840555, -0.2213403, -0.4098136, 0.03349627, 0.01859007
 54940515, -0.2321262, -0.3959141, 0.02400871, 0.01859007
 55040475, -0.2424585, -0.3668231, 0.02816878, 0.01859007
 55140435, -0.2544621, -0.3407494, 0.02922813, 0.01859007
 55240395, -0.264751, -0.3127258, 0.02816415, 0.01859007
 55340355, -0.2757959, -0.2949299, 0.02274624, 0.01859007
 55440315, -0.28042, -0.2686835, 0.02902791, 0.01859007
 55540275, -0.2822882, -0.233967, 0.04148577, 0.01859007
 55640235, -0.2816851, -0.2067595, 0.0419092, 0.01859007
 55740195, -0.2825595, -0.1846885, 0.03363264, 0.01859007
 55840155, -0.2808256, -0.161517, 0.03114116, 0.01859007
 55940948, -0.2772664, -0.1414405, 0.02934629, 0.01874498
 56040908, -0.2686182, -0.10982, 0.04406349, 0.01859007
 56140868, -0.2646952, -0.08226407, 0.05058052, 0.01859007
 56240828, -0.2577016, -0.05779063, 0.05850028, 0.01859007
 56340788, -0.2493172, -0.03492429, 0.05771628, 0.01859007
 56440748, -0.2401397, -0.01174487, 0.05036745, 0.01859007
 56540708, -0.2384962, 0.008405995, 0.04038349, 0.01859007
 56640668, -0.2364167, 0.03217085, 0.02919897, 0.01859007
 56740628, -0.230689, 0.05123911, 0.02534308, 0.01859007
 56840588, -0.215228, 0.06602, 0.03647273, 0.01859007
 56940548, -0.2056612, 0.08126023, 0.02832335, 0.01859007
 57040508, -0.1965222, 0.09863316, 0.01292242, 0.01859007
 57140468, -0.1890024, 0.1153085, 0.01101844, 0.01859007
 57240428, -0.1766111, 0.1259851, 0.02256581, 0.01859007
 57340388, -0.1683523, 0.1405108, 0.02948998, 0.01859007
 57440348, -0.1567089, 0.1495813, 0.04027456, 0.01859007
 57540308, -0.1454788, 0.1630109, 0.0374381, 0.01859007
 57640268, -0.1337394, 0.170527, 0.04476712, 0.01859007
 57740228, -0.1225282, 0.1861128, 0.04766269, 0.01859007
 57840188, -0.1170686, 0.1952893, 0.03300955, 0.01859007
 57940148, -0.1050407, 0.206071, 0.03037989, 0.01859007
 58040941, -0.09487031, 0.2230735, 0.03149901, 0.01874498
 58140901, -0.08103257, 0.2357147, 0.0404348, 0.01859007
 58240861, -0.0782399, 0.2512538, 0.03347378, 0.01859007
 58340821, -0.07421683, 0.2596703, 0.02086036, 0.01859007
 58440781, -0.07381832, 0.2668026, 0.003026552, 0.01859007
 58540741, -0.07745222, 0.2685717, -0.007445732, 0.01859007
 58640701, -0.07694924, 0.26479, -0.007910271, 0.01859007
 58740661, -0.07440621, 0.2609024, 0.009410154, 0.01859007
 58840621, -0.06618506, 0.2592345, 0.0230883, 0.01859007
 58940581, -0.06057363, 0.2672775, 0.01857061, 0.01859007
 59040541, -0.05993494, 0.263188, 0.03101691, 0.01859007
 59140501, -0.05743186, 0.2602066, 0.03447086, 0.01859007
 59240461, -0.05904531, 0.2647438, 0.02053961, 0.01859007
 59340421, -0.05925516, 0.2645859, 0.01382057, 0.01859007
 59440381, -0.05841603, 0.2671477, 0.01290359, 0.01859007
 59540341, -0.05524636, 0.2627099, 0.001422332, 0.01859007
 59640301, -0.05345555, 0.2662162, -0.0004501449, 0.01859007
 59740261, -0.05355961, 0.2615544, 0.01330244, 0.01859007
 59840221, -0.05305205, 0.2567025, 0.00692614, 0.01859007
 59940181, -0.05927474, 0.2524103, -0.00233102, 0.01859007
 60040974, -0.06110475, 0.2489093, -0.01566789, 0.01859007
 60140934, -0.06386652, 0.2524674, -0.01665328, 0.01874498
 60240894, -0.06046003, 0.2440606, 0.00121052, 0.01859007
 60340854, -0.06046214, 0.2377729, 0.01324359, 0.01859007
 60440814, -0.05404495, 0.233618, 0.01757284, 0.01859007
 60540774, -0.0614582, 0.1979033, -0.003316945, 0.01859007
 60640734, -0.05818868, 0.2086422, 0.003232578, 0.01859007
 60740694, -0.03847245, 0.3683445, 0.03340124, 0.01859007
 60840654, -0.01732185, 0.5423723, 0.09265512, 0.01859007
 60940614, 0.001585289, 0.686042, 0.1713139, 0.01859007
 61040574, 0.008143201, 0.7908955, 0.2013118, 0.01859007
 61140534, 0.00870724, 0.8993579, 0.1168674, 0.01859007
 61240494, -0.01545106, 1.034171, -0.0613244, 0.01859007
 61340454, -0.07017136, 1.118093, -0.2465856, 0.01859007
 61440414, -0.1525321, 1.093816, -0.3498509, 0.01859007
 61540374, -0.2352603, 0.9990721, -0.3675135, 0.01859007
 61640334, -0.2968783, 0.8645474, -0.3111839, 0.01859007
 61740294, -0.3299006, 0.732663, -0.2110856, 0.01859007
 61840254, -0.3481017, 0.6269995, -0.1076393, 0.01859007
 61940214, -0.3548838, 0.5450834, -0.02924174, 0.01859007
 62040174, -0.3623244, 0.49315, 0.01493564, 0.01859007
 62140967, -0.3797926, 0.4735141, 0.01980614, 0.01874498
 62240927, -0.3980719, 0.4601116, 0.0006653033, 0.01859007
 62340887, -0.4253682, 0.4508172, -0.02639693, 0.01859007
 62440847, -0.4448357, 0.4315576, -0.04496519, 0.01859007
 62540807, -0.4597609, 0.4052733, -0.04344519, 0.01859007
 62640767, -0.4673686, 0.3775071, -0.0425238, 0.01859007
 62740727, -0.4795334, 0.3521224, -0.05600544, 0.01859007
 62840687, -0.4958581, 0.3287472, -0.06898756, 0.01859007
 62940647, -0.5021942, 0.2979363, -0.07603417, 0.01859007
 63040607, -0.507238, 0.2681947, -0.07240242, 0.01859007
 63140567, -0.5114279, 0.2386675, -0.06724539, 0.01859007
 63240527, -0.5132362, 0.2084768, -0.06839603, 0.01859007
 63340487, -0.5015991, 0.1815352, -0.05635031, 0.01859007
 63440447, -0.4996563, 0.1582776, -0.0578563, 0.01859007
 63540407, -0.4871483, 0.1291537, -0.04568969, 0.01859007
 63640367, -0.4818517, 0.1056024, -0.0465831, 0.01859007
 63740327, -0.4712091, 0.07880025, -0.0410375, 0.01859007
 63840287, -0.4574153, 0.0600965, -0.03511777, 0.01859007
 63940247, -0.4490192, 0.04527936, -0.030773, 0.01859007
 64040207, -0.4375857, 0.0251668, -0.02714573, 0.01859007
 64140167, -0.4308268, 0.002653927, -0.03476547, 0.01859007
 64240960, -0.4312051, -0.01377606, -0.04432259, 0.01874498
 64340920, -0.4250567, -0.03237633, -0.05732369, 0.01859007
 64440880, -0.4234678, -0.05127414, -0.06452501, 0.01859007
 64540840, -0.4101572, -0.07013192, -0.06173446, 0.01859007
 64640800, -0.3974451, -0.08673945, -0.05704872, 0.01859007
 64740760, -0.3837538, -0.1024334, -0.05520305, 0.01859007
 64840720, -0.366998, -0.1202812, -0.05040103, 0.01859007
 64940680, -0.3509337, -0.1307198, -0.04846806, 0.01859007
 65040640, -0.331827, -0.1442705, -0.04388827, 0.01859007
 65140600, -0.3098536, -0.1490855, -0.03483162, 0.01859007
 65240560, -0.2930256, -0.1589524, -0.03475874, 0.01859007
 65340520, -0.2751473, -0.1703491, -0.03316384, 0.01859007
 65440480, -0.2573823, -0.1786398, -0.02727969, 0.01859007
 65540440, -0.2388625, -0.1801407, -0.02243679, 0.01859007
 65640400, -0.2253866, -0.1879402, -0.02365455, 0.01859007
 65740360, -0.211574, -0.1966455, -0.0352543, 0.01859007
 65840320, -0.1909264, -0.1999156, -0.0251079, 0.01859007
 65940280, -0.1783857, -0.2035785, -0.03119526, 0.01859007
 66040240, -0.1591412, -0.2028456, -0.03049828, 0.01859007
 66140200, -0.1424611, -0.2017774, -0.02121913, 0.01859007
 66240160, -0.1265238, -0.1986476, -0.01059081, 0.01859007
 66340953, -0.1097381, -0.1951421, -0.006780306, 0.01874498
 66440913, -0.0930871, -0.1918584, -0.01082697, 0.01859007
 66540873, -0.07670096, -0.1906058, -0.01362727, 0.01859007
 66640833, -0.05712711, -0.1881101, -0.01124544, 0.01859007
 66740793, -0.03987272, -0.1869569, -0.01398033, 0.01859007
 66840753, -0.02425253, -0.1840796, -0.004458407, 0.01859007
 66940713, -0.0127957, -0.1790163, -0.005500747, 0.01859007
 67040673, -0.003129467, -0.1749708, -0.005236257, 0.01859007
 67140633, 0.0076373, -0.1714044, -0.01533255, 0.01859007
 67240593, 0.01825142, -0.1661184, -0.01600292, 0.01859007
 67340553, 0.03264252, -0.1621803, -0.01902054, 0.01859007
 67440513, 0.04304946, -0.1551911, -0.01920863, 0.01859007
 67540473, 0.05880865, -0.1506254, -0.022332, 0.01859007
 67640433, 0.07125758, -0.1405413, -0.004464023, 0.01859007
 67740393, 0.08243047, -0.1306784, 0.01313614, 0.01859007
 67840353, 0.09459288, -0.1199339, 0.02017128, 0.01859007
 67940313, 0.1054696, -0.1141377, 0.01284151, 0.01859007
 68040273, 0.1148786, -0.1063624, 0.009674721, 0.01859007
 68140233, 0.1205113, -0.09889503, 0.01344267, 0.01859007
 68240193, 0.1269643, -0.09388797, 0.008635384, 0.01859007
 68340153, 0.1327508, -0.09232238, -0.006220646, 0.01859007
 68440946, 0.135564, -0.09078012, -0.011424, 0.01874498
 68540906, 0.1379234, -0.08158014, 0.006725348, 0.01859007
 68640866, 0.1430544, -0.0717379, 0.01522843, 0.01859007
 68740826, 0.1455228, -0.06371495, 0.01024838, 0.01859007
 68840786, 0.1499349, -0.05650147, 0.01063117, 0.01859007
 68940746, 0.1558897, -0.04969887, 0.004833519, 0.01859007
 69040706, 0.1619355, -0.04385762, 0.01495429, 0.01859007
 69140666, 0.1646458, -0.03628641, 0.02884132, 0.01859007
 69240626, 0.171089, -0.03218122, 0.02637668, 0.01859007
 69340586, 0.1720755, -0.02771371, 0.02932658, 0.01859007
 69440546, 0.1749206, -0.0252002, 0.02145834, 0.01859007
 69540506, 0.1755837, -0.02260184, 0.00690919, 0.01859007
 69640466, 0.1712736, -0.02185513, 0.01030816, 0.01859007
 69740426, 0.1691778, -0.02152918, 0.01337682, 0.01859007
 69840386, 0.1703945, -0.01800942, 0.01715657, 0.01859007
 69940346, 0.1723278, -0.016611, 0.01822524, 0.01859007
 70040306, 0.1783491, -0.009491784, 0.006007032, 0.01859007
 70140266, 0.1802542, -0.002910549, -0.002107368, 0.01859007
 70240226, 0.1807688, 0.0001469108, 0.007928394, 0.01859007
 70340186, 0.1773518, -0.0002171387, 0.002273708, 0.01859007
 70440146, 0.1756339, 0.004198027, 0.00930554, 0.01859007
 70540939, 0.1789438, 0.002926004, 0.00431368, 0.01874498
 70640899, 0.1774589, 0.004679287, 0.01122646, 0.01859007
 70740859, 0.175192, 0.004132078, 0.008724213, 0.01859007
 70840819, 0.1776779, 0.007024682, 0.009532433, 0.01859007
 70940779, 0.211621, 0.02096269, 0.01805186, 0.01859007
 71040739, 0.1915931, 0.01465869, 0.01785436, 0.01859007
 71140699, 0.04164839, -0.04832383, -0.02745917, 0.01859007
 71240659, -0.1325965, -0.1285881, -0.05717795, 0.01859007
 71340619, -0.2753422, -0.188099, -0.03052237, 0.01859007
 71440579, -0.3859442, -0.2302006, 0.03878502, 0.01859007
 71540539, -0.4542231, -0.2541873, 0.08372959, 0.01859007
 71640499, -0.4933437, -0.2669962, 0.03886497, 0.01859007
 71740459, -0.5159388, -0.2825289, -0.07952323, 0.01859007
 71840419, -0.5083747, -0.3056588, -0.2210157, 0.01859007
 71940379, -0.4609735, -0.319591, -0.3137998, 0.01859007
 72040339, -0.3767556, -0.310091, -0.3111416, 0.01859007
 72140299, -0.2910594, -0.2892087, -0.2275636, 0.01859007
 72240259, -0.2297294, -0.2681615, -0.1306399, 0.01859007
 72340219, -0.18778, -0.2535124, -0.04303933, 0.01859007
 72440179, -0.169577, -0.2550383, 0.006329264, 0.01859007
 72540972, -0.1601503, -0.2680759, 0.02010688, 0.01859007
 72640932, -0.1647214, -0.2835843, 0.01463468, 0.01874498
 72740892, -0.1644895, -0.309562, -0.02157967, 0.01859007
 72840852, -0.1600883, -0.3327196, -0.05619327, 0.01859007
 72940812, -0.1514238, -0.3459183, -0.08200905, 0.01859007
 73040772, -0.1376525, -0.3630563, -0.1066018, 0.01859007
 73140732, -0.1216214, -0.3722026, -0.1236608, 0.01859007
 73240692, -0.09759048, -0.3654282, -0.1187281, 0.01859007
 73340652, -0.07745034, -0.3574051, -0.1124754, 0.01859007
 73440612, -0.05661908, -0.3472352, -0.09241261, 0.01859007
 73540572, -0.03327274, -0.3404687, -0.08102303, 0.01859007
 73640532, -0.01437183, -0.3240302, -0.06522808, 0.01859007
 73740492, 0.001565384, -0.3070889, -0.0450296, 0.01859007
 73840452, 0.01435033, -0.2949774, -0.03205913, 0.01859007
 73940412, 0.02843775, -0.2910846, -0.03234413, 0.01859007
 74040372, 0.03886536, -0.2870997, -0.02816347, 0.01859007
 74140332, 0.04537362, -0.2911446, -0.04300446, 0.01859007
 74240292, 0.05557182, -0.2937704, -0.05950414, 0.01859007
 74340252, 0.06722029, -0.2820828, -0.0603918, 0.01859007
 74440212, 0.07630248, -0.2656593, -0.04470389, 0.01859007
 74540172, 0.08227411, -0.2609172, -0.03537607, 0.01859007
 74640965, 0.09068753, -0.2517333, -0.03111286, 0.01874498
 74740925, 0.1029476, -0.2442252, -0.03418509, 0.01859007
 74840885, 0.112843, -0.2318479, -0.03566506, 0.01859007
 74940845, 0.123193, -0.2286083, -0.05262728, 0.01859007
 75040805, 0.1285903, -0.213523, -0.04011692, 0.01859007
 75140765, 0.1356281, -0.2067076, -0.04354841, 0.01859007
 75240725, 0.1428863, -0.1978799, -0.04250056, 0.01859007
 75340685, 0.1502345, -0.1853995, -0.03403408, 0.01859007
 75440645, 0.154745, -0.1701402, -0.02560397, 0.01859007
 75540605, 0.1613298, -0.1218315, -0.01294615, 0.01859007
 75640565, 0.1570644, -0.1270378, -0.002933654, 0.01859007
 75740525, 0.1298997, -0.2630758, 0.03962344, 0.01859007
 75840485, 0.107013, -0.4153509, 0.06533672, 0.01859007
 75940445, 0.09707568, -0.5330437, 0.03325129, 0.01859007
 76040405, 0.1071876, -0.6211776, -0.05752447, 0.01859007
 76140365, 0.1327906, -0.6914823, -0.2074471, 0.01859007
 76240325, 0.1915759, -0.7329713, -0.3580148, 0.01859007
 76340285, 0.2610047, -0.7128227, -0.4387056, 0.01859007
 76440245, 0.3270291, -0.6517453, -0.4415941, 0.01859007
 76540205, 0.3685452, -0.5544541, -0.3606361, 0.01859007
 76640165, 0.3928811, -0.4722974, -0.2608647, 0.01859007
 76740958, 0.4022502, -0.4063365, -0.1670732, 0.01874498
 76840918, 0.3911019, -0.3405803, -0.07799857, 0.01859007
 76940878, 0.3965214, -0.3113657, -0.03795975, 0.01859007
 77040838, 0.4060742, -0.2922874, -0.02714005, 0.01859007
 77140798, 0.4212039, -0.2801817, -0.02714373, 0.01859007
 77240758, 0.4447902, -0.2756892, -0.05047888, 0.01859007
 77340718, 0.4693674, -0.2630302, -0.06937174, 0.01859007
 77440678, 0.4825813, -0.2418212, -0.07367729, 0.01859007
 77540638, 0.4986587, -0.2214688, -0.08213236, 0.01859007
 77640598, 0.5152457, -0.2049866, -0.09293105, 0.01859007
 77740558, 0.5231226, -0.187116, -0.09499129, 0.01859007
 77840518, 0.5232867, -0.1608068, -0.07736775, 0.01859007
 77940478, 0.5220433, -0.1330709, -0.06724575, 0.01859007
 78040438, 0.5242652, -0.1065351, -0.05793054, 0.01859007
 78140398, 0.5141452, -0.07919969, -0.04003625, 0.01859007
 78240358, 0.5057615, -0.05316644, -0.03309589, 0.01859007
 78340318, 0.4985738, -0.03266864, -0.02403629, 0.01859007
 78440278, 0.501851, -0.01348038, -0.02752402, 0.01859007
 78540238, 0.4993798, 0.004499839, -0.02891136, 0.01859007
 78640198, 0.4885534, 0.02185731, -0.02061475, 0.01859007
 78740158, 0.488546, 0.03687919, -0.02635422, 0.01859007
 78840951, 0.4857121, 0.05715199, -0.0201558, 0.01874498
 78940911, 0.455437, 0.07436295, 0.00649202, 0.01859007
 79040871, 0.4419398, 0.08717271, 0.006920754, 0.01859007
 79140831, 0.442915, 0.1008394, -0.01143577, 0.01859007
 79240791, 0.4473951, 0.1154985, -0.02204007, 0.01859007
 79340751, 0.4371338, 0.1306212, -0.01884349, 0.01859007
 79440711, 0.423295, 0.1469311, -0.01670348, 0.01859007
 79540671, 0.4128397, 0.1569648, -0.01433344, 0.01859007
 79640631, 0.3970332, 0.1682774, -0.009213986, 0.01859007
 79740591, 0.3808513, 0.1764088, -0.002950489, 0.01859007
 79840551, 0.3671592, 0.1850033, -0.0014338, 0.01859007
 79940511, 0.351623, 0.1982947, -0.001729778, 0.01859007
 80040471, 0.3430057, 0.2123287, -0.01682476, 0.01859007
 80140431, 0.3261957, 0.2198931, -0.0133667, 0.01859007
 80240391, 0.311765, 0.2277864, -0.008327776, 0.01859007
 80340351, 0.2968845, 0.2375398, -0.005529566, 0.01859007
 80440311, 0.2883846, 0.2445108, -0.005854572, 0.01859007
 80540271, 0.2662143, 0.2462961, 0.004093688, 0.01859007
 80640231, 0.2437388, 0.2481158, 0.007686276, 0.01859007
 80740191, 0.2266296, 0.2504758, 0.008082027, 0.01859007
 80840151, 0.2158098, 0.2544938, -0.003220004, 0.01859007
 80940944, 0.2009194, 0.2588591, -0.00252567, 0.01874498
 81040904, 0.1792536, 0.2561744, 0.006872145, 0.01859007
 81140864, 0.1675387, 0.2609251, 0.007846334, 0.01859007
 81240824, 0.1592316, 0.2652887, -0.00629505, 0.01859007
 81340784, 0.1401688, 0.265289, -0.004299618, 0.01859007
 81440744, 0.1251446, 0.2621153, 0.006697292, 0.01859007
 81540704, 0.1111567, 0.2526955, 0.01923718, 0.01859007
 81640664, 0.09275857, 0.2484235, 0.02843983, 0.01859007
 81740624, 0.07792477, 0.2438563, 0.03150835, 0.01859007
 81840584, 0.06350622, 0.2423337, 0.02021127, 0.01859007
 81940544, 0.04874547, 0.2387466, 0.02027356, 0.01859007
 82040504, 0.03662469, 0.2341821, 0.02229029, 0.01859007
 82140464, 0.02424307, 0.2298165, 0.01676953, 0.01859007
 82240424, 0.01643278, 0.2292468, -0.0001296954, 0.01859007
 82340384, 0.004767403, 0.2275074, 0.005304846, 0.01859007
 82440344, -0.008356661, 0.2194822, 0.01812742, 0.01859007
 82540304, -0.0187278, 0.2127073, 0.01376366, 0.01859007
 82640264, -0.02668172, 0.2095204, 0.01208167, 0.01859007
 82740224, -0.03721074, 0.203789, 0.01305013, 0.01859007
 82840184, -0.04568365, 0.2046892, -0.0007815569, 0.01859007
 82940977, -0.05331618, 0.2011994, 0.002829287, 0.01859007
 83040937, -0.06412585, 0.1964444, 0.001404064, 0.01874498
 83140897, -0.07200358, 0.1873405, 0.004513622, 0.01859007
 83240857, -0.07868822, 0.1768034, 0.00798011, 0.01859565
 83340817, -0.08894825, 0.16649, 0.0244195, 0.01859937
 83440777, -0.09805893, 0.1608701, 0.02750461, 0.01859937
 83540737, -0.1076766, 0.1561225, 0.02750091, 0.01859937
 83640697, -0.1155193, 0.1514658, 0.02090241, 0.01859937
 83740657, -0.1183157, 0.1477557, 0.02895055, 0.01859937
 83840617, -0.1237134, 0.1437847, 0.02854612, 0.01859937
 83940577, -0.1289886, 0.1407018, 0.01346198, 0.01859937
 84040537, -0.1344954, 0.139629, -0.001782124, 0.01859937
 84140497, -0.1386141, 0.1367515, -0.006417577, 0.01859937
 84240457, -0.1434323, 0.1380338, -0.01056019, 0.01859379
 84340417, -0.1450764, 0.133827, 0.003347717, 0.01859007
 84440377, -0.1485317, 0.1307995, 0.01326505, 0.01859007
 84540337, -0.1481875, 0.1249815, 0.01373671, 0.01859007
 84640297, -0.1483806, 0.123601, 0.01588734, 0.01859007
 84740257, -0.1488667, 0.1196258, 0.0191817, 0.01859007
 84840217, -0.1492318, 0.1127819, 0.02448316, 0.01859007
 84940177, -0.1469193, 0.1038807, 0.02681447, 0.01859007
 85040970, -0.1475294, 0.09949467, 0.01659564, 0.01859007
 85140930, -0.1496517, 0.1011255, -0.002818432, 0.01874498
 85240890, -0.1531585, 0.09840498, -0.005839815, 0.01859007
 85340850, -0.1554265, 0.09683927, -0.00034595, 0.01859007
 85440810, -0.1559702, 0.09206536, 0.01139581, 0.01859007
 85540770, -0.1527032, 0.09042791, 0.02093966, 0.01859007
 85640730, -0.1478048, 0.08322585, 0.02673788, 0.01859007
 85740690, -0.1456172, 0.07788586, 0.02557828, 0.01859007
 85840650, -0.1430383, 0.07135192, 0.02885762, 0.01859007
 85940610, -0.1497029, 0.07243957, 0.008818798, 0.01859007
 86040570, -0.152033, 0.07258644, -0.003927928, 0.01859007
 86140530, -0.1532564, 0.07293828, -0.007647734, 0.01859007
 86240490, -0.157262, 0.0732341, -0.008761486, 0.01859007
 86340450, -0.1552554, 0.07581303, -0.007786505, 0.01859007
 86440410, -0.1542459, 0.07504156, -0.003176219, 0.01859007
 86540370, -0.1472075, 0.08556703, 0.006183953, 0.01859007
 86640330, -0.1023117, 0.2816801, 0.01785338, 0.01859007
 86740290, -0.1064328, 0.4018175, 0.04302908, 0.01859007
 86840250, -0.2436289, 0.447632, 0.07565932, 0.01859007
 86940210, -0.3842067, 0.4609115, 0.1290877, 0.01859007
 87040170, -0.4803984, 0.4541449, 0.1992709, 0.01859007
 87140963, -0.545529, 0.4473785, 0.264315, 0.01874498
