TimeUS,CGpN,CGpE,CGpD,CGpe,PGpN,PGpE,PGpD,PGpe
 46330723, 0.055, 0.074, 0.057, 1.178, -0.058, -0.01, -0.059, 1.176
 46511798, 0.019, -0.007, -0.119, 1.179, 0.055, 0.074, 0.057, 1.178
 46711766, 0.003, -0.054, -0.019, 1.184, 0.019, -0.007, -0.119, 1.179
 46911784, 0.074, -0.022, 0.022, 1.189, 0.003, -0.054, -0.019, 1.184
 47111758, 0, -0.012, -0.005, 1.192, 0.074, -0.022, 0.022, 1.189
 47311758, -0.011, 0.017, -0.007, 1.195, 0, -0.012, -0.005, 1.192
 47511790, -0.017, 0.024, 0.041, 1.198, -0.011, 0.017, -0.007, 1.195
 47711765, -0.034, 0.008, -0.027, 1.199, -0.017, 0.024, 0.041, 1.198
 47911799, -0.031, 0.051, -0.023, 1.2, -0.034, 0.008, -0.027, 1.199
 48111943, -0.06500001, -0.026, 0.062, 1.202, -0.031, 0.051, -0.023, 1.2
 48311774, 0.029, -0.011, 0.083, 1.203, -0.06500001, -0.026, 0.062, 1.202
 48511763, 0.03, 0.024, 0.017, 1.204, 0.029, -0.011, 0.083, 1.203
 48711817, -0.012, 0.008, -0.067, 1.205, 0.03, 0.024, 0.017, 1.204
 48911807, 0, -0.036, 0.09, 1.207, -0.012, 0.008, -0.067, 1.205
 49111865, -0.012, -0.011, -0.066, 1.208, 0, -0.036, 0.09, 1.207
 49311868, -0.018, 0.037, -0.034, 1.21, -0.012, -0.011, -0.066, 1.208
 49511789, -0.022, -0.011, 0.001, 1.214, -0.018, 0.037, -0.034, 1.21
 49711795, 0.034, -0.008, -0.048, 1.218, -0.022, -0.011, 0.001, 1.214
 49911999, -0.003, 0.002, 0.003, 1.22, 0.034, -0.008, -0.048, 1.218
 50111907, -0.097, 0.046, -0.07, 1.221, -0.003, 0.002, 0.003, 1.22
 50311789, -0.018, -0.081, 0.002, 1.222, -0.097, 0.046, -0.07, 1.221
 50511855, 0.013, 0.035, -0.087, 1.222, -0.018, -0.081, 0.002, 1.222
 50711790, 0.194, -0.136, -0.166, 1.224, 0.013, 0.035, -0.087, 1.222
 50911847, 0.039, -0.082, 0.008, 1.226, 0.194, -0.136, -0.166, 1.224
 51111796, -0.074, 0.078, 0.17, 1.227, 0.039, -0.082, 0.008, 1.226
 51311808, -0.038, 0.014, 0.085, 1.229, -0.074, 0.078, 0.17, 1.227
 51511827, 0.01, -0.035, 0.028, 1.229, -0.038, 0.014, 0.085, 1.229
 51711930, 0.018, 0.031, -0.013, 1.232, 0.01, -0.035, 0.028, 1.229
 51911821, 0.04, -0.034, 0.046, 1.234, 0.018, 0.031, -0.013, 1.232
 52111797, -0.059, 0.047, 0, 1.236, 0.04, -0.034, 0.046, 1.234
 52311790, -0.002, -0.005, -0.03, 1.239, -0.059, 0.047, 0, 1.236
 52511891, -0.034, 0.032, -0.018, 1.24, -0.002, -0.005, -0.03, 1.239
 52711792, 0.018, -0.001, -0.049, 1.242, -0.034, 0.032, -0.018, 1.24
 52911821, 0.019, -0.029, -0.026, 1.244, 0.018, -0.001, -0.049, 1.242
 53111849, -0.002, -0.039, -0.056, 1.248, 0.019, -0.029, -0.026, 1.244
 53311929, -0.016, 0.051, -0.05, 1.252, -0.002, -0.039, -0.056, 1.248
 53511965, 0.033, 0.016, -0.05, 1.253, -0.016, 0.051, -0.05, 1.252
 53731482, -0.013, 0.023, -0.08800001, 1.254, 0.033, 0.016, -0.05, 1.253
 53911840, -0.034, 0.026, -0.012, 1.255, -0.013, 0.023, -0.08800001, 1.254
 54111817, 0.006, 0.012, 0.026, 1.256, -0.034, 0.026, -0.012, 1.255
 54331364, 0.027, 0.008, 0.045, 1.257, 0.006, 0.012, 0.026, 1.256
 54511845, -0.044, -0.029, -0.011, 1.258, 0.027, 0.008, 0.045, 1.257
 54711802, -0.046, -0.025, -0.086, 1.259, -0.044, -0.029, -0.011, 1.258
 54911886, -0.042, 0.02, -0.049, 1.26, -0.046, -0.025, -0.086, 1.259
 55111807, -0.046, 0.018, -0.045, 1.263, -0.042, 0.02, -0.049, 1.26
 55311952, 0.01, -0.022, -0.052, 1.265, -0.046, 0.018, -0.045, 1.263
 55511878, 0.002, 0.012, -0.068, 1.266, 0.01, -0.022, -0.052, 1.265
 55711819, -0.006, -0.059, 0.07700001, 1.267, 0.002, 0.012, -0.068, 1.266
 55911825, -0.041, 0.027, -0.05, 1.269, -0.006, -0.059, 0.07700001, 1.267
 56111803, 0.049, -0.053, 0.035, 1.27, -0.041, 0.027, -0.05, 1.269
 56311800, -0.034, 0.03, 0.041, 1.271, 0.049, -0.053, 0.035, 1.27
 56511832, 0.024, 0.008, -0.002, 1.271, -0.034, 0.03, 0.041, 1.271
 56712155, -0.055, 0.011, -0.081, 1.272, 0.024, 0.008, -0.002, 1.271
 56912213, -0.048, 0.005, -0.094, 1.273, -0.055, 0.011, -0.081, 1.272
 57112241, 0.025, -0.021, 0.049, 1.274, -0.048, 0.005, -0.094, 1.273
 57312792, -0.023, -0.07, 0.011, 1.275, 0.025, -0.021, 0.049, 1.274
 57513182, -0.014, -0.017, 0.037, 1.276, -0.023, -0.07, 0.011, 1.275
 57713152, -0.027, -0.026, -0.051, 1.279, -0.014, -0.017, 0.037, 1.276
 57913172, -0.082, -0.001, -0.027, 1.28, -0.027, -0.026, -0.051, 1.279
 58113161, -0.051, 0.016, 0.013, 1.281, -0.082, -0.001, -0.027, 1.28
 58313179, -0.015, 0.056, -0.053, 1.282, -0.051, 0.016, 0.013, 1.281
 58513357, -0.016, 0.036, 0.005, 1.282, -0.015, 0.056, -0.053, 1.282
 58713182, -0.029, -0.017, 0.028, 1.282, -0.016, 0.036, 0.005, 1.282
 58913219, 0.009000001, -0.021, -0.028, 1.282, -0.029, -0.017, 0.028, 1.282
 59113158, -0.086, -0.137, 0.006, 1.282, 0.009000001, -0.021, -0.028, 1.282
 59313187, -0.176, -0.266, -0.215, 1.284, -0.086, -0.137, 0.006, 1.282
 59513189, -0.259, -0.216, -0.23, 1.284, -0.176, -0.266, -0.215, 1.284
 59713164, -0.284, -0.36, -0.143, 1.283, -0.259, -0.216, -0.23, 1.284
 59913195, -0.186, -0.493, -0.365, 1.282, -0.284, -0.36, -0.143, 1.283
 60113191, -0.411, -0.33, -0.351, 1.281, -0.186, -0.493, -0.365, 1.282
 60333175, 0.027, -0.7870001, -0.432, 1.28, -0.411, -0.33, -0.351, 1.281
 60513181, -0.034, -0.8840001, -0.204, 1.279, 0.027, -0.7870001, -0.432, 1.28
 60713195, 0.209, -1.085, -0.182, 1.282, -0.034, -0.8840001, -0.204, 1.279
 60913204, 0.267, -0.97, -0.208, 1.286, 0.209, -1.085, -0.182, 1.282
 61113149, 0.529, -0.9760001, -0.116, 1.286, 0.267, -0.97, -0.208, 1.286
 61313157, 0.478, -1.078, -0.175, 1.286, 0.529, -0.9760001, -0.116, 1.286
 61513182, 0.319, -0.8050001, -0.098, 1.285, 0.478, -1.078, -0.175, 1.286
 61713184, 0.434, -0.7590001, -0.306, 1.288, 0.319, -0.8050001, -0.098, 1.285
 61913194, 0.382, -0.9490001, -0.047, 1.293, 0.434, -0.7590001, -0.306, 1.288
 62113160, 0.351, -0.9720001, -0.123, 1.297, 0.382, -0.9490001, -0.047, 1.293
 62333208, 0.31, -1.192, 0.027, 1.302, 0.351, -0.9720001, -0.123, 1.297
 62513242, 0.326, -1.207, -0.09900001, 1.305, 0.31, -1.192, 0.027, 1.302
 62713351, 0.331, -1.398, 0.013, 1.308, 0.326, -1.207, -0.09900001, 1.305
 62913159, 0.21, -1.415, -0.108, 1.31, 0.331, -1.398, 0.013, 1.308
 63113166, 0.333, -1.44, -0.063, 1.311, 0.21, -1.415, -0.108, 1.31
 63313148, 0.398, -1.558, -0.078, 1.312, 0.333, -1.44, -0.063, 1.311
 63513168, 0.462, -1.339, -0.05, 1.313, 0.398, -1.558, -0.078, 1.312
 63733155, 0.53, -1.191, -0.117, 1.315, 0.462, -1.339, -0.05, 1.313
 63933188, 0.599, -1.061, -0.094, 1.315, 0.53, -1.191, -0.117, 1.315
 64133388, 0.674, -0.8290001, -0.126, 1.315, 0.599, -1.061, -0.094, 1.315
 64313220, 0.597, -0.671, -0.09100001, 1.314, 0.674, -0.8290001, -0.126, 1.315
 64513172, 0.603, -0.6210001, -0.154, 1.313, 0.597, -0.671, -0.09100001, 1.314
 64713159, 0.497, -0.512, -0.136, 1.311, 0.603, -0.6210001, -0.154, 1.313
 64913179, 0.452, -0.356, -0.089, 1.309, 0.497, -0.512, -0.136, 1.311
 65113211, 0.278, -0.661, -0.17, 1.309, 0.452, -0.356, -0.089, 1.309
 65313162, 0.497, -0.539, -0.24, 1.309, 0.278, -0.661, -0.17, 1.309
 65513164, 0.471, -0.624, -0.268, 1.308, 0.497, -0.539, -0.24, 1.309
 65713173, 0.476, -0.591, -0.29, 1.309, 0.471, -0.624, -0.268, 1.308
 65913368, 0.357, -0.466, -0.23, 1.311, 0.476, -0.591, -0.29, 1.309
 66133189, 0.399, -0.486, -0.212, 1.311, 0.357, -0.466, -0.23, 1.311
 66313193, 0.325, -0.513, -0.205, 1.312, 0.399, -0.486, -0.212, 1.311
 66533153, 0.297, -0.557, -0.245, 1.314, 0.325, -0.513, -0.205, 1.312
 66713161, 0.253, -0.544, -0.09900001, 1.317, 0.297, -0.557, -0.245, 1.314
 66913375, 0.383, -0.738, -0.264, 1.32, 0.253, -0.544, -0.09900001, 1.317
 67113170, 0.375, -0.6300001, -0.205, 1.321, 0.383, -0.738, -0.264, 1.32
 67313219, 0.239, -0.565, -0.26, 1.322, 0.375, -0.6300001, -0.205, 1.321
 67513206, 0.344, -0.497, -0.107, 1.322, 0.239, -0.565, -0.26, 1.322
 67713184, 0.369, -0.485, -0.21, 1.322, 0.344, -0.497, -0.107, 1.322
 67913379, 0.454, -0.263, -0.163, 1.323, 0.369, -0.485, -0.21, 1.322
 68113168, 0.514, -0.201, -0.06500001, 1.324, 0.454, -0.263, -0.163, 1.323
 68313192, 0.431, -0.138, -0.009000001, 1.323, 0.514, -0.201, -0.06500001, 1.324
 68513179, 0.46, 0.007, -0.042, 1.322, 0.431, -0.138, -0.009000001, 1.323
 68713161, 0.465, 0.14, -0.154, 1.322, 0.46, 0.007, -0.042, 1.322
 68913373, 0.42, -0.003, -0.135, 1.324, 0.465, 0.14, -0.154, 1.322
 69113258, 0.2, 0.09, -0.142, 1.327, 0.42, -0.003, -0.135, 1.324
 69313332, 0.241, 0.198, -0.325, 1.332, 0.2, 0.09, -0.142, 1.327
 69513360, 0.164, 0.253, -0.067, 1.333, 0.241, 0.198, -0.325, 1.332
 69713464, 0.154, 0.279, -0.18, 1.335, 0.164, 0.253, -0.067, 1.333
 69913376, 0.114, 0.498, -0.182, 1.338, 0.154, 0.279, -0.18, 1.335
 70113455, 0.185, 0.383, -0.125, 1.343, 0.114, 0.498, -0.182, 1.338
 70313331, 0.171, 0.252, -0.078, 1.348, 0.185, 0.383, -0.125, 1.343
 70513348, 0.145, 0.09, -0.116, 1.352, 0.171, 0.252, -0.078, 1.348
 70713337, 0.108, -0.057, -0.122, 1.358, 0.145, 0.09, -0.116, 1.352
 70913365, 0.125, -0.32, 0.012, 1.365, 0.108, -0.057, -0.122, 1.358
 71113445, 0.128, -0.416, -0.029, 1.371, 0.125, -0.32, 0.012, 1.365
 71313342, -0.049, -0.459, -0.152, 1.375, 0.128, -0.416, -0.029, 1.371
 71516217, 0.112, -0.712, -0.175, 1.374, -0.049, -0.459, -0.152, 1.375
 71716354, 0.066, -0.872, -0.506, 1.375, 0.112, -0.712, -0.175, 1.374
 71916208, 0.131, -1.081, -0.131, 1.376, 0.066, -0.872, -0.506, 1.375
 72116185, 0.279, -1.496, -0.235, 1.375, 0.131, -1.081, -0.131, 1.376
 72316170, 0.369, -1.779, 0.026, 1.374, 0.279, -1.496, -0.235, 1.375
 72516216, 0.347, -2.113, -0.053, 1.374, 0.369, -1.779, 0.026, 1.374
 72716213, 0.35, -2.454, -0.146, 1.374, 0.347, -2.113, -0.053, 1.374
 72916430, 0.474, -2.673, 0.097, 1.374, 0.35, -2.454, -0.146, 1.374
 73116453, 0.459, -3.076, 0.019, 1.374, 0.474, -2.673, 0.097, 1.374
 73316639, 0.5560001, -3.308, -0.204, 1.373, 0.459, -3.076, 0.019, 1.374
 73516662, 0.62, -3.377, -0.157, 1.37, 0.5560001, -3.308, -0.204, 1.373
 73716442, 0.613, -3.5, -0.158, 1.368, 0.62, -3.377, -0.157, 1.37
 73916577, 0.548, -3.733, -0.029, 1.367, 0.613, -3.5, -0.158, 1.368
 74116390, 0.46, -4.008, 0.03, 1.366, 0.548, -3.733, -0.029, 1.367
 74316618, 0.278, -3.975, -0.001, 1.367, 0.46, -4.008, 0.03, 1.366
 74516570, 0.163, -4.051, -0.039, 1.368, 0.278, -3.975, -0.001, 1.367
 74716417, 0.188, -4.17, -0.168, 1.37, 0.163, -4.051, -0.039, 1.368
 74916429, 0.219, -4.242, -0.274, 1.372, 0.188, -4.17, -0.168, 1.37
 75116462, 0.302, -4.444, 0.023, 1.375, 0.219, -4.242, -0.274, 1.372
 75316016, 0.213, -4.438, -0.052, 1.379, 0.302, -4.444, 0.023, 1.375
 75515848, 0.309, -4.481, -0.116, 1.382, 0.213, -4.438, -0.052, 1.379
 75715839, 0.177, -4.34, -0.245, 1.385, 0.309, -4.481, -0.116, 1.382
 75915852, 0.417, -4.33, -0.209, 1.389, 0.177, -4.34, -0.245, 1.385
 76115825, 0.338, -4.126, -0.037, 1.394, 0.417, -4.33, -0.209, 1.389
 76315835, 0.428, -4.051, -0.08000001, 1.398, 0.338, -4.126, -0.037, 1.394
 76515872, 0.535, -4.016, 0.249, 1.401, 0.428, -4.051, -0.08000001, 1.398
 76715847, 0.456, -4.011, 0.273, 1.405, 0.535, -4.016, 0.249, 1.401
 76915868, 0.723, -4.085, 0.269, 1.41, 0.456, -4.011, 0.273, 1.405
 77116000, 0.817, -4.14, 0.725, 1.413, 0.723, -4.085, 0.269, 1.41
 77315846, 0.882, -4.001, 0.501, 1.414, 0.817, -4.14, 0.725, 1.413
 77515972, 0.891, -3.862, 0.183, 1.413, 0.882, -4.001, 0.501, 1.414
 77715857, 0.8200001, -3.373, 0.081, 1.413, 0.891, -3.862, 0.183, 1.413
 77915861, 0.651, -3.001, -0.182, 1.414, 0.8200001, -3.373, 0.081, 1.413
 78115884, 0.654, -2.629, 0.125, 1.415, 0.651, -3.001, -0.182, 1.414
 78315844, 0.701, -2.639, 0.068, 1.416, 0.654, -2.629, 0.125, 1.415
 78515968, 0.6160001, -2.665, 0.289, 1.417, 0.701, -2.639, 0.068, 1.416
 78715833, 0.371, -2.474, 0.479, 1.419, 0.6160001, -2.665, 0.289, 1.417
 78915980, 0.39, -2.798, 0.101, 1.418, 0.371, -2.474, 0.479, 1.419
 79115839, 0.35, -2.707, 0.127, 1.418, 0.39, -2.798, 0.101, 1.418
 79315849, 0.279, -2.63, -0.276, 1.418, 0.35, -2.707, 0.127, 1.418
 79515926, 0.294, -2.382, -0.209, 1.419, 0.279, -2.63, -0.276, 1.418
 79715832, 0.28, -2.348, -0.384, 1.42, 0.294, -2.382, -0.209, 1.419
 79915852, 0.043, -2.306, -0.002, 1.42, 0.28, -2.348, -0.384, 1.42
 80115855, -0.16, -2.397, -0.222, 1.42, 0.043, -2.306, -0.002, 1.42
 80315817, -0.256, -2.256, -0.053, 1.418, -0.16, -2.397, -0.222, 1.42
 80515869, -0.353, -2.238, -0.231, 1.419, -0.256, -2.256, -0.053, 1.418
 80715948, -0.332, -2.256, -0.1, 1.414, -0.353, -2.238, -0.231, 1.419
 80915868, -0.287, -2.21, -0.07700001, 1.411, -0.332, -2.256, -0.1, 1.414
 81115837, -0.341, -2.117, -0.045, 1.409, -0.287, -2.21, -0.07700001, 1.411
 81315874, -0.172, -2.281, -0.054, 1.407, -0.341, -2.117, -0.045, 1.409
 81515869, -0.453, -2.248, -0.176, 1.407, -0.172, -2.281, -0.054, 1.407
 81715947, -0.62, -2.43, -0.013, 1.407, -0.453, -2.248, -0.176, 1.407
 81915909, -0.9220001, -2.255, 0.058, 1.406, -0.62, -2.43, -0.013, 1.407
 82115838, -1.063, -2.042, 0.068, 1.405, -0.9220001, -2.255, 0.058, 1.406
 82315899, -1.275, -1.672, -0.177, 1.404, -1.063, -2.042, 0.068, 1.405
 82515983, -1.583, -1.132, 0.014, 1.404, -1.275, -1.672, -0.177, 1.404
 82715947, -1.781, -0.754, -0.179, 1.406, -1.583, -1.132, 0.014, 1.404
 82915894, -1.827, -0.353, -0.08000001, 1.408, -1.781, -0.754, -0.179, 1.406
 83115840, -2.033, -0.189, -0.036, 1.409, -1.827, -0.353, -0.08000001, 1.408
 83315830, -2.305, -0.003, 0.098, 1.41, -2.033, -0.189, -0.036, 1.409
 83515898, -2.434, 0.059, 0.154, 1.413, -2.305, -0.003, 0.098, 1.41
 83715796, -2.674, 0.253, 0.08800001, 1.416, -2.434, 0.059, 0.154, 1.413
 83915862, -2.726, 0.218, 0.07300001, 1.419, -2.674, 0.253, 0.08800001, 1.416
 84115854, -2.828, 0.154, 0.027, 1.423, -2.726, 0.218, 0.07300001, 1.419
 84315963, -2.938, 0.304, -0.006, 1.427, -2.828, 0.154, 0.027, 1.423
 84515910, -3.036, 0.029, -0.163, 1.43, -2.938, 0.304, -0.006, 1.427
 84715835, -3.04, -0.025, -0.187, 1.433, -3.036, 0.029, -0.163, 1.43
 84915865, -2.687, -0.052, -0.339, 1.437, -3.04, -0.025, -0.187, 1.433
 85115898, -2.578, 0.242, -0.599, 1.441, -2.687, -0.052, -0.339, 1.437
 85315847, -2.262, 0.089, -0.141, 1.444, -2.578, 0.242, -0.599, 1.441
 85515859, -2.186, 0.293, -0.006, 1.445, -2.262, 0.089, -0.141, 1.444
 85715851, -2.139, 0.448, 0.182, 1.446, -2.186, 0.293, -0.006, 1.445
 85915931, -1.874, 0.686, 0.169, 1.444, -2.139, 0.448, 0.182, 1.446
 86116002, -1.713, 0.941, 0.202, 1.444, -1.874, 0.686, 0.169, 1.444
 86315852, -1.33, 1.303, 0.196, 1.445, -1.713, 0.941, 0.202, 1.444
 86515850, -1.031, 1.677, -0.114, 1.443, -1.33, 1.303, 0.196, 1.445
 86715872, -0.366, 2.08, -0.09200001, 1.442, -1.031, 1.677, -0.114, 1.443
 86915962, 0.06, 2.471, -0.09500001, 1.444, -0.366, 2.08, -0.09200001, 1.442
 87115832, 0.463, 2.643, 0.014, 1.438, 0.06, 2.471, -0.09500001, 1.444
 87315846, 0.643, 3.04, 0.155, 1.43, 0.463, 2.643, 0.014, 1.438
 87515852, 0.382, 3.17, 0.129, 1.423, 0.643, 3.04, 0.155, 1.43
 87715837, 0.134, 3.274, 0.346, 1.419, 0.382, 3.17, 0.129, 1.423
 87916056, -0.126, 3.077, 0.06, 1.411, 0.134, 3.274, 0.346, 1.419
 88115906, -0.515, 2.812, 0.148, 1.405, -0.126, 3.077, 0.06, 1.411
 88315855, -0.7820001, 2.805, 0.085, 1.4, -0.515, 2.812, 0.148, 1.405
 88516407, -0.817, 2.403, 0.008, 1.396, -0.7820001, 2.805, 0.085, 1.4
 88716362, -0.756, 2.209, -0.067, 1.391, -0.817, 2.403, 0.008, 1.396
 88916363, -0.705, 1.953, -0.075, 1.386, -0.756, 2.209, -0.067, 1.391
 89116334, -0.564, 1.501, -0.272, 1.382, -0.705, 1.953, -0.075, 1.386
 89316350, -0.532, 1.458, -0.06, 1.379, -0.564, 1.501, -0.272, 1.382
 89516594, -0.646, 1.3, -0.056, 1.372, -0.532, 1.458, -0.06, 1.379
 89716766, -0.715, 1.087, -0.181, 1.368, -0.646, 1.3, -0.056, 1.372
 89916604, -1.034, 0.757, -0.07700001, 1.361, -0.715, 1.087, -0.181, 1.368
 90120023, -1.252, 0.469, -0.014, 1.355, -1.034, 0.757, -0.07700001, 1.361
 90320099, -1.425, 0.361, -0.079, 1.352, -1.252, 0.469, -0.014, 1.355
 90519483, -1.42, -0.236, -0.199, 1.35, -1.425, 0.361, -0.079, 1.352
 90719449, -1.573, -0.058, -0.156, 1.35, -1.42, -0.236, -0.199, 1.35
 90919480, -1.457, -0.344, 0.035, 1.349, -1.573, -0.058, -0.156, 1.35
 91122832, -1.482, -0.702, -0.205, 1.346, -1.457, -0.344, 0.035, 1.349
 91322798, -1.508, -0.496, -0.131, 1.342, -1.482, -0.702, -0.205, 1.346
 91522802, -1.51, -0.52, -0.216, 1.336, -1.508, -0.496, -0.131, 1.342
 91722839, -1.793, -0.507, -0.122, 1.334, -1.51, -0.52, -0.216, 1.336
 91923247, -1.848, -0.195, -0.118, 1.335, -1.793, -0.507, -0.122, 1.334
 92123137, -1.889, -0.213, -0.157, 1.34, -1.848, -0.195, -0.118, 1.335
 92323379, -1.794, 0.096, -0.09900001, 1.346, -1.889, -0.213, -0.157, 1.34
 92523483, -1.841, 0.101, -0.197, 1.349, -1.794, 0.096, -0.09900001, 1.346
 92703466, -1.77, 0.093, -0.066, 1.35, -1.841, 0.101, -0.197, 1.349
 92903683, -1.628, 0.034, 0.038, 1.351, -1.77, 0.093, -0.066, 1.35
 93123570, -1.418, 0.068, 0.139, 1.352, -1.628, 0.034, 0.038, 1.351
 93323631, -1.248, -0.186, 0.125, 1.354, -1.418, 0.068, 0.139, 1.352
 93523473, -0.825, -0.302, 0.075, 1.355, -1.248, -0.186, 0.125, 1.354
 93723668, -0.601, -0.518, 0.245, 1.358, -0.825, -0.302, 0.075, 1.355
 93923471, -0.401, -0.818, 0.055, 1.359, -0.601, -0.518, 0.245, 1.358
 94123474, -0.329, -1.168, 0.151, 1.361, -0.401, -0.818, 0.055, 1.359
 94303452, -0.227, -1.365, 0.111, 1.362, -0.329, -1.168, 0.151, 1.361
 94523461, -0.057, -1.757, -0.003, 1.363, -0.227, -1.365, 0.111, 1.362
 94723475, -0.058, -2, 0.33, 1.365, -0.057, -1.757, -0.003, 1.363
 94923483, 0.083, -2.239, 0.146, 1.366, -0.058, -2, 0.33, 1.365
 95123813, 0.132, -2.318, 0.119, 1.368, 0.083, -2.239, 0.146, 1.366
 95323803, -0.004, -2.379, 0.004, 1.37, 0.132, -2.318, 0.119, 1.368
 95523962, 0.015, -2.27, 0.122, 1.372, -0.004, -2.379, 0.004, 1.37
 95723811, 0.012, -2.36, 0.113, 1.373, 0.015, -2.27, 0.122, 1.372
 95923821, -0.017, -2.371, 0.002, 1.375, 0.012, -2.36, 0.113, 1.373
 96123822, 0.07700001, -2.415, -0.09200001, 1.377, -0.017, -2.371, 0.002, 1.375
 96323796, 0.047, -2.51, 0.097, 1.379, 0.07700001, -2.415, -0.09200001, 1.377
 96523923, -0.027, -2.356, 0.017, 1.379, 0.047, -2.51, 0.097, 1.379
 96723806, -0.089, -2.018, -0.041, 1.379, -0.027, -2.356, 0.017, 1.379
 96903898, -0.109, -1.759, 0.01, 1.38, -0.089, -2.018, -0.041, 1.379
 97123824, -0.222, -1.496, 0.057, 1.382, -0.109, -1.759, 0.01, 1.38
 97323919, -0.188, -1.315, 0.09500001, 1.385, -0.222, -1.496, 0.057, 1.382
 97523921, -0.347, -0.872, 0.043, 1.388, -0.188, -1.315, 0.09500001, 1.385
 97723847, -0.399, -0.516, -0.005, 1.393, -0.347, -0.872, 0.043, 1.388
 97923817, -0.6020001, -0.394, 0.022, 1.399, -0.399, -0.516, -0.005, 1.393
 98123813, -0.762, -0.207, 0.038, 1.403, -0.6020001, -0.394, 0.022, 1.399
 98323795, -0.92, -0.208, 0.013, 1.405, -0.762, -0.207, 0.038, 1.403
 98523812, -1.24, -0.07300001, 0.136, 1.407, -0.92, -0.208, 0.013, 1.405
 98723791, -1.431, -0.07300001, 0.186, 1.408, -1.24, -0.07300001, 0.136, 1.407
 98923807, -1.623, -0.153, 0.246, 1.407, -1.431, -0.07300001, 0.186, 1.408
 99123953, -1.741, 0.07300001, 0.13, 1.405, -1.623, -0.153, 0.246, 1.407
 99323848, -1.856, 0.074, 0.075, 1.404, -1.741, 0.07300001, 0.13, 1.405
 99503825, -1.849, 0.143, 0.093, 1.403, -1.856, 0.074, 0.075, 1.404
 99723805, -1.816, 0.1, 0.034, 1.403, -1.849, 0.143, 0.093, 1.403
 99923866, -1.81, 0.08400001, -0.034, 1.403, -1.816, 0.1, 0.034, 1.403
 100123834, -1.715, -0.039, 0.034, 1.404, -1.81, 0.08400001, -0.034, 1.403
 100323806, -1.489, -0.06, -0.023, 1.403, -1.715, -0.039, 0.034, 1.404
 100523841, -1.25, -0.015, 0.034, 1.401, -1.489, -0.06, -0.023, 1.403
 100723922, -1.243, 0.125, -0.06500001, 1.401, -1.25, -0.015, 0.034, 1.401
 100923935, -1.086, 0.359, 0.062, 1.402, -1.243, 0.125, -0.06500001, 1.401
 101123804, -1.054, 0.484, -0.056, 1.405, -1.086, 0.359, 0.062, 1.402
 101323804, -0.9620001, 0.964, -0.024, 1.408, -1.054, 0.484, -0.056, 1.405
 101523817, -0.841, 1.457, -0.198, 1.409, -0.9620001, 0.964, -0.024, 1.408
 101723905, -0.572, 1.83, -0.138, 1.408, -0.841, 1.457, -0.198, 1.409
 101923811, -0.294, 2.044, -0.231, 1.404, -0.572, 1.83, -0.138, 1.408
 102103818, 0.09900001, 2.227, -0.096, 1.4, -0.294, 2.044, -0.231, 1.404
 102323768, 0.165, 2.358, -0.085, 1.395, 0.09900001, 2.227, -0.096, 1.4
 102523824, 0.259, 2.389, -0.255, 1.394, 0.165, 2.358, -0.085, 1.395
 102723964, 0.129, 2.393, -0.096, 1.395, 0.259, 2.389, -0.255, 1.394
 102923812, 0.144, 2.381, 0.047, 1.395, 0.129, 2.393, -0.096, 1.395
 103123823, -0.061, 2.562, -0.079, 1.395, 0.144, 2.381, 0.047, 1.395
 103323803, -0.116, 2.357, -0.081, 1.393, -0.061, 2.562, -0.079, 1.395
 103523830, -0.218, 2.481, -0.152, 1.39, -0.116, 2.357, -0.081, 1.393
 103723802, -0.196, 2.558, -0.1, 1.389, -0.218, 2.481, -0.152, 1.39
 103923811, -0.134, 2.437, 0.057, 1.388, -0.196, 2.558, -0.1, 1.389
 104123801, -0.124, 2.161, 0.016, 1.389, -0.134, 2.437, 0.057, 1.388
 104323796, -0.056, 1.893, -0.038, 1.388, -0.124, 2.161, 0.016, 1.389
 104523923, -0.041, 1.883, 0.018, 1.387, -0.056, 1.893, -0.038, 1.388
 104703911, 0.126, 1.553, 0, 1.39, -0.041, 1.883, 0.018, 1.387
 104923961, -0.111, 1.413, -0.039, 1.389, 0.126, 1.553, 0, 1.39
 105123811, -0.109, 1.012, 0.079, 1.388, -0.111, 1.413, -0.039, 1.389
 105323790, 0.019, 0.781, -0.151, 1.388, -0.109, 1.012, 0.079, 1.388
 105523781, -0.194, 0.744, -0.025, 1.386, 0.019, 0.781, -0.151, 1.388
 105723774, -0.11, 0.739, -0.09900001, 1.385, -0.194, 0.744, -0.025, 1.386
 105923921, -0.059, 0.688, -0.002, 1.383, -0.11, 0.739, -0.09900001, 1.385
 106123810, -0.01, 0.612, -0.087, 1.384, -0.059, 0.688, -0.002, 1.383
 106323896, -0.087, 0.475, 0.123, 1.382, -0.01, 0.612, -0.087, 1.384
 106523808, -0.114, 0.393, 0.09900001, 1.376, -0.087, 0.475, 0.123, 1.382
 106723774, -0.108, 0.242, 0.024, 1.371, -0.114, 0.393, 0.09900001, 1.376
 106923816, -0.218, 0.033, -0.138, 1.365, -0.108, 0.242, 0.024, 1.371
 107123845, -0.253, -0.002, -0.027, 1.361, -0.218, 0.033, -0.138, 1.365
 107303801, -0.306, -0.1, -0.09200001, 1.356, -0.253, -0.002, -0.027, 1.361
 107523807, -0.23, -0.124, -0.048, 1.354, -0.306, -0.1, -0.09200001, 1.356
 107723833, -0.104, -0.011, -0.038, 1.353, -0.23, -0.124, -0.048, 1.354
 107923805, 0.068, 0.025, -0.041, 1.352, -0.104, -0.011, -0.038, 1.353
 108123919, 0.229, 0.068, -0.123, 1.348, 0.068, 0.025, -0.041, 1.352
 108323788, 0.38, 0.236, -0.024, 1.343, 0.229, 0.068, -0.123, 1.348
 108523765, 0.6, 0.242, -0.08000001, 1.335, 0.38, 0.236, -0.024, 1.343
 108723791, 0.609, 0.388, -0.169, 1.331, 0.6, 0.242, -0.08000001, 1.335
 108923833, 0.73, 0.501, -0.212, 1.327, 0.609, 0.388, -0.169, 1.331
 109123912, 0.7450001, 0.687, -0.302, 1.327, 0.73, 0.501, -0.212, 1.327
 109323793, 0.9260001, 0.7920001, -0.179, 1.33, 0.7450001, 0.687, -0.302, 1.327
 109523819, 0.9020001, 1.006, -0.243, 1.334, 0.9260001, 0.7920001, -0.179, 1.33
 109723797, 1.207, 1.234, -0.273, 1.338, 0.9020001, 1.006, -0.243, 1.334
 109903813, 1.346, 1.341, -0.113, 1.332, 1.207, 1.234, -0.273, 1.338
 110123913, 1.61, 1.402, -0.248, 1.329, 1.346, 1.341, -0.113, 1.332
 110326782, 1.936, 1.545, -0.269, 1.325, 1.61, 1.402, -0.248, 1.329
 110526814, 1.967, 1.478, -0.211, 1.323, 1.936, 1.545, -0.269, 1.325
 110726808, 1.903, 1.632, -0.177, 1.322, 1.967, 1.478, -0.211, 1.323
 110926820, 1.87, 1.719, -0.294, 1.321, 1.903, 1.632, -0.177, 1.322
 111106788, 1.94, 1.657, -0.316, 1.321, 1.87, 1.719, -0.294, 1.321
 111327097, 1.89, 1.802, -0.356, 1.322, 1.94, 1.657, -0.316, 1.321
 111527118, 1.852, 1.777, -0.41, 1.322, 1.89, 1.802, -0.356, 1.322
 111727207, 1.951, 1.753, -0.459, 1.324, 1.852, 1.777, -0.41, 1.322
 111927249, 2.055, 2.074, -0.283, 1.326, 1.951, 1.753, -0.459, 1.324
 112127609, 2.102, 2.021, -0.426, 1.329, 2.055, 2.074, -0.283, 1.326
 112327696, 2.029, 2.133, -0.351, 1.323, 2.102, 2.021, -0.426, 1.329
 112507595, 2.104, 1.961, -0.456, 1.321, 2.029, 2.133, -0.351, 1.323
 112727487, 2.057, 2.306, -0.527, 1.324, 2.104, 1.961, -0.456, 1.321
 112927592, 1.921, 2.118, -0.309, 1.325, 2.057, 2.306, -0.527, 1.324
 113107488, 2.165, 1.955, -0.284, 1.329, 1.921, 2.118, -0.309, 1.325
 113307574, 2.043, 1.985, -0.452, 1.334, 2.165, 1.955, -0.284, 1.329
 113507854, 1.768, 1.982, -0.062, 1.337, 2.043, 1.985, -0.452, 1.334
 113707876, 1.66, 1.978, -0.545, 1.339, 1.768, 1.982, -0.062, 1.337
 113907999, 1.46, 1.817, -0.141, 1.34, 1.66, 1.978, -0.545, 1.339
 114127847, 1.282, 1.754, -0.112, 1.341, 1.46, 1.817, -0.141, 1.34
 114327920, 1.189, 1.694, -0.051, 1.343, 1.282, 1.754, -0.112, 1.341
 114527829, 1.094, 1.573, 0.004, 1.346, 1.189, 1.694, -0.051, 1.343
 114707821, 0.9300001, 1.268, -0.054, 1.35, 1.094, 1.573, 0.004, 1.346
 114927869, 0.551, 1.077, -0.155, 1.356, 0.9300001, 1.268, -0.054, 1.35
 115107834, 0.337, 0.7960001, -0.081, 1.361, 0.551, 1.077, -0.155, 1.356
 115327829, 0.307, 0.5930001, -0.146, 1.367, 0.337, 0.7960001, -0.081, 1.361
 115527945, 0.151, 0.426, -0.002, 1.372, 0.307, 0.5930001, -0.146, 1.367
 115707949, 0.017, 0.404, 0.049, 1.376, 0.151, 0.426, -0.002, 1.372
 115907848, 0.082, 0.216, -0.07600001, 1.378, 0.017, 0.404, 0.049, 1.376
 116127847, -0.009000001, 0.186, 0.068, 1.378, 0.082, 0.216, -0.07600001, 1.378
 116327822, -0.075, 0.056, -0.079, 1.379, -0.009000001, 0.186, 0.068, 1.378
 116527935, -0.117, -0.093, 0.002, 1.38, -0.075, 0.056, -0.079, 1.379
 116727870, -0.005, -0.12, 0.11, 1.381, -0.117, -0.093, 0.002, 1.38
 116927858, 0.062, -0.211, 0.231, 1.382, -0.005, -0.12, 0.11, 1.381
 117107990, 0.179, -0.561, 0.403, 1.385, 0.062, -0.211, 0.231, 1.382
 117307827, -0.143, -0.39, 0.591, 1.388, 0.179, -0.561, 0.403, 1.385
 117507971, 0.308, -0.094, 0.62, 1.389, -0.143, -0.39, 0.591, 1.388
 117707831, 0.049, -0.162, 0.6850001, 1.391, 0.308, -0.094, 0.62, 1.389
 117907852, 0.129, -0.221, 0.643, 1.384, 0.049, -0.162, 0.6850001, 1.391
 118107874, 0.011, -0.417, 0.6950001, 1.382, 0.129, -0.221, 0.643, 1.384
 118307813, 0.017, -0.366, 0.586, 1.378, 0.011, -0.417, 0.6950001, 1.382
 118507847, -0.459, -0.334, 0.492, 1.373, 0.017, -0.366, 0.586, 1.378
 118707826, -0.097, -0.133, 0.646, 1.37, -0.459, -0.334, 0.492, 1.373
 118927850, -0.317, -0.337, 0.568, 1.367, -0.097, -0.133, 0.646, 1.37
 119127949, -0.268, -0.172, 0.5700001, 1.365, -0.317, -0.337, 0.568, 1.367
 119327852, -0.006, -0.07700001, 0.609, 1.365, -0.268, -0.172, 0.5700001, 1.365
 119527836, -0.211, 0.074, 0.5700001, 1.363, -0.006, -0.07700001, 0.609, 1.365
 119727848, -0.233, -0.133, 0.59, 1.362, -0.211, 0.074, 0.5700001, 1.363
 119927861, 0.011, 0.219, 0.7690001, 1.363, -0.233, -0.133, 0.59, 1.362
 120109204, 0.104, 0.06900001, 0.711, 1.364, 0.011, 0.219, 0.7690001, 1.363
 120309376, -0.178, 0.075, 0.677, 1.364, 0.104, 0.06900001, 0.711, 1.364
 120509224, 0.079, 0.244, 0.772, 1.362, -0.178, 0.075, 0.677, 1.364
 120709183, -0.079, 0.436, 0.665, 1.36, 0.079, 0.244, 0.772, 1.362
 120909240, 0.254, 0.041, 0.6950001, 1.36, -0.079, 0.436, 0.665, 1.36
 121109352, -0.06, 0.081, 0.694, 1.36, 0.254, 0.041, 0.6950001, 1.36
 121327866, -0.025, -0.121, 0.849, 1.361, -0.06, 0.081, 0.694, 1.36
 121527833, -0.266, 0.236, 0.538, 1.358, -0.025, -0.121, 0.849, 1.361
 121727932, -0.209, 0.003, 0.606, 1.358, -0.266, 0.236, 0.538, 1.358
 121927892, -0.154, -0.127, 0.6070001, 1.358, -0.209, 0.003, 0.606, 1.358
 122127853, 0.173, -0.26, 0.611, 1.357, -0.154, -0.127, 0.6070001, 1.358
 122327827, -0.123, -0.443, 0.49, 1.356, 0.173, -0.26, 0.611, 1.357
 122527848, 0.057, -0.417, 0.608, 1.355, -0.123, -0.443, 0.49, 1.356
 122727946, 0.106, -0.398, 0.633, 1.355, 0.057, -0.417, 0.608, 1.355
 122909457, 0.26, -0.31, 0.6440001, 1.355, 0.106, -0.398, 0.633, 1.355
 123109728, -0.098, -0.203, 0.575, 1.355, 0.26, -0.31, 0.6440001, 1.355
 123309707, 0.001, -0.207, 0.765, 1.355, -0.098, -0.203, 0.575, 1.355
 123509742, -0.022, -0.369, 0.45, 1.354, 0.001, -0.207, 0.765, 1.355
 123709726, 0.054, 0.107, 0.134, 1.351, -0.022, -0.369, 0.45, 1.354
 123909788, -0.021, 0.002, -0.011, 1.347, 0.054, 0.107, 0.134, 1.351
 124109779, -0.031, -0.025, 0.003, 1.342, -0.021, 0.002, -0.011, 1.347
 124328233, 0.059, -0.039, 0.009000001, 1.338, -0.031, -0.025, 0.003, 1.342
 124528335, -0.035, 0.022, -0.017, 1.333, 0.059, -0.039, 0.009000001, 1.338
 124728219, -0.007, -0.017, 0.009000001, 1.33, -0.035, 0.022, -0.017, 1.333
 124928228, -0.012, -0.022, -0.016, 1.326, -0.007, -0.017, 0.009000001, 1.33
 125128099, -0.01, 0.011, -0.06900001, 1.322, -0.012, -0.022, -0.016, 1.326
 125328060, 0.061, 0.015, -0.014, 1.319, -0.01, 0.011, -0.06900001, 1.322
 125509138, -0.02, 0.08000001, 0.08400001, 1.316, 0.061, 0.015, -0.014, 1.319
 125728006, -0.047, -0.025, -0.133, 1.313, -0.02, 0.08000001, 0.08400001, 1.316
 125928159, 0.017, -0.008, -0.005, 1.31, -0.047, -0.025, -0.133, 1.313
 126109004, -0.014, -0.031, -0.07300001, 1.307, 0.017, -0.008, -0.005, 1.31
 126308993, -0.041, -0.034, -0.022, 1.304, -0.014, -0.031, -0.07300001, 1.307
 126509121, -0.025, -0.029, 0.028, 1.302, -0.041, -0.034, -0.022, 1.304
 126728035, -0.001, -0.006, -0.045, 1.299, -0.025, -0.029, 0.028, 1.302
 126909024, -0.048, 0.045, -0.052, 1.297, -0.001, -0.006, -0.045, 1.299
 127108934, 0.049, -0.045, 0.02, 1.295, -0.048, 0.045, -0.052, 1.297
 127309004, -0.036, 0.043, -0.052, 1.293, 0.049, -0.045, 0.02, 1.295
 127509003, -0.022, 0.006, -0.07300001, 1.292, -0.036, 0.043, -0.052, 1.293
 127708978, -0.028, -0.009000001, -0.059, 1.289, -0.022, 0.006, -0.07300001, 1.292
 127909031, 0.008, -0.025, 0.078, 1.287, -0.028, -0.009000001, -0.059, 1.289
 128108838, -0.012, -0.032, 0.004, 1.285, 0.008, -0.025, 0.078, 1.287
 128327910, 0.003, 0.022, 0.023, 1.283, -0.012, -0.032, 0.004, 1.285
 128527924, 0.036, 0.024, -0.004, 1.28, 0.003, 0.022, 0.023, 1.283
 128727927, -0.002, 0.001, 0.023, 1.278, 0.036, 0.024, -0.004, 1.28
 128927929, 0.001, -0.027, -0.07700001, 1.277, -0.002, 0.001, 0.023, 1.278
 129127982, 0.012, 0.039, 0.063, 1.275, 0.001, -0.027, -0.07700001, 1.277
 129327943, -0.006, -0.008, -0.031, 1.274, 0.012, 0.039, 0.063, 1.275
 129508904, 0.041, -0.027, -0.04, 1.272, -0.006, -0.008, -0.031, 1.274
 129708964, 0.033, 0.016, 0.055, 1.27, 0.041, -0.027, -0.04, 1.272
 129908948, -0.035, 0.071, -0.012, 1.268, 0.033, 0.016, 0.055, 1.27
 130109007, -0.034, -0.009000001, -0.047, 1.267, -0.035, 0.071, -0.012, 1.268
 130308844, -0.012, 0.031, 0.085, 1.265, -0.034, -0.009000001, -0.047, 1.267
 130508984, -0.002, -0.015, 0.026, 1.263, -0.012, 0.031, 0.085, 1.265
 130708873, -0.005, -0.009000001, 0.006, 1.262, -0.002, -0.015, 0.026, 1.263
 130927948, 0, 0.012, 0.011, 1.26, -0.005, -0.009000001, 0.006, 1.262
 131127949, -0.003, 0.01, 0.111, 1.258, 0, 0.012, 0.011, 1.26
 131327876, -0.024, -0.007, 0.014, 1.257, -0.003, 0.01, 0.111, 1.258
 131527961, 0.016, -0.079, 0.026, 1.255, -0.024, -0.007, 0.014, 1.257
 131728051, 0.002, -0.049, 0.086, 1.253, 0.016, -0.079, 0.026, 1.255
 131908036, -0.009000001, -0.015, 0.028, 1.252, 0.002, -0.049, 0.086, 1.253
 132107991, 0.001, -0.011, -0.008, 1.25, -0.009000001, -0.015, 0.028, 1.252
 132307893, 0.006, 0.029, -0.033, 1.248, 0.001, -0.011, -0.008, 1.25
 132507967, -0.045, -0.017, 0.032, 1.247, 0.006, 0.029, -0.033, 1.248
 132707922, 0.015, 0.013, -0.016, 1.246, -0.045, -0.017, 0.032, 1.247
 132907973, 0.025, 0.015, 0.016, 1.245, 0.015, 0.013, -0.016, 1.246
 133107956, -0.019, -0.016, -0.003, 1.244, 0.025, 0.015, 0.016, 1.245
 133307922, -0.026, 0.018, 0.064, 1.243, -0.019, -0.016, -0.003, 1.244
 133527958, -0.056, -0.056, 0.034, 1.242, -0.026, 0.018, 0.064, 1.243
 133727934, -0.027, -0.018, -0.041, 1.24, -0.056, -0.056, 0.034, 1.242
 133927889, -0.02, 0.017, 0.014, 1.239, -0.027, -0.018, -0.041, 1.24
 134127960, -0.048, 0.029, 0.026, 1.238, -0.02, 0.017, 0.014, 1.239
 134327956, -0.001, 0.03, 0.063, 1.237, -0.048, 0.029, 0.026, 1.238
 134527934, -0.012, -0.025, -0.024, 1.237, -0.001, 0.03, 0.063, 1.237
 134727936, 0.022, -0.09500001, -0.019, 1.236, -0.012, -0.025, -0.024, 1.237
 134927889, -0.027, -0.001, 0.08400001, 1.235, 0.022, -0.09500001, -0.019, 1.236
 135127937, -0.014, -0.043, -0.025, 1.235, -0.027, -0.001, 0.08400001, 1.235
 135307941, -0.025, 0.012, 0.048, 1.234, -0.014, -0.043, -0.025, 1.235
 135508032, 0.044, 0.067, -0.063, 1.233, -0.025, 0.012, 0.048, 1.234
 135707982, -0.002, 0.062, 0.013, 1.231, 0.044, 0.067, -0.063, 1.233
 135908037, 0.017, -0.001, -0.051, 1.23, -0.002, 0.062, 0.013, 1.231
 136107946, 0.022, 0.063, -0.057, 1.229, 0.017, -0.001, -0.051, 1.23
 136307907, -0.028, -0.04, -0.038, 1.228, 0.022, 0.063, -0.057, 1.229
 136527879, 0.026, -0.023, 0.011, 1.227, -0.028, -0.04, -0.038, 1.228
 136727936, 0.018, -0.022, -0.06500001, 1.227, 0.026, -0.023, 0.011, 1.227
 136927957, -0.006, -0.005, -0.043, 1.226, 0.018, -0.022, -0.06500001, 1.227
 137107997, -0.01, -0.009000001, 0.087, 1.225, -0.006, -0.005, -0.043, 1.226
 137307990, 0.066, -0.033, -0.038, 1.223, -0.01, -0.009000001, 0.087, 1.225
 137527916, 0.015, -0.025, 0.021, 1.223, 0.066, -0.033, -0.038, 1.223
 137727936, 0.026, -0.049, 0.043, 1.222, 0.015, -0.025, 0.021, 1.223
 137927932, -0.017, -0.019, -0.031, 1.221, 0.026, -0.049, 0.043, 1.222
 138127948, 0.014, 0.09900001, 0.056, 1.221, -0.017, -0.019, -0.031, 1.221
 138327934, 0.036, -0.083, 0.03, 1.22, 0.014, 0.09900001, 0.056, 1.221
 138507951, 0.026, -0.017, 0.142, 1.22, 0.036, -0.083, 0.03, 1.22
 138707940, -0.07700001, 0.027, 0.005, 1.219, 0.026, -0.017, 0.142, 1.22
 138927986, -0.041, -0.044, 0.03, 1.218, -0.07700001, 0.027, 0.005, 1.219
 139127891, -0.063, 0.019, 0.022, 1.217, -0.041, -0.044, 0.03, 1.218
 139327918, -0.021, -0.006, -0.085, 1.216, -0.063, 0.019, 0.022, 1.217
 139507948, -0.014, -0.029, -0.061, 1.215, -0.021, -0.006, -0.085, 1.216
 139707977, 0.016, 0.013, -0.022, 1.214, -0.014, -0.029, -0.061, 1.215
 139908001, -0.017, -0.03, 0.054, 1.214, 0.016, 0.013, -0.022, 1.214
 140127972, -0.033, 0.041, 0.013, 1.213, -0.017, -0.03, 0.054, 1.214
 140307970, 0.038, -0.012, -0.002, 1.213, -0.033, 0.041, 0.013, 1.213
