TimeUS,COFN,COFE,CNe,CEe,POFN,POFE,PNe,PEe
 46330723, 0.0004528809, 0.006547902, 0.009609879, -0.0107317, 0.0004074601, 0.005966173, 0.009457627, -0.01055834
 46511798, 0.0003854618, 0.005670504, 0.008858654, -0.009895138, 0.0004528809, 0.006547902, 0.009609879, -0.0107317
 46711766, 0.000371079, 0.005417755, 0.009204585, -0.01027875, 0.0003854618, 0.005670504, 0.008858654, -0.009895138
 46911784, 0.0004197816, 0.005780044, 0.009101525, -0.01016094, 0.000371079, 0.005417755, 0.009204585, -0.01027875
 47111758, 0.0004011525, 0.005582414, 0.00881044, -0.009828303, 0.0004197816, 0.005780044, 0.009101525, -0.01016094
 47311758, 0.0004183833, 0.005770817, 0.009104453, -0.01014423, 0.0004011525, 0.005582414, 0.00881044, -0.009828303
 47511790, 0.0004020978, 0.005473616, 0.008680738, -0.009663874, 0.0004183833, 0.005770817, 0.009104453, -0.01014423
 47711765, 0.0004542016, 0.006256973, 0.009207966, -0.01024133, 0.0004020978, 0.005473616, 0.008680738, -0.009663874
 47911799, 0.0003546667, 0.004655386, 0.008226838, -0.00913946, 0.0004542016, 0.006256973, 0.009207966, -0.01024133
 48111943, 6.058788E-05, 1.553278E-05, 0.008853504, -0.009820592, 0.0003546667, 0.004655386, 0.008226838, -0.00913946
 48311774, 8.188106E-05, 0.0003543866, 0.008974221, -0.009947417, 6.058788E-05, 1.553278E-05, 0.008853504, -0.009820592
 48511763, 8.496096E-05, 0.0003743226, 0.009173317, -0.01016024, 8.188106E-05, 0.0003543866, 0.008974221, -0.009947417
 48711817, 0.0004510955, 0.005480192, 0.008639999, -0.009572117, 8.496096E-05, 0.0003743226, 0.009173317, -0.01016024
 48911807, 0.0004277657, 0.00527156, 0.008305841, -0.009197395, 0.0004510955, 0.005480192, 0.008639999, -0.009572117
 49111865, 0.0004610454, 0.005810022, 0.009061158, -0.01002559, 0.0004277657, 0.00527156, 0.008305841, -0.009197395
 49311868, 0.0004265804, 0.005775194, 0.009136652, -0.01010199, 0.0004610454, 0.005810022, 0.009061158, -0.01002559
 49511789, 0.0004152812, 0.005299518, 0.009318639, -0.01029532, 0.0004265804, 0.005775194, 0.009136652, -0.01010199
 49711795, 0.0004126446, 0.00536828, 0.009170635, -0.01012279, 0.0004152812, 0.005299518, 0.009318639, -0.01029532
 49911999, 0.0005048282, 0.00594236, 0.009460902, -0.01043519, 0.0004126446, 0.00536828, 0.009170635, -0.01012279
 50111907, 0.0004933112, 0.005869796, 0.009344697, -0.01030069, 0.0005048282, 0.00594236, 0.009460902, -0.01043519
 50311789, 0.0004885489, 0.005863657, 0.009330856, -0.01027864, 0.0004933112, 0.005869796, 0.009344697, -0.01030069
 50511855, 0.0004253341, 0.00571873, 0.008981106, -0.009884404, 0.0004885489, 0.005863657, 0.009330856, -0.01027864
 50711790, 0.0005072971, 0.005680281, 0.009044088, -0.009946371, 0.0004253341, 0.00571873, 0.008981106, -0.009884404
 50911847, 0.0005056739, 0.005925097, 0.009398331, -0.01032781, 0.0005072971, 0.005680281, 0.009044088, -0.009946371
 51111796, 0.0004854493, 0.005562092, 0.008964838, -0.009844141, 0.0005056739, 0.005925097, 0.009398331, -0.01032781
 51311808, 0.0004735506, 0.005583049, 0.008892629, -0.009759945, 0.0004854493, 0.005562092, 0.008964838, -0.009844141
 51511827, 0.0004544057, 0.005400917, 0.008646179, -0.009481897, 0.0004735506, 0.005583049, 0.008892629, -0.009759945
 51711930, 0.0005716295, 0.007043612, 0.01036298, -0.01135357, 0.0004544057, 0.005400917, 0.008646179, -0.009481897
 51911821, 0.0005074723, 0.006215268, 0.009790171, -0.01071847, 0.0005716295, 0.007043612, 0.01036298, -0.01135357
 52111797, 0.0004687101, 0.005693207, 0.00898397, -0.009830154, 0.0005074723, 0.006215268, 0.009790171, -0.01071847
 52311790, 0.0004610529, 0.005301757, 0.009153767, -0.01000703, 0.0004687101, 0.005693207, 0.00898397, -0.009830154
 52511891, 0.0004918695, 0.005858873, 0.00936771, -0.01023629, 0.0004610529, 0.005301757, 0.009153767, -0.01000703
 52711792, 0.0009089503, 0.004981527, 0.00892444, -0.009747198, 0.0004918695, 0.005858873, 0.00936771, -0.01023629
 52911821, 0.0004683184, 0.005293882, 0.009148305, -0.009977758, 0.0009089503, 0.004981527, 0.00892444, -0.009747198
 53111849, 0.005547621, 0.003547699, 0.01010047, -0.0109954, 0.0004683184, 0.005293882, 0.009148305, -0.009977758
 53311929, -7.809651E-05, 0.005415165, 0.01049582, -0.01143465, 0.005547621, 0.003547699, 0.01010047, -0.0109954
 53511965, 0.0004458751, 0.005831731, 0.009985185, -0.01087754, -7.809651E-05, 0.005415165, 0.01049582, -0.01143465
 53731482, 0.0002452456, 0.005692088, 0.009889551, -0.01075872, 0.0004458751, 0.005831731, 0.009985185, -0.01087754
 53911840, 0.0005795677, 0.006711002, 0.01011862, -0.01100839, 0.0002452456, 0.005692088, 0.009889551, -0.01075872
 54111817, 0.0006001446, 0.006850644, 0.01037047, -0.01127082, 0.0005795677, 0.006711002, 0.01011862, -0.01100839
 54331364, 0.0006162528, 0.006298477, 0.009781837, -0.01062392, 0.0006001446, 0.006850644, 0.01037047, -0.01127082
 54511845, 0.0005356394, 0.005783276, 0.009852635, -0.01069541, 0.0006162528, 0.006298477, 0.009781837, -0.01062392
 54711802, 0.0004518206, 0.005019937, 0.008462079, -0.00918194, 0.0005356394, 0.005783276, 0.009852635, -0.01069541
 54911886, 0.0009882322, 0.006070487, 0.008664773, -0.009392585, 0.0004518206, 0.005019937, 0.008462079, -0.00918194
 55111807, 0.0003136275, 0.006164729, 0.008716294, -0.009444178, 0.0009882322, 0.006070487, 0.008664773, -0.009392585
 55311952, 0.0003782049, 0.00656579, 0.009367696, -0.01014711, 0.0003136275, 0.006164729, 0.008716294, -0.009444178
 55511878, 0.0008747905, 0.005217785, 0.009035718, -0.009774737, 0.0003782049, 0.00656579, 0.009367696, -0.01014711
 55711819, 0.0003821844, 0.006146544, 0.009181968, -0.009934334, 0.0008747905, 0.005217785, 0.009035718, -0.009774737
 55911825, 0.0004431175, 0.005926763, 0.009061918, -0.009796258, 0.0003821844, 0.006146544, 0.009181968, -0.009934334
 56111803, 0.0007460993, 0.005690148, 0.008910079, -0.00962405, 0.0004431175, 0.005926763, 0.009061918, -0.009796258
 56311800, 0.0003176744, 0.005263009, 0.008750726, -0.009451053, 0.0007460993, 0.005690148, 0.008910079, -0.00962405
 56511832, -0.0001454065, 0.005261136, 0.008725238, -0.009420795, 0.0003176744, 0.005263009, 0.008750726, -0.009451053
 56712155, 0.0003365836, 0.005723196, 0.009554293, -0.0103024, -0.0001454065, 0.005261136, 0.008725238, -0.009420795
 56912213, 0.0007106408, 0.005739075, 0.009927305, -0.01070636, 0.0003365836, 0.005723196, 0.009554293, -0.0103024
 57112241, 0.0007113776, 0.006152391, 0.01036983, -0.01117424, 0.0007106408, 0.005739075, 0.009927305, -0.01070636
 57312792, 0.0007693891, 0.006456734, 0.01003505, -0.01081198, 0.0007113776, 0.006152391, 0.01036983, -0.01117424
 57513182, 0.0001982316, 0.006297735, 0.009422329, -0.01014147, 0.0007693891, 0.006456734, 0.01003505, -0.01081198
 57713152, 0.0002299254, 0.006261113, 0.009399582, -0.01011779, 0.0001982316, 0.006297735, 0.009422329, -0.01014147
 57913172, 0.000207075, 0.007102578, 0.009841417, -0.01058119, 0.0002299254, 0.006261113, 0.009399582, -0.01011779
 58113161, 0.0003268686, 0.006288557, 0.009901704, -0.01064589, 0.000207075, 0.007102578, 0.009841417, -0.01058119
 58313179, -0.0003056056, 0.006360542, 0.01007618, -0.01081578, 0.0003268686, 0.006288557, 0.009901704, -0.01064589
 58513357, -0.004010197, 0.001959137, 0.01010011, -0.01083647, -0.0003056056, 0.006360542, 0.01007618, -0.01081578
 58713182, -0.05542683, -0.01487989, 0.01030285, -0.01034413, -0.004010197, 0.001959137, 0.01010011, -0.01083647
 58913219, -0.1204562, -0.07581879, 0.01267046, -0.01209019, -0.05542683, -0.01487989, 0.01030285, -0.01034413
 59113158, -0.1680641, -0.2781304, 0.01388356, -0.02308583, -0.1204562, -0.07581879, 0.01267046, -0.01209019
 59313187, -0.2629743, -1.177241, 0.009961952, -0.08445036, -0.1680641, -0.2781304, 0.01388356, -0.02308583
 59513189, -0.1910745, -1.276785, 0.008324773, -0.08717338, -0.2629743, -1.177241, 0.009961952, -0.08445036
 59713164, -0.08504822, -1.551302, 0.009103093, -0.0963347, -0.1910745, -1.276785, 0.008324773, -0.08717338
 59913195, 0.9020531, -1.221284, 0.05507831, -0.07346036, -0.08504822, -1.551302, 0.009103093, -0.0963347
 60113191, 0.6505785, -0.9796131, 0.04102549, -0.05880438, 0.9020531, -1.221284, 0.05507831, -0.07346036
 60333175, 0.634709, -1.134969, 0.04080701, -0.06645665, 0.6505785, -0.9796131, 0.04102549, -0.05880438
 60513181, 0.6094332, -1.305539, 0.04061073, -0.07507839, 0.634709, -1.134969, 0.04080701, -0.06645665
 60713195, -0.2618878, -1.50777, 0.02632078, -0.08634143, 0.6094332, -1.305539, 0.04061073, -0.07507839
 60913204, -0.3686707, -1.622526, 0.03022808, -0.0923809, -0.2618878, -1.50777, 0.02632078, -0.08634143
 61113149, -0.438208, -1.657125, 0.03298261, -0.09451704, -0.3686707, -1.622526, 0.03022808, -0.0923809
 61313157, -0.9047559, -1.561584, 0.04968384, -0.09220664, -0.438208, -1.657125, 0.03298261, -0.09451704
 61513182, -0.9363067, -1.567422, 0.05104164, -0.09312274, -0.9047559, -1.561584, 0.04968384, -0.09220664
 61713184, -0.938186, -1.563755, 0.05141872, -0.09309427, -0.9363067, -1.567422, 0.05104164, -0.09312274
 61913194, -0.8357675, -1.341586, 0.04890249, -0.08230078, -0.938186, -1.563755, 0.05141872, -0.09309427
 62113160, -0.8157599, -1.365895, 0.04884927, -0.08331644, -0.8357675, -1.341586, 0.04890249, -0.08230078
 62333208, -0.8137652, -1.436742, 0.04914919, -0.08651327, -0.8157599, -1.365895, 0.04884927, -0.08331644
 62513242, -0.7468632, -1.675026, 0.04602394, -0.09755747, -0.8137652, -1.436742, 0.04914919, -0.08651327
 62713351, -0.7376091, -1.73454, 0.04532804, -0.1003489, -0.7468632, -1.675026, 0.04602394, -0.09755747
 62913159, -0.7296419, -1.771589, 0.04445918, -0.101844, -0.7376091, -1.73454, 0.04532804, -0.1003489
 63113166, -0.7778151, -2.310109, 0.04452571, -0.128678, -0.7296419, -1.771589, 0.04445918, -0.101844
 63313148, -0.8337644, -2.243514, 0.04633417, -0.1256429, -0.7778151, -2.310109, 0.04452571, -0.128678
 63513168, -0.8459182, -2.18432, 0.04671896, -0.1226718, -0.8337644, -2.243514, 0.04633417, -0.1256429
 63733155, -0.8639166, -2.095389, 0.04815762, -0.1181225, -0.8459182, -2.18432, 0.04671896, -0.1226718
 63933188, -1.03921, -1.708271, 0.05612613, -0.100176, -0.8639166, -2.095389, 0.04815762, -0.1181225
 64133388, -1.182042, -1.443876, 0.06291614, -0.08839598, -1.03921, -1.708271, 0.05612613, -0.100176
 64313220, -1.203327, -1.343566, 0.06389417, -0.08437221, -1.182042, -1.443876, 0.06291614, -0.08839598
 64513172, -1.097113, -0.8349334, 0.06217105, -0.06063996, -1.203327, -1.343566, 0.06389417, -0.08437221
 64713159, -1.105904, -0.8178429, 0.06294717, -0.06076222, -1.097113, -0.8349334, 0.06217105, -0.06063996
 64913179, -1.100802, -0.8442694, 0.06349278, -0.06197814, -1.105904, -0.8178429, 0.06294717, -0.06076222
 65113211, -0.8689148, -0.6820439, 0.05475046, -0.05502102, -1.100802, -0.8442694, 0.06349278, -0.06197814
 65313162, -0.9072354, -0.7193318, 0.0576517, -0.05702952, -0.8689148, -0.6820439, 0.05475046, -0.05502102
 65513164, -0.9027242, -0.742686, 0.05853873, -0.05874426, -0.9072354, -0.7193318, 0.0576517, -0.05702952
 65713173, -0.807306, -0.7178085, 0.0554546, -0.05833289, -0.9027242, -0.742686, 0.05853873, -0.05874426
 65913368, -0.8298692, -0.7322141, 0.05752092, -0.06054211, -0.807306, -0.7178085, 0.0554546, -0.05833289
 66133189, -0.8345234, -0.75252, 0.0591438, -0.06241545, -0.8298692, -0.7322141, 0.05752092, -0.06054211
 66313193, -0.6719642, -0.6654807, 0.05439695, -0.05984205, -0.8345234, -0.75252, 0.0591438, -0.06241545
 66533153, -0.6658828, -0.6949002, 0.0556964, -0.0625198, -0.6719642, -0.6654807, 0.05439695, -0.05984205
 66713161, -0.6746652, -0.699622, 0.05710602, -0.06387134, -0.6658828, -0.6949002, 0.0556964, -0.0625198
 66913375, -0.5032662, -0.656482, 0.0548795, -0.06369141, -0.6746652, -0.699622, 0.05710602, -0.06387134
 67113170, -0.5128729, -0.6792995, 0.05641297, -0.06595102, -0.5032662, -0.656482, 0.0548795, -0.06369141
 67313219, -0.5272053, -0.6832501, 0.05894776, -0.0681683, -0.5128729, -0.6792995, 0.05641297, -0.06595102
 67513206, -0.4782978, -0.6125016, 0.05983635, -0.06883695, -0.5272053, -0.6832501, 0.05894776, -0.0681683
 67713184, -0.5086417, -0.6054754, 0.06176399, -0.07066793, -0.4782978, -0.6125016, 0.05983635, -0.06883695
 67913379, -0.5548944, -0.5819066, 0.06480053, -0.07257988, -0.5086417, -0.6054754, 0.06176399, -0.07066793
 68113168, -0.5621789, -0.5462134, 0.06673529, -0.07387876, -0.5548944, -0.5819066, 0.06480053, -0.07257988
 68313192, -0.5887475, -0.1782555, 0.06883667, -0.06957845, -0.5621789, -0.5462134, 0.06673529, -0.07387876
 68513179, -0.6098557, -0.1314249, 0.07138584, -0.07097011, -0.5887475, -0.1782555, 0.06883667, -0.06957845
 68713161, -0.5737473, -0.07932144, 0.07205807, -0.0715572, -0.6098557, -0.1314249, 0.07138584, -0.07097011
 68913373, -0.3794854, 0.2974392, 0.06964341, -0.07362796, -0.5737473, -0.07932144, 0.07205807, -0.0715572
 69113258, -0.422262, 0.2743202, 0.07159556, -0.07454118, -0.3794854, 0.2974392, 0.06964341, -0.07362796
 69313332, -0.3914217, 0.2880944, 0.07470676, -0.07650565, -0.422262, 0.2743202, 0.07159556, -0.07454118
 69513360, -0.1994696, 0.358851, 0.07362254, -0.07988449, -0.3914217, 0.2880944, 0.07470676, -0.07650565
 69713464, -0.1715316, 0.3890861, 0.07534242, -0.08324684, -0.1994696, 0.358851, 0.07362254, -0.07988449
 69913376, -0.2157572, 0.4794456, 0.07789086, -0.08674058, -0.1715316, 0.3890861, 0.07534242, -0.08324684
 70113455, -0.2444126, 0.7980502, 0.07976451, -0.09228388, -0.2157572, 0.4794456, 0.07789086, -0.08674058
 70313331, -0.2335634, 0.7554696, 0.08050771, -0.09048634, -0.2444126, 0.7980502, 0.07976451, -0.09228388
 70513348, -0.2224331, 0.6615486, 0.08062557, -0.08850767, -0.2335634, 0.7554696, 0.08050771, -0.09048634
 70713337, -0.1568868, 0.05316285, 0.08121903, -0.08225886, -0.2224331, 0.6615486, 0.08062557, -0.08850767
 70913365, -0.170633, -0.01003365, 0.08189592, -0.08363232, -0.1568868, 0.05316285, 0.08121903, -0.08225886
 71113445, -0.175324, -0.03785529, 0.08240096, -0.0847069, -0.170633, -0.01003365, 0.08189592, -0.08363232
 71313342, 0.05215737, -0.3844708, 0.09240643, -0.07849991, -0.175324, -0.03785529, 0.08240096, -0.0847069
 71516217, 0.05141547, -0.6176767, 0.09843297, -0.07739532, 0.05215737, -0.3844708, 0.09240643, -0.07849991
 71716354, 0.07959878, -0.6630415, 0.1019878, -0.08046632, 0.05141547, -0.6176767, 0.09843297, -0.07739532
 71916208, 0.1190128, -0.862142, 0.1052836, -0.0860905, 0.07959878, -0.6630415, 0.1019878, -0.08046632
 72116185, 0.1937958, -1.160179, 0.1071879, -0.09484065, 0.1190128, -0.862142, 0.1052836, -0.0860905
 72316170, 0.1881553, -1.341106, 0.1106527, -0.1012974, 0.1937958, -1.160179, 0.1071879, -0.09484065
 72516216, 0.1945706, -1.486091, 0.1134821, -0.1054736, 0.1881553, -1.341106, 0.1106527, -0.1012974
 72716213, 0.2409583, -2.458378, 0.1205939, -0.1390567, 0.1945706, -1.486091, 0.1134821, -0.1054736
 72916430, 0.05766732, -2.552845, 0.1094606, -0.1511172, 0.2409583, -2.458378, 0.1205939, -0.1390567
 73116453, 0.2753058, -2.678478, 0.1187658, -0.1496462, 0.05766732, -2.552845, 0.1094606, -0.1511172
 73316639, 0.533495, -3.603134, 0.1254932, -0.1890793, 0.2753058, -2.678478, 0.1187658, -0.1496462
 73516662, 0.5002042, -3.724444, 0.1265757, -0.1950596, 0.533495, -3.603134, 0.1254932, -0.1890793
 73716442, 0.5031684, -3.727776, 0.1271495, -0.1948476, 0.5002042, -3.724444, 0.1265757, -0.1950596
 73916577, 0.5435437, -3.991172, 0.1289807, -0.2070544, 0.5031684, -3.727776, 0.1271495, -0.1948476
 74116390, 0.5608449, -4.048206, 0.1285467, -0.209454, 0.5435437, -3.991172, 0.1289807, -0.2070544
 74316618, 0.5845747, -4.073133, 0.1256291, -0.2117616, 0.5608449, -4.048206, 0.1285467, -0.209454
 74516570, 0.9355166, -4.438751, 0.1288838, -0.2298112, 0.5845747, -4.073133, 0.1256291, -0.2117616
 74716417, 0.9325831, -4.437284, 0.1265523, -0.2307404, 0.9355166, -4.438751, 0.1288838, -0.2298112
 74916429, 0.8749226, -4.478022, 0.1252572, -0.2328105, 0.9325831, -4.437284, 0.1265523, -0.2307404
 75116462, 0.8515053, -4.918042, 0.1254906, -0.2540604, 0.8749226, -4.478022, 0.1252572, -0.2328105
 75316016, 0.8423543, -4.953474, 0.1241677, -0.2562508, 0.8515053, -4.918042, 0.1254906, -0.2540604
 75515848, 0.8053306, -5.022981, 0.1218766, -0.2601334, 0.8423543, -4.953474, 0.1241677, -0.2562508
 75715839, 1.094532, -5.412222, 0.1285524, -0.2795503, 0.8053306, -5.022981, 0.1218766, -0.2601334
 75915852, 0.9311894, -5.556903, 0.1268091, -0.2865635, 1.094532, -5.412222, 0.1285524, -0.2795503
 76115825, 0.9142389, -5.528337, 0.1277593, -0.2857014, 0.9311894, -5.556903, 0.1268091, -0.2865635
 76315835, 0.8376939, -5.464455, 0.1261866, -0.2825287, 0.9142389, -5.528337, 0.1277593, -0.2857014
 76515872, 0.4784202, -4.620482, 0.1181618, -0.2423211, 0.8376939, -5.464455, 0.1261866, -0.2825287
 76715847, 0.4547886, -4.664623, 0.1193261, -0.2432429, 0.4784202, -4.620482, 0.1181618, -0.2423211
 76915868, 0.4778773, -4.639505, 0.1195148, -0.2405657, 0.4547886, -4.664623, 0.1193261, -0.2432429
 77116000, 0.2829393, -5.04771, 0.1208328, -0.2571771, 0.4778773, -4.639505, 0.1195148, -0.2405657
 77315846, 0.2824604, -4.921034, 0.117717, -0.2505662, 0.2829393, -5.04771, 0.1208328, -0.2571771
 77515972, 0.2216984, -4.606456, 0.1097681, -0.2337021, 0.2824604, -4.921034, 0.117717, -0.2505662
 77715857, 0.07761866, -4.792467, 0.1094571, -0.2408325, 0.2216984, -4.606456, 0.1097681, -0.2337021
 77915861, 0.0757153, -4.773981, 0.1129788, -0.23988, 0.07761866, -4.792467, 0.1094571, -0.2408325
 78115884, -0.02819633, -4.710226, 0.1110821, -0.2392347, 0.0757153, -4.773981, 0.1129788, -0.23988
 78315844, -0.2375448, -3.331057, 0.1021813, -0.1767264, -0.02819633, -4.710226, 0.1110821, -0.2392347
 78515968, -0.4179355, -3.202686, 0.10233, -0.1706799, -0.2375448, -3.331057, 0.1021813, -0.1767264
 78715833, -0.458476, -3.18888, 0.09481069, -0.1724639, -0.4179355, -3.202686, 0.10233, -0.1706799
 78915980, -0.3881145, -3.481987, 0.08775453, -0.1858833, -0.458476, -3.18888, 0.09481069, -0.1724639
 79115839, -0.3406732, -3.560834, 0.08404202, -0.1891403, -0.3881145, -3.481987, 0.08775453, -0.1858833
 79315849, -0.4082569, -3.475848, 0.07729783, -0.1865516, -0.3406732, -3.560834, 0.08404202, -0.1891403
 79515926, -0.5113319, -3.407631, 0.07398897, -0.186283, -0.4082569, -3.475848, 0.07729783, -0.1865516
 79715832, -0.5205159, -3.030711, 0.07683869, -0.1697701, -0.5113319, -3.407631, 0.07398897, -0.186283
 79915852, -0.4994527, -3.038006, 0.07866187, -0.1709129, -0.5205159, -3.030711, 0.07683869, -0.1697701
 80115855, -0.4564293, -3.10924, 0.07929172, -0.1749722, -0.4994527, -3.038006, 0.07866187, -0.1709129
 80315817, -0.05832767, -2.726342, 0.07725541, -0.1581457, -0.4564293, -3.10924, 0.07929172, -0.1749722
 80515869, -0.02553665, -2.716904, 0.07544208, -0.1576679, -0.05832767, -2.726342, 0.07725541, -0.1581457
 80715948, -0.01146241, -2.625949, 0.07212368, -0.1529291, -0.02553665, -2.716904, 0.07544208, -0.1576679
 80915868, 0.1798866, -2.771924, 0.07185019, -0.1618682, -0.01146241, -2.625949, 0.07212368, -0.1529291
 81115837, 0.09814645, -2.682802, 0.06631296, -0.1583075, 0.1798866, -2.771924, 0.07185019, -0.1618682
 81315874, -0.1232469, -2.760901, 0.05864027, -0.1667143, 0.09814645, -2.682802, 0.06631296, -0.1583075
 81515869, -0.7630662, -2.737301, 0.04299891, -0.1758507, -0.1232469, -2.760901, 0.05864027, -0.1667143
 81715947, -0.9894391, -2.677708, 0.03079028, -0.1790025, -0.7630662, -2.737301, 0.04299891, -0.1758507
 81915909, -1.441711, -2.514282, -8.426607E-05, -0.1833965, -0.9894391, -2.677708, 0.03079028, -0.1790025
 82115838, -2.082817, -2.262588, -0.04580531, -0.1845543, -1.441711, -2.514282, -8.426607E-05, -0.1833965
 82315899, -2.580401, -1.466743, -0.07118766, -0.1720608, -2.082817, -2.262588, -0.04580531, -0.1845543
 82515983, -2.737061, -0.8613282, -0.1040954, -0.1495918, -2.580401, -1.466743, -0.07118766, -0.1720608
 82715947, -2.38022, -0.5893609, -0.1165454, -0.1210483, -2.737061, -0.8613282, -0.1040954, -0.1495918
 82915894, -2.111146, -0.3633576, -0.1134076, -0.1086747, -2.38022, -0.5893609, -0.1165454, -0.1210483
 83115840, -2.163506, -0.2498654, -0.1229607, -0.09948978, -2.111146, -0.3633576, -0.1134076, -0.1086747
 83315830, -2.283974, -0.1766259, -0.1317848, -0.09338795, -2.163506, -0.2498654, -0.1229607, -0.09948978
 83515898, -3.00499, -0.2060496, -0.1654817, -0.09072688, -2.283974, -0.1766259, -0.1317848, -0.09338795
 83715796, -3.023428, -0.1953451, -0.167509, -0.0868021, -3.00499, -0.2060496, -0.1654817, -0.09072688
 83915862, -3.067811, -0.1629024, -0.170037, -0.08322742, -3.023428, -0.1953451, -0.167509, -0.0868021
 84115854, -3.543195, -0.3384956, -0.1913542, -0.08248447, -3.067811, -0.1629024, -0.170037, -0.08322742
 84315963, -3.600684, -0.3786412, -0.1938928, -0.08507625, -3.543195, -0.3384956, -0.1913542, -0.08248447
 84515910, -3.641224, -0.3893554, -0.194816, -0.08805834, -3.600684, -0.3786412, -0.1938928, -0.08507625
 84715835, -3.860568, -0.2839425, -0.2060565, -0.09165696, -3.641224, -0.3893554, -0.194816, -0.08805834
 84915865, -3.903987, -0.2024273, -0.210076, -0.09013945, -3.860568, -0.2839425, -0.2060565, -0.09165696
 85115898, -3.973918, 0.06333783, -0.2185824, -0.08478296, -3.903987, -0.2024273, -0.210076, -0.09013945
 85315847, -3.072198, 0.7369162, -0.186605, -0.0778591, -3.973918, 0.06333783, -0.2185824, -0.08478296
 85515859, -2.730138, 0.6503651, -0.1799245, -0.06675775, -3.072198, 0.7369162, -0.186605, -0.0778591
 85715851, -2.58155, 1.052295, -0.1870897, -0.04141119, -2.730138, 0.6503651, -0.1799245, -0.06675775
 85915931, -2.023629, 1.449808, -0.1799919, -0.01269514, -2.58155, 1.052295, -0.1870897, -0.04141119
 86116002, -1.771753, 1.904809, -0.1812785, 0.01887237, -2.023629, 1.449808, -0.1799919, -0.01269514
 86315852, -1.266023, 2.222006, -0.1675474, 0.06304605, -1.771753, 1.904809, -0.1812785, 0.01887237
 86515850, -0.7629267, 2.512491, -0.1518014, 0.1018729, -1.266023, 2.222006, -0.1675474, 0.06304605
 86715872, -0.7225723, 2.567624, -0.1385651, 0.1228466, -0.7629267, 2.512491, -0.1518014, 0.1018729
 86915962, -0.5579259, 2.648495, -0.1238685, 0.1402974, -0.7225723, 2.567624, -0.1385651, 0.1228466
 87115832, -0.4772517, 2.789728, -0.1108228, 0.1551768, -0.5579259, 2.648495, -0.1238685, 0.1402974
 87315846, -1.275548, 3.482701, -0.1205109, 0.1926828, -0.4772517, 2.789728, -0.1108228, 0.1551768
 87515852, -1.134625, 3.556294, -0.1130452, 0.1979539, -1.275548, 3.482701, -0.1205109, 0.1926828
 87715837, -0.9950099, 3.562651, -0.1082575, 0.1969383, -1.134625, 3.556294, -0.1130452, 0.1979539
 87916056, -0.3457842, 3.86537, -0.09834496, 0.2071444, -0.9950099, 3.562651, -0.1082575, 0.1969383
 88115906, -0.2648325, 3.797744, -0.09771009, 0.2026014, -0.3457842, 3.86537, -0.09834496, 0.2071444
 88315855, -0.05786875, 3.608069, -0.09569346, 0.1925343, -0.2648325, 3.797744, -0.09771009, 0.2026014
 88516407, 0.9185433, 3.443599, -0.1139126, 0.181735, -0.05786875, 3.608069, -0.09569346, 0.1925343
 88716362, 1.026493, 3.019994, -0.1177211, 0.1609011, 0.9185433, 3.443599, -0.1139126, 0.181735
 88916363, 0.8628727, 2.942746, -0.1216676, 0.1525519, 1.026493, 3.019994, -0.1177211, 0.1609011
 89116334, 0.5335777, 2.124376, -0.1199806, 0.1148374, 0.8628727, 2.942746, -0.1216676, 0.1525519
 89316350, 0.1077558, 1.748894, -0.1213408, 0.09671801, 0.5335777, 2.124376, -0.1199806, 0.1148374
 89516594, -0.1454546, 1.746091, -0.1352376, 0.08093821, 0.1077558, 1.748894, -0.1213408, 0.09671801
 89716766, -0.5055194, 1.628537, -0.1487166, 0.05100705, -0.1454546, 1.746091, -0.1352376, 0.08093821
 89916604, -0.8600868, 1.208149, -0.151535, 0.02323558, -0.5055194, 1.628537, -0.1487166, 0.05100705
 90120023, -1.11392, 1.074369, -0.1567288, -0.0115618, -0.8600868, 1.208149, -0.151535, 0.02323558
 90320099, -1.330901, 0.8438163, -0.1504085, -0.04694195, -1.11392, 1.074369, -0.1567288, -0.0115618
 90519483, -1.616301, 0.9514782, -0.1475319, -0.0783037, -1.330901, 0.8438163, -0.1504085, -0.04694195
 90719449, -1.749661, 0.8321155, -0.145245, -0.09527306, -1.616301, 0.9514782, -0.1475319, -0.0783037
 90919480, -1.911063, 0.7700059, -0.1450431, -0.1128416, -1.749661, 0.8321155, -0.145245, -0.09527306
 91122832, -1.900938, 0.7503137, -0.1410586, -0.1218856, -1.911063, 0.7700059, -0.1450431, -0.1128416
 91322798, -1.847041, 0.7749534, -0.1383928, -0.1252405, -1.900938, 0.7503137, -0.1410586, -0.1218856
 91522802, -1.920478, 0.7743012, -0.1422175, -0.1298576, -1.847041, 0.7749534, -0.1383928, -0.1252405
 91722839, -2.008032, 0.6532246, -0.1461165, -0.1284484, -1.920478, 0.7743012, -0.1422175, -0.1298576
 91923247, -1.996479, 0.4187084, -0.1482839, -0.1272888, -2.008032, 0.6532246, -0.1461165, -0.1284484
 92123137, -2.073836, 0.3320187, -0.1516937, -0.1320019, -1.996479, 0.4187084, -0.1482839, -0.1272888
 92323379, -2.192178, -0.1905634, -0.1525272, -0.138271, -2.073836, 0.3320187, -0.1516937, -0.1320019
 92523483, -2.350871, -0.7248257, -0.1513877, -0.1524877, -2.192178, -0.1905634, -0.1525272, -0.138271
 92703466, -2.27579, -0.9171664, -0.1398906, -0.1657731, -2.350871, -0.7248257, -0.1513877, -0.1524877
 92903683, -2.028548, -1.248643, -0.1123787, -0.1824965, -2.27579, -0.9171664, -0.1398906, -0.1657731
 93123570, -1.63435, -1.568787, -0.06965324, -0.1990619, -2.028548, -1.248643, -0.1123787, -0.1824965
 93323631, -0.6648011, -1.418302, -0.01611941, -0.1917282, -1.63435, -1.568787, -0.06965324, -0.1990619
 93523473, -0.1926246, -1.403123, 0.02994199, -0.1852492, -0.6648011, -1.418302, -0.01611941, -0.1917282
 93723668, 0.4459968, -0.7616877, 0.07303009, -0.1591703, -0.1926246, -1.403123, 0.02994199, -0.1852492
 93923471, 0.1514619, -1.10611, 0.08943968, -0.1516499, 0.4459968, -0.7616877, 0.07303009, -0.1591703
 94123474, 0.08822378, -1.002406, 0.1033398, -0.1375934, 0.1514619, -1.10611, 0.08943968, -0.1516499
 94303452, -0.004961707, -1.218612, 0.1086119, -0.137352, 0.08822378, -1.002406, 0.1033398, -0.1375934
 94523461, 0.02634316, -1.378106, 0.1127348, -0.1348153, -0.004961707, -1.218612, 0.1086119, -0.137352
 94723475, -0.004596774, -1.513849, 0.1131881, -0.1344514, 0.02634316, -1.378106, 0.1127348, -0.1348153
 94923483, -0.2457455, -2.697507, 0.1138696, -0.1737352, -0.004596774, -1.513849, 0.1131881, -0.1344514
 95123813, -0.2229093, -2.827785, 0.109838, -0.1784685, -0.2457455, -2.697507, 0.1138696, -0.1737352
 95323803, -0.2477814, -2.765985, 0.1045098, -0.175969, -0.2229093, -2.827785, 0.109838, -0.1784685
 95523962, -0.2975624, -2.972237, 0.1059712, -0.1835335, -0.2477814, -2.765985, 0.1045098, -0.175969
 95723811, -0.3252388, -2.752326, 0.1053895, -0.1734256, -0.2975624, -2.972237, 0.1059712, -0.1835335
 95923821, -0.3214991, -2.77321, 0.10443, -0.1743848, -0.3252388, -2.752326, 0.1053895, -0.1734256
 96123822, -0.3392967, -2.81917, 0.1051902, -0.1762608, -0.3214991, -2.77321, 0.10443, -0.1743848
 96323796, -0.5061147, -3.041054, 0.1045752, -0.1861009, -0.3392967, -2.81917, 0.1051902, -0.1762608
 96523923, -0.5318022, -3.030535, 0.102343, -0.1865421, -0.5061147, -3.041054, 0.1045752, -0.1861009
 96723806, -0.5542253, -2.917706, 0.09447537, -0.1853571, -0.5318022, -3.030535, 0.102343, -0.1865421
 96903898, -0.221541, -2.59893, 0.08758695, -0.1756361, -0.5542253, -2.917706, 0.09447537, -0.1853571
 97123824, -0.3895065, -2.411125, 0.07397529, -0.1737927, -0.221541, -2.59893, 0.08758695, -0.1756361
 97323919, -0.6957457, -2.239145, 0.05169034, -0.1789534, -0.3895065, -2.411125, 0.07397529, -0.1737927
 97523921, -0.7700924, -1.348908, 0.02822914, -0.1608163, -0.6957457, -2.239145, 0.05169034, -0.1789534
 97723847, -0.853027, -1.054099, 0.004391402, -0.1593176, -0.7700924, -1.348908, 0.02822914, -0.1608163
 97923817, -1.043036, -0.6873556, -0.02772333, -0.1536008, -0.853027, -1.054099, 0.004391402, -0.1593176
 98123813, -1.130261, -0.5677946, -0.06228627, -0.1422973, -1.043036, -0.6873556, -0.02772333, -0.1536008
 98323795, -1.062743, -0.4593086, -0.08154099, -0.1279314, -1.130261, -0.5677946, -0.06228627, -0.1422973
 98523812, -1.209225, -0.2763709, -0.1064739, -0.1112079, -1.062743, -0.4593086, -0.08154099, -0.1279314
 98723791, -1.296963, -0.1049902, -0.1155488, -0.09839197, -1.209225, -0.2763709, -0.1064739, -0.1112079
 98923807, -1.831402, 0.1664328, -0.134555, -0.09129087, -1.296963, -0.1049902, -0.1155488, -0.09839197
 99123953, -1.841522, 0.2286351, -0.1358847, -0.08646492, -1.831402, 0.1664328, -0.134555, -0.09129087
 99323848, -1.874951, 0.2506762, -0.1368033, -0.08383818, -1.841522, 0.2286351, -0.1358847, -0.08646492
 99503825, -2.301231, 0.3088006, -0.1515346, -0.08279727, -1.874951, 0.2506762, -0.1368033, -0.08383818
 99723805, -2.25539, 0.2812666, -0.1475551, -0.08296116, -2.301231, 0.3088006, -0.1515346, -0.08279727
 99923866, -2.246213, 0.3074954, -0.1474204, -0.08154101, -2.25539, 0.2812666, -0.1475551, -0.08296116
 100123834, -2.258516, 0.4044046, -0.1520021, -0.07860214, -2.246213, 0.3074954, -0.1474204, -0.08154101
 100323806, -2.065588, 0.599341, -0.1493774, -0.07491921, -2.258516, 0.4044046, -0.1520021, -0.07860214
 100523841, -1.862281, 0.7718018, -0.1501448, -0.05901027, -2.065588, 0.599341, -0.1493774, -0.07491921
 100723922, -1.240692, 0.8819461, -0.14027, -0.03929951, -1.862281, 0.7718018, -0.1501448, -0.05901027
 100923935, -1.039449, 1.286776, -0.149447, -0.0185204, -1.240692, 0.8819461, -0.14027, -0.03929951
 101123804, -0.71663, 1.458853, -0.1485572, 0.01642729, -1.039449, 1.286776, -0.149447, -0.0185204
 101323804, -0.4250944, 1.490553, -0.1359335, 0.04967011, -0.71663, 1.458853, -0.1485572, 0.01642729
 101523817, -0.2313196, 1.736165, -0.1277243, 0.08089461, -0.4250944, 1.490553, -0.1359335, 0.04967011
 101723905, 0.08914417, 1.846648, -0.1122276, 0.1087235, -0.2313196, 1.736165, -0.1277243, 0.08089461
 101923811, 0.2251576, 2.028597, -0.1026566, 0.1279186, 0.08914417, 1.846648, -0.1122276, 0.1087235
 102103818, -0.01544128, 2.881098, -0.09794074, 0.169326, 0.2251576, 2.028597, -0.1026566, 0.1279186
 102323768, 0.01345301, 2.968071, -0.09574901, 0.1771963, -0.01544128, 2.881098, -0.09794074, 0.169326
 102523824, -0.02649278, 2.99255, -0.09518996, 0.1800856, 0.01345301, 2.968071, -0.09574901, 0.1771963
 102723964, -0.2540209, 2.967516, -0.09771319, 0.1793743, -0.02649278, 2.99255, -0.09518996, 0.1800856
 102923812, -0.2447212, 2.984522, -0.09955488, 0.1796222, -0.2540209, 2.967516, -0.09771319, 0.1793743
 103123823, -0.2213027, 3.019053, -0.1031531, 0.1809098, -0.2447212, 2.984522, -0.09955488, 0.1796222
 103323803, 0.04103462, 3.13349, -0.1064888, 0.1867889, -0.2213027, 3.019053, -0.1031531, 0.1809098
 103523830, 0.273625, 3.14564, -0.1109866, 0.1876882, 0.04103462, 3.13349, -0.1064888, 0.1867889
 103723802, 0.2642608, 3.174317, -0.1117759, 0.1899288, 0.273625, 3.14564, -0.1109866, 0.1876882
 103923811, 0.3685006, 3.041756, -0.1095594, 0.1855535, 0.2642608, 3.174317, -0.1117759, 0.1899288
 104123801, 0.1923318, 2.794, -0.1097493, 0.1760324, 0.3685006, 3.041756, -0.1095594, 0.1855535
 104323796, 0.1965933, 2.734775, -0.1113087, 0.1738478, 0.1923318, 2.794, -0.1097493, 0.1760324
 104523923, 0.08959152, 2.366924, -0.1152185, 0.1591428, 0.1965933, 2.734775, -0.1113087, 0.1738478
 104703911, -0.01110132, 2.237645, -0.1171988, 0.1546835, 0.08959152, 2.366924, -0.1152185, 0.1591428
 104923961, -0.02738408, 2.148291, -0.1197125, 0.1527924, -0.01110132, 2.237645, -0.1171988, 0.1546835
 105123811, 0.02724463, 2.035679, -0.1201011, 0.1506712, -0.02738408, 2.148291, -0.1197125, 0.1527924
 105323790, 0.265779, 1.199209, -0.1197124, 0.1248505, 0.02724463, 2.035679, -0.1201011, 0.1506712
 105523781, 0.2650044, 1.14164, -0.1187639, 0.1239266, 0.265779, 1.199209, -0.1197124, 0.1248505
 105723774, 0.247431, 1.112154, -0.1198989, 0.1244319, 0.2650044, 1.14164, -0.1187639, 0.1239266
 105923921, 0.113481, 0.8212494, -0.1206672, 0.1217289, 0.247431, 1.112154, -0.1198989, 0.1244319
 106123810, 0.08502974, 0.8309379, -0.1203282, 0.1221554, 0.113481, 0.8212494, -0.1206672, 0.1217289
 106323896, 0.07232401, 0.8093007, -0.122886, 0.1229602, 0.08502974, 0.8309379, -0.1203282, 0.1221554
 106523808, -0.1388633, 0.5167676, -0.123962, 0.1180029, 0.07232401, 0.8093007, -0.122886, 0.1229602
 106723774, -0.09218425, 0.4383118, -0.123996, 0.1165884, -0.1388633, 0.5167676, -0.123962, 0.1180029
 106923816, -0.04030988, 0.3239549, -0.1237717, 0.1157792, -0.09218425, 0.4383118, -0.123996, 0.1165884
 107123845, 0.388671, -0.1302504, -0.1257241, 0.1155774, -0.04030988, 0.3239549, -0.1237717, 0.1157792
 107303801, 0.3294892, 0.03181263, -0.1250519, 0.1158202, 0.388671, -0.1302504, -0.1257241, 0.1155774
 107523807, 0.3512305, 0.00721294, -0.1247068, 0.1172022, 0.3294892, 0.03181263, -0.1250519, 0.1158202
 107723833, 0.3817375, -0.1275383, -0.126282, 0.1190563, 0.3512305, 0.00721294, -0.1247068, 0.1172022
 107923805, 0.1746501, -0.1055144, -0.1260724, 0.1209962, 0.3817375, -0.1275383, -0.126282, 0.1190563
 108123919, 0.07301413, -0.08820783, -0.1276199, 0.1219513, 0.1746501, -0.1055144, -0.1260724, 0.1209962
 108323788, -0.02410833, -0.04075512, -0.1282493, 0.1217249, 0.07301413, -0.08820783, -0.1276199, 0.1219513
 108523765, -0.6479927, 0.230994, -0.1312767, 0.1224145, -0.02410833, -0.04075512, -0.1282493, 0.1217249
 108723791, -0.6125792, 0.4318213, -0.1052721, 0.1456069, -0.6479927, 0.230994, -0.1312767, 0.1224145
 108923833, -0.4787593, 0.7025892, -0.06471735, 0.170589, -0.6125792, 0.4318213, -0.1052721, 0.1456069
 109123912, -0.2527057, 1.202768, -0.03098562, 0.1849644, -0.4787593, 0.7025892, -0.06471735, 0.170589
 109323793, 0.114431, 1.236301, 0.001398027, 0.1871834, -0.2527057, 1.202768, -0.03098562, 0.1849644
 109523819, 0.2465835, 1.186867, 0.004267573, 0.1904714, 0.114431, 1.236301, 0.001398027, 0.1871834
 109723797, 1.212026, 0.9747176, 0.01687766, 0.1983669, 0.2465835, 1.186867, 0.004267573, 0.1904714
 109903813, 1.250423, 1.033201, 0.01728939, 0.2009054, 1.212026, 0.9747176, 0.01687766, 0.1983669
 110123913, 1.382911, 1.237893, 0.01921793, 0.212172, 1.250423, 1.033201, 0.01728939, 0.2009054
 110326782, 2.078371, 2.070634, 0.04182331, 0.2436491, 1.382911, 1.237893, 0.01921793, 0.212172
 110526814, 1.930558, 2.519244, 0.0464032, 0.2530175, 2.078371, 2.070634, 0.04182331, 0.2436491
 110726808, 1.951172, 2.488211, 0.04686963, 0.2539238, 1.930558, 2.519244, 0.0464032, 0.2530175
 110926820, 2.146184, 2.379461, 0.05002639, 0.2567337, 1.951172, 2.488211, 0.04686963, 0.2539238
 111106788, 1.818061, 2.256982, 0.04020572, 0.2497668, 2.146184, 2.379461, 0.05002639, 0.2567337
 111327097, 1.912412, 2.29191, 0.04009847, 0.257558, 1.818061, 2.256982, 0.04020572, 0.2497668
 111527118, 1.949899, 2.334531, 0.04009122, 0.2639644, 1.912412, 2.29191, 0.04009847, 0.257558
 111727207, 2.134506, 1.981961, 0.03580693, 0.2638682, 1.949899, 2.334531, 0.04009122, 0.2639644
 111927249, 2.185248, 2.017081, 0.03665845, 0.2682827, 2.134506, 1.981961, 0.03580693, 0.2638682
 112127609, 2.232825, 2.125356, 0.03812586, 0.2756065, 2.185248, 2.017081, 0.03665845, 0.2682827
 112327696, 2.342093, 2.681544, 0.0478024, 0.2925298, 2.232825, 2.125356, 0.03812586, 0.2756065
 112507595, 2.365744, 2.748988, 0.0486052, 0.2972063, 2.342093, 2.681544, 0.0478024, 0.2925298
 112727487, 2.459003, 2.79934, 0.04811351, 0.305822, 2.365744, 2.748988, 0.0486052, 0.2972063
 112927592, 2.701602, 2.457649, 0.04514194, 0.3095554, 2.459003, 2.79934, 0.04811351, 0.305822
 113107488, 2.462451, 2.455383, 0.04201655, 0.3081922, 2.701602, 2.457649, 0.04514194, 0.3095554
 113307574, 2.443231, 2.448815, 0.04301065, 0.3111312, 2.462451, 2.455383, 0.04201655, 0.3081922
 113507854, 2.473219, 2.438909, 0.04321359, 0.3139862, 2.443231, 2.448815, 0.04301065, 0.3111312
 113707876, 2.433284, 2.40968, 0.03975525, 0.3176083, 2.473219, 2.438909, 0.04321359, 0.3139862
 113907999, 2.524297, 2.321796, 0.03979331, 0.3207138, 2.433284, 2.40968, 0.03975525, 0.3176083
 114127847, 2.269922, 1.406765, 0.02239618, 0.3061449, 2.524297, 2.321796, 0.03979331, 0.3207138
 114327920, 2.095571, 1.565005, 0.02383725, 0.3062355, 2.269922, 1.406765, 0.02239618, 0.3061449
 114527829, 2.051815, 1.486032, 0.02311486, 0.3046166, 2.095571, 1.565005, 0.02383725, 0.3062355
 114707821, 2.167274, 1.277232, 0.02077843, 0.30396, 2.051815, 1.486032, 0.02311486, 0.3046166
 114927869, 2.0402, 1.213714, 0.019546, 0.3014909, 2.167274, 1.277232, 0.02077843, 0.30396
 115107834, 2.01639, 1.161906, 0.01911519, 0.3008517, 2.0402, 1.213714, 0.019546, 0.3014909
 115327829, 0.8252276, 0.1790932, 0.001064911, 0.280682, 2.01639, 1.161906, 0.01911519, 0.3008517
 115527945, 0.4863084, -0.02453856, -0.0006884933, 0.2799999, 0.8252276, 0.1790932, 0.001064911, 0.280682
 115707949, 0.5232282, -0.06171539, -8.013844E-05, 0.2811142, 0.4863084, -0.02453856, -0.0006884933, 0.2799999
 115907848, 0.452314, -0.07018594, -0.002169818, 0.2825683, 0.5232282, -0.06171539, -8.013844E-05, 0.2811142
 116127847, 0.4588802, -0.03976433, -0.001578033, 0.2839228, 0.452314, -0.07018594, -0.002169818, 0.2825683
 116327822, 0.3941918, -0.02813405, -0.001354516, 0.2840492, 0.4588802, -0.03976433, -0.001578033, 0.2839228
 116527935, 0.3795191, -0.08459315, -0.003538534, 0.2845241, 0.3941918, -0.02813405, -0.001354516, 0.2840492
 116727870, 0.2184161, -0.07974767, -0.002930954, 0.2846129, 0.3795191, -0.08459315, -0.003538534, 0.2845241
 116927858, -0.3568346, 0.3580836, -0.002794981, 0.2847683, 0.2184161, -0.07974767, -0.002930954, 0.2846129
 117107990, -0.4145196, 0.2532377, -0.002148077, 0.2796261, -0.3568346, 0.3580836, -0.002794981, 0.2847683
 117307827, -0.6585134, 0.1074922, -0.002028808, 0.2762614, -0.4145196, 0.2532377, -0.002148077, 0.2796261
 117507971, -0.6396053, 0.185902, -0.001816615, 0.2687401, -0.6585134, 0.1074922, -0.002028808, 0.2762614
 117707831, -0.5461155, 0.1905123, -0.000704363, 0.2608296, -0.6396053, 0.185902, -0.001816615, 0.2687401
 117907852, -0.2910177, 0.3035504, -0.001303986, 0.2542662, -0.5461155, 0.1905123, -0.000704363, 0.2608296
 118107874, -0.3200201, 0.2455257, -0.0008115619, 0.2439688, -0.2910177, 0.3035504, -0.001303986, 0.2542662
 118307813, -0.3582799, 0.07638828, 0.0005529076, 0.2356547, -0.3200201, 0.2455257, -0.0008115619, 0.2439688
 118507847, -0.3728762, -0.5021063, 0.003428251, 0.2312357, -0.3582799, 0.07638828, 0.0005529076, 0.2356547
 118707826, -0.3775798, -0.4787254, 0.001476102, 0.2230318, -0.3728762, -0.5021063, 0.003428251, 0.2312357
 118927850, -0.3529226, -0.4833218, 0.001901038, 0.2165528, -0.3775798, -0.4787254, 0.001476102, 0.2230318
 119127949, -0.3290601, -0.4008448, 0.001420982, 0.2073789, -0.3529226, -0.4833218, 0.001901038, 0.2165528
 119327852, -0.5263135, -0.2254781, 0.001168162, 0.2005937, -0.3290601, -0.4008448, 0.001420982, 0.2073789
 119527836, -0.4981301, -0.232957, 0.00036484, 0.1948567, -0.5263135, -0.2254781, 0.001168162, 0.2005937
 119727848, -0.3532749, -0.2053978, -0.0002512559, 0.1851743, -0.4981301, -0.232957, 0.00036484, 0.1948567
 119927861, 0.1237559, 0.008415598, -0.002215534, 0.174462, -0.3532749, -0.2053978, -0.0002512559, 0.1851743
 120109204, 0.04787189, 0.04822338, -0.003005348, 0.1668367, 0.1237559, 0.008415598, -0.002215534, 0.174462
 120309376, 0.07736168, 0.06751622, -0.003328018, 0.1571448, 0.04787189, 0.04822338, -0.003005348, 0.1668367
 120509224, 0.2174086, 0.1454453, -0.001537345, 0.1505265, 0.07736168, 0.06751622, -0.003328018, 0.1571448
 120709183, 0.204744, 0.1241891, -0.0008897111, 0.140612, 0.2174086, 0.1454453, -0.001537345, 0.1505265
 120909240, 0.05844568, 0.117606, -0.001510441, 0.1302704, 0.204744, 0.1241891, -0.0008897111, 0.140612
 121109352, 0.04780423, 0.09209096, -0.001329035, 0.1227043, 0.05844568, 0.117606, -0.001510441, 0.1302704
 121327866, 0.07536779, -0.01557285, -0.001756057, 0.1117952, 0.04780423, 0.09209096, -0.001329035, 0.1227043
 121527833, -0.03422276, -0.0626419, -0.001915623, 0.1005324, 0.07536779, -0.01557285, -0.001756057, 0.1117952
 121727932, -0.3948001, -0.2145402, 0.0005376041, 0.09260293, -0.03422276, -0.0626419, -0.001915623, 0.1005324
 121927892, -0.2686925, -0.2140228, 0.0006451868, 0.08413334, -0.3948001, -0.2145402, 0.0005376041, 0.09260293
 122127853, -0.2664137, -0.18189, -0.000166975, 0.07544349, -0.2686925, -0.2140228, 0.0006451868, 0.08413334
 122327827, -0.3091925, -0.06264871, -0.001001704, 0.06759963, -0.2664137, -0.18189, -0.000166975, 0.07544349
 122527848, -0.5758786, 0.02224183, -0.002426084, 0.06522415, -0.3091925, -0.06264871, -0.001001704, 0.06759963
 122727946, -0.5581802, 0.0303418, -0.002172722, 0.05986065, -0.5758786, 0.02224183, -0.002426084, 0.06522415
 122909457, -0.5021321, 0.05872129, -0.00263199, 0.05030253, -0.5581802, 0.0303418, -0.002172722, 0.05986065
 123109728, -0.448727, 0.08452946, -0.003324896, 0.04447027, -0.5021321, 0.05872129, -0.00263199, 0.05030253
 123309707, -0.4556775, 0.09824252, -0.004379971, 0.03835956, -0.448727, 0.08452946, -0.003324896, 0.04447027
 123509742, -0.603602, 0.1346461, -0.005973045, 0.0424552, -0.4556775, 0.09824252, -0.004379971, 0.03835956
 123709726, -0.9129035, 0.1098913, -0.0056048, 0.06269965, -0.603602, 0.1346461, -0.005973045, 0.0424552
 123909788, -0.6598282, 0.06025627, -0.003199663, 0.04900944, -0.9129035, 0.1098913, -0.0056048, 0.06269965
 124109779, -0.643042, 0.06434795, -0.003682289, 0.04831923, -0.6598282, 0.06025627, -0.003199663, 0.04900944
 124328233, 0.003017561, -0.01650854, 6.813044E-05, 0.01373237, -0.643042, 0.06434795, -0.003682289, 0.04831923
 124528335, -0.003705627, -0.006527685, 8.842396E-05, 0.01377767, 0.003017561, -0.01650854, 6.813044E-05, 0.01373237
 124728219, -0.003423092, -0.006104619, 9.268755E-05, 0.01356478, -0.003705627, -0.006527685, 8.842396E-05, 0.01377767
 124928228, -0.005250609, -0.005804269, 8.19047E-05, 0.0138404, -0.003423092, -0.006104619, 9.268755E-05, 0.01356478
 125128099, -0.004033593, -0.005786698, 7.669441E-05, 0.01387786, -0.005250609, -0.005804269, 8.19047E-05, 0.0138404
 125328060, -0.003766357, -0.005495825, 5.788449E-05, 0.01378429, -0.004033593, -0.005786698, 7.669441E-05, 0.01387786
 125509138, -0.006936504, -0.01209307, 5.559763E-05, 0.01375138, -0.003766357, -0.005495825, 5.788449E-05, 0.01378429
 125728006, -0.0077953, -0.01081236, 3.428478E-05, 0.01409232, -0.006936504, -0.01209307, 5.559763E-05, 0.01375138
 125928159, -0.007994324, -0.009031098, -7.729977E-07, 0.01415596, -0.0077953, -0.01081236, 3.428478E-05, 0.01409232
 126109004, 0.00069005, -0.001625949, -5.139178E-05, 0.01414274, -0.007994324, -0.009031098, -7.729977E-07, 0.01415596
 126308993, 0.0002119066, -0.001466811, -8.425443E-05, 0.01383027, 0.00069005, -0.001625949, -5.139178E-05, 0.01414274
 126509121, -0.0002117334, -0.001807256, -0.0001162402, 0.01390504, 0.0002119066, -0.001466811, -8.425443E-05, 0.01383027
 126728035, -0.003661809, -0.005453507, -0.0001399131, 0.0139681, -0.0002117334, -0.001807256, -0.0001162402, 0.01390504
 126909024, -0.003683865, -0.005620586, -0.0001641302, 0.01409664, -0.003661809, -0.005453507, -0.0001399131, 0.0139681
 127108934, -0.003535647, -0.005485201, -0.0001879074, 0.01359988, -0.003683865, -0.005620586, -0.0001641302, 0.01409664
 127309004, -0.003193882, -0.006131193, -0.0002192394, 0.01400539, -0.003535647, -0.005485201, -0.0001879074, 0.01359988
 127509003, -0.004479025, -0.005748348, -0.0002515339, 0.01412021, -0.003193882, -0.006131193, -0.0002192394, 0.01400539
 127708978, -0.00403595, -0.005438974, -0.0002849153, 0.01414603, -0.004479025, -0.005748348, -0.0002515339, 0.01412021
 127909031, -0.003077764, -0.00533515, -0.0003083716, 0.01378373, -0.00403595, -0.005438974, -0.0002849153, 0.01414603
 128108838, -0.00363679, -0.006048095, -0.0003486746, 0.01453908, -0.003077764, -0.00533515, -0.0003083716, 0.01378373
 128327910, -0.003354121, -0.006318884, -0.0003829165, 0.0146073, -0.00363679, -0.006048095, -0.0003486746, 0.01453908
 128527924, -0.003877839, -0.006157456, -0.0004326031, 0.01522728, -0.003354121, -0.006318884, -0.0003829165, 0.0146073
 128727927, -0.003327573, -0.00591074, -0.000427661, 0.0140441, -0.003877839, -0.006157456, -0.0004326031, 0.01522728
 128927929, -0.008349127, -0.00241257, -0.0004690364, 0.01459273, -0.003327573, -0.00591074, -0.000427661, 0.0140441
 129127982, -0.007624066, -0.002127946, -0.0004886203, 0.01423848, -0.008349127, -0.00241257, -0.0004690364, 0.01459273
 129327943, -0.003054224, -0.006551806, -0.0005154051, 0.01416504, -0.007624066, -0.002127946, -0.0004886203, 0.01423848
 129508904, -0.003405057, -0.006148175, -0.0005305973, 0.01397283, -0.003054224, -0.006551806, -0.0005154051, 0.01416504
 129708964, -0.003177359, -0.005999957, -0.0005420884, 0.01354539, -0.003405057, -0.006148175, -0.0005305973, 0.01397283
 129908948, 0.001624529, -0.01026249, -0.0005766493, 0.01357802, -0.003177359, -0.005999957, -0.0005420884, 0.01354539
 130109007, 0.0005922453, -0.009611617, -0.0006216653, 0.0140342, 0.001624529, -0.01026249, -0.0005766493, 0.01357802
 130308844, 0.001140736, -0.0100463, -0.0006492203, 0.01394867, 0.0005922453, -0.009611617, -0.0006216653, 0.0140342
 130508984, -0.003467194, -0.00600933, -0.0006619943, 0.01395672, 0.001140736, -0.0100463, -0.0006492203, 0.01394867
 130708873, -0.003115238, -0.006327461, -0.0006899014, 0.01395002, -0.003467194, -0.00600933, -0.0006619943, 0.01395672
 130927948, -0.00330445, -0.006690405, -0.0007587299, 0.01473228, -0.003115238, -0.006327461, -0.0006899014, 0.01395002
 131127949, -0.007484122, -0.002868447, -0.0007749535, 0.01446815, -0.00330445, -0.006690405, -0.0007587299, 0.01473228
 131327876, 0.001380953, -0.01045954, -0.0007916391, 0.01416926, -0.007484122, -0.002868447, -0.0007749535, 0.01446815
 131527961, 0.00135773, -0.01029546, -0.0008095903, 0.01397269, 0.001380953, -0.01045954, -0.0007916391, 0.01416926
 131728051, 0.0006091055, -0.009705732, -0.0008416343, 0.01410491, 0.00135773, -0.01029546, -0.0008095903, 0.01397269
 131908036, -0.0118617, 0.00137859, -0.0008571078, 0.01388578, 0.0006091055, -0.009705732, -0.0008416343, 0.01410491
 132107991, -0.01157759, 0.0009842934, -0.0008923472, 0.01404246, -0.0118617, 0.00137859, -0.0008571078, 0.01388578
 132307893, -0.01208332, 0.001382577, -0.0009282953, 0.01412261, -0.01157759, 0.0009842934, -0.0008923472, 0.01404246
 132507967, -0.01153825, 0.001070609, -0.0009293566, 0.0138262, -0.01208332, 0.001382577, -0.0009282953, 0.01412261
 132707922, -0.01147755, 0.0008171019, -0.0009714602, 0.01407397, -0.01153825, 0.001070609, -0.0009293566, 0.0138262
 132907973, -0.01254473, 0.0009889002, -0.001074236, 0.01515487, -0.01147755, 0.0008171019, -0.0009714602, 0.01407397
 133107956, -0.003857411, -0.007006628, -0.001033268, 0.01450804, -0.01254473, 0.0009889002, -0.001074236, 0.01515487
 133307922, -0.003650607, -0.007115547, -0.001075726, 0.0146974, -0.003857411, -0.007006628, -0.001033268, 0.01450804
 133527958, -0.003152196, -0.006723963, -0.001083138, 0.01438817, -0.003650607, -0.007115547, -0.001075726, 0.0146974
 133727934, 0.005755834, -0.01413184, -0.001111754, 0.01399542, -0.003152196, -0.006723963, -0.001083138, 0.01438817
 133927889, 0.001744043, -0.01069237, -0.001116696, 0.0140771, 0.005755834, -0.01413184, -0.001111754, 0.01399542
 134127960, 0.001227782, -0.01025653, -0.001143781, 0.01411016, 0.001744043, -0.01069237, -0.001116696, 0.0140771
 134327956, -0.0031273, -0.006395667, -0.001142625, 0.01387082, 0.001227782, -0.01025653, -0.001143781, 0.01411016
 134527934, 0.001335512, -0.01022423, -0.001186746, 0.01404166, -0.0031273, -0.006395667, -0.001142625, 0.01387082
 134727936, 0.001178727, -0.01000538, -0.001200592, 0.01391984, 0.001335512, -0.01022423, -0.001186746, 0.01404166
 134927889, -0.003287004, -0.006517791, -0.001251301, 0.01432421, 0.001178727, -0.01000538, -0.001200592, 0.01391984
 135127937, -0.003738563, -0.006248069, -0.001283543, 0.01446039, -0.003287004, -0.006517791, -0.001251301, 0.01432421
 135307941, -0.003241563, -0.00627001, -0.001256672, 0.01385503, -0.003738563, -0.006248069, -0.001283543, 0.01446039
 135508032, -0.002813685, -0.006697228, -0.001291799, 0.01402076, -0.003241563, -0.00627001, -0.001256672, 0.01385503
 135707982, -0.003126993, -0.006454058, -0.001322058, 0.01407853, -0.002813685, -0.006697228, -0.001291799, 0.01402076
 135908037, -0.002800017, -0.006727959, -0.001346369, 0.01408842, -0.003126993, -0.006454058, -0.001322058, 0.01407853
 136107946, 0.00144612, -0.01007877, -0.001352379, 0.01386268, -0.002800017, -0.006727959, -0.001346369, 0.01408842
 136307907, 0.001301026, -0.01005199, -0.001395098, 0.01404108, 0.00144612, -0.01007877, -0.001352379, 0.01386268
 136527879, 0.001335132, -0.01007786, -0.001425311, 0.01408249, 0.001301026, -0.01005199, -0.001395098, 0.01404108
 136727936, -0.003364454, -0.006018369, -0.001416735, 0.01385122, 0.001335132, -0.01007786, -0.001425311, 0.01408249
 136927957, -0.00329468, -0.006890156, -0.00157291, 0.01511357, -0.003364454, -0.006018369, -0.001416735, 0.01385122
 137107997, -0.001883265, -0.007887835, -0.00157142, 0.01489968, -0.00329468, -0.006890156, -0.00157291, 0.01511357
 137307990, -0.003070541, -0.006570587, -0.001537082, 0.01433579, -0.001883265, -0.007887835, -0.00157142, 0.01489968
 137527916, -0.002961549, -0.006533124, -0.001539855, 0.01412488, -0.003070541, -0.006570587, -0.001537082, 0.01433579
 137727936, 0.001703526, -0.01021609, -0.001565256, 0.01409553, -0.002961549, -0.006533124, -0.001539855, 0.01412488
 137927932, 0.001231575, -0.009648352, -0.001555575, 0.01382943, 0.001703526, -0.01021609, -0.001565256, 0.01409553
 138127948, -0.002882428, -0.006515066, -0.001588013, 0.01396783, 0.001231575, -0.009648352, -0.001555575, 0.01382943
 138327934, -0.003528013, -0.00643246, -0.001695893, 0.01474063, -0.002882428, -0.006515066, -0.001588013, 0.01396783
 138507951, -0.002996776, -0.006733392, -0.001700923, 0.01456183, -0.003528013, -0.00643246, -0.001695893, 0.01474063
 138707940, -0.00787711, -0.003067121, -0.001751916, 0.01482374, -0.002996776, -0.006733392, -0.001700923, 0.01456183
 138927986, -0.007209742, -0.003606902, -0.001776859, 0.01483849, -0.00787711, -0.003067121, -0.001751916, 0.01482374
 139127891, -0.007120791, -0.003000829, -0.001672572, 0.013762, -0.007209742, -0.003606902, -0.001776859, 0.01483849
 139327918, -0.002702879, -0.006477894, -0.001709811, 0.01387896, -0.007120791, -0.003000829, -0.001672572, 0.013762
 139507948, -0.007708479, -0.003154593, -0.001836174, 0.01472305, -0.002702879, -0.006477894, -0.001709811, 0.01387896
 139707977, -0.00769978, -0.003412833, -0.001908714, 0.01511253, -0.007708479, -0.003154593, -0.001836174, 0.01472305
 139908001, -0.002724166, -0.006805166, -0.001830073, 0.01437443, -0.00769978, -0.003412833, -0.001908714, 0.01511253
 140127972, -0.002478001, -0.007228668, -0.001777534, 0.01379803, -0.002724166, -0.006805166, -0.001830073, 0.01437443
 140307970, -0.002460497, -0.006732712, -0.001822808, 0.01395459, -0.002478001, -0.007228668, -0.001777534, 0.01379803
