TimeUS,CGpN,CGpE,CGpD,CGpe,PGpN,PGpE,PGpD,PGpe
 8425795, 0, 0, 0, 0.01, 0, 0, 0, 0
 8606556, 0, 0, 0, 0.01, 0, 0, 0, 0.01
 8806476, 0, 0, 0, 0.01, 0, 0, 0, 0.01
 9006396, 0, 0, 0, 0.01, 0, 0, 0, 0.01
 9206316, 0, 0, 0, 0.01, 0, 0, 0, 0.01
 9406236, 0, 0, 0, 0.01, 0, 0, 0, 0.01
 9606156, 0, 0, 0, 0.01, 0, 0, 0, 0.01
 9806076, 0, 0, 0, 0.01, 0, 0, 0, 0.01
 10005996, 0, 0, 0, 0.01, 0, 0, 0, 0.01
 10205916, 0, 0, 0, 0.01, 0, 0, 0, 0.01
 10405836, 0, 0, 0, 0.01, 0, 0, 0, 0.01
 10606589, 0, 0, 0, 0.01, 0, 0, 0, 0.01
 10806509, 0, 0, 0, 0.01, 0, 0, 0, 0.01
 11006429, 0, 0, 0, 0.01, 0, 0, 0, 0.01
 11206349, 0, 0, 0, 0.01, 0, 0, 0, 0.01
 11406269, 0, 0, 0, 0.01, 0, 0, 0, 0.01
 11606189, 0, 0, 0, 0.01, 0, 0, 0, 0.01
 11806109, 0, 0, 0, 0.01, 0, 0, 0, 0.01
 12006029, 0, 0, 0, 0.01, 0, 0, 0, 0.01
 12205949, 0, 0, 0, 0.01, 0, 0, 0, 0.01
 12405869, 0, 0, 0, 0.01, 0, 0, 0, 0.01
 12605789, 0, 0, 0, 0.01, 0, 0, 0, 0.01
 12806542, 0, 0, 0, 0.01, 0, 0, 0, 0.01
 13006462, 0, 0, 0, 0.01, 0, 0, 0, 0.01
 13206382, 0, 0, 0, 0.01, 0, 0, 0, 0.01
 13406302, 0, 0, 0, 0.01, 0, 0, 0, 0.01
 13606222, 0, 0, 0, 0.01, 0, 0, 0, 0.01
 13806142, 0, 0, 0, 0.01, 0, 0, 0, 0.01
 14006062, 0, 0, 0, 0.01, 0, 0, 0, 0.01
 14205982, 0, 0, 0, 0.01, 0, 0, 0, 0.01
 14405902, 0, 0, 0, 0.01, 0, 0, 0, 0.01
 14605822, 0, 0, 0, 0.01, 0, 0, 0, 0.01
 14806575, 0, 0, 0, 0.01, 0, 0, 0, 0.01
 15006495, 0, 0, 0, 0.01, 0, 0, 0, 0.01
 15206415, 0, 0, 0, 0.01, 0, 0, 0, 0.01
 15406335, 0, 0, 0, 0.01, 0, 0, 0, 0.01
 15606255, 0, 0, 0, 0.01, 0, 0, 0, 0.01
 15806175, 0, 0, 0, 0.01, 0, 0, 0, 0.01
 16006095, 0, 0, 0, 0.01, 0, 0, 0, 0.01
 16206015, 0, 0, 0, 0.01, 0, 0, 0, 0.01
 16405935, 0, 0, 0, 0.01, 0, 0, 0, 0.01
 16605855, 0, 0, 0, 0.01, 0, 0, 0, 0.01
 16805775, 0, 0, 0, 0.01, 0, 0, 0, 0.01
 17006528, 0, 0, 0, 0.01, 0, 0, 0, 0.01
 17206448, 0, 0, 0, 0.01, 0, 0, 0, 0.01
 17406368, 0, 0, 0, 0.01, 0, 0, 0, 0.01
 17606288, 0, 0, 0, 0.01, 0, 0, 0, 0.01
 17806208, 0, 0, 0, 0.01, 0, 0, 0, 0.01
 18006128, 0, 0, 0, 0.01, 0, 0, 0, 0.01
 18206048, 0, 0, 0, 0.01, 0, 0, 0, 0.01
 18405968, 0, 0, 0, 0.01, 0, 0, 0, 0.01
 18605888, 0, 0, 0, 0.01, 0, 0, 0, 0.01
 18805808, 0, 0, 0, 0.01, 0, 0, 0, 0.01
 19006561, 0, 0, 0, 0.01, 0, 0, 0, 0.01
 19206481, 0, 0, 0, 0.01, 0, 0, 0, 0.01
 19406401, 0, 0, 0, 0.01, 0, 0, 0, 0.01
 19606321, 0, 0, 0, 0.01, 0, 0, 0, 0.01
 19806241, 0, 0, 0, 0.01, 0, 0, 0, 0.01
 20006161, 0, 0, 0, 0.01, 0, 0, 0, 0.01
 20206081, 0, 0, 0, 0.01, 0, 0, 0, 0.01
 20406001, 0, 0, 0, 0.01, 0, 0, 0, 0.01
 20605921, 0, 0, 0, 0.01, 0, 0, 0, 0.01
 20805841, 0, 0, 0, 0.01, 0, 0, 0, 0.01
 21005761, 0, 0, 0, 0.01, 0, 0, 0, 0.01
 21206514, 0, 0, 0, 0.01, 0, 0, 0, 0.01
 21406434, 0, 0, 0, 0.01, 0, 0, 0, 0.01
 21606354, 0, 0, 0, 0.01, 0, 0, 0, 0.01
 21806274, 0, 0, 0, 0.01, 0, 0, 0, 0.01
 22006194, 0, 0, 0, 0.01, 0, 0, 0, 0.01
 22206114, 0, 0, 0, 0.01, 0, 0, 0, 0.01
 22406034, 0, 0, 0, 0.01, 0, 0, 0, 0.01
 22605954, 0, 0, 0, 0.01, 0, 0, 0, 0.01
 22805874, 0, 0, 0, 0.01, 0, 0, 0, 0.01
 23005794, 0, 0, 0, 0.01, 0, 0, 0, 0.01
 23206547, 0, 0, 0, 0.01, 0, 0, 0, 0.01
 23406467, 0, 0, 0, 0.01, 0, 0, 0, 0.01
 23606387, 0, 0, 0, 0.01, 0, 0, 0, 0.01
 23806307, 0, 0, 0, 0.01, 0, 0, 0, 0.01
 24006227, 0, 0, 0, 0.01, 0, 0, 0, 0.01
 24206147, 0, 0, 0, 0.01, 0, 0, 0, 0.01
 24406067, 0, 0, 0, 0.01, 0, 0, 0, 0.01
 24605987, 0, 0, 0, 0.01, 0, 0, 0, 0.01
 24805907, 0, 0, 0, 0.01, 0, 0, 0, 0.01
 25005827, 0, 0, 0, 0.01, 0, 0, 0, 0.01
 25206580, 0, 0, 0, 0.01, 0, 0, 0, 0.01
 25406500, 0, 0, 0, 0.01, 0, 0, 0, 0.01
 25606420, 0, 0, 0, 0.01, 0, 0, 0, 0.01
 25806340, 0, 0, 0, 0.01, 0, 0, 0, 0.01
 26006260, 0, 0, 0, 0.01, 0, 0, 0, 0.01
 26206180, 0, 0, 0, 0.01, 0, 0, 0, 0.01
 26406100, 0, 0, 0, 0.01, 0, 0, 0, 0.01
 26606020, 0, 0, 0, 0.01, 0, 0, 0, 0.01
 26805940, 0, 0, 0, 0.01, 0, 0, 0, 0.01
 27005860, 0, 0, 0, 0.01, 0, 0, 0, 0.01
 27205780, 0, 0, 0, 0.01, 0, 0, 0, 0.01
 27406533, 0, 0, 0, 0.01, 0, 0, 0, 0.01
 27606453, 0, 0, 0, 0.01, 0, 0, 0, 0.01
 27806373, 0, 0, 0, 0.01, 0, 0, 0, 0.01
 28006293, 0, 0, 0, 0.01, 0, 0, 0, 0.01
 28206213, 0, 0, 0, 0.01, 0, 0, 0, 0.01
 28406133, 0, 0, 0, 0.01, 0, 0, 0, 0.01
 28606053, 0, 0, 0, 0.01, 0, 0, 0, 0.01
 28805973, 0, 0, 0, 0.01, 0, 0, 0, 0.01
 29005893, 0, 0, 0, 0.01, 0, 0, 0, 0.01
 29205813, 0, 0, 0, 0.01, 0, 0, 0, 0.01
 29406566, 0, 0, 0, 0.01, 0, 0, 0, 0.01
 29606486, 0, 0, 0, 0.01, 0, 0, 0, 0.01
 29806406, 0, 0, 0, 0.01, 0, 0, 0, 0.01
 30006326, 0, 0, 0, 0.01, 0, 0, 0, 0.01
 30206246, 0, 0, 0, 0.01, 0, 0, 0, 0.01
 30406166, 0, 0, 0, 0.01, 0, 0, 0, 0.01
 30606086, 0, 0, 0, 0.01, 0, 0, 0, 0.01
 30806006, 0, 0, 0, 0.01, 0, 0, 0, 0.01
 31005926, 0, 0, 0, 0.01, 0, 0, 0, 0.01
 31205846, 0, 0, 0, 0.01, 0, 0, 0, 0.01
 31405766, 0, 0, 0, 0.01, 0, 0, 0, 0.01
 31606519, 0, 0, 0, 0.01, 0, 0, 0, 0.01
 31806439, 0, 0, 0, 0.01, 0, 0, 0, 0.01
 32006359, 0, 0, 0, 0.01, 0, 0, 0, 0.01
 32206279, 0, 0, 0, 0.01, 0, 0, 0, 0.01
 32406199, 0, 0, 0, 0.01, 0, 0, 0, 0.01
 32606119, 0, 0, 0, 0.01, 0, 0, 0, 0.01
 32806039, 0, 0, 0, 0.01, 0, 0, 0, 0.01
 33005959, 0, 0, 0, 0.01, 0, 0, 0, 0.01
 33205879, 0, 0, 0, 0.01, 0, 0, 0, 0.01
 33405799, 0, 0, 0, 0.01, 0, 0, 0, 0.01
 33606552, 0, 0, 0, 0.01, 0, 0, 0, 0.01
 33806472, 0, 0, 0, 0.01, 0, 0, 0, 0.01
 34006392, 0, 0, 0, 0.01, 0, 0, 0, 0.01
 34206312, 0, 0, 0, 0.01, 0, 0, 0, 0.01
 34406232, 0, 0, 0, 0.01, 0, 0, 0, 0.01
 34606152, 0, 0, 0, 0.01, 0, 0, 0, 0.01
 34806072, 0, 0, 0, 0.01, 0, 0, 0, 0.01
 35005992, 0, 0, 0, 0.01, 0, 0, 0, 0.01
 35205912, 0, 0, 0, 0.01, 0, 0, 0, 0.01
 35405832, 0, 0, 0, 0.01, 0, 0, 0, 0.01
 35606585, 0, 0, 0, 0.01, 0, 0, 0, 0.01
 35806505, 0, 0, 0, 0.01, 0, 0, 0, 0.01
 36006425, 0, 0, 0, 0.01, 0, 0, 0, 0.01
 36206345, 0, 0, 0, 0.01, 0, 0, 0, 0.01
 36406265, 0, 0, 0, 0.01, 0, 0, 0, 0.01
 36606185, 0, 0, 0, 0.01, 0, 0, 0, 0.01
 36806105, 0, 0, 0, 0.01, 0, 0, 0, 0.01
 37006025, 0, 0, 0, 0.01, 0, 0, 0, 0.01
 37205945, 0, 0, 0, 0.01, 0, 0, 0, 0.01
 37405865, 0, 0, 0, 0.01, 0, 0, 0, 0.01
 37605785, 0, 0, 0, 0.01, 0, 0, 0, 0.01
 37806538, 0, 0, 0, 0.01, 0, 0, 0, 0.01
 38006458, 0, 0, 0, 0.01, 0, 0, 0, 0.01
 38206378, 0, 0, 0, 0.01, 0, 0, 0, 0.01
 38406298, 0, 0, 0, 0.01, 0, 0, 0, 0.01
 38606218, 0, 0, 0, 0.01, 0, 0, 0, 0.01
 38806138, 0, 0, 0, 0.01, 0, 0, 0, 0.01
 39006058, 0, 0, 0, 0.01, 0, 0, 0, 0.01
 39205978, 0, 0, 0, 0.01, 0, 0, 0, 0.01
 39405898, 0, 0, 0, 0.01, 0, 0, 0, 0.01
 39605818, 0, 0, 0, 0.01, 0, 0, 0, 0.01
 39806571, 0, 0, 0, 0.01, 0, 0, 0, 0.01
 40006491, 0, 0, 0, 0.01, 0, 0, 0, 0.01
 40206411, 0, 0, 0, 0.01, 0, 0, 0, 0.01
 40406331, 0, 0, 0, 0.01, 0, 0, 0, 0.01
 40606251, 0, 0, 0, 0.01, 0, 0, 0, 0.01
 40806171, 0, 0, 0, 0.01, 0, 0, 0, 0.01
 41006091, 0, 0, 0, 0.01, 0, 0, 0, 0.01
 41206011, 0, 0, 0, 0.01, 0, 0, 0, 0.01
 41405931, 0, 0, 0, 0.01, 0, 0, 0, 0.01
 41605851, 0, 0, 0, 0.01, 0, 0, 0, 0.01
 41805771, 0, 0, 0, 0.01, 0, 0, 0, 0.01
 42006524, 0, 0, 0, 0.01, 0, 0, 0, 0.01
 42206444, 0, 0, 0, 0.01, 0, 0, 0, 0.01
 42406364, 0, 0, 0, 0.01, 0, 0, 0, 0.01
 42606284, 0, 0, 0, 0.01, 0, 0, 0, 0.01
 42806204, 0, 0, 0, 0.01, 0, 0, 0, 0.01
 43006124, 0, 0, 0, 0.01, 0, 0, 0, 0.01
 43206044, 0, 0, 0, 0.01, 0, 0, 0, 0.01
 43405964, 0, 0, 0, 0.01, 0, 0, 0, 0.01
 43605884, 0, 0, 0, 0.01, 0, 0, 0, 0.01
 43805804, 0, 0, 0, 0.01, 0, 0, 0, 0.01
 44006557, 0, 0, 0, 0.01, 0, 0, 0, 0.01
 44206477, 0, 0, 0, 0.01, 0, 0, 0, 0.01
 44406397, 0, 0, 0, 0.01, 0, 0, 0, 0.01
 44606317, 0, 0, 0, 0.01, 0, 0, 0, 0.01
 44806237, 0, 0, 0, 0.01, 0, 0, 0, 0.01
 45006157, 0, 0, 0, 0.01, 0, 0, 0, 0.01
 45206077, 0, 0, 0, 0.01, 0, 0, 0, 0.01
 45405997, 0, 0, 0, 0.01, 0, 0, 0, 0.01
 45605917, 0, 0, 0, 0.01, 0, 0, 0, 0.01
 45805837, 0, 0, 0, 0.01, 0, 0, 0, 0.01
 46006590, 0, 0, 0, 0.01, 0, 0, 0, 0.01
 46206510, 0, 0, 0, 0.01, 0, 0, 0, 0.01
 46406430, 0, 0, 0, 0.01, 0, 0, 0, 0.01
 46606350, 0, 0, -0.043, 0.01, 0, 0, 0, 0.01
 46806270, 0, 0, -0.683, 0.01, 0, 0, -0.043, 0.01
 47006190, -0.001, -0.001, -1.679, 0.01, 0, 0, -0.683, 0.01
 47206110, -0.007, -0.008, -3.118, 0.01, -0.001, -0.001, -1.679, 0.01
 47406030, -0.015, -0.016, -3.907, 0.01, -0.007, -0.008, -3.118, 0.01
 47605950, -0.023, -0.024, -4.572, 0.01, -0.015, -0.016, -3.907, 0.01
 47805870, -0.03, -0.033, -5.21, 0.01, -0.023, -0.024, -4.572, 0.01
 48005790, -0.036, -0.041, -5.749, 0.01, -0.03, -0.033, -5.21, 0.01
 48206543, -0.042, -0.048, -6.196, 0.01, -0.036, -0.041, -5.749, 0.01
 48406463, -0.046, -0.054, -6.567, 0.01, -0.042, -0.048, -6.196, 0.01
 48606383, -0.051, -0.057, -6.876, 0.01, -0.046, -0.054, -6.567, 0.01
 48806303, -0.056, -0.059, -7.131001, 0.01, -0.051, -0.057, -6.876, 0.01
 49006223, -0.06, -0.06, -6.811, 0.01, -0.056, -0.059, -7.131001, 0.01
 49206143, -0.061, -0.06, -6.164001, 0.01, -0.06, -0.06, -6.811, 0.01
 49406063, -0.063, -0.061, -5.617, 0.01, -0.061, -0.06, -6.164001, 0.01
 49605983, -0.064, -0.063, -5.148, 0.01, -0.063, -0.061, -5.617, 0.01
 49805903, -0.066, -0.06500001, -4.743, 0.01, -0.064, -0.063, -5.148, 0.01
 50005823, -0.068, -0.068, -4.392, 0.01, -0.066, -0.06500001, -4.743, 0.01
 50206576, -0.06900001, -0.071, -4.083, 0.01, -0.068, -0.068, -4.392, 0.01
 50406496, -0.06900001, -0.072, -3.192, 0.01, -0.06900001, -0.071, -4.083, 0.01
 50606416, -0.06, -0.066, -2.295, 0.01, -0.06900001, -0.072, -3.192, 0.01
 50806336, -0.021, -0.053, -1.677, 0.01, -0.06, -0.066, -2.295, 0.01
 51006256, 0.051, -0.036, -1.23, 0.01, -0.021, -0.053, -1.677, 0.01
 51206176, 0.152, -0.017, -0.8790001, 0.01, 0.051, -0.036, -1.23, 0.01
 51406096, 0.275, 0.001, -0.599, 0.01, 0.152, -0.017, -0.8790001, 0.01
 51606016, 0.42, 0.024, -0.385, 0.01, 0.275, 0.001, -0.599, 0.01
 51805936, 0.586, 0.047, -0.228, 0.01, 0.42, 0.024, -0.385, 0.01
 52005856, 0.7730001, 0.072, -0.116, 0.01, 0.586, 0.047, -0.228, 0.01
 52205776, 0.9810001, 0.098, -0.036, 0.01, 0.7730001, 0.072, -0.116, 0.01
 52406529, 1.215, 0.127, 0.023, 0.01, 0.9810001, 0.098, -0.036, 0.01
 52606449, 1.473, 0.159, 0.07, 0.01, 1.215, 0.127, 0.023, 0.01
 52806369, 1.755, 0.196, 0.115, 0.01, 1.473, 0.159, 0.07, 0.01
 53006289, 2.061, 0.239, 0.16, 0.01, 1.755, 0.196, 0.115, 0.01
 53206209, 2.395, 0.282, 0.208, 0.01, 2.061, 0.239, 0.16, 0.01
 53406129, 2.76, 0.325, 0.256, 0.01, 2.395, 0.282, 0.208, 0.01
 53606049, 3.156, 0.367, 0.304, 0.01, 2.76, 0.325, 0.256, 0.01
 53805969, 3.568, 0.411, 0.349, 0.01, 3.156, 0.367, 0.304, 0.01
 54005889, 3.977, 0.458, 0.392, 0.01, 3.568, 0.411, 0.349, 0.01
 54205809, 4.385, 0.511, 0.434, 0.01, 3.977, 0.458, 0.392, 0.01
 54406562, 4.801, 0.571, 0.474, 0.01, 4.385, 0.511, 0.434, 0.01
 54606482, 5.222, 0.6350001, 0.514, 0.01, 4.801, 0.571, 0.474, 0.01
 54806402, 5.647, 0.696, 0.552, 0.01, 5.222, 0.6350001, 0.514, 0.01
 55006322, 6.075, 0.752, 0.589, 0.01, 5.647, 0.696, 0.552, 0.01
 55206242, 6.504, 0.802, 0.625, 0.01, 6.075, 0.752, 0.589, 0.01
 55406162, 6.921, 0.848, 0.6580001, 0.01, 6.504, 0.802, 0.625, 0.01
 55606082, 7.306, 0.8930001, 0.687, 0.01, 6.921, 0.848, 0.6580001, 0.01
 55806002, 7.658, 0.9350001, 0.714, 0.01, 7.306, 0.8930001, 0.687, 0.01
 56005922, 7.973001, 0.9720001, 0.7360001, 0.01, 7.658, 0.9350001, 0.714, 0.01
 56205842, 8.248, 1.005, 0.7550001, 0.01, 7.973001, 0.9720001, 0.7360001, 0.01
 56405762, 8.487, 1.033, 0.77, 0.01, 8.248, 1.005, 0.7550001, 0.01
 56606515, 8.695001, 1.057, 0.7820001, 0.01, 8.487, 1.033, 0.77, 0.01
 56806435, 8.873, 1.077, 0.788, 0.01, 8.695001, 1.057, 0.7820001, 0.01
 57006355, 9.025001, 1.098, 0.7920001, 0.01, 8.873, 1.077, 0.788, 0.01
 57206275, 9.153001, 1.119, 0.7920001, 0.01, 9.025001, 1.098, 0.7920001, 0.01
 57406195, 9.262, 1.132, 0.789, 0.01, 9.153001, 1.119, 0.7920001, 0.01
 57606115, 9.345, 1.133, 0.7820001, 0.01, 9.262, 1.132, 0.789, 0.01
 57806035, 9.401, 1.128, 0.774, 0.01, 9.345, 1.133, 0.7820001, 0.01
 58005955, 9.437, 1.122, 0.767, 0.01, 9.401, 1.128, 0.774, 0.01
 58205875, 9.466001, 1.118, 0.762, 0.01, 9.437, 1.122, 0.767, 0.01
 58405795, 9.494, 1.116, 0.758, 0.01, 9.466001, 1.118, 0.762, 0.01
 58606548, 9.521001, 1.108, 0.754, 0.01, 9.494, 1.116, 0.758, 0.01
 58806468, 9.546, 1.093, 0.7500001, 0.01, 9.521001, 1.108, 0.754, 0.01
 59006388, 9.565001, 1.075, 0.747, 0.01, 9.546, 1.093, 0.7500001, 0.01
 59206308, 9.580001, 1.059, 0.7460001, 0.01, 9.565001, 1.075, 0.747, 0.01
 59406228, 9.595, 1.048, 0.749, 0.01, 9.580001, 1.059, 0.7460001, 0.01
 59606148, 9.610001, 1.044, 0.752, 0.01, 9.595, 1.048, 0.749, 0.01
 59806068, 9.626, 1.043, 0.757, 0.01, 9.610001, 1.044, 0.752, 0.01
 60005988, 9.642, 1.043, 0.762, 0.01, 9.626, 1.043, 0.757, 0.01
 60205908, 9.660001, 1.047, 0.768, 0.01, 9.642, 1.043, 0.762, 0.01
 60405828, 9.672001, 1.055, 0.7730001, 0.01, 9.660001, 1.047, 0.768, 0.01
 60606581, 9.682, 1.068, 0.779, 0.01, 9.672001, 1.055, 0.7730001, 0.01
 60806501, 9.694, 1.086, 0.785, 0.01, 9.682, 1.068, 0.779, 0.01
 61006421, 9.701, 1.108, 0.789, 0.01, 9.694, 1.086, 0.785, 0.01
 61206341, 9.708, 1.123, 0.794, 0.01, 9.701, 1.108, 0.789, 0.01
 61406261, 9.714001, 1.128, 0.798, 0.01, 9.708, 1.123, 0.794, 0.01
 61606181, 9.722, 1.13, 0.8010001, 0.01, 9.714001, 1.128, 0.798, 0.01
 61806101, 9.73, 1.13, 0.8050001, 0.01, 9.722, 1.13, 0.8010001, 0.01
 62006021, 9.740001, 1.131, 0.808, 0.01, 9.73, 1.13, 0.8050001, 0.01
 62205941, 9.753, 1.134, 0.811, 0.01, 9.740001, 1.131, 0.808, 0.01
 62405861, 9.765, 1.136, 0.813, 0.01, 9.753, 1.134, 0.811, 0.01
 62605781, 9.773001, 1.137, 0.816, 0.01, 9.765, 1.136, 0.813, 0.01
 62806534, 9.782001, 1.138, 0.8190001, 0.01, 9.773001, 1.137, 0.816, 0.01
 63006454, 9.793, 1.141, 0.821, 0.01, 9.782001, 1.138, 0.8190001, 0.01
 63206374, 9.803, 1.147, 0.823, 0.01, 9.793, 1.141, 0.821, 0.01
 63406294, 9.811001, 1.156, 0.825, 0.01, 9.803, 1.147, 0.823, 0.01
 63606214, 9.820001, 1.169, 0.827, 0.01, 9.811001, 1.156, 0.825, 0.01
 63806134, 9.829, 1.175, 0.8290001, 0.01, 9.820001, 1.169, 0.827, 0.01
 64006054, 9.84, 1.173, 0.83, 0.01, 9.829, 1.175, 0.8290001, 0.01
 64205974, 9.851001, 1.161, 0.827, 0.01, 9.84, 1.173, 0.83, 0.01
 64405894, 9.861, 1.145, 0.821, 0.01, 9.851001, 1.161, 0.827, 0.01
 64605814, 9.872001, 1.124, 0.8100001, 0.01, 9.861, 1.145, 0.821, 0.01
 64806567, 9.884001, 1.093, 0.7960001, 0.01, 9.872001, 1.124, 0.8100001, 0.01
 65006487, 9.897, 1.051, 0.7780001, 0.01, 9.884001, 1.093, 0.7960001, 0.01
 65206407, 9.908001, 1.004, 0.756, 0.01, 9.897, 1.051, 0.7780001, 0.01
 65406327, 9.916, 0.9540001, 0.73, 0.01, 9.908001, 1.004, 0.756, 0.01
 65606247, 9.924001, 0.904, 0.702, 0.01, 9.916, 0.9540001, 0.73, 0.01
 65806167, 9.934, 0.8570001, 0.669, 0.01, 9.924001, 0.904, 0.702, 0.01
 66006087, 9.944, 0.807, 0.632, 0.01, 9.934, 0.8570001, 0.669, 0.01
 66206007, 9.953, 0.754, 0.592, 0.01, 9.944, 0.807, 0.632, 0.01
 66405927, 9.962001, 0.6990001, 0.548, 0.01, 9.953, 0.754, 0.592, 0.01
 66605847, 9.967, 0.647, 0.502, 0.01, 9.962001, 0.6990001, 0.548, 0.01
 66805767, 9.969001, 0.6, 0.457, 0.01, 9.967, 0.647, 0.502, 0.01
 67006520, 9.973001, 0.557, 0.411, 0.01, 9.969001, 0.6, 0.457, 0.01
 67206440, 9.979, 0.516, 0.366, 0.01, 9.973001, 0.557, 0.411, 0.01
 67406360, 9.986, 0.478, 0.321, 0.01, 9.979, 0.516, 0.366, 0.01
 67606280, 9.994, 0.441, 0.277, 0.01, 9.986, 0.478, 0.321, 0.01
 67806200, 10.005, 0.403, 0.233, 0.01, 9.994, 0.441, 0.277, 0.01
 68006120, 10.015, 0.355, 0.192, 0.01, 10.005, 0.403, 0.233, 0.01
 68206040, 10.024, 0.296, 0.154, 0.01, 10.015, 0.355, 0.192, 0.01
 68405960, 10.032, 0.234, 0.12, 0.01, 10.024, 0.296, 0.154, 0.01
 68605880, 10.035, 0.171, 0.09, 0.01, 10.032, 0.234, 0.12, 0.01
 68805800, 10.034, 0.111, 0.064, 0.01, 10.035, 0.171, 0.09, 0.01
 69006553, 10.033, 0.058, 0.042, 0.01, 10.034, 0.111, 0.064, 0.01
 69206473, 10.03, 0.012, 0.023, 0.01, 10.033, 0.058, 0.042, 0.01
 69406393, 10.022, -0.024, 0.008, 0.01, 10.03, 0.012, 0.023, 0.01
 69606313, 10.012, -0.052, -0.003, 0.01, 10.022, -0.024, 0.008, 0.01
 69806233, 10.003, -0.072, -0.01, 0.01, 10.012, -0.052, -0.003, 0.01
 70006153, 9.994, -0.08400001, -0.015, 0.01, 10.003, -0.072, -0.01, 0.01
 70206073, 9.987, -0.08800001, -0.015, 0.01, 9.994, -0.08400001, -0.015, 0.01
 70405993, 9.984, -0.089, -0.012, 0.01, 9.987, -0.08800001, -0.015, 0.01
 70605913, 9.981001, -0.086, -0.009000001, 0.01, 9.984, -0.089, -0.012, 0.01
 70805833, 9.978001, -0.081, -0.005, 0.01, 9.981001, -0.086, -0.009000001, 0.01
 71006586, 9.977, -0.075, -0.003, 0.01, 9.978001, -0.081, -0.005, 0.01
 71206506, 9.978001, -0.067, -0.001, 0.01, 9.977, -0.075, -0.003, 0.01
 71406426, 9.978001, -0.059, 0, 0.01, 9.978001, -0.067, -0.001, 0.01
 71606346, 9.976001, -0.051, 0.001, 0.01, 9.978001, -0.059, 0, 0.01
 71806266, 9.975, -0.043, 0.003, 0.01, 9.976001, -0.051, 0.001, 0.01
 72006186, 9.975, -0.036, 0.004, 0.01, 9.975, -0.043, 0.003, 0.01
 72206106, 9.978001, -0.03, 0.005, 0.01, 9.975, -0.036, 0.004, 0.01
 72406026, 9.983001, -0.023, 0.006, 0.01, 9.978001, -0.03, 0.005, 0.01
 72605946, 9.990001, -0.017, 0.007, 0.01, 9.983001, -0.023, 0.006, 0.01
 72805866, 9.992001, -0.012, 0.007, 0.01, 9.990001, -0.017, 0.007, 0.01
 73005786, 9.991, -0.008, 0.007, 0.01, 9.992001, -0.012, 0.007, 0.01
 73206539, 9.990001, -0.004, 0.007, 0.01, 9.991, -0.008, 0.007, 0.01
 73406459, 9.987, -0.002, 0.008, 0.01, 9.990001, -0.004, 0.007, 0.01
 73606379, 9.983001, 0, 0.008, 0.01, 9.987, -0.002, 0.008, 0.01
 73806299, 9.98, 0, 0.008, 0.01, 9.983001, 0, 0.008, 0.01
 74006219, 9.978001, 0, 0.009000001, 0.01, 9.98, 0, 0.008, 0.01
 74206139, 9.978001, 0.001, 0.009000001, 0.01, 9.978001, 0, 0.009000001, 0.01
 74406059, 9.98, 0.002, 0.009000001, 0.01, 9.978001, 0.001, 0.009000001, 0.01
 74605979, 9.983001, 0.002, 0.008, 0.01, 9.98, 0.002, 0.009000001, 0.01
 74805899, 9.985001, 0.001, 0.009000001, 0.01, 9.983001, 0.002, 0.008, 0.01
 75005819, 9.985001, 0, 0.009000001, 0.01, 9.985001, 0.001, 0.009000001, 0.01
 75206572, 9.986, -0.003, 0.009000001, 0.01, 9.985001, 0, 0.009000001, 0.01
 75406492, 9.986, -0.005, 0.009000001, 0.01, 9.986, -0.003, 0.009000001, 0.01
 75606412, 9.984, -0.007, 0.009000001, 0.01, 9.986, -0.005, 0.009000001, 0.01
 75806332, 9.983001, -0.008, 0.009000001, 0.01, 9.984, -0.007, 0.009000001, 0.01
 76006252, 9.981001, -0.008, 0.008, 0.01, 9.983001, -0.008, 0.009000001, 0.01
 76206172, 9.979, -0.009000001, 0.008, 0.01, 9.981001, -0.008, 0.008, 0.01
 76406092, 9.976001, -0.009000001, 0.008, 0.01, 9.979, -0.009000001, 0.008, 0.01
 76606012, 9.975, -0.01, 0.008, 0.01, 9.976001, -0.009000001, 0.008, 0.01
 76805932, 9.973001, -0.01, 0.008, 0.01, 9.975, -0.01, 0.008, 0.01
 77005852, 9.973001, -0.01, 0.008, 0.01, 9.973001, -0.01, 0.008, 0.01
 77205772, 9.973001, -0.009000001, 0.009000001, 0.01, 9.973001, -0.01, 0.008, 0.01
 77406525, 9.974001, -0.008, 0.009000001, 0.01, 9.973001, -0.009000001, 0.009000001, 0.01
 77606445, 9.976001, -0.008, 0.008, 0.01, 9.974001, -0.008, 0.009000001, 0.01
 77806365, 9.978001, -0.008, 0.007, 0.01, 9.976001, -0.008, 0.008, 0.01
 78006285, 9.978001, -0.007, 0.007, 0.01, 9.978001, -0.008, 0.007, 0.01
 78206205, 9.978001, -0.007, 0.007, 0.01, 9.978001, -0.007, 0.007, 0.01
 78406125, 9.979, -0.006, 0.006, 0.01, 9.978001, -0.007, 0.007, 0.01
 78606045, 9.98, -0.005, 0.006, 0.01, 9.979, -0.006, 0.006, 0.01
 78805965, 9.983001, -0.004, 0.006, 0.01, 9.98, -0.005, 0.006, 0.01
 79005885, 9.986, -0.004, 0.006, 0.01, 9.983001, -0.004, 0.006, 0.01
 79205805, 9.989, -0.002, 0.005, 0.01, 9.986, -0.004, 0.006, 0.01
 79406558, 9.990001, -0.002, 0.005, 0.01, 9.989, -0.002, 0.005, 0.01
 79606478, 9.990001, -0.002, 0.005, 0.01, 9.990001, -0.002, 0.005, 0.01
 79806398, 9.988001, -0.001, 0.006, 0.01, 9.990001, -0.002, 0.005, 0.01
 80006318, 9.986, 0, 0.006, 0.01, 9.988001, -0.001, 0.006, 0.01
 80206238, 9.983001, 0.001, 0.006, 0.01, 9.986, 0, 0.006, 0.01
 80406158, 9.985001, 0.002, 0.005, 0.01, 9.983001, 0.001, 0.006, 0.01
 80606078, 9.988001, 0.003, 0.005, 0.01, 9.985001, 0.002, 0.005, 0.01
 80805998, 9.993, 0.004, 0.006, 0.01, 9.988001, 0.003, 0.005, 0.01
 81005918, 9.999001, 0.003, 0.005, 0.01, 9.993, 0.004, 0.006, 0.01
 81205838, 10.003, 0.002, 0.005, 0.01, 9.999001, 0.003, 0.005, 0.01
 81406591, 10.004, 0.001, 0.005, 0.01, 10.003, 0.002, 0.005, 0.01
 81606511, 10.006, 0, 0.005, 0.01, 10.004, 0.001, 0.005, 0.01
 81806431, 10.011, 0, 0.005, 0.01, 10.006, 0, 0.005, 0.01
 82006351, 10.017, 0, 0.004, 0.01, 10.011, 0, 0.005, 0.01
 82206271, 10.022, -0.002, 0.004, 0.01, 10.017, 0, 0.004, 0.01
 82406191, 10.029, -0.003, 0.004, 0.01, 10.022, -0.002, 0.004, 0.01
 82606111, 10.037, -0.003, 0.004, 0.01, 10.029, -0.003, 0.004, 0.01
 82806031, 10.044, -0.003, 0.004, 0.01, 10.037, -0.003, 0.004, 0.01
 83005951, 10.05, -0.002, 0.004, 0.01, 10.044, -0.003, 0.004, 0.01
 83205871, 10.053, -0.002, 0.003, 0.01, 10.05, -0.002, 0.004, 0.01
 83405791, 10.052, -0.003, 0.003, 0.01, 10.053, -0.002, 0.003, 0.01
 83606544, 10.051, -0.003, 0.004, 0.01, 10.052, -0.003, 0.003, 0.01
 83806464, 10.049, -0.004, 0.004, 0.01, 10.051, -0.003, 0.004, 0.01
 84006384, 10.046, -0.004, 0.004, 0.01, 10.049, -0.004, 0.004, 0.01
 84206304, 10.039, -0.003, 0.003, 0.01, 10.046, -0.004, 0.004, 0.01
 84406224, 10.013, -0.001, 0, 0.01, 10.039, -0.003, 0.003, 0.01
 84606144, 9.947001, 0.001, -0.004, 0.01, 10.013, -0.001, 0, 0.01
 84806064, 9.84, 0.005, -0.006, 0.01, 9.947001, 0.001, -0.004, 0.01
 85005984, 9.696, 0.009000001, -0.007, 0.01, 9.84, 0.005, -0.006, 0.01
 85205904, 9.513, 0.013, -0.006, 0.01, 9.696, 0.009000001, -0.007, 0.01
 85405824, 9.291, 0.018, -0.004, 0.01, 9.513, 0.013, -0.006, 0.01
 85606577, 9.028001, 0.023, 0, 0.01, 9.291, 0.018, -0.004, 0.01
 85806497, 8.728001, 0.028, 0.003, 0.01, 9.028001, 0.023, 0, 0.01
 86006417, 8.387, 0.033, 0.008, 0.01, 8.728001, 0.028, 0.003, 0.01
 86206337, 8.003, 0.038, 0.014, 0.01, 8.387, 0.033, 0.008, 0.01
 86406257, 7.576, 0.042, 0.02, 0.01, 8.003, 0.038, 0.014, 0.01
 86606177, 7.109, 0.044, 0.025, 0.01, 7.576, 0.042, 0.02, 0.01
 86806097, 6.608, 0.027, 0.029, 0.01, 7.109, 0.044, 0.025, 0.01
 87006017, 6.093, -0.032, 0.03, 0.01, 6.608, 0.027, 0.029, 0.01
 87205937, 5.572, -0.137, 0.028, 0.01, 6.093, -0.032, 0.03, 0.01
 87405857, 5.042, -0.285, 0.024, 0.01, 5.572, -0.137, 0.028, 0.01
 87605777, 4.502, -0.477, 0.019, 0.01, 5.042, -0.285, 0.024, 0.01
 87806530, 3.951, -0.715, 0.015, 0.01, 4.502, -0.477, 0.019, 0.01
 88006450, 3.398, -0.9960001, 0.012, 0.01, 3.951, -0.715, 0.015, 0.01
 88206370, 2.841, -1.322, 0.01, 0.01, 3.398, -0.9960001, 0.012, 0.01
 88406290, 2.3, -1.692, 0.01, 0.01, 2.841, -1.322, 0.01, 0.01
 88606210, 1.797, -2.108, 0.011, 0.01, 2.3, -1.692, 0.01, 0.01
 88806130, 1.343, -2.566, 0.013, 0.01, 1.797, -2.108, 0.011, 0.01
 89006050, 0.9390001, -3.064, 0.016, 0.01, 1.343, -2.566, 0.013, 0.01
 89205970, 0.588, -3.586, 0.019, 0.01, 0.9390001, -3.064, 0.016, 0.01
 89405890, 0.292, -4.105, 0.02, 0.01, 0.588, -3.586, 0.019, 0.01
 89605810, 0.051, -4.614, 0.021, 0.01, 0.292, -4.105, 0.02, 0.01
 89806563, -0.139, -5.115, 0.022, 0.01, 0.051, -4.614, 0.021, 0.01
 90006483, -0.283, -5.606, 0.022, 0.01, -0.139, -5.115, 0.022, 0.01
 90206403, -0.381, -6.085001, 0.021, 0.01, -0.283, -5.606, 0.022, 0.01
 90406323, -0.434, -6.558, 0.019, 0.01, -0.381, -6.085001, 0.021, 0.01
 90606243, -0.44, -7.021, 0.016, 0.01, -0.434, -6.558, 0.019, 0.01
 90806163, -0.405, -7.462, 0.011, 0.01, -0.44, -7.021, 0.016, 0.01
 91006083, -0.356, -7.859, 0.004, 0.01, -0.405, -7.462, 0.011, 0.01
 91206003, -0.31, -8.21, 0, 0.01, -0.356, -7.859, 0.004, 0.01
 91405923, -0.266, -8.525001, -0.003, 0.01, -0.31, -8.21, 0, 0.01
 91605843, -0.226, -8.797001, -0.007, 0.01, -0.266, -8.525001, -0.003, 0.01
 91805763, -0.19, -9.032001, -0.01, 0.01, -0.226, -8.797001, -0.007, 0.01
 92006516, -0.158, -9.236, -0.014, 0.01, -0.19, -9.032001, -0.01, 0.01
 92206436, -0.129, -9.410001, -0.017, 0.01, -0.158, -9.236, -0.014, 0.01
 92406356, -0.104, -9.557, -0.02, 0.01, -0.129, -9.410001, -0.017, 0.01
 92606276, -0.085, -9.67, -0.023, 0.01, -0.104, -9.557, -0.02, 0.01
 92806196, -0.07, -9.75, -0.025, 0.01, -0.085, -9.67, -0.023, 0.01
 93006116, -0.058, -9.801001, -0.027, 0.01, -0.07, -9.75, -0.025, 0.01
 93206036, -0.05, -9.818001, -0.028, 0.01, -0.058, -9.801001, -0.027, 0.01
 93405956, -0.046, -9.818001, -0.026, 0.01, -0.05, -9.818001, -0.028, 0.01
 93605876, -0.044, -9.824, -0.022, 0.01, -0.046, -9.818001, -0.026, 0.01
 93805796, -0.043, -9.832001, -0.02, 0.01, -0.044, -9.824, -0.022, 0.01
 94006549, -0.045, -9.842, -0.019, 0.01, -0.043, -9.832001, -0.02, 0.01
 94206469, -0.048, -9.851001, -0.018, 0.01, -0.045, -9.842, -0.019, 0.01
 94406389, -0.051, -9.862, -0.016, 0.01, -0.048, -9.851001, -0.018, 0.01
 94606309, -0.053, -9.881001, -0.013, 0.01, -0.051, -9.862, -0.016, 0.01
 94806229, -0.054, -9.901, -0.011, 0.01, -0.053, -9.881001, -0.013, 0.01
 95006149, -0.055, -9.919001, -0.01, 0.01, -0.054, -9.901, -0.011, 0.01
 95206069, -0.055, -9.931001, -0.01, 0.01, -0.055, -9.919001, -0.01, 0.01
 95405989, -0.055, -9.937, -0.01, 0.01, -0.055, -9.931001, -0.01, 0.01
 95605909, -0.055, -9.938001, -0.009000001, 0.01, -0.055, -9.937, -0.01, 0.01
 95805829, -0.054, -9.938001, -0.008, 0.01, -0.055, -9.938001, -0.009000001, 0.01
 96006582, -0.051, -9.942, -0.007, 0.01, -0.054, -9.938001, -0.008, 0.01
 96206502, -0.049, -9.948001, -0.006, 0.01, -0.051, -9.942, -0.007, 0.01
 96406422, -0.047, -9.953, -0.005, 0.01, -0.049, -9.948001, -0.006, 0.01
 96606342, -0.045, -9.955001, -0.005, 0.01, -0.047, -9.953, -0.005, 0.01
 96806262, -0.043, -9.952001, -0.004, 0.01, -0.045, -9.955001, -0.005, 0.01
 97006182, -0.04, -9.946, -0.004, 0.01, -0.043, -9.952001, -0.004, 0.01
 97206102, -0.039, -9.943001, -0.004, 0.01, -0.04, -9.946, -0.004, 0.01
 97406022, -0.037, -9.937, -0.004, 0.01, -0.039, -9.943001, -0.004, 0.01
 97605942, -0.035, -9.934, -0.004, 0.01, -0.037, -9.937, -0.004, 0.01
 97805862, -0.032, -9.935, -0.003, 0.01, -0.035, -9.934, -0.004, 0.01
 98005782, -0.03, -9.935, -0.003, 0.01, -0.032, -9.935, -0.003, 0.01
 98206535, -0.028, -9.937, -0.003, 0.01, -0.03, -9.935, -0.003, 0.01
 98406455, -0.027, -9.935, -0.004, 0.01, -0.028, -9.937, -0.003, 0.01
 98606375, -0.026, -9.934, -0.003, 0.01, -0.027, -9.935, -0.004, 0.01
 98806295, -0.026, -9.93, -0.004, 0.01, -0.026, -9.934, -0.003, 0.01
 99006215, -0.025, -9.929001, -0.003, 0.01, -0.026, -9.93, -0.004, 0.01
 99206135, -0.023, -9.934, -0.002, 0.01, -0.025, -9.929001, -0.003, 0.01
 99406055, -0.022, -9.941001, -0.003, 0.01, -0.023, -9.934, -0.002, 0.01
 99605975, -0.022, -9.949, -0.002, 0.01, -0.022, -9.941001, -0.003, 0.01
 99805895, -0.022, -9.955001, -0.003, 0.01, -0.022, -9.949, -0.002, 0.01
 100005815, -0.021, -9.96, -0.003, 0.01, -0.022, -9.955001, -0.003, 0.01
 100206568, -0.02, -9.962001, -0.004, 0.01, -0.021, -9.96, -0.003, 0.01
 100406488, -0.018, -9.965, -0.003, 0.01, -0.02, -9.962001, -0.004, 0.01
 100606408, -0.015, -9.97, -0.002, 0.01, -0.018, -9.965, -0.003, 0.01
 100806328, -0.012, -9.975, -0.002, 0.01, -0.015, -9.97, -0.002, 0.01
 101006248, -0.011, -9.978001, -0.002, 0.01, -0.012, -9.975, -0.002, 0.01
 101206168, -0.011, -9.98, -0.002, 0.01, -0.011, -9.978001, -0.002, 0.01
 101406088, -0.01, -9.985001, -0.001, 0.01, -0.011, -9.98, -0.002, 0.01
 101606008, -0.008, -9.988001, -0.001, 0.01, -0.01, -9.985001, -0.001, 0.01
 101805928, -0.006, -9.991, 0, 0.01, -0.008, -9.988001, -0.001, 0.01
 102005848, -0.005, -9.993, -0.001, 0.01, -0.006, -9.991, 0, 0.01
 102205768, -0.004, -9.993, -0.001, 0.01, -0.005, -9.993, -0.001, 0.01
 102406521, -0.005, -9.996, 0, 0.01, -0.004, -9.993, -0.001, 0.01
 102606441, -0.005, -9.997001, -0.001, 0.01, -0.005, -9.996, 0, 0.01
 102806361, -0.006, -10, 0, 0.01, -0.005, -9.997001, -0.001, 0.01
 103006281, -0.006, -10, -0.001, 0.01, -0.006, -10, 0, 0.01
 103206201, -0.006, -10, 0, 0.01, -0.006, -10, -0.001, 0.01
 103406121, -0.005, -10.003, 0, 0.01, -0.006, -10, 0, 0.01
 103606041, -0.005, -10.004, 0, 0.01, -0.005, -10.003, 0, 0.01
 103805961, -0.005, -10.003, 0, 0.01, -0.005, -10.004, 0, 0.01
 104005881, -0.007, -10.001, -0.001, 0.01, -0.005, -10.003, 0, 0.01
 104205801, -0.007, -10.002, 0, 0.01, -0.007, -10.001, -0.001, 0.01
 104406554, -0.008, -10.003, 0, 0.01, -0.007, -10.002, 0, 0.01
 104606474, -0.007, -10.006, 0, 0.01, -0.008, -10.003, 0, 0.01
 104806394, -0.005, -10.008, 0, 0.01, -0.007, -10.006, 0, 0.01
 105006314, -0.003, -10.008, 0, 0.01, -0.005, -10.008, 0, 0.01
 105206234, 0, -10.006, -0.001, 0.01, -0.003, -10.008, 0, 0.01
 105406154, 0.001, -10.005, -0.001, 0.01, 0, -10.006, -0.001, 0.01
 105606074, 0.002, -10.011, 0, 0.01, 0.001, -10.005, -0.001, 0.01
 105805994, 0.002, -10.017, 0, 0.01, 0.002, -10.011, 0, 0.01
 106005914, 0.001, -10.024, 0, 0.01, 0.002, -10.017, 0, 0.01
 106205834, 0.002, -10.029, -0.001, 0.01, 0.001, -10.024, 0, 0.01
 106406587, 0.002, -10.031, -0.001, 0.01, 0.002, -10.029, -0.001, 0.01
 106606507, 0.001, -10.03, -0.001, 0.01, 0.002, -10.031, -0.001, 0.01
 106806427, 0, -10.023, -0.002, 0.01, 0.001, -10.03, -0.001, 0.01
 107006347, 0, -10.011, -0.002, 0.01, 0, -10.023, -0.002, 0.01
 107206267, 0, -9.994, -0.003, 0.01, 0, -10.011, -0.002, 0.01
 107406187, 0, -9.96, -0.005, 0.01, 0, -9.994, -0.003, 0.01
 107606107, 0, -9.888, -0.008, 0.01, 0, -9.96, -0.005, 0.01
 107806027, -0.001, -9.779, -0.009000001, 0.01, 0, -9.888, -0.008, 0.01
 108005947, -0.003, -9.633, -0.009000001, 0.01, -0.001, -9.779, -0.009000001, 0.01
 108205867, -0.006, -9.446, -0.007, 0.01, -0.003, -9.633, -0.009000001, 0.01
 108405787, -0.009000001, -9.217, -0.005, 0.01, -0.006, -9.446, -0.007, 0.01
 108606540, -0.012, -8.947001, -0.001, 0.01, -0.009000001, -9.217, -0.005, 0.01
 108806460, -0.015, -8.637, 0.003, 0.01, -0.012, -8.947001, -0.001, 0.01
 109006380, -0.018, -8.291, 0.008, 0.01, -0.015, -8.637, 0.003, 0.01
 109206300, -0.02, -7.911, 0.013, 0.01, -0.018, -8.291, 0.008, 0.01
 109406220, -0.021, -7.488, 0.018, 0.01, -0.02, -7.911, 0.013, 0.01
 109606140, -0.024, -7.019001, 0.023, 0.01, -0.021, -7.488, 0.018, 0.01
 109806060, -0.05, -6.52, 0.027, 0.01, -0.024, -7.019001, 0.023, 0.01
 110005980, -0.118, -6.015, 0.028, 0.01, -0.05, -6.52, 0.027, 0.01
 110205900, -0.23, -5.504, 0.026, 0.01, -0.118, -6.015, 0.028, 0.01
 110405820, -0.382, -4.987, 0.022, 0.01, -0.23, -5.504, 0.026, 0.01
 110606573, -0.577, -4.456, 0.018, 0.01, -0.382, -4.987, 0.022, 0.01
 110806493, -0.813, -3.919, 0.014, 0.01, -0.577, -4.456, 0.018, 0.01
 111006413, -1.089, -3.37, 0.012, 0.01, -0.813, -3.919, 0.014, 0.01
 111206333, -1.404, -2.81, 0.012, 0.01, -1.089, -3.37, 0.012, 0.01
 111406253, -1.762, -2.264, 0.013, 0.01, -1.404, -2.81, 0.012, 0.01
 111606173, -2.163, -1.76, 0.015, 0.01, -1.762, -2.264, 0.013, 0.01
 111806093, -2.604, -1.298, 0.019, 0.01, -2.163, -1.76, 0.015, 0.01
 112006013, -3.084, -0.8840001, 0.024, 0.01, -2.604, -1.298, 0.019, 0.01
 112205933, -3.596, -0.523, 0.027, 0.01, -3.084, -0.8840001, 0.024, 0.01
 112405853, -4.11, -0.22, 0.029, 0.01, -3.596, -0.523, 0.027, 0.01
 112605773, -4.617, 0.023, 0.03, 0.01, -4.11, -0.22, 0.029, 0.01
 112806526, -5.122, 0.21, 0.03, 0.01, -4.617, 0.023, 0.03, 0.01
 113006446, -5.617, 0.342, 0.028, 0.01, -5.122, 0.21, 0.03, 0.01
 113206366, -6.106, 0.422, 0.025, 0.01, -5.617, 0.342, 0.028, 0.01
 113406286, -6.586, 0.452, 0.02, 0.01, -6.106, 0.422, 0.025, 0.01
 113606206, -7.057, 0.433, 0.015, 0.01, -6.586, 0.452, 0.02, 0.01
 113806126, -7.501, 0.379, 0.009000001, 0.01, -7.057, 0.433, 0.015, 0.01
 114006046, -7.897, 0.318, 0.002, 0.01, -7.501, 0.379, 0.009000001, 0.01
 114205966, -8.25, 0.262, -0.001, 0.01, -7.897, 0.318, 0.002, 0.01
 114405886, -8.559, 0.214, -0.004, 0.01, -8.25, 0.262, -0.001, 0.01
 114605806, -8.826, 0.172, -0.007, 0.01, -8.559, 0.214, -0.004, 0.01
 114806559, -9.057, 0.14, -0.008, 0.01, -8.826, 0.172, -0.007, 0.01
 115006479, -9.254001, 0.115, -0.009000001, 0.01, -9.057, 0.14, -0.008, 0.01
 115206399, -9.422001, 0.098, -0.011, 0.01, -9.254001, 0.115, -0.009000001, 0.01
 115406319, -9.561001, 0.085, -0.013, 0.01, -9.422001, 0.098, -0.011, 0.01
 115606239, -9.668, 0.07700001, -0.015, 0.01, -9.561001, 0.085, -0.013, 0.01
 115806159, -9.747001, 0.074, -0.017, 0.01, -9.668, 0.07700001, -0.015, 0.01
 116006079, -9.795, 0.074, -0.019, 0.01, -9.747001, 0.074, -0.017, 0.01
 116205999, -9.813001, 0.078, -0.02, 0.01, -9.795, 0.074, -0.019, 0.01
 116405919, -9.817, 0.085, -0.019, 0.01, -9.813001, 0.078, -0.02, 0.01
 116605839, -9.823001, 0.093, -0.017, 0.01, -9.817, 0.085, -0.019, 0.01
 116806592, -9.832001, 0.1, -0.015, 0.01, -9.823001, 0.093, -0.017, 0.01
 117006512, -9.844001, 0.106, -0.014, 0.01, -9.832001, 0.1, -0.015, 0.01
 117206432, -9.855, 0.111, -0.014, 0.01, -9.844001, 0.106, -0.014, 0.01
 117406352, -9.860001, 0.113, -0.015, 0.01, -9.855, 0.111, -0.014, 0.01
 117606272, -9.863001, 0.11, -0.014, 0.01, -9.860001, 0.113, -0.015, 0.01
 117806192, -9.866, 0.106, -0.014, 0.01, -9.863001, 0.11, -0.014, 0.01
 118006112, -9.870001, 0.101, -0.013, 0.01, -9.866, 0.106, -0.014, 0.01
 118206032, -9.874001, 0.09500001, -0.012, 0.01, -9.870001, 0.101, -0.013, 0.01
 118405952, -9.879001, 0.09, -0.011, 0.01, -9.874001, 0.09500001, -0.012, 0.01
 118605872, -9.879001, 0.08400001, -0.01, 0.01, -9.879001, 0.09, -0.011, 0.01
 118805792, -9.876, 0.078, -0.009000001, 0.01, -9.879001, 0.08400001, -0.01, 0.01
 119006545, -9.873, 0.074, -0.008, 0.01, -9.876, 0.078, -0.009000001, 0.01
 119206465, -9.871, 0.07, -0.007, 0.01, -9.873, 0.074, -0.008, 0.01
 119406385, -9.872001, 0.066, -0.006, 0.01, -9.871, 0.07, -0.007, 0.01
 119606305, -9.875, 0.061, -0.005, 0.01, -9.872001, 0.066, -0.006, 0.01
 119806225, -9.88, 0.056, -0.005, 0.01, -9.875, 0.061, -0.005, 0.01
 120006145, -9.888, 0.05, -0.004, 0.01, -9.88, 0.056, -0.005, 0.01
 120206065, -9.895, 0.044, -0.003, 0.01, -9.888, 0.05, -0.004, 0.01
 120405985, -9.904, 0.039, -0.003, 0.01, -9.895, 0.044, -0.003, 0.01
 120605905, -9.913, 0.036, -0.003, 0.01, -9.904, 0.039, -0.003, 0.01
 120805825, -9.918, 0.033, -0.004, 0.01, -9.913, 0.036, -0.003, 0.01
 121006578, -9.923, 0.03, -0.003, 0.01, -9.918, 0.033, -0.004, 0.01
 121206498, -9.93, 0.027, -0.004, 0.01, -9.923, 0.03, -0.003, 0.01
 121406418, -9.935, 0.025, -0.004, 0.01, -9.93, 0.027, -0.004, 0.01
 121606338, -9.939, 0.023, -0.004, 0.01, -9.935, 0.025, -0.004, 0.01
 121806258, -9.942, 0.021, -0.004, 0.01, -9.939, 0.023, -0.004, 0.01
 122006178, -9.946, 0.019, -0.003, 0.01, -9.942, 0.021, -0.004, 0.01
 122206098, -9.951, 0.018, -0.003, 0.01, -9.946, 0.019, -0.003, 0.01
 122406018, -9.958, 0.016, -0.003, 0.01, -9.951, 0.018, -0.003, 0.01
 122605938, -9.966001, 0.014, -0.002, 0.01, -9.958, 0.016, -0.003, 0.01
 122805858, -9.974001, 0.012, -0.002, 0.01, -9.966001, 0.014, -0.002, 0.01
 123005778, -9.981001, 0.01, -0.002, 0.01, -9.974001, 0.012, -0.002, 0.01
 123206531, -9.989, 0.008, -0.002, 0.01, -9.981001, 0.01, -0.002, 0.01
 123406451, -9.998, 0.007, -0.002, 0.01, -9.989, 0.008, -0.002, 0.01
 123606371, -10.007, 0.006, -0.002, 0.01, -9.998, 0.007, -0.002, 0.01
 123806291, -10.014, 0.005, -0.002, 0.01, -10.007, 0.006, -0.002, 0.01
 124006211, -10.025, 0.006, -0.001, 0.01, -10.014, 0.005, -0.002, 0.01
 124206131, -10.037, 0.006, -0.002, 0.01, -10.025, 0.006, -0.001, 0.01
 124406051, -10.046, 0.005, -0.002, 0.01, -10.037, 0.006, -0.002, 0.01
 124605971, -10.054, 0.003, -0.002, 0.01, -10.046, 0.005, -0.002, 0.01
 124805891, -10.059, 0.003, -0.003, 0.01, -10.054, 0.003, -0.002, 0.01
 125005811, -10.059, 0.003, -0.004, 0.01, -10.059, 0.003, -0.003, 0.01
 125206564, -10.057, 0.004, -0.004, 0.01, -10.059, 0.003, -0.004, 0.01
 125406484, -10.053, 0.006, -0.003, 0.01, -10.057, 0.004, -0.004, 0.01
 125606404, -10.046, 0.007, -0.003, 0.01, -10.053, 0.006, -0.003, 0.01
 125806324, -10.039, 0.007, -0.003, 0.01, -10.046, 0.007, -0.003, 0.01
 126006244, -10.032, 0.007, -0.002, 0.01, -10.039, 0.007, -0.003, 0.01
 126206164, -10.028, 0.006, -0.001, 0.01, -10.032, 0.007, -0.002, 0.01
 126406084, -10.026, 0.005, 0, 0.01, -10.028, 0.006, -0.001, 0.01
 126606004, -10.025, 0.004, 0, 0.01, -10.026, 0.005, 0, 0.01
 126805924, -10.025, 0.003, 0, 0.01, -10.025, 0.004, 0, 0.01
 127005844, -10.022, 0.002, 0, 0.01, -10.025, 0.003, 0, 0.01
 127205764, -10.016, 0.002, 0, 0.01, -10.022, 0.002, 0, 0.01
 127406517, -10.01, 0.001, 0, 0.01, -10.016, 0.002, 0, 0.01
 127606437, -10.004, 0.001, 0, 0.01, -10.01, 0.001, 0, 0.01
 127806357, -9.999001, 0, 0, 0.01, -10.004, 0.001, 0, 0.01
 128006277, -9.993, 0, 0, 0.01, -9.999001, 0, 0, 0.01
 128206197, -9.988001, 0, 0, 0.01, -9.993, 0, 0, 0.01
 128406117, -9.982, 0, 0, 0.01, -9.988001, 0, 0, 0.01
 128606037, -9.977, 0, 0, 0.01, -9.982, 0, 0, 0.01
 128805957, -9.974001, 0.001, 0, 0.01, -9.977, 0, 0, 0.01
 129005877, -9.969001, 0.003, 0, 0.01, -9.974001, 0.001, 0, 0.01
 129205797, -9.965, 0.004, 0.001, 0.01, -9.969001, 0.003, 0, 0.01
 129406550, -9.964001, 0.005, 0.001, 0.01, -9.965, 0.004, 0.001, 0.01
 129606470, -9.961, 0.004, 0, 0.01, -9.964001, 0.005, 0.001, 0.01
 129806390, -9.939, 0.004, -0.003, 0.01, -9.961, 0.004, 0, 0.01
 130006310, -9.878, 0.004, -0.006, 0.01, -9.939, 0.004, -0.003, 0.01
 130206230, -9.776, 0.004, -0.008, 0.01, -9.878, 0.004, -0.006, 0.01
 130406150, -9.637, 0.004, -0.008, 0.01, -9.776, 0.004, -0.008, 0.01
 130606070, -9.46, 0.004, -0.007, 0.01, -9.637, 0.004, -0.008, 0.01
 130805990, -9.246, 0.003, -0.004, 0.01, -9.46, 0.004, -0.007, 0.01
 131005910, -8.994, 0.002, -0.001, 0.01, -9.246, 0.003, -0.004, 0.01
 131205830, -8.702001, 0.001, 0.001, 0.01, -8.994, 0.002, -0.001, 0.01
 131406583, -8.366, 0.002, 0.006, 0.01, -8.702001, 0.001, 0.001, 0.01
 131606503, -7.988, 0.004, 0.011, 0.01, -8.366, 0.002, 0.006, 0.01
 131806423, -7.566, 0.008, 0.017, 0.01, -7.988, 0.004, 0.011, 0.01
 132006343, -7.104001, 0.014, 0.023, 0.01, -7.566, 0.008, 0.017, 0.01
 132206263, -6.606, 0.038, 0.027, 0.01, -7.104001, 0.014, 0.023, 0.01
 132406183, -6.096, 0.102, 0.028, 0.01, -6.606, 0.038, 0.027, 0.01
 132606103, -5.58, 0.21, 0.027, 0.01, -6.096, 0.102, 0.028, 0.01
 132806023, -5.056, 0.358, 0.023, 0.01, -5.58, 0.21, 0.027, 0.01
 133005943, -4.521, 0.548, 0.019, 0.01, -5.056, 0.358, 0.023, 0.01
 133205863, -3.977, 0.7780001, 0.015, 0.01, -4.521, 0.548, 0.019, 0.01
 133405783, -3.424, 1.051, 0.012, 0.01, -3.977, 0.7780001, 0.015, 0.01
 133606536, -2.863, 1.368, 0.012, 0.01, -3.424, 1.051, 0.012, 0.01
 133806456, -2.319, 1.729, 0.012, 0.01, -2.863, 1.368, 0.012, 0.01
 134006376, -1.815, 2.125, 0.014, 0.01, -2.319, 1.729, 0.012, 0.01
 134206296, -1.356, 2.555, 0.017, 0.01, -1.815, 2.125, 0.014, 0.01
 134406216, -0.947, 3.024, 0.02, 0.01, -1.356, 2.555, 0.017, 0.01
 134606136, -0.5930001, 3.526, 0.022, 0.01, -0.947, 3.024, 0.02, 0.01
 134806056, -0.293, 4.041, 0.023, 0.01, -0.5930001, 3.526, 0.022, 0.01
 135005976, -0.046, 4.544, 0.023, 0.01, -0.293, 4.041, 0.023, 0.01
 135205896, 0.15, 5.039, 0.024, 0.01, -0.046, 4.544, 0.023, 0.01
 135405816, 0.299, 5.526, 0.023, 0.01, 0.15, 5.039, 0.024, 0.01
 135606569, 0.4, 6.012, 0.023, 0.01, 0.299, 5.526, 0.023, 0.01
 135806489, 0.451, 6.493001, 0.021, 0.01, 0.4, 6.012, 0.023, 0.01
 136006409, 0.453, 6.971, 0.019, 0.01, 0.451, 6.493001, 0.021, 0.01
 136206329, 0.416, 7.429, 0.014, 0.01, 0.453, 6.971, 0.019, 0.01
 136406249, 0.367, 7.844, 0.01, 0.01, 0.416, 7.429, 0.014, 0.01
 136606169, 0.319, 8.21, 0.006, 0.01, 0.367, 7.844, 0.01, 0.01
 136806089, 0.274, 8.527, 0.003, 0.01, 0.319, 8.21, 0.006, 0.01
 137006009, 0.234, 8.8, 0.001, 0.01, 0.274, 8.527, 0.003, 0.01
 137205929, 0.199, 9.034, 0, 0.01, 0.234, 8.8, 0.001, 0.01
 137405849, 0.169, 9.235001, -0.003, 0.01, 0.199, 9.034, 0, 0.01
 137605769, 0.142, 9.407001, -0.005, 0.01, 0.169, 9.235001, -0.003, 0.01
 137806522, 0.119, 9.551001, -0.008, 0.01, 0.142, 9.407001, -0.005, 0.01
 138006442, 0.09900001, 9.661, -0.013, 0.01, 0.119, 9.551001, -0.008, 0.01
 138206362, 0.085, 9.745001, -0.017, 0.01, 0.09900001, 9.661, -0.013, 0.01
 138406282, 0.07600001, 9.797001, -0.02, 0.01, 0.085, 9.745001, -0.017, 0.01
 138606202, 0.074, 9.818001, -0.023, 0.01, 0.07600001, 9.797001, -0.02, 0.01
 138806122, 0.07600001, 9.821, -0.022, 0.01, 0.074, 9.818001, -0.023, 0.01
 139006042, 0.082, 9.824, -0.02, 0.01, 0.07600001, 9.821, -0.022, 0.01
 139205962, 0.087, 9.834001, -0.018, 0.01, 0.082, 9.824, -0.02, 0.01
 139405882, 0.09100001, 9.839001, -0.019, 0.01, 0.087, 9.834001, -0.018, 0.01
 139605802, 0.09500001, 9.839001, -0.018, 0.01, 0.09100001, 9.839001, -0.019, 0.01
 139806555, 0.097, 9.843, -0.017, 0.01, 0.09500001, 9.839001, -0.018, 0.01
 140006475, 0.098, 9.845, -0.017, 0.01, 0.097, 9.843, -0.017, 0.01
 140206395, 0.098, 9.844001, -0.016, 0.01, 0.098, 9.845, -0.017, 0.01
 140406315, 0.096, 9.84, -0.015, 0.01, 0.098, 9.844001, -0.016, 0.01
 140606235, 0.089, 9.839001, -0.014, 0.01, 0.096, 9.84, -0.015, 0.01
 140806155, 0.078, 9.836, -0.013, 0.01, 0.089, 9.839001, -0.014, 0.01
 141006075, 0.06500001, 9.834001, -0.011, 0.01, 0.078, 9.836, -0.013, 0.01
 141205995, 0.053, 9.839001, -0.009000001, 0.01, 0.06500001, 9.834001, -0.011, 0.01
 141405915, 0.041, 9.845, -0.008, 0.01, 0.053, 9.839001, -0.009000001, 0.01
 141605835, 0.029, 9.849001, -0.007, 0.01, 0.041, 9.845, -0.008, 0.01
 141806588, 0.02, 9.85, -0.006, 0.01, 0.029, 9.849001, -0.007, 0.01
 142006508, 0.012, 9.856001, -0.005, 0.01, 0.02, 9.85, -0.006, 0.01
 142206428, 0.005, 9.867001, -0.004, 0.01, 0.012, 9.856001, -0.005, 0.01
 142406348, 0, 9.88, -0.004, 0.01, 0.005, 9.867001, -0.004, 0.01
 142606268, -0.004, 9.892, -0.003, 0.01, 0, 9.88, -0.004, 0.01
 142806188, -0.006, 9.901, -0.004, 0.01, -0.004, 9.892, -0.003, 0.01
 143006108, -0.005, 9.908001, -0.004, 0.01, -0.006, 9.901, -0.004, 0.01
 143206028, -0.003, 9.911, -0.004, 0.01, -0.005, 9.908001, -0.004, 0.01
 143405948, 0, 9.919001, -0.004, 0.01, -0.003, 9.911, -0.004, 0.01
 143605868, 0.001, 9.931001, -0.003, 0.01, 0, 9.919001, -0.004, 0.01
 143805788, 0.003, 9.941001, -0.003, 0.01, 0.001, 9.931001, -0.003, 0.01
 144006541, 0.004, 9.952001, -0.003, 0.01, 0.003, 9.941001, -0.003, 0.01
 144206461, 0.004, 9.956, -0.004, 0.01, 0.004, 9.952001, -0.003, 0.01
 144406381, 0.005, 9.956, -0.004, 0.01, 0.004, 9.956, -0.004, 0.01
 144606301, 0.005, 9.952001, -0.004, 0.01, 0.005, 9.956, -0.004, 0.01
 144806221, 0.006, 9.951, -0.002, 0.01, 0.005, 9.952001, -0.004, 0.01
 145006141, 0.008, 9.96, -0.001, 0.01, 0.006, 9.951, -0.002, 0.01
 145206061, 0.009000001, 9.971001, -0.002, 0.01, 0.008, 9.96, -0.001, 0.01
 145405981, 0.01, 9.981001, -0.003, 0.01, 0.009000001, 9.971001, -0.002, 0.01
 145605901, 0.009000001, 9.987, -0.004, 0.01, 0.01, 9.981001, -0.003, 0.01
 145805821, 0.009000001, 9.989, -0.004, 0.01, 0.009000001, 9.987, -0.004, 0.01
 146006574, 0.008, 9.986, -0.005, 0.01, 0.009000001, 9.989, -0.004, 0.01
 146206494, 0.008, 9.986, -0.004, 0.01, 0.008, 9.986, -0.005, 0.01
 146406414, 0.007, 9.981001, -0.004, 0.01, 0.008, 9.986, -0.004, 0.01
 146606334, 0.007, 9.977, -0.003, 0.01, 0.007, 9.981001, -0.004, 0.01
 146806254, 0.006, 9.98, -0.003, 0.01, 0.007, 9.977, -0.003, 0.01
 147006174, 0.006, 9.986, -0.002, 0.01, 0.006, 9.98, -0.003, 0.01
 147206094, 0.007, 9.991, -0.002, 0.01, 0.006, 9.986, -0.002, 0.01
 147406014, 0.007, 9.993, -0.002, 0.01, 0.007, 9.991, -0.002, 0.01
 147605934, 0.007, 10, -0.002, 0.01, 0.007, 9.993, -0.002, 0.01
 147805854, 0.007, 10, -0.003, 0.01, 0.007, 10, -0.002, 0.01
 148005774, 0.006, 9.999001, -0.003, 0.01, 0.007, 10, -0.003, 0.01
 148206527, 0.005, 9.999001, -0.003, 0.01, 0.006, 9.999001, -0.003, 0.01
 148406447, 0.005, 9.997001, -0.002, 0.01, 0.005, 9.999001, -0.003, 0.01
 148606367, 0.005, 9.996, -0.002, 0.01, 0.005, 9.997001, -0.002, 0.01
 148806287, 0.004, 9.993, -0.001, 0.01, 0.005, 9.996, -0.002, 0.01
 149006207, 0.003, 9.995001, 0, 0.01, 0.004, 9.993, -0.001, 0.01
 149206127, 0.002, 9.996, -0.001, 0.01, 0.003, 9.995001, 0, 0.01
 149406047, 0, 9.996, -0.001, 0.01, 0.002, 9.996, -0.001, 0.01
 149605967, 0, 10, -0.001, 0.01, 0, 9.996, -0.001, 0.01
 149805887, 0, 10.003, -0.001, 0.01, 0, 10, -0.001, 0.01
 150005807, 0.001, 9.999001, -0.002, 0.01, 0, 10.003, -0.001, 0.01
 150206560, 0.002, 9.995001, -0.001, 0.01, 0.001, 9.999001, -0.002, 0.01
 150406480, 0.004, 10.001, 0, 0.01, 0.002, 9.995001, -0.001, 0.01
 150606400, 0.004, 10.007, 0, 0.01, 0.004, 10.001, 0, 0.01
 150806320, 0.005, 10.018, 0.001, 0.01, 0.004, 10.007, 0, 0.01
 151006240, 0.005, 10.028, 0.001, 0.01, 0.005, 10.018, 0.001, 0.01
 151206160, 0.004, 10.039, 0, 0.01, 0.005, 10.028, 0.001, 0.01
 151406080, 0.004, 10.046, 0, 0.01, 0.004, 10.039, 0, 0.01
 151606000, 0.004, 10.052, 0, 0.01, 0.004, 10.046, 0, 0.01
 151805920, 0.004, 10.062, 0, 0.01, 0.004, 10.052, 0, 0.01
 152005840, 0.003, 10.068, 0, 0.01, 0.004, 10.062, 0, 0.01
 152205760, 0.003, 10.069, 0, 0.01, 0.003, 10.068, 0, 0.01
 152406513, 0.002, 10.071, 0, 0.01, 0.003, 10.069, 0, 0.01
 152606433, 0.003, 10.067, -0.001, 0.01, 0.002, 10.071, 0, 0.01
 152806353, 0.003, 10.033, -0.005, 0.01, 0.003, 10.067, -0.001, 0.01
 153006273, 0.004, 9.953, -0.008, 0.01, 0.003, 10.033, -0.005, 0.01
 153206193, 0.006, 9.830001, -0.01, 0.01, 0.004, 9.953, -0.008, 0.01
 153406113, 0.008, 9.667001, -0.009000001, 0.01, 0.006, 9.830001, -0.01, 0.01
 153606033, 0.01, 9.464001, -0.007, 0.01, 0.008, 9.667001, -0.009000001, 0.01
 153805953, 0.011, 9.23, -0.003, 0.01, 0.01, 9.464001, -0.007, 0.01
 154005873, 0.012, 8.964001, 0, 0.01, 0.011, 9.23, -0.003, 0.01
 154205793, 0.013, 8.660001, 0.003, 0.01, 0.012, 8.964001, 0, 0.01
 154406546, 0.015, 8.316, 0.008, 0.01, 0.013, 8.660001, 0.003, 0.01
 154606466, 0.016, 7.927001, 0.013, 0.01, 0.015, 8.316, 0.008, 0.01
 154806386, 0.018, 7.494, 0.019, 0.01, 0.016, 7.927001, 0.013, 0.01
 155006306, 0.021, 7.023, 0.023, 0.01, 0.018, 7.494, 0.019, 0.01
 155206226, 0.022, 6.523, 0.027, 0.01, 0.021, 7.023, 0.023, 0.01
 155406146, 0.023, 6.011, 0.028, 0.01, 0.022, 6.523, 0.027, 0.01
 155606066, 0.023, 5.488, 0.026, 0.01, 0.023, 6.011, 0.028, 0.01
 155805986, 0.023, 4.958, 0.023, 0.01, 0.023, 5.488, 0.026, 0.01
 156005906, 0.022, 4.418, 0.02, 0.01, 0.023, 4.958, 0.023, 0.01
 156205826, 0.021, 3.87, 0.017, 0.01, 0.022, 4.418, 0.02, 0.01
 156406579, 0.019, 3.322, 0.014, 0.01, 0.021, 3.87, 0.017, 0.01
 156606499, 0.015, 2.778, 0.013, 0.01, 0.019, 3.322, 0.014, 0.01
 156806419, 0.013, 2.249, 0.014, 0.01, 0.015, 2.778, 0.013, 0.01
 157006339, 0.01, 1.754, 0.016, 0.01, 0.013, 2.249, 0.014, 0.01
 157206259, 0.006, 1.303, 0.02, 0.01, 0.01, 1.754, 0.016, 0.01
 157406179, 0.001, 0.904, 0.022, 0.01, 0.006, 1.303, 0.02, 0.01
 157606099, -0.003, 0.581, 0.012, 0.01, 0.001, 0.904, 0.022, 0.01
 157806019, -0.007, 0.327, -0.027, 0.01, -0.003, 0.581, 0.012, 0.01
 158005939, -0.01, 0.136, -0.102, 0.01, -0.007, 0.327, -0.027, 0.01
 158205859, -0.012, 0.005, -0.211, 0.01, -0.01, 0.136, -0.102, 0.01
 158405779, -0.013, -0.07600001, -0.353, 0.01, -0.012, 0.005, -0.211, 0.01
 158606532, -0.013, -0.116, -0.526, 0.01, -0.013, -0.07600001, -0.353, 0.01
 158806452, -0.014, -0.124, -0.71, 0.01, -0.013, -0.116, -0.526, 0.01
 159006372, -0.014, -0.105, -0.895, 0.01, -0.014, -0.124, -0.71, 0.01
 159206292, -0.013, -0.068, -1.077, 0.01, -0.014, -0.105, -0.895, 0.01
 159406212, -0.012, -0.02, -1.25, 0.01, -0.013, -0.068, -1.077, 0.01
 159606132, -0.009000001, 0.03, -1.397, 0.01, -0.012, -0.02, -1.25, 0.01
 159806052, -0.007, 0.083, -1.508, 0.01, -0.009000001, 0.03, -1.397, 0.01
 160005972, -0.006, 0.132, -1.582, 0.01, -0.007, 0.083, -1.508, 0.01
 160205892, -0.006, 0.175, -1.617, 0.01, -0.006, 0.132, -1.582, 0.01
 160405812, -0.005, 0.21, -1.616, 0.01, -0.006, 0.175, -1.617, 0.01
 160606565, -0.004, 0.239, -1.592, 0.01, -0.005, 0.21, -1.616, 0.01
 160806485, -0.006, 0.259, -1.562, 0.01, -0.004, 0.239, -1.592, 0.01
 161006405, -0.034, 0.268, -1.512, 0.01, -0.006, 0.259, -1.562, 0.01
 161206325, -0.102, 0.265, -1.431, 0.01, -0.034, 0.268, -1.512, 0.01
 161406245, -0.209, 0.251, -1.316, 0.01, -0.102, 0.265, -1.431, 0.01
 161606165, -0.353, 0.226, -1.165, 0.01, -0.209, 0.251, -1.316, 0.01
 161806085, -0.532, 0.195, -0.978, 0.01, -0.353, 0.226, -1.165, 0.01
 162006005, -0.749, 0.155, -0.774, 0.01, -0.532, 0.195, -0.978, 0.01
 162205925, -1.005, 0.109, -0.567, 0.01, -0.749, 0.155, -0.774, 0.01
 162405845, -1.298, 0.056, -0.363, 0.01, -1.005, 0.109, -0.567, 0.01
 162605765, -1.631, -0.003, -0.173, 0.01, -1.298, 0.056, -0.363, 0.01
 162806518, -2.008, -0.07, -0.02, 0.01, -1.631, -0.003, -0.173, 0.01
 163006438, -2.42, -0.141, 0.087, 0.01, -2.008, -0.07, -0.02, 0.01
 163206358, -2.868, -0.216, 0.15, 0.01, -2.42, -0.141, 0.087, 0.01
 163406278, -3.348, -0.294, 0.167, 0.01, -2.868, -0.216, 0.15, 0.01
 163606198, -3.835, -0.373, 0.149, 0.01, -3.348, -0.294, 0.167, 0.01
 163806118, -4.307, -0.449, 0.119, 0.01, -3.835, -0.373, 0.149, 0.01
 164006038, -4.765, -0.522, 0.09100001, 0.01, -4.307, -0.449, 0.119, 0.01
 164205958, -5.214, -0.5930001, 0.06900001, 0.01, -4.765, -0.522, 0.09100001, 0.01
 164405878, -5.657, -0.665, 0.053, 0.01, -5.214, -0.5930001, 0.06900001, 0.01
 164605798, -6.097, -0.7360001, 0.043, 0.01, -5.657, -0.665, 0.053, 0.01
 164806551, -6.536, -0.807, 0.039, 0.01, -6.097, -0.7360001, 0.043, 0.01
 165006471, -6.971, -0.8750001, 0.037, 0.01, -6.536, -0.807, 0.039, 0.01
 165206391, -7.383, -0.941, 0.035, 0.01, -6.971, -0.8750001, 0.037, 0.01
 165406311, -7.757, -1.003, 0.034, 0.01, -7.383, -0.941, 0.035, 0.01
 165606231, -8.096001, -1.062, 0.035, 0.01, -7.757, -1.003, 0.034, 0.01
 165806151, -8.403001, -1.109, 0.034, 0.01, -8.096001, -1.062, 0.035, 0.01
 166006071, -8.676001, -1.144, 0.033, 0.01, -8.403001, -1.109, 0.034, 0.01
 166205991, -8.913, -1.174, 0.031, 0.01, -8.676001, -1.144, 0.033, 0.01
 166405911, -9.117001, -1.199, 0.029, 0.01, -8.913, -1.174, 0.031, 0.01
 166605831, -9.290001, -1.221, 0.025, 0.01, -9.117001, -1.199, 0.029, 0.01
 166806584, -9.431001, -1.241, 0.022, 0.01, -9.290001, -1.221, 0.025, 0.01
 167006504, -9.545, -1.26, 0.017, 0.01, -9.431001, -1.241, 0.022, 0.01
 167206424, -9.623, -1.264, 0.011, 0.01, -9.545, -1.26, 0.017, 0.01
 167406344, -9.67, -1.255, 0.006, 0.01, -9.623, -1.264, 0.011, 0.01
 167606264, -9.686001, -1.238, 0.003, 0.01, -9.67, -1.255, 0.006, 0.01
 167806184, -9.689, -1.219, 0.002, 0.01, -9.686001, -1.238, 0.003, 0.01
 168006104, -9.695001, -1.204, 0.003, 0.01, -9.689, -1.219, 0.002, 0.01
 168206024, -9.705001, -1.189, 0.003, 0.01, -9.695001, -1.204, 0.003, 0.01
 168405944, -9.717, -1.176, 0.002, 0.01, -9.705001, -1.189, 0.003, 0.01
 168605864, -9.725, -1.167, 0, 0.01, -9.717, -1.176, 0.002, 0.01
 168805784, -9.729, -1.165, 0, 0.01, -9.725, -1.167, 0, 0.01
 169006537, -9.733001, -1.17, 0, 0.01, -9.729, -1.165, 0, 0.01
 169206457, -9.736, -1.18, 0, 0.01, -9.733001, -1.17, 0, 0.01
 169406377, -9.736, -1.193, 0, 0.01, -9.736, -1.18, 0, 0.01
 169606297, -9.735001, -1.202, 0, 0.01, -9.736, -1.193, 0, 0.01
 169806217, -9.736, -1.203, 0, 0.01, -9.735001, -1.202, 0, 0.01
 170006137, -9.737, -1.201, 0, 0.01, -9.736, -1.203, 0, 0.01
 170206057, -9.739, -1.2, 0, 0.01, -9.737, -1.201, 0, 0.01
 170405977, -9.743, -1.2, 0, 0.01, -9.739, -1.2, 0, 0.01
 170605897, -9.749001, -1.192, 0, 0.01, -9.743, -1.2, 0, 0.01
 170805817, -9.756001, -1.179, 0, 0.01, -9.749001, -1.192, 0, 0.01
 171006570, -9.765, -1.164, 0, 0.01, -9.756001, -1.179, 0, 0.01
 171206490, -9.777, -1.152, 0, 0.01, -9.765, -1.164, 0, 0.01
 171406410, -9.786, -1.147, 0, 0.01, -9.777, -1.152, 0, 0.01
 171606330, -9.792001, -1.147, 0, 0.01, -9.786, -1.147, 0, 0.01
 171806250, -9.798, -1.148, -0.001, 0.01, -9.792001, -1.147, 0, 0.01
 172006170, -9.807, -1.151, -0.001, 0.01, -9.798, -1.148, -0.001, 0.01
 172206090, -9.817, -1.156, -0.001, 0.01, -9.807, -1.151, -0.001, 0.01
 172406010, -9.826, -1.168, -0.001, 0.01, -9.817, -1.156, -0.001, 0.01
 172605930, -9.836, -1.183, -0.002, 0.01, -9.826, -1.168, -0.001, 0.01
 172805850, -9.842, -1.202, -0.003, 0.01, -9.836, -1.183, -0.002, 0.01
 173005770, -9.844001, -1.212, -0.003, 0.01, -9.842, -1.202, -0.003, 0.01
 173206523, -9.848001, -1.216, -0.003, 0.01, -9.844001, -1.212, -0.003, 0.01
 173406443, -9.852, -1.216, -0.004, 0.01, -9.848001, -1.216, -0.003, 0.01
 173606363, -9.857, -1.215, -0.004, 0.01, -9.852, -1.216, -0.004, 0.01
 173806283, -9.863001, -1.217, -0.005, 0.01, -9.857, -1.215, -0.004, 0.01
 174006203, -9.869, -1.223, -0.005, 0.01, -9.863001, -1.217, -0.005, 0.01
 174206123, -9.855, -1.225, -0.009000001, 0.01, -9.869, -1.223, -0.005, 0.01
 174406043, -9.798, -1.221, -0.013, 0.01, -9.855, -1.225, -0.009000001, 0.01
 174605963, -9.702001, -1.213, -0.013, 0.01, -9.798, -1.221, -0.013, 0.01
 174805883, -9.569, -1.203, -0.013, 0.01, -9.702001, -1.213, -0.013, 0.01
 175005803, -9.397, -1.191, -0.011, 0.01, -9.569, -1.203, -0.013, 0.01
 175206556, -9.184, -1.177, -0.008, 0.01, -9.397, -1.191, -0.011, 0.01
 175406476, -8.933001, -1.149, -0.004, 0.01, -9.184, -1.177, -0.008, 0.01
 175606396, -8.642, -1.108, 0, 0.01, -8.933001, -1.149, -0.004, 0.01
 175806316, -8.312, -1.058, 0.005, 0.01, -8.642, -1.108, 0, 0.01
 176006236, -7.941, -1.001, 0.01, 0.01, -8.312, -1.058, 0.005, 0.01
 176206156, -7.529, -0.9400001, 0.015, 0.01, -7.941, -1.001, 0.01, 0.01
 176406076, -7.076, -0.8660001, 0.02, 0.01, -7.529, -0.9400001, 0.015, 0.01
 176605996, -6.587, -0.781, 0.023, 0.01, -7.076, -0.8660001, 0.02, 0.01
 176805916, -6.083, -0.692, 0.023, 0.01, -6.587, -0.781, 0.023, 0.01
 177005836, -5.575, -0.6070001, 0.019, 0.01, -6.083, -0.692, 0.023, 0.01
 177206589, -5.059, -0.528, 0.015, 0.01, -5.575, -0.6070001, 0.019, 0.01
 177406509, -4.531, -0.455, 0.009000001, 0.01, -5.059, -0.528, 0.015, 0.01
 177606429, -3.998, -0.39, 0.004, 0.01, -4.531, -0.455, 0.009000001, 0.01
 177806349, -3.458, -0.326, 0, 0.01, -3.998, -0.39, 0.004, 0.01
 178006269, -2.915, -0.262, -0.002, 0.01, -3.458, -0.326, 0, 0.01
 178206189, -2.384, -0.201, -0.004, 0.01, -2.915, -0.262, -0.002, 0.01
 178406109, -1.888, -0.148, -0.004, 0.01, -2.384, -0.201, -0.004, 0.01
 178606029, -1.434, -0.104, -0.003, 0.01, -1.888, -0.148, -0.004, 0.01
 178805949, -1.023, -0.068, -0.001, 0.01, -1.434, -0.104, -0.003, 0.01
 179005869, -0.6530001, -0.039, 0, 0.01, -1.023, -0.068, -0.001, 0.01
 179205789, -0.332, -0.016, 0.002, 0.01, -0.6530001, -0.039, 0, 0.01
 179406542, -0.058, 0, 0.002, 0.01, -0.332, -0.016, 0.002, 0.01
 179606462, 0.162, 0.01, 0, 0.01, -0.058, 0, 0.002, 0.01
 179806382, 0.332, 0.017, -0.001, 0.01, 0.162, 0.01, 0, 0.01
 180006302, 0.449, 0.02, -0.004, 0.01, 0.332, 0.017, -0.001, 0.01
 180206222, 0.513, 0.02, -0.007, 0.01, 0.449, 0.02, -0.004, 0.01
 180406142, 0.527, 0.019, -0.012, 0.01, 0.513, 0.02, -0.007, 0.01
 180606062, 0.497, 0.016, -0.016, 0.01, 0.527, 0.019, -0.012, 0.01
 180805982, 0.454, 0.015, -0.02, 0.01, 0.497, 0.016, -0.016, 0.01
 181005902, 0.41, 0.015, -0.024, 0.01, 0.454, 0.015, -0.02, 0.01
 181205822, 0.365, 0.015, -0.027, 0.01, 0.41, 0.015, -0.024, 0.01
 181406575, 0.32, 0.016, -0.029, 0.01, 0.365, 0.015, -0.027, 0.01
 181606495, 0.273, 0.018, -0.03, 0.01, 0.32, 0.016, -0.029, 0.01
 181806415, 0.226, 0.018, -0.03, 0.01, 0.273, 0.018, -0.03, 0.01
 182006335, 0.181, 0.018, -0.029, 0.01, 0.226, 0.018, -0.03, 0.01
 182206255, 0.138, 0.018, -0.028, 0.01, 0.181, 0.018, -0.029, 0.01
 182406175, 0.096, 0.017, -0.027, 0.01, 0.138, 0.018, -0.028, 0.01
 182606095, 0.056, 0.014, -0.025, 0.01, 0.096, 0.017, -0.027, 0.01
 182806015, 0.02, 0.011, -0.022, 0.01, 0.056, 0.014, -0.025, 0.01
 183005935, -0.01, 0.008, -0.02, 0.01, 0.02, 0.011, -0.022, 0.01
 183205855, -0.035, 0.005, -0.018, 0.01, -0.01, 0.008, -0.02, 0.01
 183405775, -0.053, 0.002, -0.015, 0.01, -0.035, 0.005, -0.018, 0.01
 183606528, -0.06500001, 0, -0.013, 0.01, -0.053, 0.002, -0.015, 0.01
 183806448, -0.07300001, -0.003, -0.011, 0.01, -0.06500001, 0, -0.013, 0.01
 184006368, -0.07600001, -0.006, -0.009000001, 0.01, -0.07300001, -0.003, -0.011, 0.01
 184206288, -0.07600001, -0.008, -0.008, 0.01, -0.07600001, -0.006, -0.009000001, 0.01
 184406208, -0.07300001, -0.01, -0.006, 0.01, -0.07600001, -0.008, -0.008, 0.01
 184606128, -0.067, -0.011, -0.005, 0.01, -0.07300001, -0.01, -0.006, 0.01
 184806048, -0.06, -0.01, -0.005, 0.01, -0.067, -0.011, -0.005, 0.01
 185005968, -0.05, -0.01, -0.005, 0.01, -0.06, -0.01, -0.005, 0.01
 185205888, -0.041, -0.01, -0.004, 0.01, -0.05, -0.01, -0.005, 0.01
 185405808, -0.032, -0.01, -0.004, 0.01, -0.041, -0.01, -0.004, 0.01
 185606561, -0.019, -0.01, 0.009000001, 0.01, -0.032, -0.01, -0.004, 0.01
 185806481, 0.002, -0.009000001, 0.141, 0.01, -0.019, -0.01, 0.009000001, 0.01
 186006401, 0.018, -0.009000001, 0.341, 0.01, 0.002, -0.009000001, 0.141, 0.01
 186206321, 0.028, -0.01, 0.565, 0.01, 0.018, -0.009000001, 0.341, 0.01
 186406241, 0.034, -0.011, 0.7970001, 0.01, 0.028, -0.01, 0.565, 0.01
 186606161, 0.037, -0.012, 1.027, 0.01, 0.034, -0.011, 0.7970001, 0.01
 186806081, 0.036, -0.013, 1.251, 0.01, 0.037, -0.012, 1.027, 0.01
 187006001, 0.033, -0.013, 1.452, 0.01, 0.036, -0.013, 1.251, 0.01
 187205921, 0.03, -0.013, 1.561, 0.01, 0.033, -0.013, 1.452, 0.01
 187405841, 0.027, -0.011, 1.595, 0.01, 0.03, -0.013, 1.561, 0.01
 187605761, 0.024, -0.009000001, 1.583, 0.01, 0.027, -0.011, 1.595, 0.01
 187806514, 0.023, -0.007, 1.551, 0.01, 0.024, -0.009000001, 1.583, 0.01
 188006434, 0.023, -0.004, 1.514, 0.01, 0.023, -0.007, 1.551, 0.01
 188206354, 0.022, 0, 1.479, 0.01, 0.023, -0.004, 1.514, 0.01
 188406274, 0.021, 0.001, 1.451, 0.01, 0.022, 0, 1.479, 0.01
 188606194, 0.019, 0.002, 1.432, 0.01, 0.021, 0.001, 1.451, 0.01
 188806114, 0.018, 0.003, 1.409, 0.01, 0.019, 0.002, 1.432, 0.01
 189006034, 0.018, 0.004, 1.308, 0.01, 0.018, 0.003, 1.409, 0.01
 189205954, 0.018, 0.005, 1.13, 0.01, 0.018, 0.004, 1.308, 0.01
 189405874, 0.018, 0.006, 0.9170001, 0.01, 0.018, 0.005, 1.13, 0.01
 189605794, 0.02, 0.007, 0.692, 0.01, 0.018, 0.006, 0.9170001, 0.01
 189806547, 0.022, 0.009000001, 0.491, 0.01, 0.02, 0.007, 0.692, 0.01
 190006467, 0.022, 0.011, 0.385, 0.01, 0.022, 0.009000001, 0.491, 0.01
 190206387, 0.022, 0.014, 0.35, 0.01, 0.022, 0.011, 0.385, 0.01
 190406307, 0.022, 0.015, 0.357, 0.01, 0.022, 0.014, 0.35, 0.01
 190606227, 0.022, 0.015, 0.383, 0.01, 0.022, 0.015, 0.357, 0.01
 190806147, 0.021, 0.014, 0.415, 0.01, 0.022, 0.015, 0.383, 0.01
 191006067, 0.02, 0.012, 0.445, 0.01, 0.021, 0.014, 0.415, 0.01
 191205987, 0.02, 0.01, 0.469, 0.01, 0.02, 0.012, 0.445, 0.01
 191405907, 0.02, 0.007, 0.485, 0.01, 0.02, 0.01, 0.469, 0.01
 191605827, 0.02, 0.004, 0.495, 0.01, 0.02, 0.007, 0.485, 0.01
 191806580, 0.019, 0.001, 0.5, 0.01, 0.02, 0.004, 0.495, 0.01
 192006500, 0.018, 0, 0.5, 0.01, 0.019, 0.001, 0.5, 0.01
 192206420, 0.017, -0.001, 0.499, 0.01, 0.018, 0, 0.5, 0.01
 192406340, 0.017, -0.003, 0.496, 0.01, 0.017, -0.001, 0.499, 0.01
 192606260, 0.016, -0.003, 0.493, 0.01, 0.017, -0.003, 0.496, 0.01
 192806180, 0.015, -0.002, 0.49, 0.01, 0.016, -0.003, 0.493, 0.01
 193006100, 0.013, -0.001, 0.488, 0.01, 0.015, -0.002, 0.49, 0.01
 193206020, 0.011, 0, 0.486, 0.01, 0.013, -0.001, 0.488, 0.01
 193405940, 0.009000001, 0, 0.484, 0.01, 0.011, 0, 0.486, 0.01
 193605860, 0.007, 0, 0.483, 0.01, 0.009000001, 0, 0.484, 0.01
 193805780, 0.006, 0, 0.483, 0.01, 0.007, 0, 0.483, 0.01
 194006533, 0.005, 0, 0.482, 0.01, 0.006, 0, 0.483, 0.01
 194206453, 0.003, 0, 0.481, 0.01, 0.005, 0, 0.482, 0.01
 194406373, 0.003, 0.001, 0.48, 0.01, 0.003, 0, 0.481, 0.01
 194606293, 0.003, 0, 0.479, 0.01, 0.003, 0.001, 0.48, 0.01
 194806213, 0.004, 0, 0.479, 0.01, 0.003, 0, 0.479, 0.01
 195006133, 0.004, -0.001, 0.478, 0.01, 0.004, 0, 0.479, 0.01
 195206053, 0.005, -0.003, 0.478, 0.01, 0.004, -0.001, 0.478, 0.01
 195405973, 0.005, -0.005, 0.477, 0.01, 0.005, -0.003, 0.478, 0.01
 195605893, 0.005, -0.006, 0.477, 0.01, 0.005, -0.005, 0.477, 0.01
 195805813, 0.004, -0.007, 0.477, 0.01, 0.005, -0.006, 0.477, 0.01
 196006566, 0.003, -0.007, 0.477, 0.01, 0.004, -0.007, 0.477, 0.01
 196206486, 0.002, -0.007, 0.477, 0.01, 0.003, -0.007, 0.477, 0.01
 196406406, 0.002, -0.006, 0.476, 0.01, 0.002, -0.007, 0.477, 0.01
 196606326, 0.001, -0.005, 0.476, 0.01, 0.002, -0.006, 0.476, 0.01
 196806246, 0, -0.005, 0.476, 0.01, 0.001, -0.005, 0.476, 0.01
 197006166, -0.001, -0.004, 0.475, 0.01, 0, -0.005, 0.476, 0.01
 197206086, -0.003, -0.004, 0.475, 0.01, -0.001, -0.004, 0.475, 0.01
 197406006, -0.004, -0.003, 0.474, 0.01, -0.003, -0.004, 0.475, 0.01
 197605926, -0.005, -0.002, 0.474, 0.01, -0.004, -0.003, 0.474, 0.01
 197805846, -0.006, -0.001, 0.474, 0.01, -0.005, -0.002, 0.474, 0.01
 198005766, -0.006, 0, 0.474, 0.01, -0.006, -0.001, 0.474, 0.01
 198206519, -0.006, 0, 0.473, 0.01, -0.006, 0, 0.474, 0.01
 198406439, -0.004, 0, 0.473, 0.01, -0.006, 0, 0.473, 0.01
 198606359, -0.002, 0, 0.473, 0.01, -0.004, 0, 0.473, 0.01
 198806279, -0.001, 0, 0.472, 0.01, -0.002, 0, 0.473, 0.01
 199006199, 0, 0, 0.472, 0.01, -0.001, 0, 0.472, 0.01
 199206119, 0, 0, 0.472, 0.01, 0, 0, 0.472, 0.01
 199406039, -0.001, 0, 0.472, 0.01, 0, 0, 0.472, 0.01
 199605959, -0.003, -0.002, 0.471, 0.01, -0.001, 0, 0.472, 0.01
 199805879, -0.006, -0.002, 0.471, 0.01, -0.003, -0.002, 0.471, 0.01
 200005799, -0.008, -0.001, 0.471, 0.01, -0.006, -0.002, 0.471, 0.01
 200206552, -0.009000001, 0, 0.471, 0.01, -0.008, -0.001, 0.471, 0.01
 200406472, -0.007, 0, 0.472, 0.01, -0.009000001, 0, 0.471, 0.01
 200606392, -0.006, 0, 0.472, 0.01, -0.007, 0, 0.472, 0.01
 200806312, -0.006, -0.001, 0.472, 0.01, -0.006, 0, 0.472, 0.01
 201006232, -0.007, -0.003, 0.473, 0.01, -0.006, -0.001, 0.472, 0.01
 201206152, -0.007, -0.003, 0.473, 0.01, -0.007, -0.003, 0.473, 0.01
 201406072, -0.007, -0.004, 0.473, 0.01, -0.007, -0.003, 0.473, 0.01
 201605992, -0.007, -0.005, 0.473, 0.01, -0.007, -0.004, 0.473, 0.01
 201805912, -0.008, -0.005, 0.473, 0.01, -0.007, -0.005, 0.473, 0.01
 202005832, -0.008, -0.005, 0.473, 0.01, -0.008, -0.005, 0.473, 0.01
 202206585, -0.007, -0.004, 0.473, 0.01, -0.008, -0.005, 0.473, 0.01
 202406505, -0.005, -0.003, 0.473, 0.01, -0.007, -0.004, 0.473, 0.01
 202606425, -0.004, 0, 0.473, 0.01, -0.005, -0.003, 0.473, 0.01
 202806345, -0.002, 0, 0.473, 0.01, -0.004, 0, 0.473, 0.01
 203006265, -0.001, 0.001, 0.474, 0.01, -0.002, 0, 0.473, 0.01
 203206185, -0.001, 0.001, 0.474, 0.01, -0.001, 0.001, 0.474, 0.01
 203406105, -0.001, 0.002, 0.474, 0.01, -0.001, 0.001, 0.474, 0.01
 203606025, -0.001, 0.004, 0.475, 0.01, -0.001, 0.002, 0.474, 0.01
 203805945, 0, 0.005, 0.475, 0.01, -0.001, 0.004, 0.475, 0.01
 204005865, 0, 0.005, 0.476, 0.01, 0, 0.005, 0.475, 0.01
 204205785, 0.001, 0.005, 0.476, 0.01, 0, 0.005, 0.476, 0.01
 204406538, 0.002, 0.004, 0.476, 0.01, 0.001, 0.005, 0.476, 0.01
 204606458, 0.003, 0.002, 0.476, 0.01, 0.002, 0.004, 0.476, 0.01
 204806378, 0.003, 0.001, 0.475, 0.01, 0.003, 0.002, 0.476, 0.01
 205006298, 0.003, 0, 0.475, 0.01, 0.003, 0.001, 0.475, 0.01
 205206218, 0.002, 0, 0.475, 0.01, 0.003, 0, 0.475, 0.01
 205406138, 0.002, -0.002, 0.475, 0.01, 0.002, 0, 0.475, 0.01
 205606058, 0.001, -0.002, 0.475, 0.01, 0.002, -0.002, 0.475, 0.01
 205805978, 0.001, -0.002, 0.475, 0.01, 0.001, -0.002, 0.475, 0.01
 206005898, 0.001, -0.002, 0.476, 0.01, 0.001, -0.002, 0.475, 0.01
 206205818, 0, -0.003, 0.475, 0.01, 0.001, -0.002, 0.476, 0.01
 206406571, 0, -0.003, 0.475, 0.01, 0, -0.003, 0.475, 0.01
 206606491, -0.001, -0.004, 0.475, 0.01, 0, -0.003, 0.475, 0.01
 206806411, 0, -0.005, 0.475, 0.01, -0.001, -0.004, 0.475, 0.01
 207006331, -0.001, -0.005, 0.475, 0.01, 0, -0.005, 0.475, 0.01
 207206251, -0.001, -0.004, 0.475, 0.01, -0.001, -0.005, 0.475, 0.01
 207406171, 0, -0.003, 0.475, 0.01, -0.001, -0.004, 0.475, 0.01
 207606091, 0, -0.003, 0.475, 0.01, 0, -0.003, 0.475, 0.01
 207806011, 0, -0.002, 0.475, 0.01, 0, -0.003, 0.475, 0.01
 208005931, 0.001, -0.001, 0.475, 0.01, 0, -0.002, 0.475, 0.01
 208205851, 0.001, 0, 0.475, 0.01, 0.001, -0.001, 0.475, 0.01
 208405771, 0.002, 0, 0.475, 0.01, 0.001, 0, 0.475, 0.01
 208606524, 0.004, 0, 0.475, 0.01, 0.002, 0, 0.475, 0.01
 208806444, 0.004, 0, 0.475, 0.01, 0.004, 0, 0.475, 0.01
 209006364, 0.006, 0, 0.475, 0.01, 0.004, 0, 0.475, 0.01
 209206284, 0.007, 0, 0.475, 0.01, 0.006, 0, 0.475, 0.01
 209406204, 0.007, 0, 0.475, 0.01, 0.007, 0, 0.475, 0.01
 209606124, 0.007, 0, 0.475, 0.01, 0.007, 0, 0.475, 0.01
 209806044, 0.006, 0, 0.475, 0.01, 0.007, 0, 0.475, 0.01
 210005964, 0.001, 0, 0.129, 0.01, 0.006, 0, 0.475, 0.01
 210205884, -0.001, 0, -0.13, 0.01, 0.001, 0, 0.129, 0.01
 210405804, 0, 0, -0.001, 0.01, -0.001, 0, -0.13, 0.01
 210606557, 0, 0, 0.017, 0.01, 0, 0, -0.001, 0.01
 210806477, 0, 0, -0.001, 0.01, 0, 0, 0.017, 0.01
 211006397, 0, 0, -0.002, 0.01, 0, 0, -0.001, 0.01
 211206317, 0, 0, 0, 0.01, 0, 0, -0.002, 0.01
 211406237, 0, 0, 0, 0.01, 0, 0, 0, 0.01
 211606157, 0, 0, 0, 0.01, 0, 0, 0, 0.01
 211806077, 0, 0, 0, 0.01, 0, 0, 0, 0.01
 212005997, 0, 0, 0, 0.01, 0, 0, 0, 0.01
 212205917, 0, 0, 0, 0.01, 0, 0, 0, 0.01
