TimeUS,CGpN,CGpE,CGpD,CGpe,PGpN,PGpE,PGpD,PGpe
 77698908, 0, 0, 0, 2.5, 0, 0, 0, 0
 77806365, 0, 0, 0, 2.5, 0, 0, 0, 2.5
 78006285, 0, 0, 0, 2.5, 0, 0, 0, 2.5
 78206205, 0, 0, 0, 2.5, 0, 0, 0, 2.5
 78406125, 0, 0, 0, 2.5, 0, 0, 0, 2.5
 78606045, 0, 0, 0, 2.5, 0, 0, 0, 2.5
 78805965, 0, 0, 0, 2.5, 0, 0, 0, 2.5
 79005885, 0, 0, 0, 2.5, 0, 0, 0, 2.5
 79205805, 0, 0, 0, 2.5, 0, 0, 0, 2.5
 79406558, 0, 0, 0, 2.5, 0, 0, 0, 2.5
 79606478, 0, 0, 0, 2.5, 0, 0, 0, 2.5
 79806398, 0, 0, 0, 2.5, 0, 0, 0, 2.5
 80006318, 0, 0, 0, 2.5, 0, 0, 0, 2.5
 80206238, 0, 0, 0, 2.5, 0, 0, 0, 2.5
 80406158, 0, 0, 0, 2.5, 0, 0, 0, 2.5
 80606078, 0, 0, 0, 2.5, 0, 0, 0, 2.5
 80805998, 0, 0, 0, 2.5, 0, 0, 0, 2.5
 81005918, 0, 0, 0, 2.5, 0, 0, 0, 2.5
 81205838, 0, 0, 0, 2.5, 0, 0, 0, 2.5
 81406591, 0, 0, 0, 2.5, 0, 0, 0, 2.5
 81606511, 0, 0, 0, 2.5, 0, 0, 0, 2.5
 81806431, 0, 0, 0, 2.5, 0, 0, 0, 2.5
 82006351, 0, 0, 0, 2.5, 0, 0, 0, 2.5
 82206271, 0, 0, 0, 2.5, 0, 0, 0, 2.5
 82406191, 0, 0, 0, 2.5, 0, 0, 0, 2.5
 82606111, 0, 0, 0, 2.5, 0, 0, 0, 2.5
 82806031, 0, 0, 0, 2.5, 0, 0, 0, 2.5
 83005951, 0, 0, 0, 2.5, 0, 0, 0, 2.5
 83205871, 0, 0, 0, 2.5, 0, 0, 0, 2.5
 83405791, 0, 0, 0, 2.5, 0, 0, 0, 2.5
 83606544, 0, 0, 0, 2.5, 0, 0, 0, 2.5
 83806464, 0, 0, 0, 2.5, 0, 0, 0, 2.5
 84006384, 0, 0, 0, 2.5, 0, 0, 0, 2.5
 84206304, 0, 0, 0, 2.5, 0, 0, 0, 2.5
 84406224, 0, 0, 0, 2.5, 0, 0, 0, 2.5
 84606144, 0, 0, 0, 2.5, 0, 0, 0, 2.5
 84806064, 0, 0, 0, 2.5, 0, 0, 0, 2.5
 85005984, 0, 0, 0, 2.5, 0, 0, 0, 2.5
 85205904, 0, 0, 0, 2.5, 0, 0, 0, 2.5
 85405824, 0, 0, 0, 2.5, 0, 0, 0, 2.5
 85606577, 0, 0, 0, 2.5, 0, 0, 0, 2.5
 85806497, 0, 0, 0, 2.5, 0, 0, 0, 2.5
 86006417, 0, 0, 0, 2.5, 0, 0, 0, 2.5
 86206337, 0, 0, 0, 2.5, 0, 0, 0, 2.5
 86406257, 0, 0, 0, 2.5, 0, 0, 0, 2.5
 86606177, 0, 0, 0, 2.5, 0, 0, 0, 2.5
 86806097, 0, 0, 0, 2.5, 0, 0, 0, 2.5
 87006017, 0, 0, 0, 2.5, 0, 0, 0, 2.5
 87205937, 0, 0, 0, 2.5, 0, 0, 0, 2.5
 87405857, 0, 0, 0, 2.5, 0, 0, 0, 2.5
 87605777, 0, 0, 0, 2.5, 0, 0, 0, 2.5
 87806530, 0, 0, 0, 2.5, 0, 0, 0, 2.5
 88006450, 0, 0, 0, 2.5, 0, 0, 0, 2.5
 88206370, 0, 0, 0, 2.5, 0, 0, 0, 2.5
 88406290, 0, 0, 0, 2.5, 0, 0, 0, 2.5
 88606210, 0, 0, 0, 2.5, 0, 0, 0, 2.5
 88806130, 0, 0, 0, 2.5, 0, 0, 0, 2.5
 89006050, 0, 0, 0, 2.5, 0, 0, 0, 2.5
 89205970, 0, 0, 0, 2.5, 0, 0, 0, 2.5
 89405890, 0, 0, 0, 2.5, 0, 0, 0, 2.5
 89605810, 0, 0, 0, 2.5, 0, 0, 0, 2.5
 89806563, 0, 0, 0, 2.5, 0, 0, 0, 2.5
 90006483, 0, 0, 0, 2.5, 0, 0, 0, 2.5
 90206403, 0, 0, 0, 2.5, 0, 0, 0, 2.5
 90406323, 0, 0, 0, 2.5, 0, 0, 0, 2.5
 90606243, 0, 0, 0, 2.5, 0, 0, 0, 2.5
 90806163, 0, 0, 0, 2.5, 0, 0, 0, 2.5
 91006083, 0, 0, 0, 2.5, 0, 0, 0, 2.5
 91206003, 0, 0, 0, 2.5, 0, 0, 0, 2.5
 91405923, 0, 0, 0, 2.5, 0, 0, 0, 2.5
 91605843, 0, 0, 0, 2.5, 0, 0, 0, 2.5
 91805763, 0, 0, 0, 2.5, 0, 0, 0, 2.5
 92006516, 0, 0, 0, 2.5, 0, 0, 0, 2.5
 92206436, 0, 0, 0, 2.5, 0, 0, 0, 2.5
 92406356, 0, 0, 0, 2.5, 0, 0, 0, 2.5
 92606276, 0, 0, 0, 2.5, 0, 0, 0, 2.5
 92806196, 0, 0, 0, 2.5, 0, 0, 0, 2.5
 93006116, 0, 0, 0, 2.5, 0, 0, 0, 2.5
 93206036, 0, 0, 0, 2.5, 0, 0, 0, 2.5
 93405956, 0, 0, 0, 2.5, 0, 0, 0, 2.5
 93605876, 0, 0, 0, 2.5, 0, 0, 0, 2.5
 93805796, 0, 0, 0, 2.5, 0, 0, 0, 2.5
 94006549, 0, 0, 0, 2.5, 0, 0, 0, 2.5
 94206469, 0, 0, 0, 2.5, 0, 0, 0, 2.5
 94406389, 0, 0, 0, 2.5, 0, 0, 0, 2.5
 94606309, 0, 0, 0, 2.5, 0, 0, 0, 2.5
 94806229, 0, 0, 0, 2.5, 0, 0, 0, 2.5
 95006149, 0, 0, 0, 2.5, 0, 0, 0, 2.5
 95206069, 0, 0, 0, 2.5, 0, 0, 0, 2.5
 95405989, 0, 0, 0, 2.5, 0, 0, 0, 2.5
 95605909, 0, 0, 0, 2.5, 0, 0, 0, 2.5
 95805829, 0, 0, 0, 2.5, 0, 0, 0, 2.5
 96006582, 0, 0, 0, 2.5, 0, 0, 0, 2.5
 96206502, 0, 0, 0, 2.5, 0, 0, 0, 2.5
 96406422, 0, 0, 0, 2.5, 0, 0, 0, 2.5
 96606342, 0, 0, 0, 2.5, 0, 0, 0, 2.5
 96806262, 0, 0, 0, 2.5, 0, 0, 0, 2.5
 97006182, 0, 0, 0, 2.5, 0, 0, 0, 2.5
 97206102, 0, 0, 0, 2.5, 0, 0, 0, 2.5
 97406022, 0, 0, 0, 2.5, 0, 0, 0, 2.5
 97605942, 0, 0, 0, 2.5, 0, 0, 0, 2.5
 97805862, 0, 0, 0, 2.5, 0, 0, 0, 2.5
 98005782, 0, 0, 0, 2.5, 0, 0, 0, 2.5
 98206535, 0, 0, 0, 2.5, 0, 0, 0, 2.5
 98406455, 0, 0, 0, 2.5, 0, 0, 0, 2.5
 98606375, 0, 0, 0, 2.5, 0, 0, 0, 2.5
 98806295, 0, 0, 0, 2.5, 0, 0, 0, 2.5
 99006215, 0, 0, 0, 2.5, 0, 0, 0, 2.5
 99206135, 0, 0, 0, 2.5, 0, 0, 0, 2.5
 99406055, 0, 0, 0, 2.5, 0, 0, 0, 2.5
 99605975, 0, 0, 0, 2.5, 0, 0, 0, 2.5
 99805895, 0, 0, 0, 2.5, 0, 0, 0, 2.5
 100005815, 0, 0, 0, 2.5, 0, 0, 0, 2.5
 100206568, 0, 0, 0, 2.5, 0, 0, 0, 2.5
 100406488, 0, 0, 0, 2.5, 0, 0, 0, 2.5
 100606408, 0, 0, 0, 2.5, 0, 0, 0, 2.5
 100806328, 0, 0, 0, 2.5, 0, 0, 0, 2.5
 101006248, 0, 0, 0, 2.5, 0, 0, 0, 2.5
 101206168, 0, 0, 0, 2.5, 0, 0, 0, 2.5
 101406088, 0, 0, 0, 2.5, 0, 0, 0, 2.5
 101606008, 0, 0, 0, 2.5, 0, 0, 0, 2.5
 101805928, 0, 0, 0, 2.5, 0, 0, 0, 2.5
 102005848, 0, 0, 0, 2.5, 0, 0, 0, 2.5
 102205768, 0, 0, 0, 2.5, 0, 0, 0, 2.5
 102406521, 0, 0, 0, 2.5, 0, 0, 0, 2.5
 102606441, 0, 0, 0, 2.5, 0, 0, 0, 2.5
 102806361, 0, 0, 0, 2.5, 0, 0, 0, 2.5
 103006281, 0, 0, 0, 2.5, 0, 0, 0, 2.5
 103206201, 0, 0, 0, 2.5, 0, 0, 0, 2.5
 103406121, 0, 0, 0, 2.5, 0, 0, 0, 2.5
 103606041, 0, 0, 0, 2.5, 0, 0, 0, 2.5
 103805961, 0, 0, 0, 2.5, 0, 0, 0, 2.5
 104005881, 0, 0, 0, 2.5, 0, 0, 0, 2.5
 104205801, 0, 0, 0, 2.5, 0, 0, 0, 2.5
 104406554, 0, 0, 0, 2.5, 0, 0, 0, 2.5
 104606474, 0, 0, 0, 2.5, 0, 0, 0, 2.5
 104806394, 0, 0, 0, 2.5, 0, 0, 0, 2.5
 105006314, 0, 0, 0, 2.5, 0, 0, 0, 2.5
 105206234, 0, 0, 0, 2.5, 0, 0, 0, 2.5
 105406154, 0, 0, 0, 2.5, 0, 0, 0, 2.5
 105606074, 0, 0, 0, 2.5, 0, 0, 0, 2.5
 105805994, 0, 0, 0, 2.5, 0, 0, 0, 2.5
 106005914, 0, 0, 0, 2.5, 0, 0, 0, 2.5
 106205834, 0, 0, 0, 2.5, 0, 0, 0, 2.5
 106406587, 0, 0, 0, 2.5, 0, 0, 0, 2.5
 106606507, 0, 0, 0, 2.5, 0, 0, 0, 2.5
 106806427, 0, 0, 0, 2.5, 0, 0, 0, 2.5
 107006347, 0, 0, 0, 2.5, 0, 0, 0, 2.5
 107206267, 0, 0, 0, 2.5, 0, 0, 0, 2.5
 107406187, 0, 0, 0, 2.5, 0, 0, 0, 2.5
 107606107, 0, 0, 0, 2.5, 0, 0, 0, 2.5
 107806027, 0, 0, 0, 2.5, 0, 0, 0, 2.5
 108005947, 0, 0, 0, 2.5, 0, 0, 0, 2.5
 108205867, 0, 0, 0, 2.5, 0, 0, 0, 2.5
 108405787, 0, 0, 0, 2.5, 0, 0, 0, 2.5
 108606540, 0, 0, 0, 2.5, 0, 0, 0, 2.5
 108806460, 0, 0, 0, 2.5, 0, 0, 0, 2.5
 109006380, 0, 0, 0, 2.5, 0, 0, 0, 2.5
 109206300, 0, 0, 0, 2.5, 0, 0, 0, 2.5
 109406220, 0, 0, 0, 2.5, 0, 0, 0, 2.5
 109606140, 0, 0, 0, 2.5, 0, 0, 0, 2.5
 109806060, 0, 0, 0, 2.5, 0, 0, 0, 2.5
 110005980, 0, 0, 0, 2.5, 0, 0, 0, 2.5
 110205900, 0, 0, 0, 2.5, 0, 0, 0, 2.5
 110405820, 0, 0, 0, 2.5, 0, 0, 0, 2.5
 110606573, 0, 0, 0, 2.5, 0, 0, 0, 2.5
 110806493, 0, 0, 0, 2.5, 0, 0, 0, 2.5
 111006413, 0, 0, 0, 2.5, 0, 0, 0, 2.5
 111206333, 0, 0, 0, 2.5, 0, 0, 0, 2.5
 111406253, 0, 0, 0, 2.5, 0, 0, 0, 2.5
 111606173, 0, 0, 0, 2.5, 0, 0, 0, 2.5
 111806093, 0, 0, 0, 2.5, 0, 0, 0, 2.5
 112006013, 0, 0, 0, 2.5, 0, 0, 0, 2.5
 112205933, 0, 0, 0, 2.5, 0, 0, 0, 2.5
 112405853, 0, 0, 0, 2.5, 0, 0, 0, 2.5
 112605773, 0, 0, 0, 2.5, 0, 0, 0, 2.5
 112806526, 0, 0, 0, 2.5, 0, 0, 0, 2.5
 113006446, 0, 0, 0, 2.5, 0, 0, 0, 2.5
 113206366, 0, 0, 0, 2.5, 0, 0, 0, 2.5
 113406286, 0, 0, 0, 2.5, 0, 0, 0, 2.5
 113606206, 0, 0, 0, 2.5, 0, 0, 0, 2.5
 113806126, 0, 0, 0, 2.5, 0, 0, 0, 2.5
 114006046, 0, 0, 0, 2.5, 0, 0, 0, 2.5
 114205966, 0, 0, 0, 2.5, 0, 0, 0, 2.5
 114405886, 0, 0, 0, 2.5, 0, 0, 0, 2.5
 114605806, 0, 0, 0, 2.5, 0, 0, 0, 2.5
 114806559, 0, 0, 0, 2.5, 0, 0, 0, 2.5
 115006479, 0, 0, 0, 2.5, 0, 0, 0, 2.5
 115206399, 0, 0, 0, 2.5, 0, 0, 0, 2.5
 115406319, 0, 0, 0, 2.5, 0, 0, 0, 2.5
 115606239, 0, 0, 0, 2.5, 0, 0, 0, 2.5
 115806159, 0, 0, 0, 2.5, 0, 0, 0, 2.5
 116006079, 0, 0, 0, 2.5, 0, 0, 0, 2.5
 116205999, 0, 0, 0, 2.5, 0, 0, 0, 2.5
 116405919, 0, 0, 0, 2.5, 0, 0, 0, 2.5
 116605839, 0, 0, 0, 2.5, 0, 0, 0, 2.5
 116806592, 0, 0, 0, 2.5, 0, 0, 0, 2.5
 117006512, 0, 0, 0, 2.5, 0, 0, 0, 2.5
 117206432, 0, 0, 0, 2.5, 0, 0, 0, 2.5
 117406352, 0, 0, 0, 2.5, 0, 0, 0, 2.5
 117606272, 0, 0, 0, 2.5, 0, 0, 0, 2.5
 117806192, 0, 0, 0, 2.5, 0, 0, 0, 2.5
 118006112, 0, 0, 0, 2.5, 0, 0, 0, 2.5
 118206032, 0, 0, 0, 2.5, 0, 0, 0, 2.5
 118405952, 0, 0, 0, 2.5, 0, 0, 0, 2.5
 118605872, 0, 0, 0, 2.5, 0, 0, 0, 2.5
 118805792, 0, 0, 0, 2.5, 0, 0, 0, 2.5
 119006545, 0, 0, 0, 2.5, 0, 0, 0, 2.5
 119206465, 0, 0, 0, 2.5, 0, 0, 0, 2.5
 119406385, 0, 0, 0, 2.5, 0, 0, 0, 2.5
 119606305, 0, 0, 0, 2.5, 0, 0, 0, 2.5
 119806225, 0, 0, 0, 2.5, 0, 0, 0, 2.5
 120006145, 0, 0, 0, 2.5, 0, 0, 0, 2.5
 120206065, 0, 0, 0, 2.5, 0, 0, 0, 2.5
 120405985, 0, 0, 0, 2.5, 0, 0, 0, 2.5
 120605905, 0, 0, 0, 2.5, 0, 0, 0, 2.5
 120805825, 0, 0, 0, 2.5, 0, 0, 0, 2.5
 121006578, 0, 0, 0, 2.5, 0, 0, 0, 2.5
 121206498, 0, 0, 0, 2.5, 0, 0, 0, 2.5
 121406418, 0, 0, 0, 2.5, 0, 0, 0, 2.5
 121606338, 0, 0, 0, 2.5, 0, 0, 0, 2.5
 121806258, 0, 0, 0, 2.5, 0, 0, 0, 2.5
 122006178, 0, 0, 0, 2.5, 0, 0, 0, 2.5
 122206098, 0, 0, 0, 2.5, 0, 0, 0, 2.5
 122406018, 0, 0, 0, 2.5, 0, 0, 0, 2.5
 122605938, 0, 0, 0, 2.5, 0, 0, 0, 2.5
 122805858, 0, 0, 0, 2.5, 0, 0, 0, 2.5
 123005778, 0, 0, 0, 2.5, 0, 0, 0, 2.5
 123206531, 0, 0, 0, 2.5, 0, 0, 0, 2.5
 123406451, 0, 0, 0, 2.5, 0, 0, 0, 2.5
 123606371, 0, 0, 0, 2.5, 0, 0, 0, 2.5
 123806291, 0, 0, 0, 2.5, 0, 0, 0, 2.5
 124006211, 0, 0, 0, 2.5, 0, 0, 0, 2.5
 124206131, 0, 0, 0, 2.5, 0, 0, 0, 2.5
 124406051, 0, 0, 0, 2.5, 0, 0, 0, 2.5
 124605971, 0, 0, 0, 2.5, 0, 0, 0, 2.5
 124805891, 0, 0, 0, 2.5, 0, 0, 0, 2.5
 125005811, 0, 0, 0, 2.5, 0, 0, 0, 2.5
 125206564, 0, 0, 0, 2.5, 0, 0, 0, 2.5
 125406484, 0, 0, 0, 2.5, 0, 0, 0, 2.5
 125606404, 0, 0, 0, 2.5, 0, 0, 0, 2.5
 125806324, 0, 0, 0, 2.5, 0, 0, 0, 2.5
 126006244, 0, 0, 0, 2.5, 0, 0, 0, 2.5
 126206164, 0, 0, 0, 2.5, 0, 0, 0, 2.5
 126406084, 0, 0, 0, 2.5, 0, 0, 0, 2.5
 126606004, 0, 0, 0, 2.5, 0, 0, 0, 2.5
 126805924, 0, 0, 0, 2.5, 0, 0, 0, 2.5
 127005844, 0, 0, 0, 2.5, 0, 0, 0, 2.5
 127205764, 0, 0, 0, 2.5, 0, 0, 0, 2.5
 127406517, 0, 0, 0, 2.5, 0, 0, 0, 2.5
 127606437, 0, 0, 0, 2.5, 0, 0, 0, 2.5
 127806357, 0, 0, 0, 2.5, 0, 0, 0, 2.5
 128006277, 0, 0, 0, 2.5, 0, 0, 0, 2.5
 128206197, 0, 0, 0, 2.5, 0, 0, 0, 2.5
 128406117, 0, 0, 0, 2.5, 0, 0, 0, 2.5
 128606037, 0, 0, 0, 2.5, 0, 0, 0, 2.5
 128805957, 0, 0, 0, 2.5, 0, 0, 0, 2.5
 129005877, 0, 0, 0, 2.5, 0, 0, 0, 2.5
 129205797, 0, 0, 0, 2.5, 0, 0, 0, 2.5
 129406550, 0, 0, 0, 2.5, 0, 0, 0, 2.5
 129606470, 0, 0, 0, 2.5, 0, 0, 0, 2.5
 129806390, 0, 0, 0, 2.5, 0, 0, 0, 2.5
 130006310, 0, 0, 0, 2.5, 0, 0, 0, 2.5
 130206230, 0, 0, 0, 2.5, 0, 0, 0, 2.5
 130406150, 0, 0, 0, 2.5, 0, 0, 0, 2.5
 130606070, 0, 0, 0, 2.5, 0, 0, 0, 2.5
 130805990, 0, 0, 0, 2.5, 0, 0, 0, 2.5
 131005910, 0, 0, 0, 2.5, 0, 0, 0, 2.5
 131205830, 0, 0, 0, 2.5, 0, 0, 0, 2.5
 131406583, 0, 0, 0, 2.5, 0, 0, 0, 2.5
 131606503, 0, 0, 0, 2.5, 0, 0, 0, 2.5
 131806423, 0, 0, 0, 2.5, 0, 0, 0, 2.5
 132006343, 0, 0, 0, 2.5, 0, 0, 0, 2.5
 132206263, 0, 0, 0, 2.5, 0, 0, 0, 2.5
 132406183, 0, 0, 0, 2.5, 0, 0, 0, 2.5
 132606103, 0, 0, 0, 2.5, 0, 0, 0, 2.5
 132806023, 0, 0, 0, 2.5, 0, 0, 0, 2.5
 133005943, 0, 0, 0, 2.5, 0, 0, 0, 2.5
 133205863, 0, 0, 0, 2.5, 0, 0, 0, 2.5
 133405783, 0, 0, 0, 2.5, 0, 0, 0, 2.5
 133606536, 0, 0, 0, 2.5, 0, 0, 0, 2.5
 133806456, 0, 0, 0, 2.5, 0, 0, 0, 2.5
 134006376, 0, 0, 0, 2.5, 0, 0, 0, 2.5
 134206296, 0, 0, 0, 2.5, 0, 0, 0, 2.5
 134406216, 0, 0, 0, 2.5, 0, 0, 0, 2.5
 134606136, 0, 0, 0, 2.5, 0, 0, 0, 2.5
 134806056, 0, 0, 0, 2.5, 0, 0, 0, 2.5
 135005976, 0, 0, 0, 2.5, 0, 0, 0, 2.5
 135205896, 0, 0, 0, 2.5, 0, 0, 0, 2.5
 135405816, 0, 0, 0, 2.5, 0, 0, 0, 2.5
 135606569, 0, 0, 0, 2.5, 0, 0, 0, 2.5
 135806489, 0, 0, 0, 2.5, 0, 0, 0, 2.5
 136006409, 0, 0, 0, 2.5, 0, 0, 0, 2.5
 136206329, 0, 0, 0, 2.5, 0, 0, 0, 2.5
 136406249, 0, 0, 0, 2.5, 0, 0, 0, 2.5
 136606169, 0, 0, 0, 2.5, 0, 0, 0, 2.5
 136806089, 0, 0, 0, 2.5, 0, 0, 0, 2.5
 137006009, 0, 0, 0, 2.5, 0, 0, 0, 2.5
 137205929, 0, 0, 0, 2.5, 0, 0, 0, 2.5
 137405849, 0, 0, 0, 2.5, 0, 0, 0, 2.5
 137605769, 0, 0, 0, 2.5, 0, 0, 0, 2.5
 137806522, 0, 0, 0, 2.5, 0, 0, 0, 2.5
 138006442, 0, 0, 0, 2.5, 0, 0, 0, 2.5
 138206362, 0, 0, 0, 2.5, 0, 0, 0, 2.5
 138406282, 0, 0, 0, 2.5, 0, 0, 0, 2.5
 138606202, 0, 0, 0, 2.5, 0, 0, 0, 2.5
 138806122, 0, 0, 0, 2.5, 0, 0, 0, 2.5
 139006042, 0, 0, 0, 2.5, 0, 0, 0, 2.5
 139205962, 0, 0, 0, 2.5, 0, 0, 0, 2.5
 139405882, 0, 0, 0, 2.5, 0, 0, 0, 2.5
 139605802, 0, 0, 0, 2.5, 0, 0, 0, 2.5
 139806555, 0, 0, 0, 2.5, 0, 0, 0, 2.5
 140006475, 0, 0, 0, 2.5, 0, 0, 0, 2.5
 140206395, 0, 0, 0, 2.5, 0, 0, 0, 2.5
 140406315, 0, 0, 0, 2.5, 0, 0, 0, 2.5
 140606235, 0, 0, 0, 2.5, 0, 0, 0, 2.5
 140806155, 0, 0, 0, 2.5, 0, 0, 0, 2.5
 141006075, 0, 0, 0, 2.5, 0, 0, 0, 2.5
 141205995, 0, 0, 0, 2.5, 0, 0, 0, 2.5
 141405915, 0, 0, 0, 2.5, 0, 0, 0, 2.5
 141605835, 0, 0, 0, 2.5, 0, 0, 0, 2.5
 141806588, 0, 0, 0, 2.5, 0, 0, 0, 2.5
 142006508, 0, 0, 0, 2.5, 0, 0, 0, 2.5
 142206428, 0, 0, 0, 2.5, 0, 0, 0, 2.5
 142406348, 0, 0, 0, 2.5, 0, 0, 0, 2.5
 142606268, 0, 0, 0, 2.5, 0, 0, 0, 2.5
 142806188, 0, 0, 0, 2.5, 0, 0, 0, 2.5
 143006108, 0, 0, 0, 2.5, 0, 0, 0, 2.5
 143206028, 0, 0, 0, 2.5, 0, 0, 0, 2.5
 143405948, 0, 0, 0, 2.5, 0, 0, 0, 2.5
 143605868, 0, 0, 0, 2.5, 0, 0, 0, 2.5
 143805788, 0, 0, 0, 2.5, 0, 0, 0, 2.5
 144006541, 0, 0, 0, 2.5, 0, 0, 0, 2.5
 144206461, 0, 0, 0, 2.5, 0, 0, 0, 2.5
 144406381, 0, 0, 0, 2.5, 0, 0, 0, 2.5
 144606301, 0, 0, 0, 2.5, 0, 0, 0, 2.5
 144806221, 0, 0, 0, 2.5, 0, 0, 0, 2.5
 145006141, 0, 0, 0, 2.5, 0, 0, 0, 2.5
 145206061, 0, 0, 0, 2.5, 0, 0, 0, 2.5
 145405981, 0, 0, -0.038, 2.5, 0, 0, 0, 2.5
 145605901, 0, 0, -0.68, 2.5, 0, 0, -0.038, 2.5
 145805821, -0.002, -0.002, -1.651, 2.5, 0, 0, -0.68, 2.5
 146006574, -0.012, -0.009000001, -3.108, 2.5, -0.002, -0.002, -1.651, 2.5
 146206494, -0.024, -0.019, -3.901, 2.5, -0.012, -0.009000001, -3.108, 2.5
 146406414, -0.036, -0.029, -4.565, 2.5, -0.024, -0.019, -3.901, 2.5
 146606334, -0.048, -0.039, -5.204, 2.5, -0.036, -0.029, -4.565, 2.5
 146806254, -0.058, -0.048, -5.743001, 2.5, -0.048, -0.039, -5.204, 2.5
 147006174, -0.067, -0.055, -6.188, 2.5, -0.058, -0.048, -5.743001, 2.5
 147206094, -0.074, -0.062, -6.56, 2.5, -0.067, -0.055, -6.188, 2.5
 147406014, -0.08000001, -0.068, -6.869, 2.5, -0.074, -0.062, -6.56, 2.5
 147605934, -0.085, -0.07300001, -7.123, 2.5, -0.08000001, -0.068, -6.869, 2.5
 147805854, -0.09, -0.07700001, -7.331, 2.5, -0.085, -0.07300001, -7.123, 2.5
 148005774, -0.093, -0.081, -7.5, 2.5, -0.09, -0.07700001, -7.331, 2.5
 148206527, -0.096, -0.08400001, -7.638, 2.5, -0.093, -0.081, -7.5, 2.5
 148406447, -0.09900001, -0.087, -7.746, 2.5, -0.096, -0.08400001, -7.638, 2.5
 148606367, -0.103, -0.089, -7.829, 2.5, -0.09900001, -0.087, -7.746, 2.5
 148806287, -0.107, -0.09, -7.896, 2.5, -0.103, -0.089, -7.829, 2.5
 149006207, -0.11, -0.09100001, -7.95, 2.5, -0.107, -0.09, -7.896, 2.5
 149206127, -0.113, -0.093, -7.993001, 2.5, -0.11, -0.09100001, -7.95, 2.5
 149406047, -0.116, -0.09500001, -8.024, 2.5, -0.113, -0.093, -7.993001, 2.5
 149605967, -0.118, -0.097, -7.556, 2.5, -0.116, -0.09500001, -8.024, 2.5
 149805887, -0.12, -0.098, -6.938, 2.5, -0.118, -0.097, -7.556, 2.5
 150005807, -0.121, -0.09900001, -6.426, 2.5, -0.12, -0.098, -6.938, 2.5
 150206560, -0.123, -0.101, -5.995, 2.5, -0.121, -0.09900001, -6.426, 2.5
 150406480, -0.111, -0.102, -5.677, 2.5, -0.123, -0.101, -5.995, 2.5
 150606400, -0.067, -0.104, -5.259, 2.5, -0.111, -0.102, -5.677, 2.5
 150806320, -0.035, -0.072, -4.643, 2.5, -0.067, -0.104, -5.259, 2.5
 151006240, -0.011, -0.036, -3.896, 2.5, -0.035, -0.072, -4.643, 2.5
 151206160, 0.012, -0.017, -3.182, 2.5, -0.011, -0.036, -3.896, 2.5
 151406080, 0.035, -0.002, -2.547, 2.5, 0.012, -0.017, -3.182, 2.5
 151606000, 0.058, 0.035, -2.012, 2.5, 0.035, -0.002, -2.547, 2.5
 151805920, 0.086, 0.078, -1.625, 2.5, 0.058, 0.035, -2.012, 2.5
 152005840, 0.108, 0.1, -1.394, 2.5, 0.086, 0.078, -1.625, 2.5
 152205760, 0.125, 0.085, -1.224, 2.5, 0.108, 0.1, -1.394, 2.5
 152406513, 0.134, 0.052, -1.082, 2.5, 0.125, 0.085, -1.224, 2.5
 152606433, 0.168, 0.025, -0.95, 2.5, 0.134, 0.052, -1.082, 2.5
 152806353, 0.203, 0.004, -0.8150001, 2.5, 0.168, 0.025, -0.95, 2.5
 153006273, 0.245, -0.007, -0.67, 2.5, 0.203, 0.004, -0.8150001, 2.5
 153206193, 0.28, 0.003, -0.514, 2.5, 0.245, -0.007, -0.67, 2.5
 153406113, 0.3, 0, -0.348, 2.5, 0.28, 0.003, -0.514, 2.5
 153606033, 0.286, -0.026, -0.173, 2.5, 0.3, 0, -0.348, 2.5
 153805953, 0.252, -0.059, 0.007, 2.5, 0.286, -0.026, -0.173, 2.5
 154005873, 0.213, -0.086, 0.139, 2.5, 0.252, -0.059, 0.007, 2.5
 154205793, 0.185, -0.09, 0.189, 2.5, 0.213, -0.086, 0.139, 2.5
 154406546, 0.162, -0.07600001, 0.189, 2.5, 0.185, -0.09, 0.189, 2.5
 154606466, 0.137, -0.072, 0.164, 2.5, 0.162, -0.07600001, 0.189, 2.5
 154806386, 0.135, -0.046, 0.13, 2.5, 0.137, -0.072, 0.164, 2.5
 155006306, 0.116, -0.022, 0.096, 2.5, 0.135, -0.046, 0.13, 2.5
 155206226, 0.08400001, 0.029, 0.066, 2.5, 0.116, -0.022, 0.096, 2.5
 155406146, 0.03, 0.102, 0.042, 2.5, 0.08400001, 0.029, 0.066, 2.5
 155606066, -0.018, 0.168, 0.023, 2.5, 0.03, 0.102, 0.042, 2.5
 155805986, -0.07, 0.242, 0.011, 2.5, -0.018, 0.168, 0.023, 2.5
 156005906, -0.128, 0.282, 0.003, 2.5, -0.07, 0.242, 0.011, 2.5
 156205826, -0.161, 0.284, -0.001, 2.5, -0.128, 0.282, 0.003, 2.5
 156406579, -0.187, 0.296, -0.005, 2.5, -0.161, 0.284, -0.001, 2.5
 156606499, -0.197, 0.303, -0.008, 2.5, -0.187, 0.296, -0.005, 2.5
 156806419, -0.193, 0.286, -0.01, 2.5, -0.197, 0.303, -0.008, 2.5
 157006339, -0.182, 0.214, -0.012, 2.5, -0.193, 0.286, -0.01, 2.5
 157206259, -0.194, 0.09500001, -0.014, 2.5, -0.182, 0.214, -0.012, 2.5
 157406179, -0.244, -0.039, -0.016, 2.5, -0.194, 0.09500001, -0.014, 2.5
 157606099, -0.328, -0.182, -0.017, 2.5, -0.244, -0.039, -0.016, 2.5
 157806019, -0.371, -0.292, -0.018, 2.5, -0.328, -0.182, -0.017, 2.5
 158005939, -0.373, -0.358, -0.018, 2.5, -0.371, -0.292, -0.018, 2.5
 158205859, -0.35, -0.378, -0.018, 2.5, -0.373, -0.358, -0.018, 2.5
 158405779, -0.301, -0.343, -0.019, 2.5, -0.35, -0.378, -0.018, 2.5
 158606532, -0.27, -0.291, -0.021, 2.5, -0.301, -0.343, -0.019, 2.5
 158806452, -0.26, -0.261, -0.023, 2.5, -0.27, -0.291, -0.021, 2.5
 159006372, -0.245, -0.263, -0.025, 2.5, -0.26, -0.261, -0.023, 2.5
 159206292, -0.244, -0.222, -0.027, 2.5, -0.245, -0.263, -0.025, 2.5
 159406212, -0.186, -0.161, -0.029, 2.5, -0.244, -0.222, -0.027, 2.5
 159606132, -0.08800001, -0.105, -0.031, 2.5, -0.186, -0.161, -0.029, 2.5
 159806052, -0.006, -0.031, -0.032, 2.5, -0.08800001, -0.105, -0.031, 2.5
 160005972, 0.059, 0.038, -0.033, 2.5, -0.006, -0.031, -0.032, 2.5
 160205892, 0.104, 0.09100001, -0.033, 2.5, 0.059, 0.038, -0.033, 2.5
 160405812, 0.149, 0.124, -0.033, 2.5, 0.104, 0.09100001, -0.033, 2.5
 160606565, 0.223, 0.148, -0.033, 2.5, 0.149, 0.124, -0.033, 2.5
 160806485, 0.273, 0.165, -0.033, 2.5, 0.223, 0.148, -0.033, 2.5
 161006405, 0.276, 0.183, -0.032, 2.5, 0.273, 0.165, -0.033, 2.5
 161206325, 0.253, 0.18, -0.031, 2.5, 0.276, 0.183, -0.032, 2.5
 161406245, 0.232, 0.124, -0.031, 2.5, 0.253, 0.18, -0.031, 2.5
 161606165, 0.189, 0.055, -0.03, 2.5, 0.232, 0.124, -0.031, 2.5
 161806085, 0.147, -0.001, -0.03, 2.5, 0.189, 0.055, -0.03, 2.5
 162006005, 0.111, -0.044, -0.029, 2.5, 0.147, -0.001, -0.03, 2.5
 162205925, 0.087, -0.06900001, -0.029, 2.5, 0.111, -0.044, -0.029, 2.5
 162405845, 0.097, -0.129, -0.029, 2.5, 0.087, -0.06900001, -0.029, 2.5
 162605765, 0.115, -0.217, -0.029, 2.5, 0.097, -0.129, -0.029, 2.5
 162806518, 0.136, -0.275, -0.028, 2.5, 0.115, -0.217, -0.029, 2.5
 163006438, 0.188, -0.324, -0.028, 2.5, 0.136, -0.275, -0.028, 2.5
 163206358, 0.211, -0.36, -0.027, 2.5, 0.188, -0.324, -0.028, 2.5
 163406278, 0.201, -0.363, -0.027, 2.5, 0.211, -0.36, -0.027, 2.5
 163606198, 0.176, -0.356, -0.026, 2.5, 0.201, -0.363, -0.027, 2.5
 163806118, 0.145, -0.338, -0.026, 2.5, 0.176, -0.356, -0.026, 2.5
 164006038, 0.108, -0.281, -0.025, 2.5, 0.145, -0.338, -0.026, 2.5
 164205958, 0.062, -0.206, -0.024, 2.5, 0.108, -0.281, -0.025, 2.5
 164405878, -0.012, -0.169, -0.024, 2.5, 0.062, -0.206, -0.024, 2.5
 164605798, -0.116, -0.144, -0.023, 2.5, -0.012, -0.169, -0.024, 2.5
 164806551, -0.156, -0.09100001, -0.022, 2.5, -0.116, -0.144, -0.023, 2.5
 165006471, -0.181, -0.019, -0.021, 2.5, -0.156, -0.09100001, -0.022, 2.5
 165206391, -0.202, 0.048, -0.021, 2.5, -0.181, -0.019, -0.021, 2.5
 165406311, -0.189, 0.07, -0.02, 2.5, -0.202, 0.048, -0.021, 2.5
 165606231, -0.12, 0.07700001, -0.02, 2.5, -0.189, 0.07, -0.02, 2.5
 165806151, -0.043, 0.124, -0.02, 2.5, -0.12, 0.07700001, -0.02, 2.5
 166006071, 0.009000001, 0.179, -0.02, 2.5, -0.043, 0.124, -0.02, 2.5
 166205991, 0.028, 0.217, -0.019, 2.5, 0.009000001, 0.179, -0.02, 2.5
 166405911, 0.035, 0.202, -0.018, 2.5, 0.028, 0.217, -0.019, 2.5
 166605831, 0.028, 0.139, -0.017, 2.5, 0.035, 0.202, -0.018, 2.5
 166806584, 0.012, 0.057, -0.016, 2.5, 0.028, 0.139, -0.017, 2.5
 167006504, 0.002, -0.04, -0.015, 2.5, 0.012, 0.057, -0.016, 2.5
 167206424, 0.02, -0.129, -0.015, 2.5, 0.002, -0.04, -0.015, 2.5
 167406344, 0.041, -0.192, -0.014, 2.5, 0.02, -0.129, -0.015, 2.5
 167606264, 0.028, -0.219, -0.013, 2.5, 0.041, -0.192, -0.014, 2.5
 167806184, 0.017, -0.19, -0.012, 2.5, 0.028, -0.219, -0.013, 2.5
 168006104, 0.016, -0.148, -0.012, 2.5, 0.017, -0.19, -0.012, 2.5
 168206024, 0.017, -0.09200001, -0.011, 2.5, 0.016, -0.148, -0.012, 2.5
 168405944, -0.022, -0.049, -0.011, 2.5, 0.017, -0.09200001, -0.011, 2.5
 168605864, -0.049, -0.055, -0.011, 2.5, -0.022, -0.049, -0.011, 2.5
 168805784, -0.049, -0.104, -0.01, 2.5, -0.049, -0.055, -0.011, 2.5
 169006537, -0.031, -0.173, -0.01, 2.5, -0.049, -0.104, -0.01, 2.5
 169206457, -0.014, -0.19, -0.009000001, 2.5, -0.031, -0.173, -0.01, 2.5
 169406377, 0.037, -0.173, -0.009000001, 2.5, -0.014, -0.19, -0.009000001, 2.5
 169606297, 0.097, -0.171, -0.008, 2.5, 0.037, -0.173, -0.009000001, 2.5
 169806217, 0.175, -0.138, -0.008, 2.5, 0.097, -0.171, -0.008, 2.5
 170006137, 0.226, -0.101, -0.008, 2.5, 0.175, -0.138, -0.008, 2.5
 170206057, 0.244, -0.078, -0.007, 2.5, 0.226, -0.101, -0.008, 2.5
 170405977, 0.222, -0.012, -0.007, 2.5, 0.244, -0.078, -0.007, 2.5
 170605897, 0.185, 0.056, -0.007, 2.5, 0.222, -0.012, -0.007, 2.5
 170805817, 0.136, 0.098, -0.007, 2.5, 0.185, 0.056, -0.007, 2.5
 171006570, 0.047, 0.123, -0.006, 2.5, 0.136, 0.098, -0.007, 2.5
 171206490, -0.037, 0.144, -0.005, 2.5, 0.047, 0.123, -0.006, 2.5
 171406410, -0.11, 0.139, -0.005, 2.5, -0.037, 0.144, -0.005, 2.5
 171606330, -0.133, 0.122, -0.005, 2.5, -0.11, 0.139, -0.005, 2.5
 171806250, -0.168, 0.112, -0.004, 2.5, -0.133, 0.122, -0.005, 2.5
 172006170, -0.214, 0.105, -0.004, 2.5, -0.168, 0.112, -0.004, 2.5
 172206090, -0.242, 0.09100001, -0.004, 2.5, -0.214, 0.105, -0.004, 2.5
 172406010, -0.249, 0.059, -0.003, 2.5, -0.242, 0.09100001, -0.004, 2.5
 172605930, -0.249, 0.072, -0.002, 2.5, -0.249, 0.059, -0.003, 2.5
 172805850, -0.202, 0.09500001, -0.002, 2.5, -0.249, 0.072, -0.002, 2.5
 173005770, -0.129, 0.137, -0.002, 2.5, -0.202, 0.09500001, -0.002, 2.5
 173206523, -0.046, 0.164, -0.002, 2.5, -0.129, 0.137, -0.002, 2.5
 173406443, 0.006, 0.196, -0.002, 2.5, -0.046, 0.164, -0.002, 2.5
 173606363, 0.055, 0.222, -0.002, 2.5, 0.006, 0.196, -0.002, 2.5
 173806283, 0.09500001, 0.222, -0.002, 2.5, 0.055, 0.222, -0.002, 2.5
 174006203, 0.09100001, 0.206, -0.002, 2.5, 0.09500001, 0.222, -0.002, 2.5
 174206123, 0.06, 0.186, -0.001, 2.5, 0.09100001, 0.206, -0.002, 2.5
 174406043, 0.029, 0.151, -0.002, 2.5, 0.06, 0.186, -0.001, 2.5
 174605963, -0.035, 0.096, -0.001, 2.5, 0.029, 0.151, -0.002, 2.5
 174805883, -0.09900001, 0.027, -0.001, 2.5, -0.035, 0.096, -0.001, 2.5
 175005803, -0.15, -0.037, -0.001, 2.5, -0.09900001, 0.027, -0.001, 2.5
 175206556, -0.143, -0.08800001, -0.001, 2.5, -0.15, -0.037, -0.001, 2.5
 175406476, -0.13, -0.118, -0.001, 2.5, -0.143, -0.08800001, -0.001, 2.5
 175606396, -0.123, -0.126, -0.001, 2.5, -0.13, -0.118, -0.001, 2.5
 175806316, -0.1, -0.139, 0, 2.5, -0.123, -0.126, -0.001, 2.5
 176006236, -0.06, -0.107, 0, 2.5, -0.1, -0.139, 0, 2.5
 176206156, -0.009000001, -0.047, 0, 2.5, -0.06, -0.107, 0, 2.5
 176406076, 0.043, 0.013, 0, 2.5, -0.009000001, -0.047, 0, 2.5
 176605996, 0.08400001, 0.07300001, 0, 2.5, 0.043, 0.013, 0, 2.5
 176805916, 0.129, 0.134, 0.001, 2.5, 0.08400001, 0.07300001, 0, 2.5
 177005836, 0.184, 0.184, 0.001, 2.5, 0.129, 0.134, 0.001, 2.5
 177206589, 0.259, 0.211, 0.001, 2.5, 0.184, 0.184, 0.001, 2.5
 177406509, 0.314, 0.223, 0.001, 2.5, 0.259, 0.211, 0.001, 2.5
 177606429, 0.334, 0.225, 0.002, 2.5, 0.314, 0.223, 0.001, 2.5
 177806349, 0.334, 0.184, 0.002, 2.5, 0.334, 0.225, 0.002, 2.5
 178006269, 0.313, 0.155, 0.002, 2.5, 0.334, 0.184, 0.002, 2.5
 178206189, 0.258, 0.123, 0.001, 2.5, 0.313, 0.155, 0.002, 2.5
 178406109, 0.184, 0.083, 0.001, 2.5, 0.258, 0.123, 0.001, 2.5
 178606029, 0.115, 0.039, 0, 2.5, 0.184, 0.083, 0.001, 2.5
 178805949, 0.06900001, 0.005, 0, 2.5, 0.115, 0.039, 0, 2.5
 179005869, 0.05, -0.028, 0, 2.5, 0.06900001, 0.005, 0, 2.5
 179205789, 0.026, -0.063, 0, 2.5, 0.05, -0.028, 0, 2.5
 179406542, -0.002, -0.132, 0.001, 2.5, 0.026, -0.063, 0, 2.5
 179606462, -0.008, -0.2, 0, 2.5, -0.002, -0.132, 0.001, 2.5
 179806382, -0.017, -0.246, 0, 2.5, -0.008, -0.2, 0, 2.5
 180006302, -0.035, -0.304, 0.001, 2.5, -0.017, -0.246, 0, 2.5
 180206222, -0.06, -0.317, 0.001, 2.5, -0.035, -0.304, 0.001, 2.5
 180406142, -0.094, -0.266, 0.001, 2.5, -0.06, -0.317, 0.001, 2.5
 180606062, -0.129, -0.184, 0, 2.5, -0.094, -0.266, 0.001, 2.5
 180805982, -0.148, -0.086, 0, 2.5, -0.129, -0.184, 0, 2.5
 181005902, -0.156, 0.01, 0, 2.5, -0.148, -0.086, 0, 2.5
 181205822, -0.155, 0.093, 0, 2.5, -0.156, 0.01, 0, 2.5
 181406575, -0.17, 0.188, 0, 2.5, -0.155, 0.093, 0, 2.5
 181606495, -0.165, 0.263, 0, 2.5, -0.17, 0.188, 0, 2.5
 181806415, -0.141, 0.298, 0, 2.5, -0.165, 0.263, 0, 2.5
 182006335, -0.124, 0.329, 0, 2.5, -0.141, 0.298, 0, 2.5
 182206255, -0.138, 0.336, 0, 2.5, -0.124, 0.329, 0, 2.5
 182406175, -0.14, 0.291, 0, 2.5, -0.138, 0.336, 0, 2.5
 182606095, -0.118, 0.207, 0, 2.5, -0.14, 0.291, 0, 2.5
 182806015, -0.103, 0.116, 0, 2.5, -0.118, 0.207, 0, 2.5
 183005935, -0.1, 0.06900001, 0, 2.5, -0.103, 0.116, 0, 2.5
 183205855, -0.106, 0.036, 0, 2.5, -0.1, 0.06900001, 0, 2.5
 183405775, -0.113, -0.005, 0, 2.5, -0.106, 0.036, 0, 2.5
 183606528, -0.113, -0.034, 0, 2.5, -0.113, -0.005, 0, 2.5
 183806448, -0.139, -0.063, 0, 2.5, -0.113, -0.034, 0, 2.5
 184006368, -0.171, -0.107, 0, 2.5, -0.139, -0.063, 0, 2.5
 184206288, -0.186, -0.149, 0.001, 2.5, -0.171, -0.107, 0, 2.5
 184406208, -0.191, -0.172, 0, 2.5, -0.186, -0.149, 0.001, 2.5
 184606128, -0.182, -0.169, 0, 2.5, -0.191, -0.172, 0, 2.5
 184806048, -0.151, -0.115, 0, 2.5, -0.182, -0.169, 0, 2.5
 185005968, -0.09100001, -0.08400001, 0, 2.5, -0.151, -0.115, 0, 2.5
 185205888, -0.068, -0.06900001, 0, 2.5, -0.09100001, -0.08400001, 0, 2.5
 185405808, -0.039, -0.056, 0, 2.5, -0.068, -0.06900001, 0, 2.5
 185606561, -0.003, -0.044, 0, 2.5, -0.039, -0.056, 0, 2.5
 185806481, 0.05, -0.056, 0, 2.5, -0.003, -0.044, 0, 2.5
 186006401, 0.097, -0.086, 0.001, 2.5, 0.05, -0.056, 0, 2.5
 186206321, 0.127, -0.14, 0.001, 2.5, 0.097, -0.086, 0.001, 2.5
 186406241, 0.121, -0.176, 0.001, 2.5, 0.127, -0.14, 0.001, 2.5
 186606161, 0.116, -0.22, 0.001, 2.5, 0.121, -0.176, 0.001, 2.5
 186806081, 0.101, -0.249, 0.001, 2.5, 0.116, -0.22, 0.001, 2.5
 187006001, 0.047, -0.262, 0.001, 2.5, 0.101, -0.249, 0.001, 2.5
 187205921, -0.005, -0.224, 0.001, 2.5, 0.047, -0.262, 0.001, 2.5
 187405841, -0.032, -0.174, 0.001, 2.5, -0.005, -0.224, 0.001, 2.5
 187605761, -0.017, -0.139, 0.001, 2.5, -0.032, -0.174, 0.001, 2.5
 187806514, 0.035, -0.094, 0.001, 2.5, -0.017, -0.139, 0.001, 2.5
 188006434, 0.083, 0, 0.002, 2.5, 0.035, -0.094, 0.001, 2.5
 188206354, 0.101, 0.09100001, 0.001, 2.5, 0.083, 0, 0.002, 2.5
 188406274, 0.086, 0.144, 0.001, 2.5, 0.101, 0.09100001, 0.001, 2.5
 188606194, 0.061, 0.178, 0.001, 2.5, 0.086, 0.144, 0.001, 2.5
 188806114, 0.035, 0.192, 0.002, 2.5, 0.061, 0.178, 0.001, 2.5
 189006034, 0.009000001, 0.165, 0.002, 2.5, 0.035, 0.192, 0.002, 2.5
 189205954, 0, 0.122, 0.002, 2.5, 0.009000001, 0.165, 0.002, 2.5
 189405874, 0.016, 0.07300001, 0.001, 2.5, 0, 0.122, 0.002, 2.5
 189605794, 0.03, 0.058, 0, 2.5, 0.016, 0.07300001, 0.001, 2.5
 189806547, 0.033, 0.093, 0, 2.5, 0.03, 0.058, 0, 2.5
 190006467, -0.001, 0.14, 0, 2.5, 0.033, 0.093, 0, 2.5
 190206387, -0.038, 0.213, 0, 2.5, -0.001, 0.14, 0, 2.5
 190406307, -0.053, 0.269, 0, 2.5, -0.038, 0.213, 0, 2.5
 190606227, -0.055, 0.296, -0.001, 2.5, -0.053, 0.269, 0, 2.5
 190806147, -0.075, 0.281, 0, 2.5, -0.055, 0.296, -0.001, 2.5
 191006067, -0.083, 0.23, 0, 2.5, -0.075, 0.281, 0, 2.5
 191205987, -0.071, 0.171, 0, 2.5, -0.083, 0.23, 0, 2.5
 191405907, -0.018, 0.08000001, 0, 2.5, -0.071, 0.171, 0, 2.5
 191605827, 0.006, -0.018, -0.001, 2.5, -0.018, 0.08000001, 0, 2.5
 191806580, 0.038, -0.063, -0.001, 2.5, 0.006, -0.018, -0.001, 2.5
 192006500, 0.079, -0.111, -0.001, 2.5, 0.038, -0.063, -0.001, 2.5
 192206420, 0.115, -0.154, -0.001, 2.5, 0.079, -0.111, -0.001, 2.5
 192406340, 0.176, -0.191, -0.001, 2.5, 0.115, -0.154, -0.001, 2.5
 192606260, 0.226, -0.185, -0.001, 2.5, 0.176, -0.191, -0.001, 2.5
 192806180, 0.208, -0.153, -0.001, 2.5, 0.226, -0.185, -0.001, 2.5
 193006100, 0.167, -0.119, -0.002, 2.5, 0.208, -0.153, -0.001, 2.5
 193206020, 0.105, -0.051, -0.001, 2.5, 0.167, -0.119, -0.002, 2.5
 193405940, 0.042, 0.034, -0.001, 2.5, 0.105, -0.051, -0.001, 2.5
 193605860, -0.013, 0.09, 0, 2.5, 0.042, 0.034, -0.001, 2.5
 193805780, -0.033, 0.118, 0, 2.5, -0.013, 0.09, 0, 2.5
 194006533, -0.035, 0.166, 0, 2.5, -0.033, 0.118, 0, 2.5
 194206453, -0.04, 0.198, 0, 2.5, -0.035, 0.166, 0, 2.5
 194406373, -0.02, 0.207, 0, 2.5, -0.04, 0.198, 0, 2.5
 194606293, 0.017, 0.191, 0.001, 2.5, -0.02, 0.207, 0, 2.5
 194806213, 0.081, 0.15, 0.001, 2.5, 0.017, 0.191, 0.001, 2.5
 195006133, 0.128, 0.093, 0.001, 2.5, 0.081, 0.15, 0.001, 2.5
 195206053, 0.144, 0.041, 0.001, 2.5, 0.128, 0.093, 0.001, 2.5
 195405973, 0.168, -0.014, 0.001, 2.5, 0.144, 0.041, 0.001, 2.5
 195605893, 0.166, -0.094, 0.002, 2.5, 0.168, -0.014, 0.001, 2.5
 195805813, 0.118, -0.155, 0.002, 2.5, 0.166, -0.094, 0.002, 2.5
 196006566, 0.066, -0.186, 0.002, 2.5, 0.118, -0.155, 0.002, 2.5
 196206486, 0.048, -0.182, 0.002, 2.5, 0.066, -0.186, 0.002, 2.5
 196406406, 0.072, -0.129, 0.002, 2.5, 0.048, -0.182, 0.002, 2.5
 196606326, 0.056, -0.104, 0.001, 2.5, 0.072, -0.129, 0.002, 2.5
 196806246, 0.014, -0.058, 0.001, 2.5, 0.056, -0.104, 0.001, 2.5
 197006166, -0.057, -0.001, 0, 2.5, 0.014, -0.058, 0.001, 2.5
 197206086, -0.131, 0.018, 0, 2.5, -0.057, -0.001, 0, 2.5
 197406006, -0.174, 0.041, 0, 2.5, -0.131, 0.018, 0, 2.5
 197605926, -0.218, 0.064, 0, 2.5, -0.174, 0.041, 0, 2.5
 197805846, -0.241, 0.086, 0, 2.5, -0.218, 0.064, 0, 2.5
 198005766, -0.239, 0.102, 0, 2.5, -0.241, 0.086, 0, 2.5
 198206519, -0.216, 0.129, 0, 2.5, -0.239, 0.102, 0, 2.5
 198406439, -0.177, 0.127, 0, 2.5, -0.216, 0.129, 0, 2.5
 198606359, -0.093, 0.106, 0, 2.5, -0.177, 0.127, 0, 2.5
 198806279, 0, 0.116, -0.001, 2.5, -0.093, 0.106, 0, 2.5
 199006199, 0.058, 0.135, -0.001, 2.5, 0, 0.116, -0.001, 2.5
 199206119, 0.067, 0.129, -0.001, 2.5, 0.058, 0.135, -0.001, 2.5
 199406039, 0.064, 0.08800001, 0, 2.5, 0.067, 0.129, -0.001, 2.5
 199605959, 0.033, 0.07700001, 0, 2.5, 0.064, 0.08800001, 0, 2.5
 199805879, 0, 0.119, -0.001, 2.5, 0.033, 0.07700001, 0, 2.5
 200005799, -0.021, 0.146, 0, 2.5, 0, 0.119, -0.001, 2.5
 200206552, -0.026, 0.168, -0.001, 2.5, -0.021, 0.146, 0, 2.5
 200406472, -0.029, 0.203, 0, 2.5, -0.026, 0.168, -0.001, 2.5
 200606392, -0.04, 0.184, -0.001, 2.5, -0.029, 0.203, 0, 2.5
 200806312, -0.083, 0.133, 0, 2.5, -0.04, 0.184, -0.001, 2.5
 201006232, -0.153, 0.06500001, 0, 2.5, -0.083, 0.133, 0, 2.5
 201206152, -0.197, 0.015, 0, 2.5, -0.153, 0.06500001, 0, 2.5
 201406072, -0.214, -0.043, 0, 2.5, -0.197, 0.015, 0, 2.5
 201605992, -0.217, -0.104, 0, 2.5, -0.214, -0.043, 0, 2.5
 201805912, -0.228, -0.152, 0, 2.5, -0.217, -0.104, 0, 2.5
 202005832, -0.212, -0.189, 0, 2.5, -0.228, -0.152, 0, 2.5
 202206585, -0.184, -0.204, 0, 2.5, -0.212, -0.189, 0, 2.5
 202406505, -0.153, -0.179, 0, 2.5, -0.184, -0.204, 0, 2.5
 202606425, -0.123, -0.128, -0.001, 2.5, -0.153, -0.179, 0, 2.5
 202806345, -0.071, -0.123, -0.001, 2.5, -0.123, -0.128, -0.001, 2.5
 203006265, -0.023, -0.137, -0.001, 2.5, -0.071, -0.123, -0.001, 2.5
 203206185, 0.012, -0.143, 0, 2.5, -0.023, -0.137, -0.001, 2.5
 203406105, -0.003, -0.101, 0, 2.5, 0.012, -0.143, 0, 2.5
 203606025, -0.029, -0.033, 0, 2.5, -0.003, -0.101, 0, 2.5
 203805945, -0.015, 0.054, 0, 2.5, -0.029, -0.033, 0, 2.5
 204005865, -0.004, 0.094, 0, 2.5, -0.015, 0.054, 0, 2.5
 204205785, -0.004, 0.1, 0.001, 2.5, -0.004, 0.094, 0, 2.5
 204406538, 0, 0.074, 0.002, 2.5, -0.004, 0.1, 0.001, 2.5
 204606458, 0.009000001, 0.034, 0.002, 2.5, 0, 0.074, 0.002, 2.5
 204806378, -0.018, 0.001, 0.002, 2.5, 0.009000001, 0.034, 0.002, 2.5
 205006298, -0.08400001, -0.008, 0.002, 2.5, -0.018, 0.001, 0.002, 2.5
 205206218, -0.14, -0.049, 0.002, 2.5, -0.08400001, -0.008, 0.002, 2.5
 205406138, -0.167, -0.115, 0.002, 2.5, -0.14, -0.049, 0.002, 2.5
 205606058, -0.199, -0.17, 0.001, 2.5, -0.167, -0.115, 0.002, 2.5
 205805978, -0.23, -0.187, 0.001, 2.5, -0.199, -0.17, 0.001, 2.5
 206005898, -0.263, -0.193, 0, 2.5, -0.23, -0.187, 0.001, 2.5
 206205818, -0.295, -0.23, 0, 2.5, -0.263, -0.193, 0, 2.5
 206406571, -0.34, -0.264, 0, 2.5, -0.295, -0.23, 0, 2.5
 206606491, -0.391, -0.316, 0, 2.5, -0.34, -0.264, 0, 2.5
 206806411, -0.402, -0.356, 0, 2.5, -0.391, -0.316, 0, 2.5
 207006331, -0.411, -0.354, 0, 2.5, -0.402, -0.356, 0, 2.5
 207206251, -0.401, -0.315, 0, 2.5, -0.411, -0.354, 0, 2.5
 207406171, -0.361, -0.273, 0, 2.5, -0.401, -0.315, 0, 2.5
 207606091, -0.332, -0.232, 0, 2.5, -0.361, -0.273, 0, 2.5
 207806011, -0.297, -0.191, 0, 2.5, -0.332, -0.232, 0, 2.5
 208005931, -0.247, -0.131, -0.001, 2.5, -0.297, -0.191, 0, 2.5
 208205851, -0.186, -0.09100001, 0, 2.5, -0.247, -0.131, -0.001, 2.5
 208405771, -0.127, -0.042, -0.001, 2.5, -0.186, -0.09100001, 0, 2.5
 208606524, -0.056, -0.012, -0.001, 2.5, -0.127, -0.042, -0.001, 2.5
 208806444, -0.015, 0.017, -0.001, 2.5, -0.056, -0.012, -0.001, 2.5
 209006364, 0.049, 0.039, 0, 2.5, -0.015, 0.017, -0.001, 2.5
 209206284, 0.124, 0.014, 0, 2.5, 0.049, 0.039, 0, 2.5
 209406204, 0.179, -0.011, 0, 2.5, 0.124, 0.014, 0, 2.5
 209606124, 0.208, -0.011, 0, 2.5, 0.179, -0.011, 0, 2.5
 209806044, 0.196, -0.01, 0, 2.5, 0.208, -0.011, 0, 2.5
 210005964, 0.183, -0.011, 0, 2.5, 0.196, -0.01, 0, 2.5
 210205884, 0.165, 0.01, 0, 2.5, 0.183, -0.011, 0, 2.5
 210405804, 0.137, 0.019, 0, 2.5, 0.165, 0.01, 0, 2.5
 210606557, 0.114, 0.019, 0, 2.5, 0.137, 0.019, 0, 2.5
 210806477, 0.06500001, 0.012, 0, 2.5, 0.114, 0.019, 0, 2.5
 211006397, 0.012, -0.005, 0, 2.5, 0.06500001, 0.012, 0, 2.5
 211206317, -0.016, 0, 0, 2.5, 0.012, -0.005, 0, 2.5
 211406237, -0.026, -0.013, 0, 2.5, -0.016, 0, 0, 2.5
 211606157, -0.022, -0.009000001, 0, 2.5, -0.026, -0.013, 0, 2.5
 211806077, -0.006, 0.022, 0, 2.5, -0.022, -0.009000001, 0, 2.5
 212005997, 0.016, 0.044, 0, 2.5, -0.006, 0.022, 0, 2.5
 212205917, 0.042, 0.043, 0, 2.5, 0.016, 0.044, 0, 2.5
 212405837, 0.08400001, 0.038, 0, 2.5, 0.042, 0.043, 0, 2.5
 212606590, 0.126, 0.028, 0, 2.5, 0.08400001, 0.038, 0, 2.5
 212806510, 0.155, 0.016, 0, 2.5, 0.126, 0.028, 0, 2.5
 213006430, 0.135, 0.055, 0, 2.5, 0.155, 0.016, 0, 2.5
 213206350, 0.114, 0.105, 0, 2.5, 0.135, 0.055, 0, 2.5
 213406270, 0.111, 0.141, 0, 2.5, 0.114, 0.105, 0, 2.5
 213606190, 0.08000001, 0.152, 0, 2.5, 0.111, 0.141, 0, 2.5
 213806110, 0.049, 0.141, 0, 2.5, 0.08000001, 0.152, 0, 2.5
 214006030, 0.061, 0.11, 0, 2.5, 0.049, 0.141, 0, 2.5
 214205950, 0.119, 0.035, 0, 2.5, 0.061, 0.11, 0, 2.5
 214405870, 0.172, -0.045, 0, 2.5, 0.119, 0.035, 0, 2.5
 214605790, 0.202, -0.09900001, 0, 2.5, 0.172, -0.045, 0, 2.5
 214806543, 0.211, -0.169, 0, 2.5, 0.202, -0.09900001, 0, 2.5
 215006463, 0.206, -0.259, 0, 2.5, 0.211, -0.169, 0, 2.5
 215206383, 0.198, -0.321, 0, 2.5, 0.206, -0.259, 0, 2.5
 215406303, 0.2, -0.346, 0, 2.5, 0.198, -0.321, 0, 2.5
 215606223, 0.24, -0.34, 0, 2.5, 0.2, -0.346, 0, 2.5
 215806143, 0.278, -0.347, 0, 2.5, 0.24, -0.34, 0, 2.5
 216006063, 0.291, -0.349, 0, 2.5, 0.278, -0.347, 0, 2.5
 216205983, 0.274, -0.321, 0, 2.5, 0.291, -0.349, 0, 2.5
 216405903, 0.239, -0.284, 0, 2.5, 0.274, -0.321, 0, 2.5
 216605823, 0.203, -0.265, 0, 2.5, 0.239, -0.284, 0, 2.5
 216806576, 0.184, -0.196, 0, 2.5, 0.203, -0.265, 0, 2.5
 217006496, 0.189, -0.111, 0, 2.5, 0.184, -0.196, 0, 2.5
 217206416, 0.214, -0.032, 0, 2.5, 0.189, -0.111, 0, 2.5
 217406336, 0.226, 0.047, 0, 2.5, 0.214, -0.032, 0, 2.5
 217606256, 0.229, 0.111, 0, 2.5, 0.226, 0.047, 0, 2.5
 217806176, 0.237, 0.165, 0, 2.5, 0.229, 0.111, 0, 2.5
 218006096, 0.239, 0.189, 0, 2.5, 0.237, 0.165, 0, 2.5
 218206016, 0.228, 0.174, 0, 2.5, 0.239, 0.189, 0, 2.5
 218405936, 0.219, 0.135, 0.035, 2.5, 0.228, 0.174, 0, 2.5
 218605856, 0.212, 0.09, 0.197, 2.5, 0.219, 0.135, 0.035, 2.5
 218805776, 0.221, 0.066, 0.404, 2.5, 0.212, 0.09, 0.197, 2.5
 219006529, 0.231, 0.051, 0.629, 2.5, 0.221, 0.066, 0.404, 2.5
 219206449, 0.218, 0.053, 0.8570001, 2.5, 0.231, 0.051, 0.629, 2.5
 219406369, 0.188, 0.032, 1.081, 2.5, 0.218, 0.053, 0.8570001, 2.5
 219606289, 0.141, 0.004, 1.299, 2.5, 0.188, 0.032, 1.081, 2.5
 219806209, 0.063, -0.011, 1.482, 2.5, 0.141, 0.004, 1.299, 2.5
 220006129, -0.042, -0.02, 1.569, 2.5, 0.063, -0.011, 1.482, 2.5
 220206049, -0.135, -0.033, 1.591, 2.5, -0.042, -0.02, 1.569, 2.5
 220405969, -0.186, -0.043, 1.58, 2.5, -0.135, -0.033, 1.591, 2.5
 220605889, -0.212, -0.07300001, 1.552, 2.5, -0.186, -0.043, 1.58, 2.5
 220805809, -0.225, -0.09500001, 1.521, 2.5, -0.212, -0.07300001, 1.552, 2.5
 221006562, -0.223, -0.107, 1.491, 2.5, -0.225, -0.09500001, 1.521, 2.5
 221206482, -0.217, -0.138, 1.468, 2.5, -0.223, -0.107, 1.491, 2.5
 221406402, -0.212, -0.159, 1.45, 2.5, -0.217, -0.138, 1.468, 2.5
 221606322, -0.21, -0.176, 1.438, 2.5, -0.212, -0.159, 1.45, 2.5
 221806242, -0.192, -0.192, 1.431, 2.5, -0.21, -0.176, 1.438, 2.5
 222006162, -0.158, -0.196, 1.428, 2.5, -0.192, -0.192, 1.431, 2.5
 222206082, -0.117, -0.162, 1.426, 2.5, -0.158, -0.196, 1.428, 2.5
 222406002, -0.048, -0.08400001, 1.426, 2.5, -0.117, -0.162, 1.426, 2.5
 222605922, 0.013, -0.005, 1.426, 2.5, -0.048, -0.08400001, 1.426, 2.5
 222805842, 0.023, 0.039, 1.427, 2.5, 0.013, -0.005, 1.426, 2.5
 223005762, 0.027, 0.075, 1.427, 2.5, 0.023, 0.039, 1.427, 2.5
 223206515, 0.024, 0.101, 1.427, 2.5, 0.027, 0.075, 1.427, 2.5
 223406435, -0.011, 0.141, 1.427, 2.5, 0.024, 0.101, 1.427, 2.5
 223606355, -0.038, 0.173, 1.426, 2.5, -0.011, 0.141, 1.427, 2.5
 223806275, -0.031, 0.154, 1.425, 2.5, -0.038, 0.173, 1.426, 2.5
 224006195, 0, 0.128, 1.424, 2.5, -0.031, 0.154, 1.425, 2.5
 224206115, 0.021, 0.11, 1.424, 2.5, 0, 0.128, 1.424, 2.5
 224406035, 0.035, 0.132, 1.423, 2.5, 0.021, 0.11, 1.424, 2.5
 224605955, 0.066, 0.173, 1.423, 2.5, 0.035, 0.132, 1.423, 2.5
 224805875, 0.126, 0.193, 1.423, 2.5, 0.066, 0.173, 1.423, 2.5
 225005795, 0.138, 0.19, 1.422, 2.5, 0.126, 0.193, 1.423, 2.5
 225206548, 0.128, 0.158, 1.421, 2.5, 0.138, 0.19, 1.422, 2.5
 225406468, 0.125, 0.162, 1.42, 2.5, 0.128, 0.158, 1.421, 2.5
 225606388, 0.117, 0.169, 1.419, 2.5, 0.125, 0.162, 1.42, 2.5
 225806308, 0.062, 0.168, 1.418, 2.5, 0.117, 0.169, 1.419, 2.5
 226006228, -0.025, 0.167, 1.416, 2.5, 0.062, 0.168, 1.418, 2.5
 226206148, -0.087, 0.148, 1.415, 2.5, -0.025, 0.167, 1.416, 2.5
 226406068, -0.121, 0.162, 1.415, 2.5, -0.087, 0.148, 1.415, 2.5
 226605988, -0.126, 0.197, 1.415, 2.5, -0.121, 0.162, 1.415, 2.5
 226805908, -0.12, 0.225, 1.415, 2.5, -0.126, 0.197, 1.415, 2.5
 227005828, -0.116, 0.197, 1.415, 2.5, -0.12, 0.225, 1.415, 2.5
 227206581, -0.07700001, 0.148, 1.414, 2.5, -0.116, 0.197, 1.415, 2.5
 227406501, -0.01, 0.148, 1.414, 2.5, -0.07700001, 0.148, 1.414, 2.5
 227606421, 0.075, 0.199, 1.414, 2.5, -0.01, 0.148, 1.414, 2.5
 227806341, 0.148, 0.239, 1.413, 2.5, 0.075, 0.199, 1.414, 2.5
 228006261, 0.19, 0.253, 1.413, 2.5, 0.148, 0.239, 1.413, 2.5
 228206181, 0.206, 0.283, 1.413, 2.5, 0.19, 0.253, 1.413, 2.5
 228406101, 0.208, 0.277, 1.414, 2.5, 0.206, 0.283, 1.413, 2.5
 228606021, 0.194, 0.238, 1.415, 2.5, 0.208, 0.277, 1.414, 2.5
 228805941, 0.165, 0.16, 1.416, 2.5, 0.194, 0.238, 1.415, 2.5
 229005861, 0.134, 0.119, 1.416, 2.5, 0.165, 0.16, 1.416, 2.5
 229205781, 0.111, 0.101, 1.417, 2.5, 0.134, 0.119, 1.416, 2.5
 229406534, 0.098, 0.049, 1.417, 2.5, 0.111, 0.101, 1.417, 2.5
 229606454, 0.078, -0.008, 1.417, 2.5, 0.098, 0.049, 1.417, 2.5
 229806374, 0.052, -0.045, 1.417, 2.5, 0.078, -0.008, 1.417, 2.5
 230006294, 0.035, -0.047, 1.417, 2.5, 0.052, -0.045, 1.417, 2.5
 230206214, -0.001, -0.046, 1.417, 2.5, 0.035, -0.047, 1.417, 2.5
 230406134, -0.021, -0.054, 1.417, 2.5, -0.001, -0.046, 1.417, 2.5
 230606054, -0.026, -0.06500001, 1.417, 2.5, -0.021, -0.054, 1.417, 2.5
 230805974, -0.026, -0.098, 1.419, 2.5, -0.026, -0.06500001, 1.417, 2.5
 231005894, -0.032, -0.135, 1.419, 2.5, -0.026, -0.098, 1.419, 2.5
 231205814, -0.045, -0.15, 1.42, 2.5, -0.032, -0.135, 1.419, 2.5
 231406567, -0.041, -0.167, 1.42, 2.5, -0.045, -0.15, 1.42, 2.5
 231606487, 0.005, -0.2, 1.421, 2.5, -0.041, -0.167, 1.42, 2.5
 231806407, 0.072, -0.204, 1.422, 2.5, 0.005, -0.2, 1.421, 2.5
 232006327, 0.141, -0.203, 1.424, 2.5, 0.072, -0.204, 1.422, 2.5
 232206247, 0.195, -0.2, 1.425, 2.5, 0.141, -0.203, 1.424, 2.5
 232406167, 0.225, -0.212, 1.427, 2.5, 0.195, -0.2, 1.425, 2.5
 232606087, 0.233, -0.196, 1.428, 2.5, 0.225, -0.212, 1.427, 2.5
 232806007, 0.218, -0.185, 1.43, 2.5, 0.233, -0.196, 1.428, 2.5
 233005927, 0.197, -0.174, 1.431, 2.5, 0.218, -0.185, 1.43, 2.5
 233205847, 0.15, -0.142, 1.432, 2.5, 0.197, -0.174, 1.431, 2.5
 233405767, 0.102, -0.126, 1.432, 2.5, 0.15, -0.142, 1.432, 2.5
 233606520, 0.058, -0.116, 1.431, 2.5, 0.102, -0.126, 1.432, 2.5
 233806440, -0.008, -0.074, 1.431, 2.5, 0.058, -0.116, 1.431, 2.5
 234006360, -0.055, 0.016, 1.43, 2.5, -0.008, -0.074, 1.431, 2.5
 234206280, -0.07300001, 0.114, 1.429, 2.5, -0.055, 0.016, 1.43, 2.5
 234406200, -0.106, 0.203, 1.429, 2.5, -0.07300001, 0.114, 1.429, 2.5
 234606120, -0.174, 0.233, 1.429, 2.5, -0.106, 0.203, 1.429, 2.5
 234806040, -0.205, 0.24, 1.429, 2.5, -0.174, 0.233, 1.429, 2.5
 235005960, -0.194, 0.205, 1.429, 2.5, -0.205, 0.24, 1.429, 2.5
 235205880, -0.143, 0.156, 1.43, 2.5, -0.194, 0.205, 1.429, 2.5
 235405800, -0.1, 0.105, 1.43, 2.5, -0.143, 0.156, 1.43, 2.5
 235606553, -0.043, 0.049, 1.43, 2.5, -0.1, 0.105, 1.43, 2.5
 235806473, 0.042, -0.014, 1.429, 2.5, -0.043, 0.049, 1.43, 2.5
 236006393, 0.093, -0.055, 1.428, 2.5, 0.042, -0.014, 1.429, 2.5
 236206313, 0.107, -0.062, 1.428, 2.5, 0.093, -0.055, 1.428, 2.5
 236406233, 0.068, -0.074, 1.428, 2.5, 0.107, -0.062, 1.428, 2.5
 236606153, 0.023, -0.058, 1.428, 2.5, 0.068, -0.074, 1.428, 2.5
 236806073, 0.001, -0.013, 1.428, 2.5, 0.023, -0.058, 1.428, 2.5
 237005993, 0.009000001, 0.021, 1.428, 2.5, 0.001, -0.013, 1.428, 2.5
 237205913, 0.051, 0.04, 1.429, 2.5, 0.009000001, 0.021, 1.428, 2.5
 237405833, 0.096, 0.09, 1.429, 2.5, 0.051, 0.04, 1.429, 2.5
 237606586, 0.121, 0.145, 1.403, 2.5, 0.096, 0.09, 1.429, 2.5
 237806506, 0.134, 0.172, 1.284, 2.5, 0.121, 0.145, 1.403, 2.5
 238006426, 0.13, 0.163, 1.094, 2.5, 0.134, 0.172, 1.284, 2.5
 238206346, 0.109, 0.136, 0.876, 2.5, 0.13, 0.163, 1.094, 2.5
 238406266, 0.046, 0.118, 0.652, 2.5, 0.109, 0.136, 0.876, 2.5
 238606186, -0.004, 0.106, 0.47, 2.5, 0.046, 0.118, 0.652, 2.5
 238806106, -0.025, 0.082, 0.383, 2.5, -0.004, 0.106, 0.47, 2.5
 239006026, -0.021, 0.05, 0.356, 2.5, -0.025, 0.082, 0.383, 2.5
 239205946, -0.012, 0.031, 0.363, 2.5, -0.021, 0.05, 0.356, 2.5
 239405866, -0.002, 0.012, 0.385, 2.5, -0.012, 0.031, 0.363, 2.5
 239605786, 0.022, -0.021, 0.412, 2.5, -0.002, 0.012, 0.385, 2.5
 239806539, 0.037, -0.054, 0.436, 2.5, 0.022, -0.021, 0.412, 2.5
 240006459, 0.034, -0.067, 0.455, 2.5, 0.037, -0.054, 0.436, 2.5
 240206379, 0.059, -0.09, 0.469, 2.5, 0.034, -0.067, 0.455, 2.5
 240406299, 0.08800001, -0.128, 0.477, 2.5, 0.059, -0.09, 0.469, 2.5
 240606219, 0.098, -0.155, 0.482, 2.5, 0.08800001, -0.128, 0.477, 2.5
 240806139, 0.078, -0.165, 0.484, 2.5, 0.098, -0.155, 0.482, 2.5
 241006059, 0.052, -0.166, 0.485, 2.5, 0.078, -0.165, 0.484, 2.5
 241205979, 0.035, -0.133, 0.485, 2.5, 0.052, -0.166, 0.485, 2.5
 241405899, 0.025, -0.089, 0.484, 2.5, 0.035, -0.133, 0.485, 2.5
 241605819, 0.003, -0.05, 0.484, 2.5, 0.025, -0.089, 0.484, 2.5
 241806572, -0.031, -0.022, 0.483, 2.5, 0.003, -0.05, 0.484, 2.5
 242006492, -0.058, 0.003, 0.483, 2.5, -0.031, -0.022, 0.483, 2.5
 242206412, -0.067, 0.026, 0.482, 2.5, -0.058, 0.003, 0.483, 2.5
 242406332, -0.075, 0.033, 0.481, 2.5, -0.067, 0.026, 0.482, 2.5
 242606252, -0.071, 0.033, 0.481, 2.5, -0.075, 0.033, 0.481, 2.5
 242806172, -0.056, 0.06900001, 0.482, 2.5, -0.071, 0.033, 0.481, 2.5
 243006092, -0.042, 0.126, 0.482, 2.5, -0.056, 0.06900001, 0.482, 2.5
 243206012, -0.031, 0.137, 0.482, 2.5, -0.042, 0.126, 0.482, 2.5
 243405932, -0.021, 0.086, 0.482, 2.5, -0.031, 0.137, 0.482, 2.5
 243605852, 0.03, 0.021, 0.482, 2.5, -0.021, 0.086, 0.482, 2.5
 243805772, 0.101, -0.031, 0.482, 2.5, 0.03, 0.021, 0.482, 2.5
 244006525, 0.138, -0.061, 0.482, 2.5, 0.101, -0.031, 0.482, 2.5
 244206445, 0.113, -0.043, 0.483, 2.5, 0.138, -0.061, 0.482, 2.5
 244406365, 0.071, -0.014, 0.483, 2.5, 0.113, -0.043, 0.483, 2.5
 244606285, 0.032, 0.011, 0.483, 2.5, 0.071, -0.014, 0.483, 2.5
 244806205, 0, 0.038, 0.484, 2.5, 0.032, 0.011, 0.483, 2.5
 245006125, -0.011, 0.062, 0.484, 2.5, 0, 0.038, 0.484, 2.5
 245206045, -0.049, 0.08000001, 0.484, 2.5, -0.011, 0.062, 0.484, 2.5
 245405965, -0.06500001, 0.087, 0.484, 2.5, -0.049, 0.08000001, 0.484, 2.5
 245605885, -0.034, 0.072, 0.485, 2.5, -0.06500001, 0.087, 0.484, 2.5
 245805805, 0, 0.058, 0.484, 2.5, -0.034, 0.072, 0.485, 2.5
 246006558, 0.026, 0.057, 0.484, 2.5, 0, 0.058, 0.484, 2.5
 246206478, 0.04, 0.051, 0.484, 2.5, 0.026, 0.057, 0.484, 2.5
 246406398, 0.046, 0.005, 0.484, 2.5, 0.04, 0.051, 0.484, 2.5
 246606318, 0.055, -0.045, 0.484, 2.5, 0.046, 0.005, 0.484, 2.5
 246806238, 0.089, -0.075, 0.484, 2.5, 0.055, -0.045, 0.484, 2.5
 247006158, 0.12, -0.12, 0.484, 2.5, 0.089, -0.075, 0.484, 2.5
 247206078, 0.159, -0.167, 0.484, 2.5, 0.12, -0.12, 0.484, 2.5
 247405998, 0.158, -0.2, 0.484, 2.5, 0.159, -0.167, 0.484, 2.5
 247605918, 0.134, -0.211, 0.484, 2.5, 0.158, -0.2, 0.484, 2.5
 247805838, 0.103, -0.206, 0.484, 2.5, 0.134, -0.211, 0.484, 2.5
 248006591, 0.045, -0.176, 0.483, 2.5, 0.103, -0.206, 0.484, 2.5
 248206511, -0.011, -0.178, 0.483, 2.5, 0.045, -0.176, 0.483, 2.5
 248406431, -0.04, -0.177, 0.483, 2.5, -0.011, -0.178, 0.483, 2.5
 248606351, -0.049, -0.138, 0.482, 2.5, -0.04, -0.177, 0.483, 2.5
 248806271, -0.06900001, -0.09900001, 0.482, 2.5, -0.049, -0.138, 0.482, 2.5
 249006191, -0.09200001, -0.07300001, 0.482, 2.5, -0.06900001, -0.09900001, 0.482, 2.5
 249206111, -0.124, -0.047, 0.482, 2.5, -0.09200001, -0.07300001, 0.482, 2.5
 249406031, -0.194, -0.026, 0.483, 2.5, -0.124, -0.047, 0.482, 2.5
 249605951, -0.248, -0.029, 0.482, 2.5, -0.194, -0.026, 0.483, 2.5
 249805871, -0.255, -0.033, 0.482, 2.5, -0.248, -0.029, 0.482, 2.5
 250005791, -0.261, -0.017, 0.482, 2.5, -0.255, -0.033, 0.482, 2.5
 250206544, -0.26, 0.005, 0.481, 2.5, -0.261, -0.017, 0.482, 2.5
 250406464, -0.256, 0.039, 0.481, 2.5, -0.26, 0.005, 0.481, 2.5
 250606384, -0.252, 0.056, 0.481, 2.5, -0.256, 0.039, 0.481, 2.5
 250806304, -0.259, 0.075, 0.481, 2.5, -0.252, 0.056, 0.481, 2.5
 251006224, -0.255, 0.127, 0.48, 2.5, -0.259, 0.075, 0.481, 2.5
 251206144, -0.232, 0.205, 0.48, 2.5, -0.255, 0.127, 0.48, 2.5
 251406064, -0.192, 0.269, 0.48, 2.5, -0.232, 0.205, 0.48, 2.5
 251605984, -0.176, 0.304, 0.48, 2.5, -0.192, 0.269, 0.48, 2.5
 251805904, -0.169, 0.314, 0.48, 2.5, -0.176, 0.304, 0.48, 2.5
 252005824, -0.182, 0.302, 0.48, 2.5, -0.169, 0.314, 0.48, 2.5
 252206577, -0.198, 0.301, 0.48, 2.5, -0.182, 0.302, 0.48, 2.5
 252406497, -0.19, 0.267, 0.48, 2.5, -0.198, 0.301, 0.48, 2.5
 252606417, -0.16, 0.238, 0.479, 2.5, -0.19, 0.267, 0.48, 2.5
 252806337, -0.152, 0.249, 0.479, 2.5, -0.16, 0.238, 0.479, 2.5
 253006257, -0.19, 0.215, 0.479, 2.5, -0.152, 0.249, 0.479, 2.5
 253206177, -0.219, 0.155, 0.479, 2.5, -0.19, 0.215, 0.479, 2.5
 253406097, -0.213, 0.119, 0.479, 2.5, -0.219, 0.155, 0.479, 2.5
 253606017, -0.184, 0.071, 0.479, 2.5, -0.213, 0.119, 0.479, 2.5
 253805937, -0.106, 0.064, 0.479, 2.5, -0.184, 0.071, 0.479, 2.5
 254005857, -0.042, 0.06500001, 0.479, 2.5, -0.106, 0.064, 0.479, 2.5
 254205777, -0.002, 0.064, 0.479, 2.5, -0.042, 0.06500001, 0.479, 2.5
 254406530, 0.06900001, 0.051, 0.479, 2.5, -0.002, 0.064, 0.479, 2.5
 254606450, 0.143, 0.037, 0.478, 2.5, 0.06900001, 0.051, 0.479, 2.5
 254806370, 0.21, 0.017, 0.478, 2.5, 0.143, 0.037, 0.478, 2.5
 255006290, 0.254, -0.044, 0.478, 2.5, 0.21, 0.017, 0.478, 2.5
 255206210, 0.272, -0.102, 0.478, 2.5, 0.254, -0.044, 0.478, 2.5
 255406130, 0.275, -0.142, 0.478, 2.5, 0.272, -0.102, 0.478, 2.5
 255606050, 0.261, -0.16, 0.478, 2.5, 0.275, -0.142, 0.478, 2.5
 255805970, 0.212, -0.164, 0.479, 2.5, 0.261, -0.16, 0.478, 2.5
 256005890, 0.15, -0.156, 0.479, 2.5, 0.212, -0.164, 0.479, 2.5
 256205810, 0.083, -0.146, 0.479, 2.5, 0.15, -0.156, 0.479, 2.5
 256406563, 0.024, -0.131, 0.478, 2.5, 0.083, -0.146, 0.479, 2.5
 256606483, -0.02, -0.122, 0.478, 2.5, 0.024, -0.131, 0.478, 2.5
 256806403, -0.044, -0.098, 0.478, 2.5, -0.02, -0.122, 0.478, 2.5
 257006323, -0.05, -0.07600001, 0.477, 2.5, -0.044, -0.098, 0.478, 2.5
 257206243, -0.063, -0.051, 0.477, 2.5, -0.05, -0.07600001, 0.477, 2.5
 257406163, -0.107, -0.033, 0.477, 2.5, -0.063, -0.051, 0.477, 2.5
 257606083, -0.156, -0.018, 0.477, 2.5, -0.107, -0.033, 0.477, 2.5
 257806003, -0.179, 0.026, 0.477, 2.5, -0.156, -0.018, 0.477, 2.5
 258005923, -0.189, 0.075, 0.477, 2.5, -0.179, 0.026, 0.477, 2.5
 258205843, -0.174, 0.12, 0.478, 2.5, -0.189, 0.075, 0.477, 2.5
 258405763, -0.146, 0.141, 0.479, 2.5, -0.174, 0.12, 0.478, 2.5
 258606516, 0.007, -0.007, -0.022, 2.5, -0.146, 0.141, 0.479, 2.5
 258806436, 0.028, -0.028, -0.1, 2.5, 0.007, -0.007, -0.022, 2.5
 259006356, -0.004, 0.004, 0.014, 2.5, 0.028, -0.028, -0.1, 2.5
 259206276, -0.003, 0.003, 0.011, 2.5, -0.004, 0.004, 0.014, 2.5
 259406196, 0, 0, -0.003, 2.5, -0.003, 0.003, 0.011, 2.5
 259606116, 0, 0, -0.001, 2.5, 0, 0, -0.003, 2.5
 259806036, 0, 0, 0, 2.5, 0, 0, -0.001, 2.5
 260005956, 0, 0, 0, 2.5, 0, 0, 0, 2.5
 260205876, 0, 0, 0, 2.5, 0, 0, 0, 2.5
 260405796, 0, 0, 0, 2.5, 0, 0, 0, 2.5
 260606549, 0, 0, 0, 2.5, 0, 0, 0, 2.5
 260806469, 0, 0, 0, 2.5, 0, 0, 0, 2.5
 261006389, 0, 0, 0, 2.5, 0, 0, 0, 2.5
 261206309, 0, 0, 0, 2.5, 0, 0, 0, 2.5
