TimeUS,CGpN,CGpE,CGpD,CGpe,PGpN,PGpE,PGpD,PGpe
 77706405, 0, 0, 0, 2.5, 0, 0, 0, 0
 77806365, 0, 0, 0, 2.5, 0, 0, 0, 2.5
 78006285, 0, 0, 0, 2.5, 0, 0, 0, 2.5
 78206205, 0, 0, 0, 2.5, 0, 0, 0, 2.5
 78406125, 0, 0, 0, 2.5, 0, 0, 0, 2.5
 78606045, 0, 0, 0, 2.5, 0, 0, 0, 2.5
 78805965, 0, 0, 0, 2.5, 0, 0, 0, 2.5
 79005885, 0, 0, 0, 2.5, 0, 0, 0, 2.5
 79205805, 0, 0, 0, 2.5, 0, 0, 0, 2.5
 79406558, 0, 0, 0, 2.5, 0, 0, 0, 2.5
 79606478, 0, 0, 0, 2.5, 0, 0, 0, 2.5
 79806398, 0, 0, 0, 2.5, 0, 0, 0, 2.5
 80006318, 0, 0, 0, 2.5, 0, 0, 0, 2.5
 80206238, 0, 0, 0, 2.5, 0, 0, 0, 2.5
 80406158, 0, 0, 0, 2.5, 0, 0, 0, 2.5
 80606078, 0, 0, 0, 2.5, 0, 0, 0, 2.5
 80805998, 0, 0, 0, 2.5, 0, 0, 0, 2.5
 81005918, 0, 0, 0, 2.5, 0, 0, 0, 2.5
 81205838, 0, 0, 0, 2.5, 0, 0, 0, 2.5
 81406591, 0, 0, 0, 2.5, 0, 0, 0, 2.5
 81606511, 0, 0, 0, 2.5, 0, 0, 0, 2.5
 81806431, 0, 0, 0, 2.5, 0, 0, 0, 2.5
 82006351, 0, 0, 0, 2.5, 0, 0, 0, 2.5
 82206271, 0, 0, 0, 2.5, 0, 0, 0, 2.5
 82406191, 0, 0, 0, 2.5, 0, 0, 0, 2.5
 82606111, 0, 0, 0, 2.5, 0, 0, 0, 2.5
 82806031, 0, 0, 0, 2.5, 0, 0, 0, 2.5
 83005951, 0, 0, 0, 2.5, 0, 0, 0, 2.5
 83205871, 0, 0, 0, 2.5, 0, 0, 0, 2.5
 83405791, 0, 0, 0, 2.5, 0, 0, 0, 2.5
 83606544, 0, 0, 0, 2.5, 0, 0, 0, 2.5
 83806464, 0, 0, 0, 2.5, 0, 0, 0, 2.5
 84006384, 0, 0, 0, 2.5, 0, 0, 0, 2.5
 84206304, 0, 0, 0, 2.5, 0, 0, 0, 2.5
 84406224, 0, 0, 0, 2.5, 0, 0, 0, 2.5
 84606144, 0, 0, 0, 2.5, 0, 0, 0, 2.5
 84806064, 0, 0, 0, 2.5, 0, 0, 0, 2.5
 85005984, 0, 0, 0, 2.5, 0, 0, 0, 2.5
 85205904, 0, 0, 0, 2.5, 0, 0, 0, 2.5
 85405824, 0, 0, 0, 2.5, 0, 0, 0, 2.5
 85606577, 0, 0, 0, 2.5, 0, 0, 0, 2.5
 85806497, 0, 0, 0, 2.5, 0, 0, 0, 2.5
 86006417, 0, 0, 0, 2.5, 0, 0, 0, 2.5
 86206337, 0, 0, 0, 2.5, 0, 0, 0, 2.5
 86406257, 0, 0, 0, 2.5, 0, 0, 0, 2.5
 86606177, 0, 0, 0, 2.5, 0, 0, 0, 2.5
 86806097, 0, 0, 0, 2.5, 0, 0, 0, 2.5
 87006017, 0, 0, 0, 2.5, 0, 0, 0, 2.5
 87205937, 0, 0, 0, 2.5, 0, 0, 0, 2.5
 87405857, 0, 0, 0, 2.5, 0, 0, 0, 2.5
 87605777, 0, 0, 0, 2.5, 0, 0, 0, 2.5
 87806530, 0, 0, 0, 2.5, 0, 0, 0, 2.5
 88006450, 0, 0, 0, 2.5, 0, 0, 0, 2.5
 88206370, 0, 0, 0, 2.5, 0, 0, 0, 2.5
 88406290, 0, 0, 0, 2.5, 0, 0, 0, 2.5
 88606210, 0, 0, 0, 2.5, 0, 0, 0, 2.5
 88806130, 0, 0, 0, 2.5, 0, 0, 0, 2.5
 89006050, 0, 0, 0, 2.5, 0, 0, 0, 2.5
 89205970, 0, 0, 0, 2.5, 0, 0, 0, 2.5
 89405890, 0, 0, 0, 2.5, 0, 0, 0, 2.5
 89605810, 0, 0, 0, 2.5, 0, 0, 0, 2.5
 89806563, 0, 0, 0, 2.5, 0, 0, 0, 2.5
 90006483, 0, 0, 0, 2.5, 0, 0, 0, 2.5
 90206403, 0, 0, 0, 2.5, 0, 0, 0, 2.5
 90406323, 0, 0, 0, 2.5, 0, 0, 0, 2.5
 90606243, 0, 0, 0, 2.5, 0, 0, 0, 2.5
 90806163, 0, 0, 0, 2.5, 0, 0, 0, 2.5
 91006083, 0, 0, 0, 2.5, 0, 0, 0, 2.5
 91206003, 0, 0, 0, 2.5, 0, 0, 0, 2.5
 91405923, 0, 0, 0, 2.5, 0, 0, 0, 2.5
 91605843, 0, 0, 0, 2.5, 0, 0, 0, 2.5
 91805763, 0, 0, 0, 2.5, 0, 0, 0, 2.5
 92006516, 0, 0, 0, 2.5, 0, 0, 0, 2.5
 92206436, 0, 0, 0, 2.5, 0, 0, 0, 2.5
 92406356, 0, 0, 0, 2.5, 0, 0, 0, 2.5
 92606276, 0, 0, 0, 2.5, 0, 0, 0, 2.5
 92806196, 0, 0, 0, 2.5, 0, 0, 0, 2.5
 93006116, 0, 0, 0, 2.5, 0, 0, 0, 2.5
 93206036, 0, 0, 0, 2.5, 0, 0, 0, 2.5
 93405956, 0, 0, 0, 2.5, 0, 0, 0, 2.5
 93605876, 0, 0, 0, 2.5, 0, 0, 0, 2.5
 93805796, 0, 0, 0, 2.5, 0, 0, 0, 2.5
 94006549, 0, 0, 0, 2.5, 0, 0, 0, 2.5
 94206469, 0, 0, 0, 2.5, 0, 0, 0, 2.5
 94406389, 0, 0, 0, 2.5, 0, 0, 0, 2.5
 94606309, 0, 0, 0, 2.5, 0, 0, 0, 2.5
 94806229, 0, 0, 0, 2.5, 0, 0, 0, 2.5
 95006149, 0, 0, 0, 2.5, 0, 0, 0, 2.5
 95206069, 0, 0, 0, 2.5, 0, 0, 0, 2.5
 95405989, 0, 0, 0, 2.5, 0, 0, 0, 2.5
 95605909, 0, 0, 0, 2.5, 0, 0, 0, 2.5
 95805829, 0, 0, 0, 2.5, 0, 0, 0, 2.5
 96006582, 0, 0, 0, 2.5, 0, 0, 0, 2.5
 96206502, 0, 0, 0, 2.5, 0, 0, 0, 2.5
 96406422, 0, 0, 0, 2.5, 0, 0, 0, 2.5
 96606342, 0, 0, 0, 2.5, 0, 0, 0, 2.5
 96806262, 0, 0, 0, 2.5, 0, 0, 0, 2.5
 97006182, 0, 0, 0, 2.5, 0, 0, 0, 2.5
 97206102, 0, 0, 0, 2.5, 0, 0, 0, 2.5
 97406022, 0, 0, 0, 2.5, 0, 0, 0, 2.5
 97605942, 0, 0, 0, 2.5, 0, 0, 0, 2.5
 97805862, 0, 0, 0, 2.5, 0, 0, 0, 2.5
 98005782, 0, 0, 0, 2.5, 0, 0, 0, 2.5
 98206535, 0, 0, 0, 2.5, 0, 0, 0, 2.5
 98406455, 0, 0, 0, 2.5, 0, 0, 0, 2.5
 98606375, 0, 0, 0, 2.5, 0, 0, 0, 2.5
 98806295, 0, 0, 0, 2.5, 0, 0, 0, 2.5
 99006215, 0, 0, 0, 2.5, 0, 0, 0, 2.5
 99206135, 0, 0, 0, 2.5, 0, 0, 0, 2.5
 99406055, 0, 0, 0, 2.5, 0, 0, 0, 2.5
 99605975, 0, 0, 0, 2.5, 0, 0, 0, 2.5
 99805895, 0, 0, 0, 2.5, 0, 0, 0, 2.5
 100005815, 0, 0, 0, 2.5, 0, 0, 0, 2.5
 100206568, 0, 0, 0, 2.5, 0, 0, 0, 2.5
 100406488, 0, 0, 0, 2.5, 0, 0, 0, 2.5
 100606408, 0, 0, 0, 2.5, 0, 0, 0, 2.5
 100806328, 0, 0, 0, 2.5, 0, 0, 0, 2.5
 101006248, 0, 0, 0, 2.5, 0, 0, 0, 2.5
 101206168, 0, 0, 0, 2.5, 0, 0, 0, 2.5
 101406088, 0, 0, 0, 2.5, 0, 0, 0, 2.5
 101606008, 0, 0, 0, 2.5, 0, 0, 0, 2.5
 101805928, 0, 0, 0, 2.5, 0, 0, 0, 2.5
 102005848, 0, 0, 0, 2.5, 0, 0, 0, 2.5
 102205768, 0, 0, 0, 2.5, 0, 0, 0, 2.5
 102406521, 0, 0, 0, 2.5, 0, 0, 0, 2.5
 102606441, 0, 0, 0, 2.5, 0, 0, 0, 2.5
 102806361, 0, 0, 0, 2.5, 0, 0, 0, 2.5
 103006281, 0, 0, 0, 2.5, 0, 0, 0, 2.5
 103206201, 0, 0, 0, 2.5, 0, 0, 0, 2.5
 103406121, 0, 0, 0, 2.5, 0, 0, 0, 2.5
 103606041, 0, 0, 0, 2.5, 0, 0, 0, 2.5
 103805961, 0, 0, 0, 2.5, 0, 0, 0, 2.5
 104005881, 0, 0, 0, 2.5, 0, 0, 0, 2.5
 104205801, 0, 0, 0, 2.5, 0, 0, 0, 2.5
 104406554, 0, 0, 0, 2.5, 0, 0, 0, 2.5
 104606474, 0, 0, 0, 2.5, 0, 0, 0, 2.5
 104806394, 0, 0, 0, 2.5, 0, 0, 0, 2.5
 105006314, 0, 0, 0, 2.5, 0, 0, 0, 2.5
 105206234, 0, 0, 0, 2.5, 0, 0, 0, 2.5
 105406154, 0, 0, 0, 2.5, 0, 0, 0, 2.5
 105606074, 0, 0, 0, 2.5, 0, 0, 0, 2.5
 105805994, 0, 0, 0, 2.5, 0, 0, 0, 2.5
 106005914, 0, 0, 0, 2.5, 0, 0, 0, 2.5
 106205834, 0, 0, 0, 2.5, 0, 0, 0, 2.5
 106406587, 0, 0, 0, 2.5, 0, 0, 0, 2.5
 106606507, 0, 0, 0, 2.5, 0, 0, 0, 2.5
 106806427, 0, 0, 0, 2.5, 0, 0, 0, 2.5
 107006347, 0, 0, 0, 2.5, 0, 0, 0, 2.5
 107206267, 0, 0, 0, 2.5, 0, 0, 0, 2.5
 107406187, 0, 0, 0, 2.5, 0, 0, 0, 2.5
 107606107, 0, 0, 0, 2.5, 0, 0, 0, 2.5
 107806027, 0, 0, 0, 2.5, 0, 0, 0, 2.5
 108005947, 0, 0, 0, 2.5, 0, 0, 0, 2.5
 108205867, 0, 0, 0, 2.5, 0, 0, 0, 2.5
 108405787, 0, 0, 0, 2.5, 0, 0, 0, 2.5
 108606540, 0, 0, 0, 2.5, 0, 0, 0, 2.5
 108806460, 0, 0, 0, 2.5, 0, 0, 0, 2.5
 109006380, 0, 0, 0, 2.5, 0, 0, 0, 2.5
 109206300, 0, 0, 0, 2.5, 0, 0, 0, 2.5
 109406220, 0, 0, 0, 2.5, 0, 0, 0, 2.5
 109606140, 0, 0, 0, 2.5, 0, 0, 0, 2.5
 109806060, 0, 0, 0, 2.5, 0, 0, 0, 2.5
 110005980, 0, 0, 0, 2.5, 0, 0, 0, 2.5
 110205900, 0, 0, 0, 2.5, 0, 0, 0, 2.5
 110405820, 0, 0, 0, 2.5, 0, 0, 0, 2.5
 110606573, 0, 0, 0, 2.5, 0, 0, 0, 2.5
 110806493, 0, 0, 0, 2.5, 0, 0, 0, 2.5
 111006413, 0, 0, 0, 2.5, 0, 0, 0, 2.5
 111206333, 0, 0, 0, 2.5, 0, 0, 0, 2.5
 111406253, 0, 0, 0, 2.5, 0, 0, 0, 2.5
 111606173, 0, 0, 0, 2.5, 0, 0, 0, 2.5
 111806093, 0, 0, 0, 2.5, 0, 0, 0, 2.5
 112006013, 0, 0, 0, 2.5, 0, 0, 0, 2.5
 112205933, 0, 0, 0, 2.5, 0, 0, 0, 2.5
 112405853, 0, 0, 0, 2.5, 0, 0, 0, 2.5
 112605773, 0, 0, 0, 2.5, 0, 0, 0, 2.5
 112806526, 0, 0, 0, 2.5, 0, 0, 0, 2.5
 113006446, 0, 0, 0, 2.5, 0, 0, 0, 2.5
 113206366, 0, 0, 0, 2.5, 0, 0, 0, 2.5
 113406286, 0, 0, 0, 2.5, 0, 0, 0, 2.5
 113606206, 0, 0, 0, 2.5, 0, 0, 0, 2.5
 113806126, 0, 0, 0, 2.5, 0, 0, 0, 2.5
 114006046, 0, 0, 0, 2.5, 0, 0, 0, 2.5
 114205966, 0, 0, 0, 2.5, 0, 0, 0, 2.5
 114405886, 0, 0, 0, 2.5, 0, 0, 0, 2.5
 114605806, 0, 0, 0, 2.5, 0, 0, 0, 2.5
 114806559, 0, 0, 0, 2.5, 0, 0, 0, 2.5
 115006479, 0, 0, 0, 2.5, 0, 0, 0, 2.5
 115206399, 0, 0, 0, 2.5, 0, 0, 0, 2.5
 115406319, 0, 0, 0, 2.5, 0, 0, 0, 2.5
 115606239, 0, 0, 0, 2.5, 0, 0, 0, 2.5
 115806159, 0, 0, 0, 2.5, 0, 0, 0, 2.5
 116006079, 0, 0, 0, 2.5, 0, 0, 0, 2.5
 116205999, 0, 0, 0, 2.5, 0, 0, 0, 2.5
 116405919, 0, 0, 0, 2.5, 0, 0, 0, 2.5
 116605839, 0, 0, 0, 2.5, 0, 0, 0, 2.5
 116806592, 0, 0, 0, 2.5, 0, 0, 0, 2.5
 117006512, 0, 0, 0, 2.5, 0, 0, 0, 2.5
 117206432, 0, 0, 0, 2.5, 0, 0, 0, 2.5
 117406352, 0, 0, 0, 2.5, 0, 0, 0, 2.5
 117606272, 0, 0, 0, 2.5, 0, 0, 0, 2.5
 117806192, 0, 0, 0, 2.5, 0, 0, 0, 2.5
 118006112, 0, 0, 0, 2.5, 0, 0, 0, 2.5
 118206032, 0, 0, 0, 2.5, 0, 0, 0, 2.5
 118405952, 0, 0, 0, 2.5, 0, 0, 0, 2.5
 118605872, 0, 0, 0, 2.5, 0, 0, 0, 2.5
 118805792, 0, 0, 0, 2.5, 0, 0, 0, 2.5
 119006545, 0, 0, 0, 2.5, 0, 0, 0, 2.5
 119206465, 0, 0, 0, 2.5, 0, 0, 0, 2.5
 119406385, 0, 0, 0, 2.5, 0, 0, 0, 2.5
 119606305, 0, 0, 0, 2.5, 0, 0, 0, 2.5
 119806225, 0, 0, 0, 2.5, 0, 0, 0, 2.5
 120006145, 0, 0, 0, 2.5, 0, 0, 0, 2.5
 120206065, 0, 0, 0, 2.5, 0, 0, 0, 2.5
 120405985, 0, 0, 0, 2.5, 0, 0, 0, 2.5
 120605905, 0, 0, 0, 2.5, 0, 0, 0, 2.5
 120805825, 0, 0, 0, 2.5, 0, 0, 0, 2.5
 121006578, 0, 0, 0, 2.5, 0, 0, 0, 2.5
 121206498, 0, 0, 0, 2.5, 0, 0, 0, 2.5
 121406418, 0, 0, 0, 2.5, 0, 0, 0, 2.5
 121606338, 0, 0, 0, 2.5, 0, 0, 0, 2.5
 121806258, 0, 0, 0, 2.5, 0, 0, 0, 2.5
 122006178, 0, 0, 0, 2.5, 0, 0, 0, 2.5
 122206098, 0, 0, 0, 2.5, 0, 0, 0, 2.5
 122406018, 0, 0, 0, 2.5, 0, 0, 0, 2.5
 122605938, 0, 0, 0, 2.5, 0, 0, 0, 2.5
 122805858, 0, 0, 0, 2.5, 0, 0, 0, 2.5
 123005778, 0, 0, 0, 2.5, 0, 0, 0, 2.5
 123206531, 0, 0, 0, 2.5, 0, 0, 0, 2.5
 123406451, 0, 0, 0, 2.5, 0, 0, 0, 2.5
 123606371, 0, 0, 0, 2.5, 0, 0, 0, 2.5
 123806291, 0, 0, 0, 2.5, 0, 0, 0, 2.5
 124006211, 0, 0, 0, 2.5, 0, 0, 0, 2.5
 124206131, 0, 0, 0, 2.5, 0, 0, 0, 2.5
 124406051, 0, 0, 0, 2.5, 0, 0, 0, 2.5
 124605971, 0, 0, 0, 2.5, 0, 0, 0, 2.5
 124805891, 0, 0, 0, 2.5, 0, 0, 0, 2.5
 125005811, 0, 0, 0, 2.5, 0, 0, 0, 2.5
 125206564, 0, 0, 0, 2.5, 0, 0, 0, 2.5
 125406484, 0, 0, 0, 2.5, 0, 0, 0, 2.5
 125606404, 0, 0, 0, 2.5, 0, 0, 0, 2.5
 125806324, 0, 0, 0, 2.5, 0, 0, 0, 2.5
 126006244, 0, 0, 0, 2.5, 0, 0, 0, 2.5
 126206164, 0, 0, 0, 2.5, 0, 0, 0, 2.5
 126406084, 0, 0, 0, 2.5, 0, 0, 0, 2.5
 126606004, 0, 0, 0, 2.5, 0, 0, 0, 2.5
 126805924, 0, 0, 0, 2.5, 0, 0, 0, 2.5
 127005844, 0, 0, 0, 2.5, 0, 0, 0, 2.5
 127205764, 0, 0, 0, 2.5, 0, 0, 0, 2.5
 127406517, 0, 0, 0, 2.5, 0, 0, 0, 2.5
 127606437, 0, 0, 0, 2.5, 0, 0, 0, 2.5
 127806357, 0, 0, 0, 2.5, 0, 0, 0, 2.5
 128006277, 0, 0, 0, 2.5, 0, 0, 0, 2.5
 128206197, 0, 0, 0, 2.5, 0, 0, 0, 2.5
 128406117, 0, 0, 0, 2.5, 0, 0, 0, 2.5
 128606037, 0, 0, 0, 2.5, 0, 0, 0, 2.5
 128805957, 0, 0, 0, 2.5, 0, 0, 0, 2.5
 129005877, 0, 0, 0, 2.5, 0, 0, 0, 2.5
 129205797, 0, 0, 0, 2.5, 0, 0, 0, 2.5
 129406550, 0, 0, 0, 2.5, 0, 0, 0, 2.5
 129606470, 0, 0, 0, 2.5, 0, 0, 0, 2.5
 129806390, 0, 0, 0, 2.5, 0, 0, 0, 2.5
 130006310, 0, 0, 0, 2.5, 0, 0, 0, 2.5
 130206230, 0, 0, 0, 2.5, 0, 0, 0, 2.5
 130406150, 0, 0, 0, 2.5, 0, 0, 0, 2.5
 130606070, 0, 0, 0, 2.5, 0, 0, 0, 2.5
 130805990, 0, 0, 0, 2.5, 0, 0, 0, 2.5
 131005910, 0, 0, 0, 2.5, 0, 0, 0, 2.5
 131205830, 0, 0, 0, 2.5, 0, 0, 0, 2.5
 131406583, 0, 0, 0, 2.5, 0, 0, 0, 2.5
 131606503, 0, 0, 0, 2.5, 0, 0, 0, 2.5
 131806423, 0, 0, 0, 2.5, 0, 0, 0, 2.5
 132006343, 0, 0, 0, 2.5, 0, 0, 0, 2.5
 132206263, 0, 0, 0, 2.5, 0, 0, 0, 2.5
 132406183, 0, 0, 0, 2.5, 0, 0, 0, 2.5
 132606103, 0, 0, 0, 2.5, 0, 0, 0, 2.5
 132806023, 0, 0, 0, 2.5, 0, 0, 0, 2.5
 133005943, 0, 0, 0, 2.5, 0, 0, 0, 2.5
 133205863, 0, 0, 0, 2.5, 0, 0, 0, 2.5
 133405783, 0, 0, 0, 2.5, 0, 0, 0, 2.5
 133606536, 0, 0, 0, 2.5, 0, 0, 0, 2.5
 133806456, 0, 0, 0, 2.5, 0, 0, 0, 2.5
 134006376, 0, 0, 0, 2.5, 0, 0, 0, 2.5
 134206296, 0, 0, 0, 2.5, 0, 0, 0, 2.5
 134406216, 0, 0, 0, 2.5, 0, 0, 0, 2.5
 134606136, 0, 0, 0, 2.5, 0, 0, 0, 2.5
 134806056, 0, 0, 0, 2.5, 0, 0, 0, 2.5
 135005976, 0, 0, 0, 2.5, 0, 0, 0, 2.5
 135205896, 0, 0, 0, 2.5, 0, 0, 0, 2.5
 135405816, 0, 0, 0, 2.5, 0, 0, 0, 2.5
 135606569, 0, 0, 0, 2.5, 0, 0, 0, 2.5
 135806489, 0, 0, 0, 2.5, 0, 0, 0, 2.5
 136006409, 0, 0, 0, 2.5, 0, 0, 0, 2.5
 136206329, 0, 0, 0, 2.5, 0, 0, 0, 2.5
 136406249, 0, 0, 0, 2.5, 0, 0, 0, 2.5
 136606169, 0, 0, 0, 2.5, 0, 0, 0, 2.5
 136806089, 0, 0, 0, 2.5, 0, 0, 0, 2.5
 137006009, 0, 0, 0, 2.5, 0, 0, 0, 2.5
 137205929, 0, 0, 0, 2.5, 0, 0, 0, 2.5
 137405849, 0, 0, 0, 2.5, 0, 0, 0, 2.5
 137605769, 0, 0, 0, 2.5, 0, 0, 0, 2.5
 137806522, 0, 0, 0, 2.5, 0, 0, 0, 2.5
 138006442, 0, 0, 0, 2.5, 0, 0, 0, 2.5
 138206362, 0, 0, 0, 2.5, 0, 0, 0, 2.5
 138406282, 0, 0, 0, 2.5, 0, 0, 0, 2.5
 138606202, 0, 0, 0, 2.5, 0, 0, 0, 2.5
 138806122, 0, 0, 0, 2.5, 0, 0, 0, 2.5
 139006042, 0, 0, 0, 2.5, 0, 0, 0, 2.5
 139205962, 0, 0, 0, 2.5, 0, 0, 0, 2.5
 139405882, 0, 0, 0, 2.5, 0, 0, 0, 2.5
 139605802, 0, 0, 0, 2.5, 0, 0, 0, 2.5
 139806555, 0, 0, 0, 2.5, 0, 0, 0, 2.5
 140006475, 0, 0, 0, 2.5, 0, 0, 0, 2.5
 140206395, 0, 0, 0, 2.5, 0, 0, 0, 2.5
 140406315, 0, 0, 0, 2.5, 0, 0, 0, 2.5
 140606235, 0, 0, 0, 2.5, 0, 0, 0, 2.5
 140806155, 0, 0, 0, 2.5, 0, 0, 0, 2.5
 141006075, 0, 0, 0, 2.5, 0, 0, 0, 2.5
 141205995, 0, 0, 0, 2.5, 0, 0, 0, 2.5
 141405915, 0, 0, 0, 2.5, 0, 0, 0, 2.5
 141605835, 0, 0, 0, 2.5, 0, 0, 0, 2.5
 141806588, 0, 0, 0, 2.5, 0, 0, 0, 2.5
 142006508, 0, 0, 0, 2.5, 0, 0, 0, 2.5
 142206428, 0, 0, 0, 2.5, 0, 0, 0, 2.5
 142406348, 0, 0, 0, 2.5, 0, 0, 0, 2.5
 142606268, 0, 0, 0, 2.5, 0, 0, 0, 2.5
 142806188, 0, 0, 0, 2.5, 0, 0, 0, 2.5
 143006108, 0, 0, 0, 2.5, 0, 0, 0, 2.5
 143206028, 0, 0, 0, 2.5, 0, 0, 0, 2.5
 143405948, 0, 0, 0, 2.5, 0, 0, 0, 2.5
 143605868, 0, 0, 0, 2.5, 0, 0, 0, 2.5
 143805788, 0, 0, 0, 2.5, 0, 0, 0, 2.5
 144006541, 0, 0, 0, 2.5, 0, 0, 0, 2.5
 144206461, 0, 0, 0, 2.5, 0, 0, 0, 2.5
 144406381, 0, 0, 0, 2.5, 0, 0, 0, 2.5
 144606301, 0, 0, 0, 2.5, 0, 0, 0, 2.5
 144806221, 0, 0, 0, 2.5, 0, 0, 0, 2.5
 145006141, 0, 0, 0, 2.5, 0, 0, 0, 2.5
 145206061, 0, 0, 0, 2.5, 0, 0, 0, 2.5
 145405981, 0, 0, -0.043, 2.5, 0, 0, 0, 2.5
 145605901, 0, 0, -0.682, 2.5, 0, 0, -0.043, 2.5
 145805821, -0.002, -0.002, -1.673, 2.5, 0, 0, -0.682, 2.5
 146006574, -0.012, -0.009000001, -3.121, 2.5, -0.002, -0.002, -1.673, 2.5
 146206494, -0.024, -0.019, -3.909, 2.5, -0.012, -0.009000001, -3.121, 2.5
 146406414, -0.036, -0.03, -4.574, 2.5, -0.024, -0.019, -3.909, 2.5
 146606334, -0.048, -0.039, -5.212, 2.5, -0.036, -0.03, -4.574, 2.5
 146806254, -0.059, -0.047, -5.749, 2.5, -0.048, -0.039, -5.212, 2.5
 147006174, -0.068, -0.054, -6.193, 2.5, -0.059, -0.047, -5.749, 2.5
 147206094, -0.07600001, -0.06, -6.564, 2.5, -0.068, -0.054, -6.193, 2.5
 147406014, -0.082, -0.06500001, -6.873, 2.5, -0.07600001, -0.06, -6.564, 2.5
 147605934, -0.08800001, -0.07, -7.126, 2.5, -0.082, -0.06500001, -6.873, 2.5
 147805854, -0.09100001, -0.072, -6.718, 2.5, -0.08800001, -0.07, -7.126, 2.5
 148005774, -0.09200001, -0.074, -6.087, 2.5, -0.09100001, -0.072, -6.718, 2.5
 148206527, -0.094, -0.07600001, -5.55, 2.5, -0.09200001, -0.074, -6.087, 2.5
 148406447, -0.096, -0.07700001, -5.09, 2.5, -0.094, -0.07600001, -5.55, 2.5
 148606367, -0.098, -0.08000001, -4.693, 2.5, -0.096, -0.07700001, -5.09, 2.5
 148806287, -0.1, -0.083, -4.348, 2.5, -0.098, -0.08000001, -4.693, 2.5
 149006207, -0.102, -0.086, -4.046, 2.5, -0.1, -0.083, -4.348, 2.5
 149206127, -0.104, -0.089, -3.78, 2.5, -0.102, -0.086, -4.046, 2.5
 149406047, -0.106, -0.09200001, -3.545, 2.5, -0.104, -0.089, -3.78, 2.5
 149605967, -0.108, -0.094, -3.336, 2.5, -0.106, -0.09200001, -3.545, 2.5
 149805887, -0.11, -0.09500001, -3.149, 2.5, -0.108, -0.094, -3.336, 2.5
 150005807, -0.111, -0.097, -2.98, 2.5, -0.11, -0.09500001, -3.149, 2.5
 150206560, -0.114, -0.09900001, -2.829, 2.5, -0.111, -0.097, -2.98, 2.5
 150406480, -0.112, -0.106, -2.548, 2.5, -0.114, -0.09900001, -2.829, 2.5
 150606400, -0.103, -0.12, -2.103, 2.5, -0.112, -0.106, -2.548, 2.5
 150806320, -0.105, -0.096, -1.619, 2.5, -0.103, -0.12, -2.103, 2.5
 151006240, -0.127, -0.06, -1.17, 2.5, -0.105, -0.096, -1.619, 2.5
 151206160, -0.177, -0.041, -0.7960001, 2.5, -0.127, -0.06, -1.17, 2.5
 151406080, -0.265, -0.028, -0.512, 2.5, -0.177, -0.041, -0.7960001, 2.5
 151606000, -0.396, 0.009000001, -0.313, 2.5, -0.265, -0.028, -0.512, 2.5
 151805920, -0.566, 0.041, -0.187, 2.5, -0.396, 0.009000001, -0.313, 2.5
 152005840, -0.784, 0.041, -0.115, 2.5, -0.566, 0.041, -0.187, 2.5
 152205760, -1.044, -0.008, -0.08000001, 2.5, -0.784, 0.041, -0.115, 2.5
 152406513, -1.348, -0.09100001, -0.067, 2.5, -1.044, -0.008, -0.08000001, 2.5
 152606433, -1.651, -0.185, -0.06900001, 2.5, -1.348, -0.09100001, -0.067, 2.5
 152806353, -1.967, -0.294, -0.07700001, 2.5, -1.651, -0.185, -0.06900001, 2.5
 153006273, -2.274, -0.414, -0.086, 2.5, -1.967, -0.294, -0.07700001, 2.5
 153206193, -2.576, -0.527, -0.09200001, 2.5, -2.274, -0.414, -0.086, 2.5
 153406113, -2.876, -0.674, -0.09200001, 2.5, -2.576, -0.527, -0.09200001, 2.5
 153606033, -3.191, -0.8610001, -0.094, 2.5, -2.876, -0.674, -0.09200001, 2.5
 153805953, -3.497, -1.068, -0.093, 2.5, -3.191, -0.8610001, -0.094, 2.5
 154005873, -3.778, -1.28, -0.09100001, 2.5, -3.497, -1.068, -0.093, 2.5
 154205793, -4.014, -1.477, -0.09, 2.5, -3.778, -1.28, -0.09100001, 2.5
 154406546, -4.217, -1.667, -0.09100001, 2.5, -4.014, -1.477, -0.09, 2.5
 154606466, -4.391, -1.877, -0.093, 2.5, -4.217, -1.667, -0.09100001, 2.5
 154806386, -4.513, -2.072, -0.098, 2.5, -4.391, -1.877, -0.093, 2.5
 155006306, -4.624, -2.274, -0.102, 2.5, -4.513, -2.072, -0.098, 2.5
 155206226, -4.721, -2.454, -0.11, 2.5, -4.624, -2.274, -0.102, 2.5
 155406146, -4.815, -2.614, -0.116, 2.5, -4.721, -2.454, -0.11, 2.5
 155606066, -4.878, -2.78, -0.125, 2.5, -4.815, -2.614, -0.116, 2.5
 155805986, -4.921, -2.939, -0.13, 2.5, -4.878, -2.78, -0.125, 2.5
 156005906, -4.957, -3.142, -0.197, 2.5, -4.921, -2.939, -0.13, 2.5
 156205826, -4.933, -3.367, -0.209, 2.5, -4.957, -3.142, -0.197, 2.5
 156406579, -4.881, -3.577, -0.196, 2.5, -4.933, -3.367, -0.209, 2.5
 156606499, -4.795, -3.786, -0.174, 2.5, -4.881, -3.577, -0.196, 2.5
 156806419, -4.677, -4.015, -0.152, 2.5, -4.795, -3.786, -0.174, 2.5
 157006339, -4.533, -4.292, -0.131, 2.5, -4.677, -4.015, -0.152, 2.5
 157206259, -4.392, -4.611, -0.113, 2.5, -4.533, -4.292, -0.131, 2.5
 157406179, -4.27, -4.939, -0.101, 2.5, -4.392, -4.611, -0.113, 2.5
 157606099, -4.161, -5.264, -0.09200001, 2.5, -4.27, -4.939, -0.101, 2.5
 157806019, -3.995, -5.546, -0.087, 2.5, -4.161, -5.264, -0.09200001, 2.5
 158005939, -3.779, -5.775, -0.082, 2.5, -3.995, -5.546, -0.087, 2.5
 158205859, -3.532, -5.949, -0.075, 2.5, -3.779, -5.775, -0.082, 2.5
 158405779, -3.255, -6.059, -0.067, 2.5, -3.532, -5.949, -0.075, 2.5
 158606532, -2.992, -6.151, -0.059, 2.5, -3.255, -6.059, -0.067, 2.5
 158806452, -2.743, -6.256001, -0.053, 2.5, -2.992, -6.151, -0.059, 2.5
 159006372, -2.477, -6.383, -0.052, 2.5, -2.743, -6.256001, -0.053, 2.5
 159206292, -2.213, -6.455, -0.054, 2.5, -2.477, -6.383, -0.052, 2.5
 159406212, -1.884, -6.495, -0.051, 2.5, -2.213, -6.455, -0.054, 2.5
 159606132, -1.505, -6.529, -0.049, 2.5, -1.884, -6.495, -0.051, 2.5
 159806052, -1.132, -6.534, -0.047, 2.5, -1.505, -6.529, -0.049, 2.5
 160005972, -0.767, -6.529, -0.041, 2.5, -1.132, -6.534, -0.047, 2.5
 160205892, -0.417, -6.526, -0.037, 2.5, -0.767, -6.529, -0.041, 2.5
 160405812, -0.062, -6.524, -0.03, 2.5, -0.417, -6.526, -0.037, 2.5
 160606565, 0.325, -6.509, -0.025, 2.5, -0.062, -6.524, -0.03, 2.5
 160806485, 0.694, -6.483, -0.02, 2.5, 0.325, -6.509, -0.025, 2.5
 161006405, 1.016, -6.437, -0.011, 2.5, 0.694, -6.483, -0.02, 2.5
 161206325, 1.311, -6.394001, -0.002, 2.5, 1.016, -6.437, -0.011, 2.5
 161406245, 1.605, -6.383, 0.005, 2.5, 1.311, -6.394001, -0.002, 2.5
 161606165, 1.874, -6.368001, 0.008, 2.5, 1.605, -6.383, 0.005, 2.5
 161806085, 2.138, -6.324, 0.012, 2.5, 1.874, -6.368001, 0.008, 2.5
 162006005, 2.401, -6.253, 0.018, 2.5, 2.138, -6.324, 0.012, 2.5
 162205925, 2.673, -6.152, 0.022, 2.5, 2.401, -6.253, 0.018, 2.5
 162405845, 2.969, -6.072001, 0.028, 2.5, 2.673, -6.152, 0.022, 2.5
 162605765, 3.265, -6.004, 0.03, 2.5, 2.969, -6.072001, 0.028, 2.5
 162806518, 3.556, -5.894, 0.031, 2.5, 3.265, -6.004, 0.03, 2.5
 163006438, 3.867, -5.763, 0.038, 2.5, 3.556, -5.894, 0.031, 2.5
 163206358, 4.144, -5.611, 0.038, 2.5, 3.867, -5.763, 0.038, 2.5
 163406278, 4.38, -5.418, 0.039, 2.5, 4.144, -5.611, 0.038, 2.5
 163606198, 4.594, -5.21, 0.04, 2.5, 4.38, -5.418, 0.039, 2.5
 163806118, 4.794, -4.984, 0.041, 2.5, 4.594, -5.21, 0.04, 2.5
 164006038, 4.976, -4.711, 0.041, 2.5, 4.794, -4.984, 0.041, 2.5
 164205958, 5.145, -4.415, 0.043, 2.5, 4.976, -4.711, 0.041, 2.5
 164405878, 5.276, -4.147, 0.044, 2.5, 5.145, -4.415, 0.043, 2.5
 164605798, 5.364, -3.879, 0.046, 2.5, 5.276, -4.147, 0.044, 2.5
 164806551, 5.502, -3.575, 0.053, 2.5, 5.364, -3.879, 0.046, 2.5
 165006471, 5.643, -3.241, 0.059, 2.5, 5.502, -3.575, 0.053, 2.5
 165206391, 5.774, -2.898, 0.06900001, 2.5, 5.643, -3.241, 0.059, 2.5
 165406311, 5.922, -2.587, 0.083, 2.5, 5.774, -2.898, 0.06900001, 2.5
 165606231, 6.108, -2.28, 0.098, 2.5, 5.922, -2.587, 0.083, 2.5
 165806151, 6.284, -1.924, 0.106, 2.5, 6.108, -2.28, 0.098, 2.5
 166006071, 6.419, -1.554, 0.116, 2.5, 6.284, -1.924, 0.106, 2.5
 166205991, 6.508, -1.198, 0.128, 2.5, 6.419, -1.554, 0.116, 2.5
 166405911, 6.572001, -0.892, 0.138, 2.5, 6.508, -1.198, 0.128, 2.5
 166605831, 6.607, -0.632, 0.146, 2.5, 6.572001, -0.892, 0.138, 2.5
 166806584, 6.618001, -0.392, 0.153, 2.5, 6.607, -0.632, 0.146, 2.5
 167006504, 6.622, -0.17, 0.161, 2.5, 6.618001, -0.392, 0.153, 2.5
 167206424, 6.639, 0.057, 0.163, 2.5, 6.622, -0.17, 0.161, 2.5
 167406344, 6.643, 0.308, 0.163, 2.5, 6.639, 0.057, 0.163, 2.5
 167606264, 6.598001, 0.5930001, 0.164, 2.5, 6.643, 0.308, 0.163, 2.5
 167806184, 6.541, 0.932, 0.167, 2.5, 6.598001, 0.5930001, 0.164, 2.5
 168006104, 6.48, 1.284, 0.167, 2.5, 6.541, 0.932, 0.167, 2.5
 168206024, 6.405, 1.644, 0.167, 2.5, 6.48, 1.284, 0.167, 2.5
 168405944, 6.278, 1.987, 0.165, 2.5, 6.405, 1.644, 0.167, 2.5
 168605864, 6.151, 2.276, 0.166, 2.5, 6.278, 1.987, 0.165, 2.5
 168805784, 6.036, 2.518, 0.167, 2.5, 6.151, 2.276, 0.166, 2.5
 169006537, 5.926, 2.735, 0.167, 2.5, 6.036, 2.518, 0.167, 2.5
 169206457, 5.802, 2.992, 0.168, 2.5, 5.926, 2.735, 0.167, 2.5
 169406377, 5.696, 3.276, 0.166, 2.5, 5.802, 2.992, 0.168, 2.5
 169606297, 5.581, 3.54, 0.164, 2.5, 5.696, 3.276, 0.166, 2.5
 169806217, 5.469, 3.825, 0.164, 2.5, 5.581, 3.54, 0.164, 2.5
 170006137, 5.318, 4.107, 0.158, 2.5, 5.469, 3.825, 0.164, 2.5
 170206057, 5.124, 4.366, 0.155, 2.5, 5.318, 4.107, 0.158, 2.5
 170405977, 4.882, 4.655, 0.155, 2.5, 5.124, 4.366, 0.155, 2.5
 170605897, 4.615, 4.941, 0.149, 2.5, 4.882, 4.655, 0.155, 2.5
 170805817, 4.328, 5.188, 0.143, 2.5, 4.615, 4.941, 0.149, 2.5
 171006570, 3.995, 5.407, 0.14, 2.5, 4.328, 5.188, 0.143, 2.5
 171206490, 3.66, 5.613, 0.136, 2.5, 3.995, 5.407, 0.14, 2.5
 171406410, 3.328, 5.784, 0.129, 2.5, 3.66, 5.613, 0.136, 2.5
 171606330, 3.039, 5.931, 0.121, 2.5, 3.328, 5.784, 0.129, 2.5
 171806250, 2.73, 6.064, 0.115, 2.5, 3.039, 5.931, 0.121, 2.5
 172006170, 2.401, 6.189, 0.107, 2.5, 2.73, 6.064, 0.115, 2.5
 172206090, 2.084, 6.293, 0.09900001, 2.5, 2.401, 6.189, 0.107, 2.5
 172406010, 1.782, 6.366, 0.09100001, 2.5, 2.084, 6.293, 0.09900001, 2.5
 172605930, 1.48, 6.469, 0.086, 2.5, 1.782, 6.366, 0.09100001, 2.5
 172805850, 1.218, 6.567, 0.07600001, 2.5, 1.48, 6.469, 0.086, 2.5
 173005770, 0.979, 6.663, 0.06900001, 2.5, 1.218, 6.567, 0.07600001, 2.5
 173206523, 0.7450001, 6.729, 0.059, 2.5, 0.979, 6.663, 0.06900001, 2.5
 173406443, 0.481, 6.783, 0.05, 2.5, 0.7450001, 6.729, 0.059, 2.5
 173606363, 0.212, 6.817, 0.042, 2.5, 0.481, 6.783, 0.05, 2.5
 173806283, -0.063, 6.813, 0.035, 2.5, 0.212, 6.817, 0.042, 2.5
 174006203, -0.381, 6.78, 0.029, 2.5, -0.063, 6.813, 0.035, 2.5
 174206123, -0.724, 6.733, 0.022, 2.5, -0.381, 6.78, 0.029, 2.5
 174406043, -1.066, 6.658, 0.013, 2.5, -0.724, 6.733, 0.022, 2.5
 174605963, -1.437, 6.552001, 0.005, 2.5, -1.066, 6.658, 0.013, 2.5
 174805883, -1.806, 6.417, -0.003, 2.5, -1.437, 6.552001, 0.005, 2.5
 175005803, -2.157, 6.271, -0.009000001, 2.5, -1.806, 6.417, -0.003, 2.5
 175206556, -2.449, 6.126, -0.018, 2.5, -2.157, 6.271, -0.009000001, 2.5
 175406476, -2.728, 5.986, -0.024, 2.5, -2.449, 6.126, -0.018, 2.5
 175606396, -3.007, 5.852, -0.03, 2.5, -2.728, 5.986, -0.024, 2.5
 175806316, -3.264, 5.697001, -0.039, 2.5, -3.007, 5.852, -0.03, 2.5
 176006236, -3.499, 5.572, -0.046, 2.5, -3.264, 5.697001, -0.039, 2.5
 176206156, -3.714, 5.458, -0.052, 2.5, -3.499, 5.572, -0.046, 2.5
 176406076, -3.918, 5.331, -0.059, 2.5, -3.714, 5.458, -0.052, 2.5
 176605996, -4.126, 5.191, -0.066, 2.5, -3.918, 5.331, -0.059, 2.5
 176805916, -4.319, 5.039, -0.074, 2.5, -4.126, 5.191, -0.066, 2.5
 177005836, -4.491, 4.866, -0.082, 2.5, -4.319, 5.039, -0.074, 2.5
 177206589, -4.634, 4.663, -0.09, 2.5, -4.491, 4.866, -0.082, 2.5
 177406509, -4.787, 4.436, -0.09500001, 2.5, -4.634, 4.663, -0.09, 2.5
 177606429, -4.963, 4.191, -0.101, 2.5, -4.787, 4.436, -0.09500001, 2.5
 177806349, -5.147, 3.894, -0.105, 2.5, -4.963, 4.191, -0.101, 2.5
 178006269, -5.343, 3.601, -0.11, 2.5, -5.147, 3.894, -0.105, 2.5
 178206189, -5.558, 3.294, -0.114, 2.5, -5.343, 3.601, -0.11, 2.5
 178406109, -5.777, 2.97, -0.117, 2.5, -5.558, 3.294, -0.114, 2.5
 178606029, -5.976, 2.634, -0.121, 2.5, -5.777, 2.97, -0.117, 2.5
 178805949, -6.139, 2.302, -0.123, 2.5, -5.976, 2.634, -0.121, 2.5
 179005869, -6.261, 1.967, -0.128, 2.5, -6.139, 2.302, -0.123, 2.5
 179205789, -6.373, 1.629, -0.131, 2.5, -6.261, 1.967, -0.128, 2.5
 179406542, -6.476, 1.253, -0.136, 2.5, -6.373, 1.629, -0.131, 2.5
 179606462, -6.539001, 0.878, -0.141, 2.5, -6.476, 1.253, -0.136, 2.5
 179806382, -6.591, 0.521, -0.144, 2.5, -6.539001, 0.878, -0.141, 2.5
 180006302, -6.636, 0.151, -0.146, 2.5, -6.591, 0.521, -0.144, 2.5
 180206222, -6.674, -0.176, -0.151, 2.5, -6.636, 0.151, -0.146, 2.5
 180406142, -6.706, -0.441, -0.156, 2.5, -6.674, -0.176, -0.151, 2.5
 180606062, -6.721, -0.673, -0.16, 2.5, -6.706, -0.441, -0.156, 2.5
 180805982, -6.706, -0.89, -0.164, 2.5, -6.721, -0.673, -0.16, 2.5
 181005902, -6.669, -1.104, -0.168, 2.5, -6.706, -0.89, -0.164, 2.5
 181205822, -6.607, -1.331, -0.169, 2.5, -6.669, -1.104, -0.168, 2.5
 181406575, -6.549, -1.543, -0.17, 2.5, -6.607, -1.331, -0.169, 2.5
 181606495, -6.459, -1.771, -0.174, 2.5, -6.549, -1.543, -0.17, 2.5
 181806415, -6.337, -2.031, -0.176, 2.5, -6.459, -1.771, -0.174, 2.5
 182006335, -6.209, -2.291, -0.179, 2.5, -6.337, -2.031, -0.176, 2.5
 182206255, -6.097, -2.568, -0.179, 2.5, -6.209, -2.291, -0.179, 2.5
 182406175, -5.957, -2.886, -0.18, 2.5, -6.097, -2.568, -0.179, 2.5
 182606095, -5.777, -3.236, -0.179, 2.5, -5.957, -2.886, -0.18, 2.5
 182806015, -5.589, -3.59, -0.177, 2.5, -5.777, -3.236, -0.179, 2.5
 183005935, -5.399, -3.895, -0.176, 2.5, -5.589, -3.59, -0.177, 2.5
 183205855, -5.205, -4.176, -0.172, 2.5, -5.399, -3.895, -0.176, 2.5
 183405775, -5, -4.454, -0.164, 2.5, -5.205, -4.176, -0.172, 2.5
 183606528, -4.776, -4.709, -0.155, 2.5, -5, -4.454, -0.164, 2.5
 183806448, -4.57, -4.952, -0.138, 2.5, -4.776, -4.709, -0.155, 2.5
 184006368, -4.359, -5.199, -0.123, 2.5, -4.57, -4.952, -0.138, 2.5
 184206288, -4.122, -5.432, -0.109, 2.5, -4.359, -5.199, -0.123, 2.5
 184406208, -3.868, -5.634, -0.09500001, 2.5, -4.122, -5.432, -0.109, 2.5
 184606128, -3.594, -5.799, -0.083, 2.5, -3.868, -5.634, -0.09500001, 2.5
 184806048, -3.295, -5.903, -0.07, 2.5, -3.594, -5.799, -0.083, 2.5
 185005968, -2.966, -6.018, -0.055, 2.5, -3.295, -5.903, -0.07, 2.5
 185205888, -2.666, -6.139, -0.048, 2.5, -2.966, -6.018, -0.055, 2.5
 185405808, -2.352, -6.244, -0.044, 2.5, -2.666, -6.139, -0.048, 2.5
 185606561, -2.026, -6.337, -0.041, 2.5, -2.352, -6.244, -0.044, 2.5
 185806481, -1.676, -6.439, -0.035, 2.5, -2.026, -6.337, -0.041, 2.5
 186006401, -1.326, -6.542, -0.031, 2.5, -1.676, -6.439, -0.035, 2.5
 186206321, -0.9860001, -6.654, -0.028, 2.5, -1.326, -6.542, -0.031, 2.5
 186406241, -0.678, -6.731, -0.026, 2.5, -0.9860001, -6.654, -0.028, 2.5
 186606161, -0.369, -6.799, -0.022, 2.5, -0.678, -6.731, -0.026, 2.5
 186806081, -0.067, -6.84, -0.02, 2.5, -0.369, -6.799, -0.022, 2.5
 187006001, 0.196, -6.851, -0.017, 2.5, -0.067, -6.84, -0.02, 2.5
 187205921, 0.458, -6.8, -0.011, 2.5, 0.196, -6.851, -0.017, 2.5
 187405841, 0.743, -6.725, 0, 2.5, 0.458, -6.8, -0.011, 2.5
 187605761, 1.066, -6.651, 0.007, 2.5, 0.743, -6.725, 0, 2.5
 187806514, 1.427, -6.554, 0.011, 2.5, 1.066, -6.651, 0.007, 2.5
 188006434, 1.781, -6.393, 0.015, 2.5, 1.427, -6.554, 0.011, 2.5
 188206354, 2.103, -6.225, 0.02, 2.5, 1.781, -6.393, 0.015, 2.5
 188406274, 2.389, -6.079, 0.023, 2.5, 2.103, -6.225, 0.02, 2.5
 188606194, 2.66, -5.935, 0.025, 2.5, 2.389, -6.079, 0.023, 2.5
 188806114, 2.922, -5.793, 0.032, 2.5, 2.66, -5.935, 0.025, 2.5
 189006034, 3.179, -5.677, 0.036, 2.5, 2.922, -5.793, 0.032, 2.5
 189205954, 3.445, -5.56, 0.04, 2.5, 3.179, -5.677, 0.036, 2.5
 189405874, 3.728, -5.434, 0.041, 2.5, 3.445, -5.56, 0.04, 2.5
 189605794, 3.997, -5.256, 0.043, 2.5, 3.728, -5.434, 0.041, 2.5
 189806547, 4.249, -5.018, 0.044, 2.5, 3.997, -5.256, 0.043, 2.5
 190006467, 4.454, -4.76, 0.045, 2.5, 4.249, -5.018, 0.044, 2.5
 190206387, 4.646, -4.469, 0.048, 2.5, 4.454, -4.76, 0.045, 2.5
 190406307, 4.85, -4.187, 0.051, 2.5, 4.646, -4.469, 0.048, 2.5
 190606227, 5.055, -3.923, 0.052, 2.5, 4.85, -4.187, 0.051, 2.5
 190806147, 5.231, -3.692, 0.051, 2.5, 5.055, -3.923, 0.052, 2.5
 191006067, 5.405, -3.486, 0.052, 2.5, 5.231, -3.692, 0.051, 2.5
 191205987, 5.586, -3.277, 0.055, 2.5, 5.405, -3.486, 0.052, 2.5
 191405907, 5.791, -3.088, 0.062, 2.5, 5.586, -3.277, 0.055, 2.5
 191605827, 5.954, -2.899, 0.068, 2.5, 5.791, -3.088, 0.062, 2.5
 191806580, 6.107, -2.649, 0.08000001, 2.5, 5.954, -2.899, 0.068, 2.5
 192006500, 6.259, -2.394, 0.09200001, 2.5, 6.107, -2.649, 0.08000001, 2.5
 192206420, 6.392, -2.131, 0.103, 2.5, 6.259, -2.394, 0.09200001, 2.5
 192406340, 6.537, -1.859, 0.117, 2.5, 6.392, -2.131, 0.103, 2.5
 192606260, 6.658, -1.545, 0.126, 2.5, 6.537, -1.859, 0.117, 2.5
 192806180, 6.699, -1.205, 0.134, 2.5, 6.658, -1.545, 0.126, 2.5
 193006100, 6.710001, -0.8650001, 0.146, 2.5, 6.699, -1.205, 0.134, 2.5
 193206020, 6.688, -0.492, 0.151, 2.5, 6.710001, -0.8650001, 0.146, 2.5
 193405940, 6.655, -0.09900001, 0.157, 2.5, 6.688, -0.492, 0.151, 2.5
 193605860, 6.614, 0.264, 0.161, 2.5, 6.655, -0.09900001, 0.157, 2.5
 193805780, 6.59, 0.6020001, 0.167, 2.5, 6.614, 0.264, 0.161, 2.5
 194006533, 6.564, 0.9620001, 0.169, 2.5, 6.59, 0.6020001, 0.167, 2.5
 194206453, 6.517, 1.304, 0.17, 2.5, 6.564, 0.9620001, 0.169, 2.5
 194406373, 6.477, 1.623, 0.169, 2.5, 6.517, 1.304, 0.17, 2.5
 194606293, 6.436, 1.914, 0.169, 2.5, 6.477, 1.623, 0.169, 2.5
 194806213, 6.405, 2.176, 0.169, 2.5, 6.436, 1.914, 0.169, 2.5
 195006133, 6.343, 2.415, 0.165, 2.5, 6.405, 2.176, 0.169, 2.5
 195206053, 6.236, 2.651, 0.162, 2.5, 6.343, 2.415, 0.165, 2.5
 195405973, 6.125, 2.879, 0.16, 2.5, 6.236, 2.651, 0.162, 2.5
 195605893, 5.977, 3.078, 0.157, 2.5, 6.125, 2.879, 0.16, 2.5
 195805813, 5.773, 3.285, 0.156, 2.5, 5.977, 3.078, 0.157, 2.5
 196006566, 5.555, 3.518, 0.155, 2.5, 5.773, 3.285, 0.156, 2.5
 196206486, 5.359, 3.779, 0.153, 2.5, 5.555, 3.518, 0.155, 2.5
 196406406, 5.188, 4.081, 0.15, 2.5, 5.359, 3.779, 0.153, 2.5
 196606326, 4.962, 4.345, 0.145, 2.5, 5.188, 4.081, 0.15, 2.5
 196806246, 4.699, 4.62, 0.146, 2.5, 4.962, 4.345, 0.145, 2.5
 197006166, 4.396, 4.896, 0.141, 2.5, 4.699, 4.62, 0.146, 2.5
 197206086, 4.081, 5.125, 0.138, 2.5, 4.396, 4.896, 0.141, 2.5
 197406006, 3.787, 5.346, 0.137, 2.5, 4.081, 5.125, 0.138, 2.5
 197605926, 3.484, 5.555, 0.132, 2.5, 3.787, 5.346, 0.137, 2.5
 197805846, 3.194, 5.749, 0.128, 2.5, 3.484, 5.555, 0.132, 2.5
 198005766, 2.92, 5.921, 0.122, 2.5, 3.194, 5.749, 0.128, 2.5
 198206519, 2.658, 6.09, 0.114, 2.5, 2.92, 5.921, 0.122, 2.5
 198406439, 2.405, 6.217, 0.105, 2.5, 2.658, 6.09, 0.114, 2.5
 198606359, 2.192, 6.31, 0.1, 2.5, 2.405, 6.217, 0.105, 2.5
 198806279, 1.985, 6.417, 0.094, 2.5, 2.192, 6.31, 0.1, 2.5
 199006199, 1.741, 6.519001, 0.086, 2.5, 1.985, 6.417, 0.094, 2.5
 199206119, 1.444, 6.58, 0.07600001, 2.5, 1.741, 6.519001, 0.086, 2.5
 199406039, 1.135, 6.594, 0.06900001, 2.5, 1.444, 6.58, 0.07600001, 2.5
 199605959, 0.798, 6.627, 0.062, 2.5, 1.135, 6.594, 0.06900001, 2.5
 199805879, 0.455, 6.697001, 0.055, 2.5, 0.798, 6.627, 0.062, 2.5
 200005799, 0.122, 6.738, 0.044, 2.5, 0.455, 6.697001, 0.055, 2.5
 200206552, -0.194, 6.758, 0.037, 2.5, 0.122, 6.738, 0.044, 2.5
 200406472, -0.508, 6.776, 0.028, 2.5, -0.194, 6.758, 0.037, 2.5
 200606392, -0.8290001, 6.726, 0.017, 2.5, -0.508, 6.776, 0.028, 2.5
 200806312, -1.178, 6.631001, 0.013, 2.5, -0.8290001, 6.726, 0.017, 2.5
 201006232, -1.554, 6.507, 0.005, 2.5, -1.178, 6.631001, 0.013, 2.5
 201206152, -1.904, 6.389, -0.003, 2.5, -1.554, 6.507, 0.005, 2.5
 201406072, -2.223, 6.248, -0.01, 2.5, -1.904, 6.389, -0.003, 2.5
 201605992, -2.524, 6.093, -0.017, 2.5, -2.223, 6.248, -0.01, 2.5
 201805912, -2.827, 5.936, -0.023, 2.5, -2.524, 6.093, -0.017, 2.5
 202005832, -3.1, 5.773, -0.032, 2.5, -2.827, 5.936, -0.023, 2.5
 202206585, -3.354, 5.615, -0.037, 2.5, -3.1, 5.773, -0.032, 2.5
 202406505, -3.6, 5.483, -0.046, 2.5, -3.354, 5.615, -0.037, 2.5
 202606425, -3.837, 5.364, -0.055, 2.5, -3.6, 5.483, -0.046, 2.5
 202806345, -4.042, 5.183, -0.064, 2.5, -3.837, 5.364, -0.055, 2.5
 203006265, -4.242, 4.972, -0.072, 2.5, -4.042, 5.183, -0.064, 2.5
 203206185, -4.445, 4.76, -0.08000001, 2.5, -4.242, 4.972, -0.072, 2.5
 203406105, -4.687, 4.581, -0.083, 2.5, -4.445, 4.76, -0.08000001, 2.5
 203606025, -4.928, 4.416, -0.09200001, 2.5, -4.687, 4.581, -0.083, 2.5
 203805945, -5.118, 4.26, -0.098, 2.5, -4.928, 4.416, -0.09200001, 2.5
 204005865, -5.296, 4.047, -0.104, 2.5, -5.118, 4.26, -0.098, 2.5
 204205785, -5.475, 3.792, -0.112, 2.5, -5.296, 4.047, -0.104, 2.5
 204406538, -5.639, 3.497, -0.118, 2.5, -5.475, 3.792, -0.112, 2.5
 204606458, -5.786, 3.182, -0.123, 2.5, -5.639, 3.497, -0.118, 2.5
 204806378, -5.958, 2.869, -0.125, 2.5, -5.786, 3.182, -0.123, 2.5
 205006298, -6.153, 2.572, -0.129, 2.5, -5.958, 2.869, -0.125, 2.5
 205206218, -6.322001, 2.24, -0.135, 2.5, -6.153, 2.572, -0.129, 2.5
 205406138, -6.449, 1.878, -0.14, 2.5, -6.322001, 2.24, -0.135, 2.5
 205606058, -6.569, 1.522, -0.144, 2.5, -6.449, 1.878, -0.14, 2.5
 205805978, -6.675, 1.198, -0.148, 2.5, -6.569, 1.522, -0.144, 2.5
 206005898, -6.767, 0.8850001, -0.15, 2.5, -6.675, 1.198, -0.148, 2.5
 206205818, -6.841001, 0.538, -0.153, 2.5, -6.767, 0.8850001, -0.15, 2.5
 206406571, -6.914001, 0.192, -0.157, 2.5, -6.841001, 0.538, -0.153, 2.5
 206606491, -6.978, -0.172, -0.162, 2.5, -6.914001, 0.192, -0.157, 2.5
 206806411, -6.987, -0.526, -0.167, 2.5, -6.978, -0.172, -0.162, 2.5
 207006331, -6.984, -0.8380001, -0.172, 2.5, -6.987, -0.526, -0.167, 2.5
 207206251, -6.947001, -1.111, -0.176, 2.5, -6.984, -0.8380001, -0.172, 2.5
 207406171, -6.869, -1.378, -0.177, 2.5, -6.947001, -1.111, -0.176, 2.5
 207606091, -6.788, -1.641, -0.178, 2.5, -6.869, -1.378, -0.177, 2.5
 207806011, -6.691, -1.904, -0.181, 2.5, -6.788, -1.641, -0.178, 2.5
 208005931, -6.563, -2.146, -0.183, 2.5, -6.691, -1.904, -0.181, 2.5
 208205851, -6.409, -2.403, -0.18, 2.5, -6.563, -2.146, -0.183, 2.5
 208405771, -6.243001, -2.649, -0.181, 2.5, -6.409, -2.403, -0.18, 2.5
 208606524, -6.05, -2.91, -0.18, 2.5, -6.243001, -2.649, -0.181, 2.5
 208806444, -5.872, -3.164, -0.18, 2.5, -6.05, -2.91, -0.18, 2.5
 209006364, -5.654, -3.418, -0.18, 2.5, -5.872, -3.164, -0.18, 2.5
 209206284, -5.41, -3.709, -0.18, 2.5, -5.654, -3.418, -0.18, 2.5
 209406204, -5.17, -3.995, -0.178, 2.5, -5.41, -3.709, -0.18, 2.5
 209606124, -4.943, -4.247, -0.167, 2.5, -5.17, -3.995, -0.178, 2.5
 209806044, -4.741, -4.488, -0.154, 2.5, -4.943, -4.247, -0.167, 2.5
 210005964, -4.527, -4.718, -0.139, 2.5, -4.741, -4.488, -0.154, 2.5
 210205884, -4.306, -4.915, -0.123, 2.5, -4.527, -4.718, -0.139, 2.5
 210405804, -4.085, -5.112, -0.106, 2.5, -4.306, -4.915, -0.123, 2.5
 210606557, -3.849, -5.306, -0.09100001, 2.5, -4.085, -5.112, -0.106, 2.5
 210806477, -3.631, -5.494, -0.078, 2.5, -3.849, -5.306, -0.09100001, 2.5
 211006397, -3.409, -5.676, -0.066, 2.5, -3.631, -5.494, -0.078, 2.5
 211206317, -3.16, -5.823, -0.058, 2.5, -3.409, -5.676, -0.066, 2.5
 211406237, -2.886, -5.975, -0.047, 2.5, -3.16, -5.823, -0.058, 2.5
 211606157, -2.594, -6.096, -0.04, 2.5, -2.886, -5.975, -0.047, 2.5
 211806077, -2.287, -6.179, -0.034, 2.5, -2.594, -6.096, -0.04, 2.5
 212005997, -1.969, -6.26, -0.028, 2.5, -2.287, -6.179, -0.034, 2.5
 212205917, -1.645, -6.351, -0.025, 2.5, -1.969, -6.26, -0.028, 2.5
 212405837, -1.301, -6.428, -0.023, 2.5, -1.645, -6.351, -0.025, 2.5
 212606590, -0.9540001, -6.496, -0.02, 2.5, -1.301, -6.428, -0.023, 2.5
 212806510, -0.615, -6.551, -0.021, 2.5, -0.9540001, -6.496, -0.02, 2.5
 213006430, -0.323, -6.54, -0.018, 2.5, -0.615, -6.551, -0.021, 2.5
 213206350, -0.032, -6.505, -0.014, 2.5, -0.323, -6.54, -0.018, 2.5
 213406270, 0.276, -6.47, -0.009000001, 2.5, -0.032, -6.505, -0.014, 2.5
 213606190, 0.559, -6.445, -0.005, 2.5, 0.276, -6.47, -0.009000001, 2.5
 213806110, 0.841, -6.427001, 0.002, 2.5, 0.559, -6.445, -0.005, 2.5
 214006030, 1.162, -6.412, 0.01, 2.5, 0.841, -6.427001, 0.002, 2.5
 214205950, 1.529, -6.423, 0.017, 2.5, 1.162, -6.412, 0.01, 2.5
 214405870, 1.891, -6.421, 0.018, 2.5, 1.529, -6.423, 0.017, 2.5
 214605790, 2.224, -6.377, 0.023, 2.5, 1.891, -6.421, 0.018, 2.5
 214806543, 2.533, -6.337, 0.03, 2.5, 2.224, -6.377, 0.023, 2.5
 215006463, 2.822, -6.305, 0.032, 2.5, 2.533, -6.337, 0.03, 2.5
 215206383, 3.097, -6.231, 0.035, 2.5, 2.822, -6.305, 0.032, 2.5
 215406303, 3.372, -6.109, 0.038, 2.5, 3.097, -6.231, 0.035, 2.5
 215606223, 3.678, -5.944, 0.043, 2.5, 3.372, -6.109, 0.038, 2.5
 215806143, 3.978, -5.784, 0.047, 2.5, 3.678, -5.944, 0.043, 2.5
 216006063, 4.246, -5.61, 0.045, 2.5, 3.978, -5.784, 0.047, 2.5
 216205983, 4.477, -5.397, 0.044, 2.5, 4.246, -5.61, 0.045, 2.5
 216405903, 4.681, -5.166, 0.046, 2.5, 4.477, -5.397, 0.044, 2.5
 216605823, 4.875, -4.943, 0.047, 2.5, 4.681, -5.166, 0.046, 2.5
 216806576, 5.076, -4.658, 0.047, 2.5, 4.875, -4.943, 0.047, 2.5
 217006496, 5.289, -4.346, 0.046, 2.5, 5.076, -4.658, 0.047, 2.5
 217206416, 5.51, -4.026, 0.047, 2.5, 5.289, -4.346, 0.046, 2.5
 217406336, 5.708, -3.691, 0.047, 2.5, 5.51, -4.026, 0.047, 2.5
 217606256, 5.883, -3.361, 0.05, 2.5, 5.708, -3.691, 0.047, 2.5
 217806176, 6.049, -3.034, 0.058, 2.5, 5.883, -3.361, 0.05, 2.5
 218006096, 6.195, -2.727, 0.071, 2.5, 6.049, -3.034, 0.058, 2.5
 218206016, 6.315001, -2.452, 0.082, 2.5, 6.195, -2.727, 0.071, 2.5
 218405936, 6.426, -2.195, 0.09500001, 2.5, 6.315001, -2.452, 0.082, 2.5
 218605856, 6.521, -1.936, 0.108, 2.5, 6.426, -2.195, 0.09500001, 2.5
 218805776, 6.617, -1.652, 0.119, 2.5, 6.521, -1.936, 0.108, 2.5
 219006529, 6.698, -1.355, 0.128, 2.5, 6.617, -1.652, 0.119, 2.5
 219206449, 6.738, -1.04, 0.136, 2.5, 6.698, -1.355, 0.128, 2.5
 219406369, 6.75, -0.7500001, 0.143, 2.5, 6.738, -1.04, 0.136, 2.5
 219606289, 6.732, -0.467, 0.15, 2.5, 6.75, -0.7500001, 0.143, 2.5
 219806209, 6.669, -0.17, 0.155, 2.5, 6.732, -0.467, 0.15, 2.5
 220006129, 6.571, 0.134, 0.159, 2.5, 6.669, -0.17, 0.155, 2.5
 220206049, 6.479, 0.434, 0.163, 2.5, 6.571, 0.134, 0.159, 2.5
 220405969, 6.415, 0.739, 0.165, 2.5, 6.479, 0.434, 0.163, 2.5
 220605889, 6.357, 1.022, 0.165, 2.5, 6.415, 0.739, 0.165, 2.5
 220805809, 6.291, 1.31, 0.165, 2.5, 6.357, 1.022, 0.165, 2.5
 221006562, 6.219, 1.606, 0.166, 2.5, 6.291, 1.31, 0.165, 2.5
 221206482, 6.135, 1.883, 0.167, 2.5, 6.219, 1.606, 0.166, 2.5
 221406402, 6.03, 2.165, 0.169, 2.5, 6.135, 1.883, 0.167, 2.5
 221606322, 5.909, 2.446, 0.17, 2.5, 6.03, 2.165, 0.169, 2.5
 221806242, 5.789001, 2.719, 0.17, 2.5, 5.909, 2.446, 0.17, 2.5
 222006162, 5.671, 2.997, 0.17, 2.5, 5.789001, 2.719, 0.17, 2.5
 222206082, 5.544, 3.305, 0.169, 2.5, 5.671, 2.997, 0.17, 2.5
 222406002, 5.43, 3.649, 0.166, 2.5, 5.544, 3.305, 0.169, 2.5
 222605922, 5.294, 3.985, 0.162, 2.5, 5.43, 3.649, 0.166, 2.5
 222805842, 5.094, 4.274, 0.158, 2.5, 5.294, 3.985, 0.162, 2.5
 223005762, 4.881, 4.546, 0.156, 2.5, 5.094, 4.274, 0.158, 2.5
 223206515, 4.653, 4.799, 0.152, 2.5, 4.881, 4.546, 0.156, 2.5
 223406435, 4.385, 5.052, 0.148, 2.5, 4.653, 4.799, 0.152, 2.5
 223606355, 4.121, 5.287, 0.142, 2.5, 4.385, 5.052, 0.148, 2.5
 223806275, 3.884, 5.457, 0.133, 2.5, 4.121, 5.287, 0.142, 2.5
 224006195, 3.666, 5.608, 0.128, 2.5, 3.884, 5.457, 0.133, 2.5
 224206115, 3.428, 5.756, 0.12, 2.5, 3.666, 5.608, 0.128, 2.5
 224406035, 3.176, 5.933, 0.116, 2.5, 3.428, 5.756, 0.12, 2.5
 224605955, 2.929, 6.12, 0.11, 2.5, 3.176, 5.933, 0.116, 2.5
 224805875, 2.704, 6.27, 0.102, 2.5, 2.929, 6.12, 0.11, 2.5
 225005795, 2.425, 6.379, 0.09500001, 2.5, 2.704, 6.27, 0.102, 2.5
 225206548, 2.119, 6.45, 0.08800001, 2.5, 2.425, 6.379, 0.09500001, 2.5
 225406468, 1.82, 6.544, 0.085, 2.5, 2.119, 6.45, 0.08800001, 2.5
 225606388, 1.512, 6.626, 0.078, 2.5, 1.82, 6.544, 0.085, 2.5
 225806308, 1.153, 6.686, 0.07, 2.5, 1.512, 6.626, 0.078, 2.5
 226006228, 0.757, 6.732, 0.062, 2.5, 1.153, 6.686, 0.07, 2.5
 226206148, 0.384, 6.746, 0.052, 2.5, 0.757, 6.732, 0.062, 2.5
 226406068, 0.038, 6.78, 0.046, 2.5, 0.384, 6.746, 0.052, 2.5
 226605988, -0.28, 6.819, 0.038, 2.5, 0.038, 6.78, 0.046, 2.5
 226805908, -0.588, 6.831, 0.028, 2.5, -0.28, 6.819, 0.038, 2.5
 227005828, -0.8980001, 6.771, 0.019, 2.5, -0.588, 6.831, 0.028, 2.5
 227206581, -1.171, 6.68, 0.012, 2.5, -0.8980001, 6.771, 0.019, 2.5
 227406501, -1.415, 6.625, 0.005, 2.5, -1.171, 6.68, 0.012, 2.5
 227606421, -1.639, 6.603, 0, 2.5, -1.415, 6.625, 0.005, 2.5
 227806341, -1.869, 6.552001, -0.009000001, 2.5, -1.639, 6.603, 0, 2.5
 228006261, -2.125, 6.461, -0.017, 2.5, -1.869, 6.552001, -0.009000001, 2.5
 228206181, -2.405, 6.373, -0.024, 2.5, -2.125, 6.461, -0.017, 2.5
 228406101, -2.693, 6.234, -0.034, 2.5, -2.405, 6.373, -0.024, 2.5
 228606021, -2.991, 6.048, -0.042, 2.5, -2.693, 6.234, -0.034, 2.5
 228805941, -3.296, 5.813, -0.048, 2.5, -2.991, 6.048, -0.042, 2.5
 229005861, -3.595, 5.604, -0.054, 2.5, -3.296, 5.813, -0.048, 2.5
 229205781, -3.875, 5.405, -0.062, 2.5, -3.595, 5.604, -0.054, 2.5
 229406534, -4.134, 5.159, -0.06900001, 2.5, -3.875, 5.405, -0.062, 2.5
 229606454, -4.392, 4.896, -0.075, 2.5, -4.134, 5.159, -0.06900001, 2.5
 229806374, -4.645, 4.64, -0.079, 2.5, -4.392, 4.896, -0.075, 2.5
 230006294, -4.879, 4.408, -0.08400001, 2.5, -4.645, 4.64, -0.079, 2.5
 230206214, -5.122, 4.168, -0.09100001, 2.5, -4.879, 4.408, -0.08400001, 2.5
 230406134, -5.335, 3.906, -0.09900001, 2.5, -5.122, 4.168, -0.09100001, 2.5
 230606054, -5.521, 3.633, -0.102, 2.5, -5.335, 3.906, -0.09900001, 2.5
 230805974, -5.689, 3.33, -0.107, 2.5, -5.521, 3.633, -0.102, 2.5
 231005894, -5.852, 3.016, -0.112, 2.5, -5.689, 3.33, -0.107, 2.5
 231205814, -6.008, 2.718, -0.12, 2.5, -5.852, 3.016, -0.112, 2.5
 231406567, -6.132, 2.412, -0.129, 2.5, -6.008, 2.718, -0.12, 2.5
 231606487, -6.197001, 2.088, -0.136, 2.5, -6.132, 2.412, -0.129, 2.5
 231806407, -6.232, 1.79, -0.141, 2.5, -6.197001, 2.088, -0.136, 2.5
 232006327, -6.253, 1.494, -0.144, 2.5, -6.232, 1.79, -0.141, 2.5
 232206247, -6.277, 1.194, -0.146, 2.5, -6.253, 1.494, -0.144, 2.5
 232406167, -6.308, 0.876, -0.148, 2.5, -6.277, 1.194, -0.146, 2.5
 232606087, -6.348001, 0.581, -0.153, 2.5, -6.308, 0.876, -0.148, 2.5
 232806007, -6.394001, 0.276, -0.155, 2.5, -6.348001, 0.581, -0.153, 2.5
 233005927, -6.43, -0.031, -0.16, 2.5, -6.394001, 0.276, -0.155, 2.5
 233205847, -6.473001, -0.317, -0.163, 2.5, -6.43, -0.031, -0.16, 2.5
 233405767, -6.499, -0.619, -0.168, 2.5, -6.473001, -0.317, -0.163, 2.5
 233606520, -6.504, -0.923, -0.167, 2.5, -6.499, -0.619, -0.168, 2.5
 233806440, -6.518, -1.195, -0.168, 2.5, -6.504, -0.923, -0.167, 2.5
 234006360, -6.497, -1.414, -0.168, 2.5, -6.518, -1.195, -0.168, 2.5
 234206280, -6.434, -1.62, -0.167, 2.5, -6.497, -1.414, -0.168, 2.5
 234406200, -6.38, -1.833, -0.165, 2.5, -6.434, -1.62, -0.167, 2.5
 234606120, -6.348001, -2.102, -0.165, 2.5, -6.38, -1.833, -0.165, 2.5
 234806040, -6.26, -2.389, -0.17, 2.5, -6.348001, -2.102, -0.165, 2.5
 235005960, -6.117, -2.713, -0.17, 2.5, -6.26, -2.389, -0.17, 2.5
 235205880, -5.922, -3.046, -0.171, 2.5, -6.117, -2.713, -0.17, 2.5
 235405800, -5.725, -3.373, -0.172, 2.5, -5.922, -3.046, -0.171, 2.5
 235606553, -5.501, -3.697, -0.173, 2.5, -5.725, -3.373, -0.172, 2.5
 235806473, -5.236, -4.014, -0.173, 2.5, -5.501, -3.697, -0.173, 2.5
 236006393, -4.997, -4.3, -0.17, 2.5, -5.236, -4.014, -0.173, 2.5
 236206313, -4.783, -4.54, -0.164, 2.5, -4.997, -4.3, -0.17, 2.5
 236406233, -4.609, -4.776, -0.154, 2.5, -4.783, -4.54, -0.164, 2.5
 236606153, -4.426, -4.97, -0.142, 2.5, -4.609, -4.776, -0.154, 2.5
 236806073, -4.209, -5.124, -0.128, 2.5, -4.426, -4.97, -0.142, 2.5
 237005993, -3.954, -5.278, -0.113, 2.5, -4.209, -5.124, -0.128, 2.5
 237205913, -3.655, -5.441, -0.098, 2.5, -3.954, -5.278, -0.113, 2.5
 237405833, -3.346, -5.564, -0.086, 2.5, -3.655, -5.441, -0.098, 2.5
 237606586, -3.05, -5.673, -0.07300001, 2.5, -3.346, -5.564, -0.086, 2.5
 237806506, -2.759, -5.8, -0.062, 2.5, -3.05, -5.673, -0.07300001, 2.5
 238006426, -2.476, -5.944, -0.052, 2.5, -2.759, -5.8, -0.062, 2.5
 238206346, -2.199, -6.09, -0.047, 2.5, -2.476, -5.944, -0.052, 2.5
 238406266, -1.954, -6.211, -0.041, 2.5, -2.199, -6.09, -0.047, 2.5
 238606186, -1.696, -6.311, -0.036, 2.5, -1.954, -6.211, -0.041, 2.5
 238806106, -1.407, -6.404, -0.03, 2.5, -1.696, -6.311, -0.036, 2.5
 239006026, -1.091, -6.489, -0.027, 2.5, -1.407, -6.404, -0.03, 2.5
 239205946, -0.768, -6.549, -0.024, 2.5, -1.091, -6.489, -0.027, 2.5
 239405866, -0.443, -6.592, -0.019, 2.5, -0.768, -6.549, -0.024, 2.5
 239605786, -0.103, -6.636, -0.014, 2.5, -0.443, -6.592, -0.019, 2.5
 239806539, 0.226, -6.664001, -0.011, 2.5, -0.103, -6.636, -0.014, 2.5
 240006459, 0.535, -6.658, -0.006, 2.5, 0.226, -6.664001, -0.011, 2.5
 240206379, 0.869, -6.647, 0.001, 2.5, 0.535, -6.658, -0.006, 2.5
 240406299, 1.206, -6.634, 0.005, 2.5, 0.869, -6.647, 0.001, 2.5
 240606219, 1.522, -6.595, 0.01, 2.5, 1.206, -6.634, 0.005, 2.5
 240806139, 1.805, -6.525, 0.015, 2.5, 1.522, -6.595, 0.01, 2.5
 241006059, 2.078, -6.433, 0.022, 2.5, 1.805, -6.525, 0.015, 2.5
 241205979, 2.356, -6.298, 0.027, 2.5, 2.078, -6.433, 0.022, 2.5
 241405899, 2.637, -6.143, 0.034, 2.5, 2.356, -6.298, 0.027, 2.5
 241605819, 2.901, -5.983, 0.037, 2.5, 2.637, -6.143, 0.034, 2.5
 241806572, 3.148, -5.821, 0.039, 2.5, 2.901, -5.983, 0.037, 2.5
 242006492, 3.395, -5.648, 0.04, 2.5, 3.148, -5.821, 0.039, 2.5
 242206412, 3.65, -5.46, 0.043, 2.5, 3.395, -5.648, 0.04, 2.5
 242406332, 3.899, -5.272, 0.044, 2.5, 3.65, -5.46, 0.043, 2.5
 242606252, 4.15, -5.078, 0.046, 2.5, 3.899, -5.272, 0.044, 2.5
 242806172, 4.402, -4.835, 0.045, 2.5, 4.15, -5.078, 0.046, 2.5
 243006092, 4.645, -4.56, 0.045, 2.5, 4.402, -4.835, 0.045, 2.5
 243206012, 4.877, -4.319, 0.047, 2.5, 4.645, -4.56, 0.045, 2.5
 243405932, 5.097, -4.128, 0.048, 2.5, 4.877, -4.319, 0.047, 2.5
 243605852, 5.341, -3.94, 0.051, 2.5, 5.097, -4.128, 0.048, 2.5
 243805772, 5.589, -3.727, 0.053, 2.5, 5.341, -3.94, 0.051, 2.5
 244006525, 5.788, -3.479, 0.058, 2.5, 5.589, -3.727, 0.053, 2.5
 244206445, 5.914001, -3.179, 0.068, 2.5, 5.788, -3.479, 0.058, 2.5
 244406365, 6.015, -2.865, 0.081, 2.5, 5.914001, -3.179, 0.068, 2.5
 244606285, 6.106, -2.554, 0.093, 2.5, 6.015, -2.865, 0.081, 2.5
 244806205, 6.194, -2.24, 0.104, 2.5, 6.106, -2.554, 0.093, 2.5
 245006125, 6.288, -1.923, 0.114, 2.5, 6.194, -2.24, 0.104, 2.5
 245206045, 6.34, -1.608, 0.122, 2.5, 6.288, -1.923, 0.114, 2.5
 245405965, 6.402, -1.301, 0.133, 2.5, 6.34, -1.608, 0.122, 2.5
 245605885, 6.496, -1.01, 0.14, 2.5, 6.402, -1.301, 0.133, 2.5
 245805805, 6.573, -0.714, 0.147, 2.5, 6.496, -1.01, 0.14, 2.5
 246006558, 6.625, -0.402, 0.155, 2.5, 6.573, -0.714, 0.147, 2.5
 246206478, 6.651, -0.094, 0.159, 2.5, 6.625, -0.402, 0.155, 2.5
 246406398, 6.656, 0.176, 0.161, 2.5, 6.651, -0.094, 0.159, 2.5
 246606318, 6.649, 0.44, 0.164, 2.5, 6.656, 0.176, 0.161, 2.5
 246806238, 6.65, 0.723, 0.166, 2.5, 6.649, 0.44, 0.164, 2.5
 247006158, 6.636, 0.989, 0.166, 2.5, 6.65, 0.723, 0.166, 2.5
 247206078, 6.613, 1.249, 0.167, 2.5, 6.636, 0.989, 0.166, 2.5
 247405998, 6.538, 1.52, 0.167, 2.5, 6.613, 1.249, 0.167, 2.5
 247605918, 6.428, 1.808, 0.169, 2.5, 6.538, 1.52, 0.167, 2.5
 247805838, 6.298, 2.109, 0.169, 2.5, 6.428, 1.808, 0.169, 2.5
 248006591, 6.127, 2.43, 0.166, 2.5, 6.298, 2.109, 0.169, 2.5
 248206511, 5.946, 2.716, 0.163, 2.5, 6.127, 2.43, 0.166, 2.5
 248406431, 5.778, 3, 0.162, 2.5, 5.946, 2.716, 0.163, 2.5
 248606351, 5.613, 3.316, 0.161, 2.5, 5.778, 3, 0.162, 2.5
 248806271, 5.422, 3.626, 0.158, 2.5, 5.613, 3.316, 0.161, 2.5
 249006191, 5.212, 3.915, 0.158, 2.5, 5.422, 3.626, 0.158, 2.5
 249206111, 4.981, 4.195, 0.156, 2.5, 5.212, 3.915, 0.158, 2.5
 249406031, 4.701, 4.459, 0.153, 2.5, 4.981, 4.195, 0.156, 2.5
 249605951, 4.428, 4.692, 0.15, 2.5, 4.701, 4.459, 0.153, 2.5
 249805871, 4.192, 4.912, 0.146, 2.5, 4.428, 4.692, 0.15, 2.5
 250005791, 3.943, 5.134, 0.144, 2.5, 4.192, 4.912, 0.146, 2.5
 250206544, 3.69, 5.351, 0.138, 2.5, 3.943, 5.134, 0.144, 2.5
 250406464, 3.431, 5.566, 0.131, 2.5, 3.69, 5.351, 0.138, 2.5
 250606384, 3.163, 5.749, 0.122, 2.5, 3.431, 5.566, 0.131, 2.5
 250806304, 2.877, 5.916, 0.117, 2.5, 3.163, 5.749, 0.122, 2.5
 251006224, 2.596, 6.102, 0.112, 2.5, 2.877, 5.916, 0.117, 2.5
 251206144, 2.327, 6.299, 0.105, 2.5, 2.596, 6.102, 0.112, 2.5
 251406064, 2.069, 6.469, 0.097, 2.5, 2.327, 6.299, 0.105, 2.5
 251605984, 1.785, 6.595, 0.09, 2.5, 2.069, 6.469, 0.097, 2.5
 251805904, 1.489, 6.686, 0.08000001, 2.5, 1.785, 6.595, 0.09, 2.5
 252005824, 1.171, 6.741, 0.07300001, 2.5, 1.489, 6.686, 0.08000001, 2.5
 252206577, 0.85, 6.797, 0.06500001, 2.5, 1.171, 6.741, 0.07300001, 2.5
 252406497, 0.551, 6.809, 0.055, 2.5, 0.85, 6.797, 0.06500001, 2.5
 252606417, 0.276, 6.813, 0.049, 2.5, 0.551, 6.809, 0.055, 2.5
 252806337, -0.021, 6.842, 0.042, 2.5, 0.276, 6.813, 0.049, 2.5
 253006257, -0.366, 6.811, 0.029, 2.5, -0.021, 6.842, 0.042, 2.5
 253206177, -0.702, 6.743001, 0.02, 2.5, -0.366, 6.811, 0.029, 2.5
 253406097, -1.005, 6.687, 0.012, 2.5, -0.702, 6.743001, 0.02, 2.5
 253606017, -1.284, 6.603, 0.004, 2.5, -1.005, 6.687, 0.012, 2.5
 253805937, -1.514, 6.545, -0.003, 2.5, -1.284, 6.603, 0.004, 2.5
 254005857, -1.755, 6.478, -0.013, 2.5, -1.514, 6.545, -0.003, 2.5
 254205777, -2.016, 6.391, -0.021, 2.5, -1.755, 6.478, -0.013, 2.5
 254406530, -2.245, 6.277, -0.03, 2.5, -2.016, 6.391, -0.021, 2.5
 254606450, -2.466, 6.148, -0.033, 2.5, -2.245, 6.277, -0.03, 2.5
 254806370, -2.689, 5.997, -0.04, 2.5, -2.466, 6.148, -0.033, 2.5
 255006290, -2.928, 5.79, -0.048, 2.5, -2.689, 5.997, -0.04, 2.5
 255206210, -3.185, 5.574, -0.053, 2.5, -2.928, 5.79, -0.048, 2.5
 255406130, -3.454, 5.362, -0.061, 2.5, -3.185, 5.574, -0.053, 2.5
 255606050, -3.729, 5.159, -0.066, 2.5, -3.454, 5.362, -0.061, 2.5
 255805970, -4.029, 4.956, -0.071, 2.5, -3.729, 5.159, -0.066, 2.5
 256005890, -4.333, 4.748, -0.07700001, 2.5, -4.029, 4.956, -0.071, 2.5
 256205810, -4.626, 4.526, -0.08000001, 2.5, -4.333, 4.748, -0.07700001, 2.5
 256406563, -4.901, 4.295, -0.085, 2.5, -4.626, 4.526, -0.08000001, 2.5
 256606483, -5.149, 4.051, -0.09, 2.5, -4.901, 4.295, -0.085, 2.5
 256806403, -5.364, 3.816, -0.09500001, 2.5, -5.149, 4.051, -0.09, 2.5
 257006323, -5.548, 3.573, -0.09900001, 2.5, -5.364, 3.816, -0.09500001, 2.5
 257206243, -5.726, 3.331, -0.104, 2.5, -5.548, 3.573, -0.09900001, 2.5
 257406163, -5.923, 3.074, -0.11, 2.5, -5.726, 3.331, -0.104, 2.5
 257606083, -6.109, 2.808, -0.115, 2.5, -5.923, 3.074, -0.11, 2.5
 257806003, -6.259, 2.566, -0.122, 2.5, -6.109, 2.808, -0.115, 2.5
 258005923, -6.381001, 2.325, -0.127, 2.5, -6.259, 2.566, -0.122, 2.5
 258205843, -6.466, 2.076, -0.135, 2.5, -6.381001, 2.325, -0.127, 2.5
 258405763, -6.522, 1.803, -0.14, 2.5, -6.466, 2.076, -0.135, 2.5
 258606516, -6.563, 1.466, -0.145, 2.5, -6.522, 1.803, -0.14, 2.5
 258806436, -6.607, 1.072, -0.151, 2.5, -6.563, 1.466, -0.145, 2.5
 259006356, -6.667, 0.68, -0.156, 2.5, -6.607, 1.072, -0.151, 2.5
 259206276, -6.706, 0.292, -0.163, 2.5, -6.667, 0.68, -0.156, 2.5
 259406196, -6.710001, -0.064, -0.168, 2.5, -6.706, 0.292, -0.163, 2.5
 259606116, -6.684, -0.387, -0.17, 2.5, -6.710001, -0.064, -0.168, 2.5
 259806036, -6.645, -0.692, -0.174, 2.5, -6.684, -0.387, -0.17, 2.5
 260005956, -6.584, -0.9670001, -0.176, 2.5, -6.645, -0.692, -0.174, 2.5
 260205876, -6.498, -1.238, -0.174, 2.5, -6.584, -0.9670001, -0.176, 2.5
 260405796, -6.403, -1.526, -0.174, 2.5, -6.498, -1.238, -0.174, 2.5
 260606549, -6.29, -1.824, -0.172, 2.5, -6.403, -1.526, -0.174, 2.5
 260806469, -6.141, -2.129, -0.174, 2.5, -6.29, -1.824, -0.172, 2.5
 261006389, -5.979, -2.43, -0.173, 2.5, -6.141, -2.129, -0.174, 2.5
 261206309, -5.848, -2.719, -0.173, 2.5, -5.979, -2.43, -0.173, 2.5
 261406229, -5.726, -2.967, -0.173, 2.5, -5.848, -2.719, -0.173, 2.5
 261606149, -5.611, -3.237, -0.173, 2.5, -5.726, -2.967, -0.173, 2.5
 261806069, -5.507, -3.499, -0.173, 2.5, -5.611, -3.237, -0.173, 2.5
 262005989, -5.407, -3.709, -0.171, 2.5, -5.507, -3.499, -0.173, 2.5
 262205909, -5.294, -3.907, -0.167, 2.5, -5.407, -3.709, -0.171, 2.5
 262405829, -5.144, -4.112, -0.165, 2.5, -5.294, -3.907, -0.167, 2.5
 262606582, -4.921, -4.334, -0.159, 2.5, -5.144, -4.112, -0.165, 2.5
 262806502, -4.643, -4.558, -0.148, 2.5, -4.921, -4.334, -0.159, 2.5
 263006422, -4.38, -4.785, -0.133, 2.5, -4.643, -4.558, -0.148, 2.5
 263206342, -4.103, -4.974, -0.119, 2.5, -4.38, -4.785, -0.133, 2.5
 263406262, -3.819, -5.158, -0.103, 2.5, -4.103, -4.974, -0.119, 2.5
 263606182, -3.547, -5.342, -0.08800001, 2.5, -3.819, -5.158, -0.103, 2.5
 263806102, -3.315, -5.519, -0.075, 2.5, -3.547, -5.342, -0.08800001, 2.5
 264006022, -3.096, -5.665, -0.064, 2.5, -3.315, -5.519, -0.075, 2.5
 264205942, -2.872, -5.824, -0.053, 2.5, -3.096, -5.665, -0.064, 2.5
 264405862, -2.632, -5.978, -0.046, 2.5, -2.872, -5.824, -0.053, 2.5
 264605782, -2.394, -6.083, -0.039, 2.5, -2.632, -5.978, -0.046, 2.5
 264806535, -2.149, -6.201, -0.031, 2.5, -2.394, -6.083, -0.039, 2.5
 265006455, -1.906, -6.29, -0.028, 2.5, -2.149, -6.201, -0.031, 2.5
 265206375, -1.603, -6.373, -0.025, 2.5, -1.906, -6.29, -0.028, 2.5
 265406295, -1.268, -6.438, -0.024, 2.5, -1.603, -6.373, -0.025, 2.5
 265606215, -0.9020001, -6.486001, -0.02, 2.5, -1.268, -6.438, -0.024, 2.5
 265806135, -0.537, -6.539001, -0.016, 2.5, -0.9020001, -6.486001, -0.02, 2.5
 266006055, -0.14, -6.625, -0.01, 2.5, -0.537, -6.539001, -0.016, 2.5
 266205975, 0.262, -6.716001, -0.005, 2.5, -0.14, -6.625, -0.01, 2.5
 266405895, 0.648, -6.777, -0.001, 2.5, 0.262, -6.716001, -0.005, 2.5
 266605815, 1.047, -6.787, 0.003, 2.5, 0.648, -6.777, -0.001, 2.5
 266806568, 1.421, -6.777, 0.01, 2.5, 1.047, -6.787, 0.003, 2.5
 267006488, 1.745, -6.736001, 0.013, 2.5, 1.421, -6.777, 0.01, 2.5
 267206408, 2.081, -6.662, 0.019, 2.5, 1.745, -6.736001, 0.013, 2.5
 267406328, 2.421, -6.556, 0.025, 2.5, 2.081, -6.662, 0.019, 2.5
 267606248, 2.726, -6.425, 0.027, 2.5, 2.421, -6.556, 0.025, 2.5
 267806168, 2.96, -6.269001, 0.029, 2.5, 2.726, -6.425, 0.027, 2.5
 268006088, 3.162, -6.107, 0.032, 2.5, 2.96, -6.269001, 0.029, 2.5
 268206008, 3.333, -5.947001, 0.036, 2.5, 3.162, -6.107, 0.032, 2.5
 268405928, 3.522, -5.773, 0.038, 2.5, 3.333, -5.947001, 0.036, 2.5
 268605848, 3.722, -5.57, 0.04, 2.5, 3.522, -5.773, 0.038, 2.5
 268805768, 3.903, -5.349, 0.038, 2.5, 3.722, -5.57, 0.04, 2.5
 269006521, 4.071, -5.102, 0.038, 2.5, 3.903, -5.349, 0.038, 2.5
 269206441, 4.25, -4.849, 0.039, 2.5, 4.071, -5.102, 0.038, 2.5
 269406361, 4.448, -4.589, 0.041, 2.5, 4.25, -4.849, 0.039, 2.5
 269606281, 4.665, -4.363, 0.045, 2.5, 4.448, -4.589, 0.041, 2.5
 269806201, 4.888, -4.144, 0.044, 2.5, 4.665, -4.363, 0.045, 2.5
 270006121, 5.101, -3.923, 0.047, 2.5, 4.888, -4.144, 0.044, 2.5
 270206041, 5.311, -3.696, 0.05, 2.5, 5.101, -3.923, 0.047, 2.5
 270405961, 5.558, -3.459, 0.059, 2.5, 5.311, -3.696, 0.05, 2.5
 270605881, 5.804, -3.211, 0.068, 2.5, 5.558, -3.459, 0.059, 2.5
 270805801, 6.012, -2.939, 0.079, 2.5, 5.804, -3.211, 0.068, 2.5
 271006554, 6.177001, -2.647, 0.089, 2.5, 6.012, -2.939, 0.079, 2.5
 271206474, 6.308, -2.352, 0.103, 2.5, 6.177001, -2.647, 0.089, 2.5
 271406394, 6.449, -2.035, 0.118, 2.5, 6.308, -2.352, 0.103, 2.5
 271606314, 6.529, -1.707, 0.126, 2.5, 6.449, -2.035, 0.118, 2.5
 271806234, 6.569, -1.382, 0.136, 2.5, 6.529, -1.707, 0.126, 2.5
 272006154, 6.606, -1.103, 0.143, 2.5, 6.569, -1.382, 0.136, 2.5
 272206074, 6.597, -0.845, 0.147, 2.5, 6.606, -1.103, 0.143, 2.5
 272405994, 6.504, -0.604, 0.14, 2.5, 6.597, -0.845, 0.147, 2.5
 272605914, 6.153, -0.455, 0.122, 2.5, 6.504, -0.604, 0.14, 2.5
 272805834, 5.668, -0.34, 0.08000001, 2.5, 6.153, -0.455, 0.122, 2.5
 273006587, 5.068, -0.277, 0.02, 2.5, 5.668, -0.34, 0.08000001, 2.5
 273206507, 4.342, -0.266, -0.04, 2.5, 5.068, -0.277, 0.02, 2.5
 273406427, 3.564, -0.304, -0.086, 2.5, 4.342, -0.266, -0.04, 2.5
 273606347, 2.801, -0.329, -0.112, 2.5, 3.564, -0.304, -0.086, 2.5
 273806267, 2.076, -0.349, -0.123, 2.5, 2.801, -0.329, -0.112, 2.5
 274006187, 1.402, -0.373, -0.115, 2.5, 2.076, -0.349, -0.123, 2.5
 274206107, 0.817, -0.322, -0.08400001, 2.5, 1.402, -0.373, -0.115, 2.5
 274406027, 0.329, -0.207, -0.038, 2.5, 0.817, -0.322, -0.08400001, 2.5
 274605947, -0.033, -0.056, 0.007, 2.5, 0.329, -0.207, -0.038, 2.5
 274805867, -0.293, 0.144, 0.041, 2.5, -0.033, -0.056, 0.007, 2.5
 275005787, -0.517, 0.408, 0.055, 2.5, -0.293, 0.144, 0.041, 2.5
 275206540, -0.726, 0.721, 0.055, 2.5, -0.517, 0.408, 0.055, 2.5
 275406460, -0.8570001, 1.028, 0.049, 2.5, -0.726, 0.721, 0.055, 2.5
 275606380, -0.864, 1.325, 0.042, 2.5, -0.8570001, 1.028, 0.049, 2.5
 275806300, -0.795, 1.576, 0.035, 2.5, -0.864, 1.325, 0.042, 2.5
 276006220, -0.707, 1.792, 0.028, 2.5, -0.795, 1.576, 0.035, 2.5
 276206140, -0.6210001, 2.022, 0.023, 2.5, -0.707, 1.792, 0.028, 2.5
 276406060, -0.546, 2.297, 0.018, 2.5, -0.6210001, 2.022, 0.023, 2.5
 276605980, -0.493, 2.613, 0.015, 2.5, -0.546, 2.297, 0.018, 2.5
 276805900, -0.454, 2.998, 0.014, 2.5, -0.493, 2.613, 0.015, 2.5
 277005820, -0.381, 3.455, 0.013, 2.5, -0.454, 2.998, 0.014, 2.5
 277206573, -0.308, 3.924, 0.013, 2.5, -0.381, 3.455, 0.013, 2.5
 277406493, -0.212, 4.431, 0.016, 2.5, -0.308, 3.924, 0.013, 2.5
 277606413, -0.131, 4.941, 0.017, 2.5, -0.212, 4.431, 0.016, 2.5
 277806333, -0.082, 5.426, 0.02, 2.5, -0.131, 4.941, 0.017, 2.5
 278006253, -0.063, 5.881, 0.023, 2.5, -0.082, 5.426, 0.02, 2.5
 278206173, -0.041, 6.282, 0.025, 2.5, -0.063, 5.881, 0.023, 2.5
 278406093, -0.063, 6.661, 0.03, 2.5, -0.041, 6.282, 0.025, 2.5
 278606013, -0.117, 7.03, 0.033, 2.5, -0.063, 6.661, 0.03, 2.5
 278805933, -0.189, 7.365, 0.031, 2.5, -0.117, 7.03, 0.033, 2.5
 279005853, -0.273, 7.639, 0.025, 2.5, -0.189, 7.365, 0.031, 2.5
 279205773, -0.316, 7.823, 0.018, 2.5, -0.273, 7.639, 0.025, 2.5
 279406526, -0.354, 7.935, 0.015, 2.5, -0.316, 7.823, 0.018, 2.5
 279606446, -0.399, 8.047, 0.016, 2.5, -0.354, 7.935, 0.015, 2.5
 279806366, -0.475, 8.155001, 0.013, 2.5, -0.399, 8.047, 0.016, 2.5
 280006286, -0.562, 8.254001, 0.01, 2.5, -0.475, 8.155001, 0.013, 2.5
 280206206, -0.643, 8.346001, 0.007, 2.5, -0.562, 8.254001, 0.01, 2.5
 280406126, -0.6760001, 8.422, 0.002, 2.5, -0.643, 8.346001, 0.007, 2.5
 280606046, -0.669, 8.482, 0, 2.5, -0.6760001, 8.422, 0.002, 2.5
 280805966, -0.682, 8.522, 0, 2.5, -0.669, 8.482, 0, 2.5
 281005886, -0.6950001, 8.553, 0, 2.5, -0.682, 8.522, 0, 2.5
 281205806, -0.694, 8.586, 0, 2.5, -0.6950001, 8.553, 0, 2.5
 281406559, -0.6810001, 8.585, -0.003, 2.5, -0.694, 8.586, 0, 2.5
 281606479, -0.66, 8.518001, -0.005, 2.5, -0.6810001, 8.585, -0.003, 2.5
 281806399, -0.6530001, 8.413, -0.002, 2.5, -0.66, 8.518001, -0.005, 2.5
 282006319, -0.674, 8.275001, 0, 2.5, -0.6530001, 8.413, -0.002, 2.5
 282206239, -0.7, 8.121, 0.003, 2.5, -0.674, 8.275001, 0, 2.5
 282406159, -0.701, 7.966001, 0.006, 2.5, -0.7, 8.121, 0.003, 2.5
 282606079, -0.678, 7.753, 0.005, 2.5, -0.701, 7.966001, 0.006, 2.5
 282805999, -0.664, 7.479001, 0.008, 2.5, -0.678, 7.753, 0.005, 2.5
 283005919, -0.661, 7.165, 0.012, 2.5, -0.664, 7.479001, 0.008, 2.5
 283205839, -0.641, 6.825, 0.015, 2.5, -0.661, 7.165, 0.012, 2.5
 283406592, -0.606, 6.468, 0.017, 2.5, -0.641, 6.825, 0.015, 2.5
 283606512, -0.5930001, 6.071, 0.018, 2.5, -0.606, 6.468, 0.017, 2.5
 283806432, -0.614, 5.6, 0.021, 2.5, -0.5930001, 6.071, 0.018, 2.5
 284006352, -0.6070001, 5.075, 0.022, 2.5, -0.614, 5.6, 0.021, 2.5
 284206272, -0.571, 4.518, 0.019, 2.5, -0.6070001, 5.075, 0.022, 2.5
 284406192, -0.531, 3.953, 0.013, 2.5, -0.571, 4.518, 0.019, 2.5
 284606112, -0.512, 3.451, 0.004, 2.5, -0.531, 3.953, 0.013, 2.5
 284806032, -0.481, 3.027, 0, 2.5, -0.512, 3.451, 0.004, 2.5
 285005952, -0.439, 2.664, -0.001, 2.5, -0.481, 3.027, 0, 2.5
 285205872, -0.385, 2.311, 0, 2.5, -0.439, 2.664, -0.001, 2.5
 285405792, -0.308, 1.941, 0.002, 2.5, -0.385, 2.311, 0, 2.5
 285606545, -0.19, 1.534, 0.003, 2.5, -0.308, 1.941, 0.002, 2.5
 285806465, -0.08800001, 1.148, 0.003, 2.5, -0.19, 1.534, 0.003, 2.5
 286006385, -0.032, 0.774, 0.003, 2.5, -0.08800001, 1.148, 0.003, 2.5
 286206305, 0.012, 0.444, 0.003, 2.5, -0.032, 0.774, 0.003, 2.5
 286406225, 0.051, 0.174, 0.003, 2.5, 0.012, 0.444, 0.003, 2.5
 286606145, 0.119, -0.038, 0.002, 2.5, 0.051, 0.174, 0.003, 2.5
 286806065, 0.175, -0.2, 0.001, 2.5, 0.119, -0.038, 0.002, 2.5
 287005985, 0.212, -0.279, 0, 2.5, 0.175, -0.2, 0.001, 2.5
 287205905, 0.23, -0.248, -0.001, 2.5, 0.212, -0.279, 0, 2.5
 287405825, 0.22, -0.174, -0.004, 2.5, 0.23, -0.248, -0.001, 2.5
 287606578, 0.204, -0.1, -0.007, 2.5, 0.22, -0.174, -0.004, 2.5
 287806498, 0.191, -0.075, -0.011, 2.5, 0.204, -0.1, -0.007, 2.5
 288006418, 0.187, -0.074, -0.013, 2.5, 0.191, -0.075, -0.011, 2.5
 288206338, 0.184, -0.11, -0.015, 2.5, 0.187, -0.074, -0.013, 2.5
 288406258, 0.169, -0.15, -0.016, 2.5, 0.184, -0.11, -0.015, 2.5
 288606178, 0.171, -0.18, -0.017, 2.5, 0.169, -0.15, -0.016, 2.5
 288806098, 0.18, -0.196, -0.017, 2.5, 0.171, -0.18, -0.017, 2.5
 289006018, 0.199, -0.173, -0.017, 2.5, 0.18, -0.196, -0.017, 2.5
 289205938, 0.186, -0.153, -0.017, 2.5, 0.199, -0.173, -0.017, 2.5
 289405858, 0.2, -0.134, -0.016, 2.5, 0.186, -0.153, -0.017, 2.5
 289605778, 0.252, -0.153, -0.015, 2.5, 0.2, -0.134, -0.016, 2.5
 289806531, 0.31, -0.21, -0.014, 2.5, 0.252, -0.153, -0.015, 2.5
 290006451, 0.345, -0.23, -0.013, 2.5, 0.31, -0.21, -0.014, 2.5
 290206371, 0.352, -0.22, -0.012, 2.5, 0.345, -0.23, -0.013, 2.5
 290406291, 0.333, -0.201, -0.011, 2.5, 0.352, -0.22, -0.012, 2.5
 290606211, 0.275, -0.136, -0.011, 2.5, 0.333, -0.201, -0.011, 2.5
 290806131, 0.172, -0.071, -0.011, 2.5, 0.275, -0.136, -0.011, 2.5
 291006051, 0.06, -0.013, -0.011, 2.5, 0.172, -0.071, -0.011, 2.5
 291205971, -0.021, 0.036, -0.011, 2.5, 0.06, -0.013, -0.011, 2.5
 291405891, -0.04, 0.046, -0.01, 2.5, -0.021, 0.036, -0.011, 2.5
 291605811, -0.006, 0.06900001, -0.008, 2.5, -0.04, 0.046, -0.01, 2.5
 291806564, 0.02, 0.105, -0.007, 2.5, -0.006, 0.06900001, -0.008, 2.5
 292006484, 0.03, 0.116, -0.007, 2.5, 0.02, 0.105, -0.007, 2.5
 292206404, -0.005, 0.115, -0.006, 2.5, 0.03, 0.116, -0.007, 2.5
 292406324, -0.062, 0.128, 0.011, 2.5, -0.005, 0.115, -0.006, 2.5
 292606244, -0.118, 0.158, 0.152, 2.5, -0.062, 0.128, 0.011, 2.5
 292806164, -0.174, 0.158, 0.354, 2.5, -0.118, 0.158, 0.152, 2.5
 293006084, -0.211, 0.139, 0.578, 2.5, -0.174, 0.158, 0.354, 2.5
 293206004, -0.231, 0.123, 0.809, 2.5, -0.211, 0.139, 0.578, 2.5
 293405924, -0.238, 0.114, 1.037, 2.5, -0.231, 0.123, 0.809, 2.5
 293605844, -0.23, 0.102, 1.259, 2.5, -0.238, 0.114, 1.037, 2.5
 293805764, -0.221, 0.097, 1.456, 2.5, -0.23, 0.102, 1.259, 2.5
 294006517, -0.215, 0.113, 1.558, 2.5, -0.221, 0.097, 1.456, 2.5
 294206437, -0.166, 0.12, 1.586, 2.5, -0.215, 0.113, 1.558, 2.5
 294406357, -0.109, 0.103, 1.574, 2.5, -0.166, 0.12, 1.586, 2.5
 294606277, -0.07700001, 0.057, 1.543, 2.5, -0.109, 0.103, 1.574, 2.5
 294806197, -0.046, 0.007, 1.509, 2.5, -0.07700001, 0.057, 1.543, 2.5
 295006117, -0.018, -0.063, 1.477, 2.5, -0.046, 0.007, 1.509, 2.5
 295206037, 0, -0.134, 1.453, 2.5, -0.018, -0.063, 1.477, 2.5
 295405957, 0.022, -0.186, 1.435, 2.5, 0, -0.134, 1.453, 2.5
 295605877, 0.046, -0.207, 1.424, 2.5, 0.022, -0.186, 1.435, 2.5
 295805797, 0.023, -0.205, 1.418, 2.5, 0.046, -0.207, 1.424, 2.5
 296006550, -0.038, -0.185, 1.415, 2.5, 0.023, -0.205, 1.418, 2.5
 296206470, -0.094, -0.156, 1.414, 2.5, -0.038, -0.185, 1.415, 2.5
 296406390, -0.134, -0.115, 1.415, 2.5, -0.094, -0.156, 1.414, 2.5
 296606310, -0.139, -0.038, 1.416, 2.5, -0.134, -0.115, 1.415, 2.5
 296806230, -0.103, 0.015, 1.417, 2.5, -0.139, -0.038, 1.416, 2.5
 297006150, -0.045, 0.012, 1.418, 2.5, -0.103, 0.015, 1.417, 2.5
 297206070, 0.014, -0.046, 1.419, 2.5, -0.045, 0.012, 1.418, 2.5
 297405990, 0.071, -0.063, 1.42, 2.5, 0.014, -0.046, 1.419, 2.5
 297605910, 0.103, -0.06, 1.42, 2.5, 0.071, -0.063, 1.42, 2.5
 297805830, 0.081, -0.052, 1.421, 2.5, 0.103, -0.06, 1.42, 2.5
 298006583, 0.009000001, -0.001, 1.42, 2.5, 0.081, -0.052, 1.421, 2.5
 298206503, -0.05, 0.054, 1.419, 2.5, 0.009000001, -0.001, 1.42, 2.5
 298406423, -0.086, 0.1, 1.419, 2.5, -0.05, 0.054, 1.419, 2.5
 298606343, -0.089, 0.144, 1.418, 2.5, -0.086, 0.1, 1.419, 2.5
 298806263, -0.081, 0.17, 1.418, 2.5, -0.089, 0.144, 1.418, 2.5
 299006183, -0.052, 0.153, 1.417, 2.5, -0.081, 0.17, 1.418, 2.5
 299206103, -0.024, 0.087, 1.417, 2.5, -0.052, 0.153, 1.417, 2.5
 299406023, 0.001, -0.016, 1.417, 2.5, -0.024, 0.087, 1.417, 2.5
 299605943, 0, -0.116, 1.416, 2.5, 0.001, -0.016, 1.417, 2.5
 299805863, -0.005, -0.217, 1.416, 2.5, 0, -0.116, 1.416, 2.5
 300005783, 0.008, -0.289, 1.416, 2.5, -0.005, -0.217, 1.416, 2.5
 300206536, 0.045, -0.348, 1.416, 2.5, 0.008, -0.289, 1.416, 2.5
 300406456, 0.08000001, -0.372, 1.417, 2.5, 0.045, -0.348, 1.416, 2.5
 300606376, 0.121, -0.366, 1.419, 2.5, 0.08000001, -0.372, 1.417, 2.5
 300806296, 0.126, -0.36, 1.421, 2.5, 0.121, -0.366, 1.419, 2.5
 301006216, 0.119, -0.339, 1.422, 2.5, 0.126, -0.36, 1.421, 2.5
 301206136, 0.09900001, -0.259, 1.424, 2.5, 0.119, -0.339, 1.422, 2.5
 301406056, 0.037, -0.158, 1.425, 2.5, 0.09900001, -0.259, 1.424, 2.5
 301605976, -0.038, -0.06500001, 1.426, 2.5, 0.037, -0.158, 1.425, 2.5
 301805896, -0.08800001, 0.015, 1.426, 2.5, -0.038, -0.06500001, 1.426, 2.5
 302005816, -0.12, 0.089, 1.426, 2.5, -0.08800001, 0.015, 1.426, 2.5
 302206569, -0.137, 0.124, 1.426, 2.5, -0.12, 0.089, 1.426, 2.5
 302406489, -0.147, 0.146, 1.411, 2.5, -0.137, 0.124, 1.426, 2.5
 302606409, -0.155, 0.178, 1.308, 2.5, -0.147, 0.146, 1.411, 2.5
 302806329, -0.157, 0.196, 1.124, 2.5, -0.155, 0.178, 1.308, 2.5
 303006249, -0.147, 0.193, 0.9080001, 2.5, -0.157, 0.196, 1.124, 2.5
 303206169, -0.125, 0.159, 0.683, 2.5, -0.147, 0.193, 0.9080001, 2.5
 303406089, -0.104, 0.115, 0.486, 2.5, -0.125, 0.159, 0.683, 2.5
 303606009, -0.107, 0.085, 0.387, 2.5, -0.104, 0.115, 0.486, 2.5
 303805929, -0.126, 0.08400001, 0.354, 2.5, -0.107, 0.085, 0.387, 2.5
 304005849, -0.129, 0.083, 0.358, 2.5, -0.126, 0.08400001, 0.354, 2.5
 304205769, -0.102, 0.106, 0.382, 2.5, -0.129, 0.083, 0.358, 2.5
 304406522, -0.028, 0.106, 0.41, 2.5, -0.102, 0.106, 0.382, 2.5
 304606442, 0.005, 0.09, 0.436, 2.5, -0.028, 0.106, 0.41, 2.5
 304806362, 0.009000001, 0.07, 0.458, 2.5, 0.005, 0.09, 0.436, 2.5
 305006282, 0.028, 0.042, 0.473, 2.5, 0.009000001, 0.07, 0.458, 2.5
 305206202, 0.051, 0.012, 0.482, 2.5, 0.028, 0.042, 0.473, 2.5
 305406122, 0.057, -0.029, 0.488, 2.5, 0.051, 0.012, 0.482, 2.5
 305606042, 0.015, -0.057, 0.49, 2.5, 0.057, -0.029, 0.488, 2.5
 305805962, -0.041, -0.075, 0.49, 2.5, 0.015, -0.057, 0.49, 2.5
 306005882, -0.109, -0.07700001, 0.489, 2.5, -0.041, -0.075, 0.49, 2.5
 306205802, -0.191, -0.063, 0.488, 2.5, -0.109, -0.07700001, 0.489, 2.5
 306406555, -0.257, -0.017, 0.487, 2.5, -0.191, -0.063, 0.488, 2.5
 306606475, -0.288, 0.048, 0.485, 2.5, -0.257, -0.017, 0.487, 2.5
 306806395, -0.257, 0.098, 0.485, 2.5, -0.288, 0.048, 0.485, 2.5
 307006315, -0.203, 0.124, 0.484, 2.5, -0.257, 0.098, 0.485, 2.5
 307206235, -0.179, 0.146, 0.483, 2.5, -0.203, 0.124, 0.484, 2.5
 307406155, -0.168, 0.174, 0.483, 2.5, -0.179, 0.146, 0.483, 2.5
 307606075, -0.179, 0.2, 0.482, 2.5, -0.168, 0.174, 0.483, 2.5
 307805995, -0.174, 0.201, 0.482, 2.5, -0.179, 0.2, 0.482, 2.5
 308005915, -0.137, 0.158, 0.482, 2.5, -0.174, 0.201, 0.482, 2.5
 308205835, -0.057, 0.135, 0.482, 2.5, -0.137, 0.158, 0.482, 2.5
 308406588, 0.041, 0.157, 0.482, 2.5, -0.057, 0.135, 0.482, 2.5
 308606508, 0.131, 0.178, 0.481, 2.5, 0.041, 0.157, 0.482, 2.5
 308806428, 0.202, 0.189, 0.481, 2.5, 0.131, 0.178, 0.481, 2.5
 309006348, 0.26, 0.197, 0.48, 2.5, 0.202, 0.189, 0.481, 2.5
 309206268, 0.296, 0.183, 0.479, 2.5, 0.26, 0.197, 0.48, 2.5
 309406188, 0.3, 0.156, 0.479, 2.5, 0.296, 0.183, 0.479, 2.5
 309606108, 0.28, 0.126, 0.479, 2.5, 0.3, 0.156, 0.479, 2.5
 309806028, 0.246, 0.07700001, 0.478, 2.5, 0.28, 0.126, 0.479, 2.5
 310005948, 0.201, 0.03, 0.478, 2.5, 0.246, 0.07700001, 0.478, 2.5
 310205868, 0.204, -0.007, 0.478, 2.5, 0.201, 0.03, 0.478, 2.5
 310405788, 0.206, -0.03, 0.478, 2.5, 0.204, -0.007, 0.478, 2.5
 310606541, 0.19, -0.013, 0.478, 2.5, 0.206, -0.03, 0.478, 2.5
 310806461, 0.181, 0.019, 0.478, 2.5, 0.19, -0.013, 0.478, 2.5
 311006381, 0.16, 0.078, 0.478, 2.5, 0.181, 0.019, 0.478, 2.5
 311206301, 0.133, 0.14, 0.477, 2.5, 0.16, 0.078, 0.478, 2.5
 311406221, 0.102, 0.147, 0.477, 2.5, 0.133, 0.14, 0.477, 2.5
 311606141, 0.051, 0.137, 0.478, 2.5, 0.102, 0.147, 0.477, 2.5
 311806061, -0.004, 0.116, 0.478, 2.5, 0.051, 0.137, 0.478, 2.5
 312005981, -0.016, 0.062, 0.478, 2.5, -0.004, 0.116, 0.478, 2.5
 312205901, -0.012, 0.003, 0.478, 2.5, -0.016, 0.062, 0.478, 2.5
 312405821, -0.031, -0.07600001, 0.478, 2.5, -0.012, 0.003, 0.478, 2.5
 312606574, -0.023, -0.15, 0.477, 2.5, -0.031, -0.07600001, 0.478, 2.5
 312806494, -0.004, -0.187, 0.477, 2.5, -0.023, -0.15, 0.477, 2.5
 313006414, 0.044, -0.204, 0.477, 2.5, -0.004, -0.187, 0.477, 2.5
 313206334, 0.09, -0.187, 0.477, 2.5, 0.044, -0.204, 0.477, 2.5
 313406254, 0.111, -0.141, 0.477, 2.5, 0.09, -0.187, 0.477, 2.5
 313606174, 0.118, -0.123, 0.477, 2.5, 0.111, -0.141, 0.477, 2.5
 313806094, 0.141, -0.113, 0.477, 2.5, 0.118, -0.123, 0.477, 2.5
 314006014, 0.115, -0.093, 0.477, 2.5, 0.141, -0.113, 0.477, 2.5
 314205934, 0.035, -0.07, 0.477, 2.5, 0.115, -0.093, 0.477, 2.5
 314405854, -0.045, -0.029, 0.477, 2.5, 0.035, -0.07, 0.477, 2.5
 314605774, -0.111, -0.001, 0.477, 2.5, -0.045, -0.029, 0.477, 2.5
 314806527, -0.196, 0.004, 0.477, 2.5, -0.111, -0.001, 0.477, 2.5
 315006447, -0.292, 0.015, 0.478, 2.5, -0.196, 0.004, 0.477, 2.5
 315206367, -0.389, 0.017, 0.478, 2.5, -0.292, 0.015, 0.478, 2.5
 315406287, -0.44, 0.002, 0.478, 2.5, -0.389, 0.017, 0.478, 2.5
 315606207, -0.451, -0.003, 0.479, 2.5, -0.44, 0.002, 0.478, 2.5
 315806127, -0.434, 0.015, 0.479, 2.5, -0.451, -0.003, 0.479, 2.5
 316006047, -0.399, 0.018, 0.479, 2.5, -0.434, 0.015, 0.479, 2.5
 316205967, -0.315, -0.037, 0.48, 2.5, -0.399, 0.018, 0.479, 2.5
 316405887, -0.227, -0.114, 0.479, 2.5, -0.315, -0.037, 0.48, 2.5
 316605807, -0.146, -0.171, 0.479, 2.5, -0.227, -0.114, 0.479, 2.5
 316806560, -0.083, -0.199, 0.479, 2.5, -0.146, -0.171, 0.479, 2.5
 317006480, 0.01, -0.21, 0.479, 2.5, -0.083, -0.199, 0.479, 2.5
 317206400, 0.097, -0.172, 0.479, 2.5, 0.01, -0.21, 0.479, 2.5
 317406320, 0.151, -0.122, 0.478, 2.5, 0.097, -0.172, 0.479, 2.5
 317606240, 0.154, -0.07700001, 0.478, 2.5, 0.151, -0.122, 0.478, 2.5
 317806160, 0.14, -0.034, 0.478, 2.5, 0.154, -0.07700001, 0.478, 2.5
 318006080, 0.126, -0.026, 0.478, 2.5, 0.14, -0.034, 0.478, 2.5
 318206000, 0.093, -0.019, 0.479, 2.5, 0.126, -0.026, 0.478, 2.5
 318405920, 0.07600001, 0.011, 0.479, 2.5, 0.093, -0.019, 0.479, 2.5
 318605840, 0.058, 0.052, 0.479, 2.5, 0.07600001, 0.011, 0.479, 2.5
 318805760, 0.07300001, 0.081, 0.479, 2.5, 0.058, 0.052, 0.479, 2.5
 319006513, 0.087, 0.093, 0.479, 2.5, 0.07300001, 0.081, 0.479, 2.5
 319206433, 0.083, 0.049, 0.478, 2.5, 0.087, 0.093, 0.479, 2.5
 319406353, 0.072, -0.015, 0.478, 2.5, 0.083, 0.049, 0.478, 2.5
 319606273, 0.072, -0.031, 0.478, 2.5, 0.072, -0.015, 0.478, 2.5
 319806193, 0.06500001, -0.049, 0.478, 2.5, 0.072, -0.031, 0.478, 2.5
 320006113, 0.056, -0.034, 0.478, 2.5, 0.06500001, -0.049, 0.478, 2.5
 320206033, 0.071, -0.01, 0.478, 2.5, 0.056, -0.034, 0.478, 2.5
 320405953, 0.07700001, 0.006, 0.477, 2.5, 0.071, -0.01, 0.478, 2.5
 320605873, 0.07300001, 0.034, 0.478, 2.5, 0.07700001, 0.006, 0.477, 2.5
 320805793, 0.071, 0.057, 0.478, 2.5, 0.07300001, 0.034, 0.478, 2.5
 321006546, 0.031, 0.108, 0.478, 2.5, 0.071, 0.057, 0.478, 2.5
 321206466, -0.025, 0.18, 0.478, 2.5, 0.031, 0.108, 0.478, 2.5
 321406386, -0.06900001, 0.22, 0.477, 2.5, -0.025, 0.18, 0.478, 2.5
 321606306, -0.09, 0.188, 0.477, 2.5, -0.06900001, 0.22, 0.477, 2.5
 321806226, -0.096, 0.135, 0.477, 2.5, -0.09, 0.188, 0.477, 2.5
 322006146, -0.09900001, 0.093, 0.477, 2.5, -0.096, 0.135, 0.477, 2.5
 322206066, -0.105, 0.041, 0.478, 2.5, -0.09900001, 0.093, 0.477, 2.5
 322405986, -0.108, -0.017, 0.478, 2.5, -0.105, 0.041, 0.478, 2.5
 322605906, -0.103, -0.071, 0.478, 2.5, -0.108, -0.017, 0.478, 2.5
 322805826, -0.074, -0.121, 0.478, 2.5, -0.103, -0.071, 0.478, 2.5
 323006579, -0.004, -0.117, 0.478, 2.5, -0.074, -0.121, 0.478, 2.5
 323206499, 0.074, -0.09500001, 0.478, 2.5, -0.004, -0.117, 0.478, 2.5
 323406419, 0.162, -0.074, 0.45, 2.5, 0.074, -0.09500001, 0.478, 2.5
 323606339, -0.047, 0.021, -0.128, 2.5, 0.162, -0.074, 0.45, 2.5
 323806259, -0.016, 0.007, -0.045, 2.5, -0.047, 0.021, -0.128, 2.5
 324006179, 0.008, -0.003, 0.022, 2.5, -0.016, 0.007, -0.045, 2.5
 324206099, 0.001, 0, 0.003, 2.5, 0.008, -0.003, 0.022, 2.5
 324406019, -0.001, 0, -0.003, 2.5, 0.001, 0, 0.003, 2.5
 324605939, 0, 0, 0, 2.5, -0.001, 0, -0.003, 2.5
 324805859, 0, 0, 0, 2.5, 0, 0, 0, 2.5
 325005779, 0, 0, 0, 2.5, 0, 0, 0, 2.5
 325206532, 0, 0, 0, 2.5, 0, 0, 0, 2.5
 325406452, 0, 0, 0, 2.5, 0, 0, 0, 2.5
 325606372, 0, 0, 0, 2.5, 0, 0, 0, 2.5
 325806292, 0, 0, 0, 2.5, 0, 0, 0, 2.5
 326006212, 0, 0, 0, 2.5, 0, 0, 0, 2.5
 326206132, 0, 0, 0, 2.5, 0, 0, 0, 2.5
