TimeUS,CGpN,CGpE,CGpD,CGpe,PGpN,PGpE,PGpD,PGpe
 196160671, 0, 0, 0, 2.5, 0, 0, 0, 0
 196231476, 0, 0, 0, 2.5, 0, 0, 0, 2.5
 196431396, 0, 0, 0, 2.5, 0, 0, 0, 2.5
 196631316, 0, 0, 0, 2.5, 0, 0, 0, 2.5
 196831236, 0, 0, 0, 2.5, 0, 0, 0, 2.5
 197031156, 0, 0, 0, 2.5, 0, 0, 0, 2.5
 197231076, 0, 0, 0, 2.5, 0, 0, 0, 2.5
 197430996, 0, 0, 0, 2.5, 0, 0, 0, 2.5
 197630916, 0, 0, 0, 2.5, 0, 0, 0, 2.5
 197830836, 0, 0, 0, 2.5, 0, 0, 0, 2.5
 198030756, 0, 0, 0, 2.5, 0, 0, 0, 2.5
 198230676, 0, 0, 0, 2.5, 0, 0, 0, 2.5
 198431429, 0, 0, 0, 2.5, 0, 0, 0, 2.5
 198631349, 0, 0, 0, 2.5, 0, 0, 0, 2.5
 198831269, 0, 0, 0, 2.5, 0, 0, 0, 2.5
 199031189, 0, 0, 0, 2.5, 0, 0, 0, 2.5
 199231109, 0, 0, 0, 2.5, 0, 0, 0, 2.5
 199431029, 0, 0, 0, 2.5, 0, 0, 0, 2.5
 199630949, 0, 0, 0, 2.5, 0, 0, 0, 2.5
 199830869, 0, 0, 0, 2.5, 0, 0, 0, 2.5
 200030789, 0, 0, 0, 2.5, 0, 0, 0, 2.5
 200230709, 0, 0, 0, 2.5, 0, 0, 0, 2.5
 200431462, 0, 0, 0, 2.5, 0, 0, 0, 2.5
 200631382, 0, 0, 0, 2.5, 0, 0, 0, 2.5
 200831302, 0, 0, 0, 2.5, 0, 0, 0, 2.5
 201031222, 0, 0, 0, 2.5, 0, 0, 0, 2.5
 201231142, 0, 0, 0, 2.5, 0, 0, 0, 2.5
 201431062, 0, 0, 0, 2.5, 0, 0, 0, 2.5
 201630982, 0, 0, 0, 2.5, 0, 0, 0, 2.5
 201830902, 0, 0, 0, 2.5, 0, 0, 0, 2.5
 202030822, 0, 0, 0, 2.5, 0, 0, 0, 2.5
 202230742, 0, 0, 0, 2.5, 0, 0, 0, 2.5
 202430662, 0, 0, 0, 2.5, 0, 0, 0, 2.5
 202631415, 0, 0, 0, 2.5, 0, 0, 0, 2.5
 202831335, 0, 0, 0, 2.5, 0, 0, 0, 2.5
 203031255, 0, 0, 0, 2.5, 0, 0, 0, 2.5
 203231175, 0, 0, 0, 2.5, 0, 0, 0, 2.5
 203431095, 0, 0, 0, 2.5, 0, 0, 0, 2.5
 203631015, 0, 0, 0, 2.5, 0, 0, 0, 2.5
 203830935, 0, 0, 0, 2.5, 0, 0, 0, 2.5
 204030855, 0, 0, 0, 2.5, 0, 0, 0, 2.5
 204230775, 0, 0, 0, 2.5, 0, 0, 0, 2.5
 204430695, 0, 0, 0, 2.5, 0, 0, 0, 2.5
 204631448, 0, 0, 0, 2.5, 0, 0, 0, 2.5
 204831368, 0, 0, 0, 2.5, 0, 0, 0, 2.5
 205031288, 0, 0, 0, 2.5, 0, 0, 0, 2.5
 205231208, 0, 0, 0, 2.5, 0, 0, 0, 2.5
 205431128, 0, 0, 0, 2.5, 0, 0, 0, 2.5
 205631048, 0, 0, 0, 2.5, 0, 0, 0, 2.5
 205830968, 0, 0, 0, 2.5, 0, 0, 0, 2.5
 206030888, 0, 0, 0, 2.5, 0, 0, 0, 2.5
 206230808, 0, 0, 0, 2.5, 0, 0, 0, 2.5
 206430728, 0, 0, 0, 2.5, 0, 0, 0, 2.5
 206631481, 0, 0, 0, 2.5, 0, 0, 0, 2.5
 206831401, 0, 0, 0, 2.5, 0, 0, 0, 2.5
 207031321, 0, 0, 0, 2.5, 0, 0, 0, 2.5
 207231241, 0, 0, 0, 2.5, 0, 0, 0, 2.5
 207431161, 0, 0, 0, 2.5, 0, 0, 0, 2.5
 207631081, 0, 0, 0, 2.5, 0, 0, 0, 2.5
 207831001, 0, 0, 0, 2.5, 0, 0, 0, 2.5
 208030921, 0, 0, 0, 2.5, 0, 0, 0, 2.5
 208230841, 0, 0, 0, 2.5, 0, 0, 0, 2.5
 208430761, 0, 0, 0, 2.5, 0, 0, 0, 2.5
 208630681, 0, 0, 0, 2.5, 0, 0, 0, 2.5
 208831434, 0, 0, 0, 2.5, 0, 0, 0, 2.5
 209031354, 0, 0, 0, 2.5, 0, 0, 0, 2.5
 209231274, 0, 0, 0, 2.5, 0, 0, 0, 2.5
 209431194, 0, 0, 0, 2.5, 0, 0, 0, 2.5
 209631114, 0, 0, 0, 2.5, 0, 0, 0, 2.5
 209831034, 0, 0, 0, 2.5, 0, 0, 0, 2.5
 210030954, 0, 0, 0, 2.5, 0, 0, 0, 2.5
 210230874, 0, 0, 0, 2.5, 0, 0, 0, 2.5
 210430794, 0, 0, 0, 2.5, 0, 0, 0, 2.5
 210630714, 0, 0, 0, 2.5, 0, 0, 0, 2.5
 210831467, 0, 0, 0, 2.5, 0, 0, 0, 2.5
 211031387, 0, 0, 0, 2.5, 0, 0, 0, 2.5
 211231307, 0, 0, 0, 2.5, 0, 0, 0, 2.5
 211431227, 0, 0, 0, 2.5, 0, 0, 0, 2.5
 211631147, 0, 0, 0, 2.5, 0, 0, 0, 2.5
 211831067, 0, 0, 0, 2.5, 0, 0, 0, 2.5
 212030987, 0, 0, 0, 2.5, 0, 0, 0, 2.5
 212230907, 0, 0, 0, 2.5, 0, 0, 0, 2.5
 212430827, 0, 0, 0, 2.5, 0, 0, 0, 2.5
 212630747, 0, 0, 0, 2.5, 0, 0, 0, 2.5
 212830667, 0, 0, 0, 2.5, 0, 0, 0, 2.5
 213031420, 0, 0, 0, 2.5, 0, 0, 0, 2.5
 213231340, 0, 0, 0, 2.5, 0, 0, 0, 2.5
 213431260, 0, 0, 0, 2.5, 0, 0, 0, 2.5
 213631180, 0, 0, 0, 2.5, 0, 0, 0, 2.5
 213831100, 0, 0, 0, 2.5, 0, 0, 0, 2.5
 214031020, 0, 0, 0, 2.5, 0, 0, 0, 2.5
 214230940, 0, 0, 0, 2.5, 0, 0, 0, 2.5
 214430860, 0, 0, 0, 2.5, 0, 0, 0, 2.5
 214630780, 0, 0, 0, 2.5, 0, 0, 0, 2.5
 214830700, 0, 0, 0, 2.5, 0, 0, 0, 2.5
 215031453, 0, 0, 0, 2.5, 0, 0, 0, 2.5
 215231373, 0, 0, 0, 2.5, 0, 0, 0, 2.5
 215431293, 0, 0, 0, 2.5, 0, 0, 0, 2.5
 215631213, 0, 0, 0, 2.5, 0, 0, 0, 2.5
 215831133, 0, 0, 0, 2.5, 0, 0, 0, 2.5
 216031053, 0, 0, 0, 2.5, 0, 0, 0, 2.5
 216230973, 0, 0, 0, 2.5, 0, 0, 0, 2.5
 216430893, 0, 0, 0, 2.5, 0, 0, 0, 2.5
 216630813, 0, 0, 0, 2.5, 0, 0, 0, 2.5
 216830733, 0, 0, 0, 2.5, 0, 0, 0, 2.5
 217031486, 0, 0, 0, 2.5, 0, 0, 0, 2.5
 217231406, 0, 0, 0, 2.5, 0, 0, 0, 2.5
 217431326, 0, 0, 0, 2.5, 0, 0, 0, 2.5
 217631246, 0, 0, 0, 2.5, 0, 0, 0, 2.5
 217831166, 0, 0, 0, 2.5, 0, 0, 0, 2.5
 218031086, 0, 0, 0, 2.5, 0, 0, 0, 2.5
 218231006, 0, 0, 0, 2.5, 0, 0, 0, 2.5
 218430926, 0, 0, 0, 2.5, 0, 0, 0, 2.5
 218630846, 0, 0, 0, 2.5, 0, 0, 0, 2.5
 218830766, 0, 0, 0, 2.5, 0, 0, 0, 2.5
 219030686, 0, 0, 0, 2.5, 0, 0, 0, 2.5
 219231439, 0, 0, 0, 2.5, 0, 0, 0, 2.5
 219431359, 0, 0, 0, 2.5, 0, 0, 0, 2.5
 219631279, 0, 0, 0, 2.5, 0, 0, 0, 2.5
 219831199, 0, 0, 0, 2.5, 0, 0, 0, 2.5
 220031119, 0, 0, 0, 2.5, 0, 0, 0, 2.5
 220231039, 0, 0, 0, 2.5, 0, 0, 0, 2.5
 220430959, 0, 0, 0, 2.5, 0, 0, 0, 2.5
 220630879, 0, 0, 0, 2.5, 0, 0, 0, 2.5
 220830799, 0, 0, 0, 2.5, 0, 0, 0, 2.5
 221030719, 0, 0, 0, 2.5, 0, 0, 0, 2.5
 221231472, 0, 0, 0, 2.5, 0, 0, 0, 2.5
 221431392, 0, 0, 0, 2.5, 0, 0, 0, 2.5
 221631312, 0, 0, 0, 2.5, 0, 0, 0, 2.5
 221831232, 0, 0, 0, 2.5, 0, 0, 0, 2.5
 222031152, 0, 0, 0, 2.5, 0, 0, 0, 2.5
 222231072, 0, 0, 0, 2.5, 0, 0, 0, 2.5
 222430992, 0, 0, 0, 2.5, 0, 0, 0, 2.5
 222630912, 0, 0, 0, 2.5, 0, 0, 0, 2.5
 222830832, 0, 0, 0, 2.5, 0, 0, 0, 2.5
 223030752, 0, 0, 0, 2.5, 0, 0, 0, 2.5
 223230672, 0, 0, 0, 2.5, 0, 0, 0, 2.5
 223431425, 0, 0, 0, 2.5, 0, 0, 0, 2.5
 223631345, 0, 0, 0, 2.5, 0, 0, 0, 2.5
 223831265, 0, 0, 0, 2.5, 0, 0, 0, 2.5
 224031185, 0, 0, 0, 2.5, 0, 0, 0, 2.5
 224231105, 0, 0, 0, 2.5, 0, 0, 0, 2.5
 224431025, 0, 0, 0, 2.5, 0, 0, 0, 2.5
 224630945, 0, 0, 0, 2.5, 0, 0, 0, 2.5
 224830865, 0, 0, 0, 2.5, 0, 0, 0, 2.5
 225030785, 0, 0, 0, 2.5, 0, 0, 0, 2.5
 225230705, 0, 0, 0, 2.5, 0, 0, 0, 2.5
 225431458, 0, 0, 0, 2.5, 0, 0, 0, 2.5
 225631378, 0, 0, 0, 2.5, 0, 0, 0, 2.5
 225831298, 0, 0, 0, 2.5, 0, 0, 0, 2.5
 226031218, 0, 0, 0, 2.5, 0, 0, 0, 2.5
 226231138, 0, 0, 0, 2.5, 0, 0, 0, 2.5
 226431058, 0, 0, 0, 2.5, 0, 0, 0, 2.5
 226630978, 0, 0, 0, 2.5, 0, 0, 0, 2.5
 226830898, 0, 0, 0, 2.5, 0, 0, 0, 2.5
 227030818, 0, 0, 0, 2.5, 0, 0, 0, 2.5
 227230738, 0, 0, 0, 2.5, 0, 0, 0, 2.5
 227430658, 0, 0, 0, 2.5, 0, 0, 0, 2.5
 227631411, 0, 0, 0, 2.5, 0, 0, 0, 2.5
 227831331, 0, 0, 0, 2.5, 0, 0, 0, 2.5
 228031251, 0, 0, 0, 2.5, 0, 0, 0, 2.5
 228231171, 0, 0, 0, 2.5, 0, 0, 0, 2.5
 228431091, 0, 0, 0, 2.5, 0, 0, 0, 2.5
 228631011, 0, 0, 0, 2.5, 0, 0, 0, 2.5
 228830931, 0, 0, 0, 2.5, 0, 0, 0, 2.5
 229030851, 0, 0, 0, 2.5, 0, 0, 0, 2.5
 229230771, 0, 0, 0, 2.5, 0, 0, 0, 2.5
 229430691, 0, 0, 0, 2.5, 0, 0, 0, 2.5
 229631444, 0, 0, 0, 2.5, 0, 0, 0, 2.5
 229831364, 0, 0, 0, 2.5, 0, 0, 0, 2.5
 230031284, 0, 0, 0, 2.5, 0, 0, 0, 2.5
 230231204, 0, 0, 0, 2.5, 0, 0, 0, 2.5
 230431124, 0, 0, 0, 2.5, 0, 0, 0, 2.5
 230631044, 0, 0, 0, 2.5, 0, 0, 0, 2.5
 230830964, 0, 0, 0, 2.5, 0, 0, 0, 2.5
 231030884, 0, 0, 0, 2.5, 0, 0, 0, 2.5
 231230804, 0, 0, 0, 2.5, 0, 0, 0, 2.5
 231430724, 0, 0, 0, 2.5, 0, 0, 0, 2.5
 231631477, 0, 0, 0, 2.5, 0, 0, 0, 2.5
 231831397, 0, 0, 0, 2.5, 0, 0, 0, 2.5
 232031317, 0, 0, 0, 2.5, 0, 0, 0, 2.5
 232231237, 0, 0, 0, 2.5, 0, 0, 0, 2.5
 232431157, 0, 0, 0, 2.5, 0, 0, 0, 2.5
 232631077, 0, 0, 0, 2.5, 0, 0, 0, 2.5
 232830997, 0, 0, 0, 2.5, 0, 0, 0, 2.5
 233030917, 0, 0, 0, 2.5, 0, 0, 0, 2.5
 233230837, 0, 0, 0, 2.5, 0, 0, 0, 2.5
 233430757, 0, 0, 0, 2.5, 0, 0, 0, 2.5
 233630677, 0, 0, 0, 2.5, 0, 0, 0, 2.5
 233831430, 0, 0, 0, 2.5, 0, 0, 0, 2.5
 234031350, 0, 0, 0, 2.5, 0, 0, 0, 2.5
 234231270, 0, 0, 0, 2.5, 0, 0, 0, 2.5
 234431190, 0, 0, 0, 2.5, 0, 0, 0, 2.5
 234631110, 0, 0, 0, 2.5, 0, 0, 0, 2.5
 234831030, 0, 0, 0, 2.5, 0, 0, 0, 2.5
 235030950, 0, 0, 0, 2.5, 0, 0, 0, 2.5
 235230870, 0, 0, 0, 2.5, 0, 0, 0, 2.5
 235430790, 0, 0, 0, 2.5, 0, 0, 0, 2.5
 235630710, 0, 0, 0, 2.5, 0, 0, 0, 2.5
 235831463, 0, 0, 0, 2.5, 0, 0, 0, 2.5
 236031383, 0, 0, 0, 2.5, 0, 0, 0, 2.5
 236231303, 0, 0, 0, 2.5, 0, 0, 0, 2.5
 236431223, 0, 0, 0, 2.5, 0, 0, 0, 2.5
 236631143, 0, 0, 0, 2.5, 0, 0, 0, 2.5
 236831063, 0, 0, 0, 2.5, 0, 0, 0, 2.5
 237030983, 0, 0, 0, 2.5, 0, 0, 0, 2.5
 237230903, 0, 0, 0, 2.5, 0, 0, 0, 2.5
 237430823, 0, 0, 0, 2.5, 0, 0, 0, 2.5
 237630743, 0, 0, 0, 2.5, 0, 0, 0, 2.5
 237830663, 0, 0, 0, 2.5, 0, 0, 0, 2.5
 238031416, 0, 0, 0, 2.5, 0, 0, 0, 2.5
 238231336, 0, 0, 0, 2.5, 0, 0, 0, 2.5
 238431256, 0, 0, 0, 2.5, 0, 0, 0, 2.5
 238631176, 0, 0, 0, 2.5, 0, 0, 0, 2.5
 238831096, 0, 0, 0, 2.5, 0, 0, 0, 2.5
 239031016, 0, 0, 0, 2.5, 0, 0, 0, 2.5
 239230936, 0, 0, 0, 2.5, 0, 0, 0, 2.5
 239430856, 0, 0, 0, 2.5, 0, 0, 0, 2.5
 239630776, 0, 0, 0, 2.5, 0, 0, 0, 2.5
 239830696, 0, 0, 0, 2.5, 0, 0, 0, 2.5
 240031449, 0, 0, 0, 2.5, 0, 0, 0, 2.5
 240231369, 0, 0, 0, 2.5, 0, 0, 0, 2.5
 240431289, 0, 0, 0, 2.5, 0, 0, 0, 2.5
 240631209, 0, 0, 0, 2.5, 0, 0, 0, 2.5
 240831129, 0, 0, 0, 2.5, 0, 0, 0, 2.5
 241031049, 0, 0, 0, 2.5, 0, 0, 0, 2.5
 241230969, 0, 0, 0, 2.5, 0, 0, 0, 2.5
 241430889, 0, 0, 0, 2.5, 0, 0, 0, 2.5
 241630809, 0, 0, 0, 2.5, 0, 0, 0, 2.5
 241830729, 0, 0, 0, 2.5, 0, 0, 0, 2.5
 242031482, 0, 0, 0, 2.5, 0, 0, 0, 2.5
 242231402, 0, 0, 0, 2.5, 0, 0, 0, 2.5
 242431322, 0, 0, 0, 2.5, 0, 0, 0, 2.5
 242631242, 0, 0, 0, 2.5, 0, 0, 0, 2.5
 242831162, 0, 0, 0, 2.5, 0, 0, 0, 2.5
 243031082, 0, 0, 0, 2.5, 0, 0, 0, 2.5
 243231002, 0, 0, 0, 2.5, 0, 0, 0, 2.5
 243430922, 0, 0, 0, 2.5, 0, 0, 0, 2.5
 243630842, 0, 0, 0, 2.5, 0, 0, 0, 2.5
 243830762, 0, 0, 0, 2.5, 0, 0, 0, 2.5
 244030682, 0, 0, 0, 2.5, 0, 0, 0, 2.5
 244231435, 0, 0, 0, 2.5, 0, 0, 0, 2.5
 244431355, 0, 0, 0, 2.5, 0, 0, 0, 2.5
 244631275, 0, 0, 0, 2.5, 0, 0, 0, 2.5
 244831195, 0, 0, 0, 2.5, 0, 0, 0, 2.5
 245031115, 0, 0, 0, 2.5, 0, 0, 0, 2.5
 245231035, 0, 0, 0, 2.5, 0, 0, 0, 2.5
 245430955, 0, 0, 0, 2.5, 0, 0, 0, 2.5
 245630875, 0, 0, 0, 2.5, 0, 0, 0, 2.5
 245830795, 0, 0, 0, 2.5, 0, 0, 0, 2.5
 246030715, 0, 0, 0, 2.5, 0, 0, 0, 2.5
 246231468, 0, 0, 0, 2.5, 0, 0, 0, 2.5
 246431388, 0, 0, 0, 2.5, 0, 0, 0, 2.5
 246631308, 0, 0, 0, 2.5, 0, 0, 0, 2.5
 246831228, 0, 0, 0, 2.5, 0, 0, 0, 2.5
 247031148, 0, 0, 0, 2.5, 0, 0, 0, 2.5
 247231068, 0, 0, 0, 2.5, 0, 0, 0, 2.5
 247430988, 0, 0, 0, 2.5, 0, 0, 0, 2.5
 247630908, 0, 0, -0.014, 2.5, 0, 0, 0, 2.5
 247830828, 0, 0, -0.311, 2.5, 0, 0, -0.014, 2.5
 248030748, 0, 0, -0.244, 2.5, 0, 0, -0.311, 2.5
 248230668, 0, 0, -0.373, 2.5, 0, 0, -0.244, 2.5
 248431421, -0.007, -0.007, -1.687, 2.5, 0, 0, -0.373, 2.5
 248631341, -0.022, -0.023, -2.111, 2.5, -0.007, -0.007, -1.687, 2.5
 248831261, -0.039, -0.041, -2.235, 2.5, -0.022, -0.023, -2.111, 2.5
 249031181, -0.056, -0.056, -2.473, 2.5, -0.039, -0.041, -2.235, 2.5
 249231101, -0.071, -0.068, -2.699, 2.5, -0.056, -0.056, -2.473, 2.5
 249431021, -0.083, -0.078, -2.878, 2.5, -0.071, -0.068, -2.699, 2.5
 249630941, -0.093, -0.087, -3.035, 2.5, -0.083, -0.078, -2.878, 2.5
 249830861, -0.102, -0.094, -3.177, 2.5, -0.093, -0.087, -3.035, 2.5
 250030781, -0.108, -0.09900001, -3.3, 2.5, -0.102, -0.094, -3.177, 2.5
 250230701, -0.112, -0.104, -3.408, 2.5, -0.108, -0.09900001, -3.3, 2.5
 250431454, -0.116, -0.108, -3.502, 2.5, -0.112, -0.104, -3.408, 2.5
 250631374, -0.118, -0.112, -3.585, 2.5, -0.116, -0.108, -3.502, 2.5
 250831294, -0.12, -0.115, -3.657, 2.5, -0.118, -0.112, -3.585, 2.5
 251031214, -0.122, -0.119, -3.72, 2.5, -0.12, -0.115, -3.657, 2.5
 251231134, -0.125, -0.122, -3.777, 2.5, -0.122, -0.119, -3.72, 2.5
 251431054, -0.128, -0.125, -3.826, 2.5, -0.125, -0.122, -3.777, 2.5
 251630974, -0.127, -0.126, -3.499, 2.5, -0.128, -0.125, -3.826, 2.5
 251830894, -0.125, -0.125, -2.97, 2.5, -0.127, -0.126, -3.499, 2.5
 252030814, -0.123, -0.125, -2.509, 2.5, -0.125, -0.125, -2.97, 2.5
 252230734, -0.121, -0.125, -2.104, 2.5, -0.123, -0.125, -2.509, 2.5
 252430654, -0.119, -0.124, -1.748, 2.5, -0.121, -0.125, -2.104, 2.5
 252631407, -0.117, -0.123, -1.436, 2.5, -0.119, -0.124, -1.748, 2.5
 252831327, -0.115, -0.122, -1.163, 2.5, -0.117, -0.123, -1.436, 2.5
 253031247, -0.114, -0.12, -0.923, 2.5, -0.115, -0.122, -1.163, 2.5
 253231167, -0.112, -0.119, -0.711, 2.5, -0.114, -0.12, -0.923, 2.5
 253431087, -0.111, -0.118, -0.536, 2.5, -0.112, -0.119, -0.711, 2.5
 253631007, -0.123, -0.132, -0.392, 2.5, -0.111, -0.118, -0.536, 2.5
 253830927, -0.159, -0.159, -0.287, 2.5, -0.123, -0.132, -0.392, 2.5
 254030847, -0.213, -0.158, -0.213, 2.5, -0.159, -0.159, -0.287, 2.5
 254230767, -0.287, -0.122, -0.163, 2.5, -0.213, -0.158, -0.213, 2.5
 254430687, -0.384, -0.066, -0.131, 2.5, -0.287, -0.122, -0.163, 2.5
 254631440, -0.502, -0.011, -0.111, 2.5, -0.384, -0.066, -0.131, 2.5
 254831360, -0.622, 0.027, -0.098, 2.5, -0.502, -0.011, -0.111, 2.5
 255031280, -0.737, 0.048, -0.087, 2.5, -0.622, 0.027, -0.098, 2.5
 255231200, -0.864, 0.056, -0.079, 2.5, -0.737, 0.048, -0.087, 2.5
 255431120, -1.009, 0.066, -0.072, 2.5, -0.864, 0.056, -0.079, 2.5
 255631040, -1.165, 0.079, -0.062, 2.5, -1.009, 0.066, -0.072, 2.5
 255830960, -1.344, 0.055, -0.053, 2.5, -1.165, 0.079, -0.062, 2.5
 256030880, -1.523, -0.007, -0.048, 2.5, -1.344, 0.055, -0.053, 2.5
 256230800, -1.668, -0.068, -0.046, 2.5, -1.523, -0.007, -0.048, 2.5
 256430720, -1.794, -0.109, -0.045, 2.5, -1.668, -0.068, -0.046, 2.5
 256631473, -1.919, -0.159, -0.043, 2.5, -1.794, -0.109, -0.045, 2.5
 256831393, -2.04, -0.243, -0.042, 2.5, -1.919, -0.159, -0.043, 2.5
 257031313, -2.159, -0.322, -0.044, 2.5, -2.04, -0.243, -0.042, 2.5
 257231233, -2.284, -0.363, -0.043, 2.5, -2.159, -0.322, -0.044, 2.5
 257431153, -2.408, -0.391, -0.046, 2.5, -2.284, -0.363, -0.043, 2.5
 257631073, -2.507, -0.434, -0.05, 2.5, -2.408, -0.391, -0.046, 2.5
 257830993, -2.574, -0.491, -0.053, 2.5, -2.507, -0.434, -0.05, 2.5
 258030913, -2.628, -0.548, -0.055, 2.5, -2.574, -0.491, -0.053, 2.5
 258230833, -2.692, -0.631, -0.056, 2.5, -2.628, -0.548, -0.055, 2.5
 258430753, -2.77, -0.734, -0.054, 2.5, -2.692, -0.631, -0.056, 2.5
 258630673, -2.856, -0.836, -0.056, 2.5, -2.77, -0.734, -0.054, 2.5
 258831426, -2.93, -0.924, -0.061, 2.5, -2.856, -0.836, -0.056, 2.5
 259031346, -2.98, -1.005, -0.06500001, 2.5, -2.93, -0.924, -0.061, 2.5
 259231266, -3.009, -1.09, -0.066, 2.5, -2.98, -1.005, -0.06500001, 2.5
 259431186, -3.041, -1.178, -0.06500001, 2.5, -3.009, -1.09, -0.066, 2.5
 259631106, -3.083, -1.262, -0.066, 2.5, -3.041, -1.178, -0.06500001, 2.5
 259831026, -3.106, -1.356, -0.07, 2.5, -3.083, -1.262, -0.066, 2.5
 260030946, -3.108, -1.466, -0.071, 2.5, -3.106, -1.356, -0.07, 2.5
 260230866, -3.104, -1.573, -0.071, 2.5, -3.108, -1.466, -0.071, 2.5
 260430786, -3.1, -1.662, -0.07300001, 2.5, -3.104, -1.573, -0.071, 2.5
 260630706, -3.091, -1.741, -0.075, 2.5, -3.1, -1.662, -0.07300001, 2.5
 260831459, -3.079, -1.817, -0.07600001, 2.5, -3.091, -1.741, -0.075, 2.5
 261031379, -3.076, -1.881, -0.07700001, 2.5, -3.079, -1.817, -0.07600001, 2.5
 261231299, -3.066, -1.946, -0.079, 2.5, -3.076, -1.881, -0.07700001, 2.5
 261431219, -3.033, -2.03, -0.081, 2.5, -3.066, -1.946, -0.079, 2.5
 261631139, -2.987, -2.124, -0.082, 2.5, -3.033, -2.03, -0.081, 2.5
 261831059, -2.949, -2.215, -0.082, 2.5, -2.987, -2.124, -0.082, 2.5
 262030979, -2.912, -2.313, -0.083, 2.5, -2.949, -2.215, -0.082, 2.5
 262230899, -2.877, -2.415, -0.08000001, 2.5, -2.912, -2.313, -0.083, 2.5
 262430819, -2.858, -2.498, -0.08000001, 2.5, -2.877, -2.415, -0.08000001, 2.5
 262630739, -2.844, -2.562, -0.078, 2.5, -2.858, -2.498, -0.08000001, 2.5
 262830659, -2.8, -2.624, -0.07600001, 2.5, -2.844, -2.562, -0.078, 2.5
 263031412, -2.722, -2.691, -0.07, 2.5, -2.8, -2.624, -0.07600001, 2.5
 263231332, -2.633, -2.766, -0.063, 2.5, -2.722, -2.691, -0.07, 2.5
 263431252, -2.549, -2.842, -0.055, 2.5, -2.633, -2.766, -0.063, 2.5
 263631172, -2.477, -2.907, -0.047, 2.5, -2.549, -2.842, -0.055, 2.5
 263831092, -2.408, -2.975, -0.04, 2.5, -2.477, -2.907, -0.047, 2.5
 264031012, -2.327, -3.043, -0.031, 2.5, -2.408, -2.975, -0.04, 2.5
 264230932, -2.236, -3.107, -0.025, 2.5, -2.327, -3.043, -0.031, 2.5
 264430852, -2.148, -3.164, -0.023, 2.5, -2.236, -3.107, -0.025, 2.5
 264630772, -2.072, -3.212, -0.018, 2.5, -2.148, -3.164, -0.023, 2.5
 264830692, -1.992, -3.261, -0.012, 2.5, -2.072, -3.212, -0.018, 2.5
 265031445, -1.907, -3.313, -0.007, 2.5, -1.992, -3.261, -0.012, 2.5
 265231365, -1.83, -3.365, -0.005, 2.5, -1.907, -3.313, -0.007, 2.5
 265431285, -1.75, -3.415, -0.003, 2.5, -1.83, -3.365, -0.005, 2.5
 265631205, -1.655, -3.463, -0.003, 2.5, -1.75, -3.415, -0.003, 2.5
 265831125, -1.559, -3.507, -0.002, 2.5, -1.655, -3.463, -0.003, 2.5
 266031045, -1.486, -3.549, -0.004, 2.5, -1.559, -3.507, -0.002, 2.5
 266230965, -1.435, -3.583, -0.006, 2.5, -1.486, -3.549, -0.004, 2.5
 266430885, -1.388, -3.615, -0.008, 2.5, -1.435, -3.583, -0.006, 2.5
 266630805, -1.32, -3.647, -0.009000001, 2.5, -1.388, -3.615, -0.008, 2.5
 266830725, -1.235, -3.671, -0.007, 2.5, -1.32, -3.647, -0.009000001, 2.5
 267031478, -1.141, -3.694, -0.006, 2.5, -1.235, -3.671, -0.007, 2.5
 267231398, -1.039, -3.718, -0.002, 2.5, -1.141, -3.694, -0.006, 2.5
 267431318, -0.9300001, -3.738, 0.001, 2.5, -1.039, -3.718, -0.002, 2.5
 267631238, -0.821, -3.754, 0.002, 2.5, -0.9300001, -3.738, 0.001, 2.5
 267831158, -0.7270001, -3.771, 0, 2.5, -0.821, -3.754, 0.002, 2.5
 268031078, -0.65, -3.799, 0, 2.5, -0.7270001, -3.771, 0, 2.5
 268230998, -0.578, -3.84, -0.001, 2.5, -0.65, -3.799, 0, 2.5
 268430918, -0.487, -3.879, -0.003, 2.5, -0.578, -3.84, -0.001, 2.5
 268630838, -0.382, -3.906, -0.007, 2.5, -0.487, -3.879, -0.003, 2.5
 268830758, -0.289, -3.913, -0.011, 2.5, -0.382, -3.906, -0.007, 2.5
 269030678, -0.203, -3.899, -0.016, 2.5, -0.289, -3.913, -0.011, 2.5
 269231431, -0.107, -3.881, -0.019, 2.5, -0.203, -3.899, -0.016, 2.5
 269431351, -0.006, -3.862, -0.021, 2.5, -0.107, -3.881, -0.019, 2.5
 269631271, 0.079, -3.838, -0.022, 2.5, -0.006, -3.862, -0.021, 2.5
 269831191, 0.156, -3.814, -0.02, 2.5, 0.079, -3.838, -0.022, 2.5
 270031111, 0.266, -3.792, -0.018, 2.5, 0.156, -3.814, -0.02, 2.5
 270231031, 0.411, -3.767, -0.017, 2.5, 0.266, -3.792, -0.018, 2.5
 270430951, 0.553, -3.73, -0.018, 2.5, 0.411, -3.767, -0.017, 2.5
 270630871, 0.682, -3.681, -0.019, 2.5, 0.553, -3.73, -0.018, 2.5
 270830791, 0.808, -3.641, -0.019, 2.5, 0.682, -3.681, -0.019, 2.5
 271030711, 0.936, -3.62, -0.016, 2.5, 0.808, -3.641, -0.019, 2.5
 271231464, 1.049, -3.604, -0.014, 2.5, 0.936, -3.62, -0.016, 2.5
 271431384, 1.138, -3.579, -0.01, 2.5, 1.049, -3.604, -0.014, 2.5
 271631304, 1.22, -3.55, -0.009000001, 2.5, 1.138, -3.579, -0.01, 2.5
 271831224, 1.318, -3.528, -0.006, 2.5, 1.22, -3.55, -0.009000001, 2.5
 272031144, 1.416, -3.507, -0.005, 2.5, 1.318, -3.528, -0.006, 2.5
 272231064, 1.503, -3.48, -0.005, 2.5, 1.416, -3.507, -0.005, 2.5
 272430984, 1.591, -3.447, -0.004, 2.5, 1.503, -3.48, -0.005, 2.5
 272630904, 1.69, -3.405, -0.002, 2.5, 1.591, -3.447, -0.004, 2.5
 272830824, 1.785, -3.359, -0.003, 2.5, 1.69, -3.405, -0.002, 2.5
 273030744, 1.863, -3.311, -0.003, 2.5, 1.785, -3.359, -0.003, 2.5
 273230664, 1.937, -3.261, -0.003, 2.5, 1.863, -3.311, -0.003, 2.5
 273431417, 2.022, -3.204, 0, 2.5, 1.937, -3.261, -0.003, 2.5
 273631337, 2.113, -3.141, 0.001, 2.5, 2.022, -3.204, 0, 2.5
 273831257, 2.208, -3.062, 0.002, 2.5, 2.113, -3.141, 0.001, 2.5
 274031177, 2.305, -2.977, 0.004, 2.5, 2.208, -3.062, 0.002, 2.5
 274231097, 2.4, -2.905, 0.005, 2.5, 2.305, -2.977, 0.004, 2.5
 274431017, 2.494, -2.834, 0.005, 2.5, 2.4, -2.905, 0.005, 2.5
 274630937, 2.594, -2.769, 0.004, 2.5, 2.494, -2.834, 0.005, 2.5
 274830857, 2.688, -2.708, 0.004, 2.5, 2.594, -2.769, 0.004, 2.5
 275030777, 2.758, -2.653, 0.003, 2.5, 2.688, -2.708, 0.004, 2.5
 275230697, 2.814, -2.603, 0.002, 2.5, 2.758, -2.653, 0.003, 2.5
 275431450, 2.865, -2.557, 0, 2.5, 2.814, -2.603, 0.002, 2.5
 275631370, 2.905, -2.511, -0.001, 2.5, 2.865, -2.557, 0, 2.5
 275831290, 2.946, -2.455, -0.002, 2.5, 2.905, -2.511, -0.001, 2.5
 276031210, 2.999, -2.394, -0.003, 2.5, 2.946, -2.455, -0.002, 2.5
 276231130, 3.05, -2.337, -0.001, 2.5, 2.999, -2.394, -0.003, 2.5
 276431050, 3.09, -2.274, 0, 2.5, 3.05, -2.337, -0.001, 2.5
 276630970, 3.131, -2.196, 0.001, 2.5, 3.09, -2.274, 0, 2.5
 276830890, 3.175, -2.111, 0.004, 2.5, 3.131, -2.196, 0.001, 2.5
 277030810, 3.216, -2.02, 0.007, 2.5, 3.175, -2.111, 0.004, 2.5
 277230730, 3.27, -1.913, 0.013, 2.5, 3.216, -2.02, 0.007, 2.5
 277431483, 3.333, -1.793, 0.023, 2.5, 3.27, -1.913, 0.013, 2.5
 277631403, 3.402, -1.681, 0.033, 2.5, 3.333, -1.793, 0.023, 2.5
 277831323, 3.476, -1.589, 0.043, 2.5, 3.402, -1.681, 0.033, 2.5
 278031243, 3.548, -1.509, 0.051, 2.5, 3.476, -1.589, 0.043, 2.5
 278231163, 3.609, -1.413, 0.057, 2.5, 3.548, -1.509, 0.051, 2.5
 278431083, 3.652, -1.307, 0.063, 2.5, 3.609, -1.413, 0.057, 2.5
 278631003, 3.683, -1.198, 0.071, 2.5, 3.652, -1.307, 0.063, 2.5
 278830923, 3.714, -1.093, 0.078, 2.5, 3.683, -1.198, 0.071, 2.5
 279030843, 3.743, -0.997, 0.086, 2.5, 3.714, -1.093, 0.078, 2.5
 279230763, 3.767, -0.901, 0.094, 2.5, 3.743, -0.997, 0.086, 2.5
 279430683, 3.788, -0.809, 0.101, 2.5, 3.767, -0.901, 0.094, 2.5
 279631436, 3.807, -0.735, 0.104, 2.5, 3.788, -0.809, 0.101, 2.5
 279831356, 3.808, -0.669, 0.107, 2.5, 3.807, -0.735, 0.104, 2.5
 280031276, 3.797, -0.574, 0.11, 2.5, 3.808, -0.669, 0.107, 2.5
 280231196, 3.789, -0.451, 0.116, 2.5, 3.797, -0.574, 0.11, 2.5
 280431116, 3.786, -0.323, 0.121, 2.5, 3.789, -0.451, 0.116, 2.5
 280631036, 3.794, -0.203, 0.124, 2.5, 3.786, -0.323, 0.121, 2.5
 280830956, 3.813, -0.082, 0.128, 2.5, 3.794, -0.203, 0.124, 2.5
 281030876, 3.834, 0.034, 0.132, 2.5, 3.813, -0.082, 0.128, 2.5
 281230796, 3.846, 0.125, 0.133, 2.5, 3.834, 0.034, 0.132, 2.5
 281430716, 3.847, 0.189, 0.134, 2.5, 3.846, 0.125, 0.133, 2.5
 281631469, 3.838, 0.253, 0.136, 2.5, 3.847, 0.189, 0.134, 2.5
 281831389, 3.819, 0.332, 0.135, 2.5, 3.838, 0.253, 0.136, 2.5
 282031309, 3.806, 0.415, 0.134, 2.5, 3.819, 0.332, 0.135, 2.5
 282231229, 3.805, 0.487, 0.135, 2.5, 3.806, 0.415, 0.134, 2.5
 282431149, 3.803, 0.55, 0.136, 2.5, 3.805, 0.487, 0.135, 2.5
 282631069, 3.788, 0.6300001, 0.137, 2.5, 3.803, 0.55, 0.136, 2.5
 282830989, 3.782, 0.725, 0.139, 2.5, 3.788, 0.6300001, 0.137, 2.5
 283030909, 3.797, 0.803, 0.141, 2.5, 3.782, 0.725, 0.139, 2.5
 283230829, 3.815, 0.873, 0.14, 2.5, 3.797, 0.803, 0.141, 2.5
 283430749, 3.812, 0.9540001, 0.137, 2.5, 3.815, 0.873, 0.14, 2.5
 283630669, 3.782, 1.048, 0.136, 2.5, 3.812, 0.9540001, 0.137, 2.5
 283831422, 3.742, 1.162, 0.135, 2.5, 3.782, 1.048, 0.136, 2.5
 284031342, 3.708, 1.28, 0.136, 2.5, 3.742, 1.162, 0.135, 2.5
 284231262, 3.678, 1.387, 0.138, 2.5, 3.708, 1.28, 0.136, 2.5
 284431182, 3.642, 1.491, 0.141, 2.5, 3.678, 1.387, 0.138, 2.5
 284631102, 3.596, 1.593, 0.142, 2.5, 3.642, 1.491, 0.141, 2.5
 284831022, 3.546, 1.693, 0.141, 2.5, 3.596, 1.593, 0.142, 2.5
 285030942, 3.5, 1.791, 0.14, 2.5, 3.546, 1.693, 0.141, 2.5
 285230862, 3.45, 1.873, 0.137, 2.5, 3.5, 1.791, 0.14, 2.5
 285430782, 3.382, 1.946, 0.136, 2.5, 3.45, 1.873, 0.137, 2.5
 285630702, 3.311, 2.02, 0.134, 2.5, 3.382, 1.946, 0.136, 2.5
 285831455, 3.245, 2.098, 0.131, 2.5, 3.311, 2.02, 0.134, 2.5
 286031375, 3.177, 2.172, 0.128, 2.5, 3.245, 2.098, 0.131, 2.5
 286231295, 3.111, 2.239, 0.126, 2.5, 3.177, 2.172, 0.128, 2.5
 286431215, 3.057, 2.298, 0.126, 2.5, 3.111, 2.239, 0.126, 2.5
 286631135, 3, 2.359, 0.125, 2.5, 3.057, 2.298, 0.126, 2.5
 286831055, 2.93, 2.436, 0.124, 2.5, 3, 2.359, 0.125, 2.5
 287030975, 2.856, 2.523, 0.122, 2.5, 2.93, 2.436, 0.124, 2.5
 287230895, 2.778, 2.609, 0.12, 2.5, 2.856, 2.523, 0.122, 2.5
 287430815, 2.692, 2.687, 0.118, 2.5, 2.778, 2.609, 0.12, 2.5
 287630735, 2.617, 2.754, 0.114, 2.5, 2.692, 2.687, 0.118, 2.5
 287830655, 2.552, 2.818, 0.11, 2.5, 2.617, 2.754, 0.114, 2.5
 288031408, 2.489, 2.882, 0.106, 2.5, 2.552, 2.818, 0.11, 2.5
 288231328, 2.429, 2.944, 0.102, 2.5, 2.489, 2.882, 0.106, 2.5
 288431248, 2.364, 3.002, 0.098, 2.5, 2.429, 2.944, 0.102, 2.5
 288631168, 2.279, 3.058, 0.096, 2.5, 2.364, 3.002, 0.098, 2.5
 288831088, 2.177, 3.115, 0.093, 2.5, 2.279, 3.058, 0.096, 2.5
 289031008, 2.073, 3.164, 0.09, 2.5, 2.177, 3.115, 0.093, 2.5
 289230928, 1.995, 3.207, 0.089, 2.5, 2.073, 3.164, 0.09, 2.5
 289430848, 1.937, 3.246, 0.085, 2.5, 1.995, 3.207, 0.089, 2.5
 289630768, 1.869, 3.281, 0.081, 2.5, 1.937, 3.246, 0.085, 2.5
 289830688, 1.779, 3.32, 0.075, 2.5, 1.869, 3.281, 0.081, 2.5
 290031441, 1.681, 3.363, 0.06900001, 2.5, 1.779, 3.32, 0.075, 2.5
 290231361, 1.59, 3.412, 0.064, 2.5, 1.681, 3.363, 0.06900001, 2.5
 290431281, 1.492, 3.476, 0.064, 2.5, 1.59, 3.412, 0.064, 2.5
 290631201, 1.382, 3.538, 0.062, 2.5, 1.492, 3.476, 0.064, 2.5
 290831121, 1.293, 3.573, 0.058, 2.5, 1.382, 3.538, 0.062, 2.5
 291031041, 1.22, 3.593, 0.055, 2.5, 1.293, 3.573, 0.058, 2.5
 291230961, 1.149, 3.618, 0.053, 2.5, 1.22, 3.593, 0.055, 2.5
 291430881, 1.081, 3.648, 0.051, 2.5, 1.149, 3.618, 0.053, 2.5
 291630801, 1.008, 3.674, 0.046, 2.5, 1.081, 3.648, 0.051, 2.5
 291830721, 0.9310001, 3.689, 0.038, 2.5, 1.008, 3.674, 0.046, 2.5
 292031474, 0.854, 3.694, 0.034, 2.5, 0.9310001, 3.689, 0.038, 2.5
 292231394, 0.762, 3.705, 0.03, 2.5, 0.854, 3.694, 0.034, 2.5
 292431314, 0.6440001, 3.718, 0.026, 2.5, 0.762, 3.705, 0.03, 2.5
 292631234, 0.526, 3.739, 0.024, 2.5, 0.6440001, 3.718, 0.026, 2.5
 292831154, 0.416, 3.772, 0.022, 2.5, 0.526, 3.739, 0.024, 2.5
 293031074, 0.308, 3.809, 0.018, 2.5, 0.416, 3.772, 0.022, 2.5
 293230994, 0.199, 3.832, 0.014, 2.5, 0.308, 3.809, 0.018, 2.5
 293430914, 0.106, 3.834, 0.01, 2.5, 0.199, 3.832, 0.014, 2.5
 293630834, 0.022, 3.83, 0.007, 2.5, 0.106, 3.834, 0.01, 2.5
 293830754, -0.074, 3.82, 0.004, 2.5, 0.022, 3.83, 0.007, 2.5
 294030674, -0.19, 3.807, 0, 2.5, -0.074, 3.82, 0.004, 2.5
 294231427, -0.311, 3.794, -0.007, 2.5, -0.19, 3.807, 0, 2.5
 294431347, -0.422, 3.787, -0.014, 2.5, -0.311, 3.794, -0.007, 2.5
 294631267, -0.511, 3.782, -0.022, 2.5, -0.422, 3.787, -0.014, 2.5
 294831187, -0.592, 3.774, -0.027, 2.5, -0.511, 3.782, -0.022, 2.5
 295031107, -0.6900001, 3.748, -0.029, 2.5, -0.592, 3.774, -0.027, 2.5
 295231027, -0.807, 3.71, -0.028, 2.5, -0.6900001, 3.748, -0.029, 2.5
 295430947, -0.929, 3.67, -0.027, 2.5, -0.807, 3.71, -0.028, 2.5
 295630867, -1.046, 3.624, -0.03, 2.5, -0.929, 3.67, -0.027, 2.5
 295830787, -1.159, 3.583, -0.033, 2.5, -1.046, 3.624, -0.03, 2.5
 296030707, -1.276, 3.549, -0.035, 2.5, -1.159, 3.583, -0.033, 2.5
 296231460, -1.404, 3.518, -0.036, 2.5, -1.276, 3.549, -0.035, 2.5
 296431380, -1.524, 3.49, -0.038, 2.5, -1.404, 3.518, -0.036, 2.5
 296631300, -1.624, 3.467, -0.039, 2.5, -1.524, 3.49, -0.038, 2.5
 296831220, -1.706, 3.444, -0.041, 2.5, -1.624, 3.467, -0.039, 2.5
 297031140, -1.776, 3.413, -0.047, 2.5, -1.706, 3.444, -0.041, 2.5
 297231060, -1.851, 3.36, -0.053, 2.5, -1.776, 3.413, -0.047, 2.5
 297430980, -1.937, 3.292, -0.06, 2.5, -1.851, 3.36, -0.053, 2.5
 297630900, -2.016, 3.236, -0.06500001, 2.5, -1.937, 3.292, -0.06, 2.5
 297830820, -2.08, 3.201, -0.07, 2.5, -2.016, 3.236, -0.06500001, 2.5
 298030740, -2.159, 3.147, -0.075, 2.5, -2.08, 3.201, -0.07, 2.5
 298230660, -2.237, 3.064, -0.07700001, 2.5, -2.159, 3.147, -0.075, 2.5
 298431413, -2.279, 2.993, -0.078, 2.5, -2.237, 3.064, -0.07700001, 2.5
 298631333, -2.293, 2.959, -0.07600001, 2.5, -2.279, 2.993, -0.078, 2.5
 298831253, -2.33, 2.932, -0.07300001, 2.5, -2.293, 2.959, -0.07600001, 2.5
 299031173, -2.411, 2.881, -0.072, 2.5, -2.33, 2.932, -0.07300001, 2.5
 299231093, -2.507, 2.812, -0.075, 2.5, -2.411, 2.881, -0.072, 2.5
 299431013, -2.594, 2.739, -0.079, 2.5, -2.507, 2.812, -0.075, 2.5
 299630933, -2.684, 2.672, -0.081, 2.5, -2.594, 2.739, -0.079, 2.5
 299830853, -2.786, 2.612, -0.082, 2.5, -2.684, 2.672, -0.081, 2.5
 300030773, -2.88, 2.554, -0.085, 2.5, -2.786, 2.612, -0.082, 2.5
 300230693, -2.95, 2.491, -0.08800001, 2.5, -2.88, 2.554, -0.085, 2.5
 300431446, -3.005, 2.428, -0.089, 2.5, -2.95, 2.491, -0.08800001, 2.5
 300631366, -3.064, 2.366, -0.08800001, 2.5, -3.005, 2.428, -0.089, 2.5
 300831286, -3.131, 2.3, -0.089, 2.5, -3.064, 2.366, -0.08800001, 2.5
 301031206, -3.198, 2.236, -0.09200001, 2.5, -3.131, 2.3, -0.089, 2.5
 301231126, -3.255, 2.173, -0.09500001, 2.5, -3.198, 2.236, -0.09200001, 2.5
 301431046, -3.303, 2.095, -0.097, 2.5, -3.255, 2.173, -0.09500001, 2.5
 301630966, -3.35, 1.992, -0.096, 2.5, -3.303, 2.095, -0.097, 2.5
 301830886, -3.393, 1.882, -0.097, 2.5, -3.35, 1.992, -0.096, 2.5
 302030806, -3.429, 1.78, -0.096, 2.5, -3.393, 1.882, -0.097, 2.5
 302230726, -3.46, 1.675, -0.09500001, 2.5, -3.429, 1.78, -0.096, 2.5
 302431479, -3.477, 1.548, -0.093, 2.5, -3.46, 1.675, -0.09500001, 2.5
 302631399, -3.487, 1.41, -0.09200001, 2.5, -3.477, 1.548, -0.093, 2.5
 302831319, -3.504, 1.289, -0.09100001, 2.5, -3.487, 1.41, -0.09200001, 2.5
 303031239, -3.523, 1.193, -0.09100001, 2.5, -3.504, 1.289, -0.09100001, 2.5
 303231159, -3.529, 1.105, -0.094, 2.5, -3.523, 1.193, -0.09100001, 2.5
 303431079, -3.523, 1.02, -0.09500001, 2.5, -3.529, 1.105, -0.094, 2.5
 303630999, -3.536, 0.936, -0.094, 2.5, -3.523, 1.02, -0.09500001, 2.5
 303830919, -3.57, 0.846, -0.09100001, 2.5, -3.536, 0.936, -0.094, 2.5
 304030839, -3.598, 0.7320001, -0.09, 2.5, -3.57, 0.846, -0.09100001, 2.5
 304230759, -3.617, 0.595, -0.089, 2.5, -3.598, 0.7320001, -0.09, 2.5
 304430679, -3.646, 0.464, -0.08800001, 2.5, -3.617, 0.595, -0.089, 2.5
 304631432, -3.692, 0.363, -0.08800001, 2.5, -3.646, 0.464, -0.08800001, 2.5
 304831352, -3.732, 0.282, -0.09200001, 2.5, -3.692, 0.363, -0.08800001, 2.5
 305031272, -3.744, 0.193, -0.097, 2.5, -3.732, 0.282, -0.09200001, 2.5
 305231192, -3.733, 0.081, -0.103, 2.5, -3.744, 0.193, -0.097, 2.5
 305431112, -3.722, -0.025, -0.106, 2.5, -3.733, 0.081, -0.103, 2.5
 305631032, -3.722, -0.118, -0.108, 2.5, -3.722, -0.025, -0.106, 2.5
 305830952, -3.721, -0.22, -0.106, 2.5, -3.722, -0.118, -0.108, 2.5
 306030872, -3.73, -0.333, -0.103, 2.5, -3.721, -0.22, -0.106, 2.5
 306230792, -3.743, -0.436, -0.103, 2.5, -3.73, -0.333, -0.103, 2.5
 306430712, -3.747, -0.524, -0.103, 2.5, -3.743, -0.436, -0.103, 2.5
 306631465, -3.735, -0.608, -0.101, 2.5, -3.747, -0.524, -0.103, 2.5
 306831385, -3.707, -0.698, -0.097, 2.5, -3.735, -0.608, -0.101, 2.5
 307031305, -3.682, -0.8010001, -0.09200001, 2.5, -3.707, -0.698, -0.097, 2.5
 307231225, -3.666, -0.904, -0.09100001, 2.5, -3.682, -0.8010001, -0.09200001, 2.5
 307431145, -3.651, -0.979, -0.09200001, 2.5, -3.666, -0.904, -0.09100001, 2.5
 307631065, -3.63, -1.037, -0.09500001, 2.5, -3.651, -0.979, -0.09200001, 2.5
 307830985, -3.609, -1.096, -0.09900001, 2.5, -3.63, -1.037, -0.09500001, 2.5
 308030905, -3.592, -1.151, -0.1, 2.5, -3.609, -1.096, -0.09900001, 2.5
 308230825, -3.583, -1.188, -0.09900001, 2.5, -3.592, -1.151, -0.1, 2.5
 308430745, -3.583, -1.218, -0.09900001, 2.5, -3.583, -1.188, -0.09900001, 2.5
 308630665, -3.59, -1.248, -0.1, 2.5, -3.583, -1.218, -0.09900001, 2.5
 308831418, -3.582, -1.301, -0.102, 2.5, -3.59, -1.248, -0.1, 2.5
 309031338, -3.551, -1.386, -0.104, 2.5, -3.582, -1.301, -0.102, 2.5
 309231258, -3.507, -1.485, -0.105, 2.5, -3.551, -1.386, -0.104, 2.5
 309431178, -3.462, -1.584, -0.105, 2.5, -3.507, -1.485, -0.105, 2.5
 309631098, -3.416, -1.681, -0.104, 2.5, -3.462, -1.584, -0.105, 2.5
 309831018, -3.353, -1.78, -0.103, 2.5, -3.416, -1.681, -0.104, 2.5
 310030938, -3.271, -1.884, -0.09900001, 2.5, -3.353, -1.78, -0.103, 2.5
 310230858, -3.189, -1.99, -0.096, 2.5, -3.271, -1.884, -0.09900001, 2.5
 310430778, -3.124, -2.08, -0.09500001, 2.5, -3.189, -1.99, -0.096, 2.5
 310630698, -3.079, -2.142, -0.094, 2.5, -3.124, -2.08, -0.09500001, 2.5
 310831451, -3.033, -2.198, -0.09200001, 2.5, -3.079, -2.142, -0.094, 2.5
 311031371, -2.974, -2.273, -0.087, 2.5, -3.033, -2.198, -0.09200001, 2.5
 311231291, -2.91, -2.363, -0.08400001, 2.5, -2.974, -2.273, -0.087, 2.5
 311431211, -2.86, -2.438, -0.08000001, 2.5, -2.91, -2.363, -0.08400001, 2.5
 311631131, -2.817, -2.487, -0.072, 2.5, -2.86, -2.438, -0.08000001, 2.5
 311831051, -2.751, -2.539, -0.064, 2.5, -2.817, -2.487, -0.072, 2.5
 312030971, -2.661, -2.6, -0.056, 2.5, -2.751, -2.539, -0.064, 2.5
 312230891, -2.564, -2.662, -0.046, 2.5, -2.661, -2.6, -0.056, 2.5
 312430811, -2.463, -2.732, -0.038, 2.5, -2.564, -2.662, -0.046, 2.5
 312630731, -2.372, -2.804, -0.035, 2.5, -2.463, -2.732, -0.038, 2.5
 312831484, -2.312, -2.857, -0.033, 2.5, -2.372, -2.804, -0.035, 2.5
 313031404, -2.274, -2.901, -0.03, 2.5, -2.312, -2.857, -0.033, 2.5
 313231324, -2.237, -2.958, -0.028, 2.5, -2.274, -2.901, -0.03, 2.5
 313431244, -2.178, -3.026, -0.027, 2.5, -2.237, -2.958, -0.028, 2.5
 313631164, -2.097, -3.087, -0.028, 2.5, -2.178, -3.026, -0.027, 2.5
 313831084, -2.013, -3.15, -0.026, 2.5, -2.097, -3.087, -0.028, 2.5
 314031004, -1.933, -3.231, -0.02, 2.5, -2.013, -3.15, -0.026, 2.5
 314230924, -1.855, -3.309, -0.013, 2.5, -1.933, -3.231, -0.02, 2.5
 314430844, -1.764, -3.373, -0.01, 2.5, -1.855, -3.309, -0.013, 2.5
 314630764, -1.653, -3.428, -0.006, 2.5, -1.764, -3.373, -0.01, 2.5
 314830684, -1.535, -3.483, -0.003, 2.5, -1.653, -3.428, -0.006, 2.5
 315031437, -1.415, -3.536, -0.001, 2.5, -1.535, -3.483, -0.003, 2.5
 315231357, -1.297, -3.583, 0, 2.5, -1.415, -3.536, -0.001, 2.5
 315431277, -1.188, -3.624, 0.001, 2.5, -1.297, -3.583, 0, 2.5
 315631197, -1.089, -3.662, 0.002, 2.5, -1.188, -3.624, 0.001, 2.5
 315831117, -0.9860001, -3.697, 0.001, 2.5, -1.089, -3.662, 0.002, 2.5
 316031037, -0.874, -3.728, 0, 2.5, -0.9860001, -3.697, 0.001, 2.5
 316230957, -0.7730001, -3.754, -0.002, 2.5, -0.874, -3.728, 0, 2.5
 316430877, -0.674, -3.778, -0.003, 2.5, -0.7730001, -3.754, -0.002, 2.5
 316630797, -0.56, -3.797, -0.004, 2.5, -0.674, -3.778, -0.003, 2.5
 316830717, -0.448, -3.806, -0.006, 2.5, -0.56, -3.797, -0.004, 2.5
 317031470, -0.36, -3.816, -0.012, 2.5, -0.448, -3.806, -0.006, 2.5
 317231390, -0.298, -3.824, -0.019, 2.5, -0.36, -3.816, -0.012, 2.5
 317431310, -0.235, -3.83, -0.024, 2.5, -0.298, -3.824, -0.019, 2.5
 317631230, -0.156, -3.836, -0.025, 2.5, -0.235, -3.83, -0.024, 2.5
 317831150, -0.072, -3.85, -0.023, 2.5, -0.156, -3.836, -0.025, 2.5
 318031070, -0.003, -3.872, -0.023, 2.5, -0.072, -3.85, -0.023, 2.5
 318230990, 0.057, -3.884, -0.022, 2.5, -0.003, -3.872, -0.023, 2.5
 318430910, 0.13, -3.878, -0.019, 2.5, 0.057, -3.884, -0.022, 2.5
 318630830, 0.238, -3.869, -0.013, 2.5, 0.13, -3.878, -0.019, 2.5
 318830750, 0.365, -3.868, -0.009000001, 2.5, 0.238, -3.869, -0.013, 2.5
 319030670, 0.483, -3.858, -0.005, 2.5, 0.365, -3.868, -0.009000001, 2.5
 319231423, 0.599, -3.836, -0.004, 2.5, 0.483, -3.858, -0.005, 2.5
 319431343, 0.723, -3.809, -0.003, 2.5, 0.599, -3.836, -0.004, 2.5
 319631263, 0.848, -3.789, -0.003, 2.5, 0.723, -3.809, -0.003, 2.5
 319831183, 0.966, -3.781, -0.002, 2.5, 0.848, -3.789, -0.003, 2.5
 320031103, 1.072, -3.777, -0.003, 2.5, 0.966, -3.781, -0.002, 2.5
 320231023, 1.168, -3.766, -0.004, 2.5, 1.072, -3.777, -0.003, 2.5
 320430943, 1.26, -3.743, -0.006, 2.5, 1.168, -3.766, -0.004, 2.5
 320630863, 1.351, -3.709, -0.009000001, 2.5, 1.26, -3.743, -0.006, 2.5
 320830783, 1.439, -3.66, -0.011, 2.5, 1.351, -3.709, -0.009000001, 2.5
 321030703, 1.522, -3.616, -0.01, 2.5, 1.439, -3.66, -0.011, 2.5
 321231456, 1.589, -3.588, -0.012, 2.5, 1.522, -3.616, -0.01, 2.5
 321431376, 1.637, -3.562, -0.015, 2.5, 1.589, -3.588, -0.012, 2.5
 321631296, 1.687, -3.517, -0.015, 2.5, 1.637, -3.562, -0.015, 2.5
 321831216, 1.741, -3.458, -0.016, 2.5, 1.687, -3.517, -0.015, 2.5
 322031136, 1.792, -3.406, -0.017, 2.5, 1.741, -3.458, -0.016, 2.5
 322231056, 1.858, -3.356, -0.012, 2.5, 1.792, -3.406, -0.017, 2.5
 322430976, 1.954, -3.279, -0.007, 2.5, 1.858, -3.356, -0.012, 2.5
 322630896, 2.057, -3.174, -0.002, 2.5, 1.954, -3.279, -0.007, 2.5
 322830816, 2.15, -3.08, 0.004, 2.5, 2.057, -3.174, -0.002, 2.5
 323030736, 2.244, -3.009, 0.01, 2.5, 2.15, -3.08, 0.004, 2.5
 323230656, 2.357, -2.944, 0.013, 2.5, 2.244, -3.009, 0.01, 2.5
 323431409, 2.479, -2.878, 0.013, 2.5, 2.357, -2.944, 0.013, 2.5
 323631329, 2.58, -2.824, 0.01, 2.5, 2.479, -2.878, 0.013, 2.5
 323831249, 2.652, -2.769, 0.009000001, 2.5, 2.58, -2.824, 0.01, 2.5
 324031169, 2.718, -2.686, 0.007, 2.5, 2.652, -2.769, 0.009000001, 2.5
 324231089, 2.789, -2.572, 0.007, 2.5, 2.718, -2.686, 0.007, 2.5
 324431009, 2.856, -2.455, 0.007, 2.5, 2.789, -2.572, 0.007, 2.5
 324630929, 2.905, -2.373, 0.009000001, 2.5, 2.856, -2.455, 0.007, 2.5
 324830849, 2.948, -2.305, 0.011, 2.5, 2.905, -2.373, 0.009000001, 2.5
 325030769, 2.995, -2.221, 0.011, 2.5, 2.948, -2.305, 0.011, 2.5
 325230689, 3.044, -2.129, 0.01, 2.5, 2.995, -2.221, 0.011, 2.5
 325431442, 3.095, -2.045, 0.008, 2.5, 3.044, -2.129, 0.01, 2.5
 325631362, 3.145, -1.983, 0.009000001, 2.5, 3.095, -2.045, 0.008, 2.5
 325831282, 3.19, -1.921, 0.011, 2.5, 3.145, -1.983, 0.009000001, 2.5
 326031202, 3.228, -1.855, 0.014, 2.5, 3.19, -1.921, 0.011, 2.5
 326231122, 3.255, -1.793, 0.019, 2.5, 3.228, -1.855, 0.014, 2.5
 326431042, 3.273, -1.73, 0.025, 2.5, 3.255, -1.793, 0.019, 2.5
 326630962, 3.293, -1.657, 0.036, 2.5, 3.273, -1.73, 0.025, 2.5
 326830882, 3.328, -1.565, 0.047, 2.5, 3.293, -1.657, 0.036, 2.5
 327030802, 3.376, -1.449, 0.06, 2.5, 3.328, -1.565, 0.047, 2.5
 327230722, 3.432, -1.329, 0.071, 2.5, 3.376, -1.449, 0.06, 2.5
 327431475, 3.49, -1.232, 0.079, 2.5, 3.432, -1.329, 0.071, 2.5
 327631395, 3.543, -1.172, 0.086, 2.5, 3.49, -1.232, 0.079, 2.5
 327831315, 3.589, -1.13, 0.09100001, 2.5, 3.543, -1.172, 0.086, 2.5
 328031235, 3.624, -1.087, 0.094, 2.5, 3.589, -1.13, 0.09100001, 2.5
 328231155, 3.643, -1.032, 0.098, 2.5, 3.624, -1.087, 0.094, 2.5
 328431075, 3.658, -0.946, 0.101, 2.5, 3.643, -1.032, 0.098, 2.5
 328630995, 3.668, -0.84, 0.103, 2.5, 3.658, -0.946, 0.101, 2.5
 328830915, 3.674, -0.744, 0.106, 2.5, 3.668, -0.84, 0.103, 2.5
 329030835, 3.692, -0.6720001, 0.112, 2.5, 3.674, -0.744, 0.106, 2.5
 329230755, 3.711, -0.595, 0.116, 2.5, 3.692, -0.6720001, 0.112, 2.5
 329430675, 3.72, -0.49, 0.12, 2.5, 3.711, -0.595, 0.116, 2.5
 329631428, 3.726, -0.366, 0.124, 2.5, 3.72, -0.49, 0.12, 2.5
 329831348, 3.734, -0.244, 0.126, 2.5, 3.726, -0.366, 0.124, 2.5
 330031268, 3.734, -0.144, 0.126, 2.5, 3.734, -0.244, 0.126, 2.5
 330231188, 3.741, -0.056, 0.128, 2.5, 3.734, -0.144, 0.126, 2.5
 330431108, 3.764, 0.03, 0.132, 2.5, 3.741, -0.056, 0.128, 2.5
 330631028, 3.787, 0.135, 0.135, 2.5, 3.764, 0.03, 0.132, 2.5
 330830948, 3.797, 0.257, 0.138, 2.5, 3.787, 0.135, 0.135, 2.5
 331030868, 3.794, 0.377, 0.137, 2.5, 3.797, 0.257, 0.138, 2.5
 331230788, 3.783, 0.494, 0.138, 2.5, 3.794, 0.377, 0.137, 2.5
 331430708, 3.771, 0.6210001, 0.138, 2.5, 3.783, 0.494, 0.138, 2.5
 331631461, 3.759, 0.758, 0.139, 2.5, 3.771, 0.6210001, 0.138, 2.5
 331831381, 3.748, 0.899, 0.14, 2.5, 3.759, 0.758, 0.139, 2.5
 332031301, 3.736, 1.027, 0.14, 2.5, 3.748, 0.899, 0.14, 2.5
 332231221, 3.715, 1.131, 0.139, 2.5, 3.736, 1.027, 0.14, 2.5
 332431141, 3.688, 1.227, 0.138, 2.5, 3.715, 1.131, 0.139, 2.5
 332631061, 3.659, 1.334, 0.138, 2.5, 3.688, 1.227, 0.138, 2.5
 332830981, 3.621, 1.439, 0.138, 2.5, 3.659, 1.334, 0.138, 2.5
 333030901, 3.583, 1.519, 0.136, 2.5, 3.621, 1.439, 0.138, 2.5
 333230821, 3.552, 1.582, 0.135, 2.5, 3.583, 1.519, 0.136, 2.5
 333430741, 3.53, 1.634, 0.135, 2.5, 3.552, 1.582, 0.135, 2.5
 333630661, 3.513, 1.68, 0.135, 2.5, 3.53, 1.634, 0.135, 2.5
 333831414, 3.483, 1.738, 0.134, 2.5, 3.513, 1.68, 0.135, 2.5
 334031334, 3.437, 1.8, 0.132, 2.5, 3.483, 1.738, 0.134, 2.5
 334231254, 3.389, 1.854, 0.129, 2.5, 3.437, 1.8, 0.132, 2.5
 334431174, 3.338, 1.909, 0.127, 2.5, 3.389, 1.854, 0.129, 2.5
 334631094, 3.28, 1.988, 0.125, 2.5, 3.338, 1.909, 0.127, 2.5
 334831014, 3.215, 2.098, 0.125, 2.5, 3.28, 1.988, 0.125, 2.5
 335030934, 3.151, 2.213, 0.124, 2.5, 3.215, 2.098, 0.125, 2.5
 335230854, 3.089, 2.315, 0.123, 2.5, 3.151, 2.213, 0.124, 2.5
 335430774, 3.028, 2.401, 0.123, 2.5, 3.089, 2.315, 0.123, 2.5
 335630694, 2.965, 2.48, 0.121, 2.5, 3.028, 2.401, 0.123, 2.5
 335831447, 2.923, 2.543, 0.115, 2.5, 2.965, 2.48, 0.121, 2.5
 336031367, 2.897, 2.601, 0.112, 2.5, 2.923, 2.543, 0.115, 2.5
 336231287, 2.857, 2.67, 0.11, 2.5, 2.897, 2.601, 0.112, 2.5
 336431207, 2.797, 2.748, 0.107, 2.5, 2.857, 2.67, 0.11, 2.5
 336631127, 2.731, 2.829, 0.104, 2.5, 2.797, 2.748, 0.107, 2.5
 336831047, 2.658, 2.912, 0.09900001, 2.5, 2.731, 2.829, 0.104, 2.5
 337030967, 2.573, 2.998, 0.094, 2.5, 2.658, 2.912, 0.09900001, 2.5
 337230887, 2.482, 3.079, 0.09100001, 2.5, 2.573, 2.998, 0.094, 2.5
 337430807, 2.397, 3.146, 0.08800001, 2.5, 2.482, 3.079, 0.09100001, 2.5
 337630727, 2.322, 3.201, 0.089, 2.5, 2.397, 3.146, 0.08800001, 2.5
 337831480, 2.254, 3.246, 0.09, 2.5, 2.322, 3.201, 0.089, 2.5
 338031400, 2.171, 3.284, 0.09, 2.5, 2.254, 3.246, 0.09, 2.5
 338231320, 2.061, 3.331, 0.093, 2.5, 2.171, 3.284, 0.09, 2.5
 338431240, 1.935, 3.4, 0.094, 2.5, 2.061, 3.331, 0.093, 2.5
 338631160, 1.812, 3.48, 0.09200001, 2.5, 1.935, 3.4, 0.094, 2.5
 338831080, 1.713, 3.542, 0.085, 2.5, 1.812, 3.48, 0.09200001, 2.5
 339031000, 1.636, 3.582, 0.08000001, 2.5, 1.713, 3.542, 0.085, 2.5
 339230920, 1.553, 3.626, 0.07700001, 2.5, 1.636, 3.582, 0.08000001, 2.5
 339430840, 1.453, 3.668, 0.072, 2.5, 1.553, 3.626, 0.07700001, 2.5
 339630760, 1.345, 3.699, 0.067, 2.5, 1.453, 3.668, 0.072, 2.5
 339830680, 1.236, 3.72, 0.061, 2.5, 1.345, 3.699, 0.067, 2.5
 340031433, 1.117, 3.735, 0.056, 2.5, 1.236, 3.72, 0.061, 2.5
 340231353, 0.993, 3.744, 0.05, 2.5, 1.117, 3.735, 0.056, 2.5
 340431273, 0.8750001, 3.759, 0.042, 2.5, 0.993, 3.744, 0.05, 2.5
 340631193, 0.761, 3.79, 0.038, 2.5, 0.8750001, 3.759, 0.042, 2.5
 340831113, 0.656, 3.826, 0.032, 2.5, 0.761, 3.79, 0.038, 2.5
 341031033, 0.571, 3.844, 0.026, 2.5, 0.656, 3.826, 0.032, 2.5
 341230953, 0.508, 3.837, 0.021, 2.5, 0.571, 3.844, 0.026, 2.5
 341430873, 0.448, 3.821, 0.016, 2.5, 0.508, 3.837, 0.021, 2.5
 341630793, 0.382, 3.806, 0.012, 2.5, 0.448, 3.821, 0.016, 2.5
 341830713, 0.317, 3.799, 0.009000001, 2.5, 0.382, 3.806, 0.012, 2.5
 342031466, 0.245, 3.81, 0.007, 2.5, 0.317, 3.799, 0.009000001, 2.5
 342231386, 0.161, 3.833, 0.006, 2.5, 0.245, 3.81, 0.007, 2.5
 342431306, 0.06500001, 3.856, 0.002, 2.5, 0.161, 3.833, 0.006, 2.5
 342631226, -0.041, 3.88, 0, 2.5, 0.06500001, 3.856, 0.002, 2.5
 342831146, -0.17, 3.909, -0.005, 2.5, -0.041, 3.88, 0, 2.5
 343031066, -0.304, 3.938, -0.007, 2.5, -0.17, 3.909, -0.005, 2.5
 343230986, -0.431, 3.958, -0.01, 2.5, -0.304, 3.938, -0.007, 2.5
 343430906, -0.569, 3.959, -0.014, 2.5, -0.431, 3.958, -0.01, 2.5
 343630826, -0.717, 3.942, -0.018, 2.5, -0.569, 3.959, -0.014, 2.5
 343830746, -0.837, 3.917, -0.021, 2.5, -0.717, 3.942, -0.018, 2.5
 344030666, -0.9310001, 3.893, -0.024, 2.5, -0.837, 3.917, -0.021, 2.5
 344231419, -1.027, 3.86, -0.026, 2.5, -0.9310001, 3.893, -0.024, 2.5
 344431339, -1.141, 3.816, -0.031, 2.5, -1.027, 3.86, -0.026, 2.5
 344631259, -1.26, 3.781, -0.037, 2.5, -1.141, 3.816, -0.031, 2.5
 344831179, -1.367, 3.761, -0.04, 2.5, -1.26, 3.781, -0.037, 2.5
 345031099, -1.463, 3.736, -0.044, 2.5, -1.367, 3.761, -0.04, 2.5
 345231019, -1.544, 3.7, -0.049, 2.5, -1.463, 3.736, -0.044, 2.5
 345430939, -1.613, 3.668, -0.052, 2.5, -1.544, 3.7, -0.049, 2.5
 345630859, -1.683, 3.644, -0.054, 2.5, -1.613, 3.668, -0.052, 2.5
 345830779, -1.76, 3.609, -0.057, 2.5, -1.683, 3.644, -0.054, 2.5
 346030699, -1.835, 3.554, -0.062, 2.5, -1.76, 3.609, -0.057, 2.5
 346231452, -1.896, 3.493, -0.064, 2.5, -1.835, 3.554, -0.062, 2.5
 346431372, -1.955, 3.439, -0.062, 2.5, -1.896, 3.493, -0.064, 2.5
 346631292, -2.05, 3.378, -0.06, 2.5, -1.955, 3.439, -0.062, 2.5
 346831212, -2.173, 3.307, -0.06, 2.5, -2.05, 3.378, -0.06, 2.5
 347031132, -2.293, 3.231, -0.063, 2.5, -2.173, 3.307, -0.06, 2.5
 347231052, -2.396, 3.156, -0.068, 2.5, -2.293, 3.231, -0.063, 2.5
 347430972, -2.496, 3.081, -0.071, 2.5, -2.396, 3.156, -0.068, 2.5
 347630892, -2.607, 3, -0.075, 2.5, -2.496, 3.081, -0.071, 2.5
 347830812, -2.709, 2.912, -0.081, 2.5, -2.607, 3, -0.075, 2.5
 348030732, -2.782, 2.828, -0.08800001, 2.5, -2.709, 2.912, -0.081, 2.5
 348231485, -2.842, 2.749, -0.094, 2.5, -2.782, 2.828, -0.08800001, 2.5
 348431405, -2.911, 2.661, -0.098, 2.5, -2.842, 2.749, -0.094, 2.5
 348631325, -3.002, 2.556, -0.09900001, 2.5, -2.911, 2.661, -0.098, 2.5
 348831245, -3.094, 2.455, -0.098, 2.5, -3.002, 2.556, -0.09900001, 2.5
 349031165, -3.158, 2.361, -0.097, 2.5, -3.094, 2.455, -0.098, 2.5
 349231085, -3.209, 2.248, -0.096, 2.5, -3.158, 2.361, -0.097, 2.5
 349431005, -3.267, 2.116, -0.093, 2.5, -3.209, 2.248, -0.096, 2.5
 349630925, -3.321, 2.004, -0.09200001, 2.5, -3.267, 2.116, -0.093, 2.5
 349830845, -3.353, 1.934, -0.09200001, 2.5, -3.321, 2.004, -0.09200001, 2.5
 350030765, -3.375, 1.868, -0.093, 2.5, -3.353, 1.934, -0.09200001, 2.5
 350230685, -3.398, 1.786, -0.094, 2.5, -3.375, 1.868, -0.093, 2.5
 350431438, -3.426, 1.687, -0.093, 2.5, -3.398, 1.786, -0.094, 2.5
 350631358, -3.475, 1.584, -0.093, 2.5, -3.426, 1.687, -0.093, 2.5
 350831278, -3.539, 1.497, -0.096, 2.5, -3.475, 1.584, -0.093, 2.5
 351031198, -3.597, 1.416, -0.102, 2.5, -3.539, 1.497, -0.096, 2.5
 351231118, -3.635, 1.332, -0.106, 2.5, -3.597, 1.416, -0.102, 2.5
 351431038, -3.654, 1.243, -0.106, 2.5, -3.635, 1.332, -0.106, 2.5
 351630958, -3.667, 1.138, -0.105, 2.5, -3.654, 1.243, -0.106, 2.5
 351830878, -3.696, 1.023, -0.104, 2.5, -3.667, 1.138, -0.105, 2.5
 352030798, -3.738, 0.928, -0.104, 2.5, -3.696, 1.023, -0.104, 2.5
 352230718, -3.771, 0.86, -0.105, 2.5, -3.738, 0.928, -0.104, 2.5
 352431471, -3.791, 0.799, -0.104, 2.5, -3.771, 0.86, -0.105, 2.5
 352631391, -3.8, 0.7320001, -0.104, 2.5, -3.791, 0.799, -0.104, 2.5
 352831311, -3.798, 0.66, -0.103, 2.5, -3.8, 0.7320001, -0.104, 2.5
 353031231, -3.792, 0.578, -0.1, 2.5, -3.798, 0.66, -0.103, 2.5
 353231151, -3.787, 0.485, -0.097, 2.5, -3.792, 0.578, -0.1, 2.5
 353431071, -3.78, 0.397, -0.096, 2.5, -3.787, 0.485, -0.097, 2.5
 353630991, -3.769, 0.309, -0.093, 2.5, -3.78, 0.397, -0.096, 2.5
 353830911, -3.765, 0.214, -0.09100001, 2.5, -3.769, 0.309, -0.093, 2.5
 354030831, -3.765, 0.12, -0.09200001, 2.5, -3.765, 0.214, -0.09100001, 2.5
 354230751, -3.771, 0.024, -0.09500001, 2.5, -3.765, 0.12, -0.09200001, 2.5
 354430671, -3.784, -0.07300001, -0.09900001, 2.5, -3.771, 0.024, -0.09500001, 2.5
 354631424, -3.792, -0.168, -0.101, 2.5, -3.784, -0.07300001, -0.09900001, 2.5
 354831344, -3.783, -0.255, -0.104, 2.5, -3.792, -0.168, -0.101, 2.5
 355031264, -3.757, -0.326, -0.104, 2.5, -3.783, -0.255, -0.104, 2.5
 355231184, -3.729, -0.393, -0.106, 2.5, -3.757, -0.326, -0.104, 2.5
 355431104, -3.707, -0.456, -0.107, 2.5, -3.729, -0.393, -0.106, 2.5
 355631024, -3.704, -0.506, -0.104, 2.5, -3.707, -0.456, -0.107, 2.5
 355830944, -3.711, -0.557, -0.104, 2.5, -3.704, -0.506, -0.104, 2.5
 356030864, -3.71, -0.624, -0.106, 2.5, -3.711, -0.557, -0.104, 2.5
 356230784, -3.694, -0.7130001, -0.106, 2.5, -3.71, -0.624, -0.106, 2.5
 356430704, -3.666, -0.8, -0.104, 2.5, -3.694, -0.7130001, -0.106, 2.5
 356631457, -3.653, -0.863, -0.1, 2.5, -3.666, -0.8, -0.104, 2.5
 356831377, -3.65, -0.932, -0.097, 2.5, -3.653, -0.863, -0.1, 2.5
 357031297, -3.629, -1.033, -0.09500001, 2.5, -3.65, -0.932, -0.097, 2.5
 357231217, -3.589, -1.161, -0.09100001, 2.5, -3.629, -1.033, -0.09500001, 2.5
 357431137, -3.556, -1.296, -0.08800001, 2.5, -3.589, -1.161, -0.09100001, 2.5
 357631057, -3.537, -1.414, -0.09100001, 2.5, -3.556, -1.296, -0.08800001, 2.5
 357830977, -3.51, -1.515, -0.096, 2.5, -3.537, -1.414, -0.09100001, 2.5
 358030897, -3.463, -1.606, -0.101, 2.5, -3.51, -1.515, -0.096, 2.5
 358230817, -3.408, -1.695, -0.102, 2.5, -3.463, -1.606, -0.101, 2.5
 358430737, -3.357, -1.791, -0.102, 2.5, -3.408, -1.695, -0.102, 2.5
 358630657, -3.306, -1.897, -0.09900001, 2.5, -3.357, -1.791, -0.102, 2.5
 358831410, -3.244, -2.009, -0.097, 2.5, -3.306, -1.897, -0.09900001, 2.5
 359031330, -3.162, -2.135, -0.094, 2.5, -3.244, -2.009, -0.097, 2.5
 359231250, -3.07, -2.271, -0.09200001, 2.5, -3.162, -2.135, -0.094, 2.5
 359431170, -2.983, -2.394, -0.08800001, 2.5, -3.07, -2.271, -0.09200001, 2.5
 359631090, -2.895, -2.505, -0.083, 2.5, -2.983, -2.394, -0.08800001, 2.5
 359831010, -2.81, -2.609, -0.078, 2.5, -2.895, -2.505, -0.083, 2.5
 360030930, -2.73, -2.704, -0.072, 2.5, -2.81, -2.609, -0.078, 2.5
 360230850, -2.653, -2.785, -0.064, 2.5, -2.73, -2.704, -0.072, 2.5
 360430770, -2.571, -2.857, -0.055, 2.5, -2.653, -2.785, -0.064, 2.5
 360630690, -2.488, -2.913, -0.047, 2.5, -2.571, -2.857, -0.055, 2.5
 360831443, -2.426, -2.943, -0.042, 2.5, -2.488, -2.913, -0.047, 2.5
 361031363, -2.384, -2.968, -0.038, 2.5, -2.426, -2.943, -0.042, 2.5
 361231283, -2.349, -3.009, -0.034, 2.5, -2.384, -2.968, -0.038, 2.5
 361431203, -2.293, -3.074, -0.031, 2.5, -2.349, -3.009, -0.034, 2.5
 361631123, -2.216, -3.14, -0.031, 2.5, -2.293, -3.074, -0.031, 2.5
 361831043, -2.136, -3.193, -0.029, 2.5, -2.216, -3.14, -0.031, 2.5
 362030963, -2.06, -3.243, -0.025, 2.5, -2.136, -3.193, -0.029, 2.5
 362230883, -1.979, -3.299, -0.021, 2.5, -2.06, -3.243, -0.025, 2.5
 362430803, -1.912, -3.351, -0.019, 2.5, -1.979, -3.299, -0.021, 2.5
 362630723, -1.846, -3.397, -0.016, 2.5, -1.912, -3.351, -0.019, 2.5
 362831476, -1.755, -3.444, -0.016, 2.5, -1.846, -3.397, -0.016, 2.5
 363031396, -1.644, -3.492, -0.017, 2.5, -1.755, -3.444, -0.016, 2.5
 363231316, -1.546, -3.531, -0.018, 2.5, -1.644, -3.492, -0.017, 2.5
 363431236, -1.469, -3.563, -0.018, 2.5, -1.546, -3.531, -0.018, 2.5
 363631156, -1.383, -3.601, -0.018, 2.5, -1.469, -3.563, -0.018, 2.5
 363831076, -1.285, -3.632, -0.019, 2.5, -1.383, -3.601, -0.018, 2.5
 364030996, -1.196, -3.641, -0.017, 2.5, -1.285, -3.632, -0.019, 2.5
 364230916, -1.103, -3.644, -0.015, 2.5, -1.196, -3.641, -0.017, 2.5
 364430836, -0.994, -3.661, -0.01, 2.5, -1.103, -3.644, -0.015, 2.5
 364630756, -0.897, -3.692, -0.006, 2.5, -0.994, -3.661, -0.01, 2.5
 364830676, -0.818, -3.721, -0.002, 2.5, -0.897, -3.692, -0.006, 2.5
 365031429, -0.751, -3.746, -0.003, 2.5, -0.818, -3.721, -0.002, 2.5
 365231349, -0.692, -3.775, -0.003, 2.5, -0.751, -3.746, -0.003, 2.5
 365431269, -0.619, -3.802, -0.004, 2.5, -0.692, -3.775, -0.003, 2.5
 365631189, -0.526, -3.821, -0.008, 2.5, -0.619, -3.802, -0.004, 2.5
 365831109, -0.439, -3.831, -0.013, 2.5, -0.526, -3.821, -0.008, 2.5
 366031029, -0.362, -3.839, -0.016, 2.5, -0.439, -3.831, -0.013, 2.5
 366230949, -0.279, -3.837, -0.017, 2.5, -0.362, -3.839, -0.016, 2.5
 366430869, -0.176, -3.821, -0.014, 2.5, -0.279, -3.837, -0.017, 2.5
 366630789, -0.06500001, -3.802, -0.009000001, 2.5, -0.176, -3.821, -0.014, 2.5
 366830709, 0.041, -3.79, -0.005, 2.5, -0.06500001, -3.802, -0.009000001, 2.5
 367031462, 0.137, -3.784, -0.003, 2.5, 0.041, -3.79, -0.005, 2.5
 367231382, 0.222, -3.775, -0.002, 2.5, 0.137, -3.784, -0.003, 2.5
 367431302, 0.316, -3.76, 0, 2.5, 0.222, -3.775, -0.002, 2.5
 367631222, 0.43, -3.747, 0.003, 2.5, 0.316, -3.76, 0, 2.5
 367831142, 0.55, -3.734, 0.001, 2.5, 0.43, -3.747, 0.003, 2.5
 368031062, 0.65, -3.719, -0.002, 2.5, 0.55, -3.734, 0.001, 2.5
 368230982, 0.7360001, -3.703, -0.006, 2.5, 0.65, -3.719, -0.002, 2.5
 368430902, 0.827, -3.686, -0.007, 2.5, 0.7360001, -3.703, -0.006, 2.5
 368630822, 0.9220001, -3.663, -0.007, 2.5, 0.827, -3.686, -0.007, 2.5
 368830742, 1.019, -3.632, -0.007, 2.5, 0.9220001, -3.663, -0.007, 2.5
 369030662, 1.119, -3.598, -0.006, 2.5, 1.019, -3.632, -0.007, 2.5
 369231415, 1.218, -3.572, -0.005, 2.5, 1.119, -3.598, -0.006, 2.5
 369431335, 1.317, -3.546, -0.008, 2.5, 1.218, -3.572, -0.005, 2.5
 369631255, 1.415, -3.524, -0.009000001, 2.5, 1.317, -3.546, -0.008, 2.5
 369831175, 1.515, -3.495, -0.007, 2.5, 1.415, -3.524, -0.009000001, 2.5
 370031095, 1.617, -3.448, -0.008, 2.5, 1.515, -3.495, -0.007, 2.5
 370231015, 1.721, -3.386, -0.009000001, 2.5, 1.617, -3.448, -0.008, 2.5
 370430935, 1.819, -3.316, -0.009000001, 2.5, 1.721, -3.386, -0.009000001, 2.5
 370630855, 1.892, -3.247, -0.01, 2.5, 1.819, -3.316, -0.009000001, 2.5
 370830775, 1.947, -3.178, -0.011, 2.5, 1.892, -3.247, -0.01, 2.5
 371030695, 2.014, -3.114, -0.011, 2.5, 1.947, -3.178, -0.011, 2.5
 371231448, 2.091, -3.066, -0.009000001, 2.5, 2.014, -3.114, -0.011, 2.5
 371431368, 2.15, -3.039, -0.008, 2.5, 2.091, -3.066, -0.009000001, 2.5
 371631288, 2.193, -3.007, -0.009000001, 2.5, 2.15, -3.039, -0.008, 2.5
 371831208, 2.243, -2.954, -0.007, 2.5, 2.193, -3.007, -0.009000001, 2.5
 372031128, 2.301, -2.893, -0.004, 2.5, 2.243, -2.954, -0.007, 2.5
 372231048, 2.356, -2.833, 0, 2.5, 2.301, -2.893, -0.004, 2.5
 372430968, 2.409, -2.779, 0.002, 2.5, 2.356, -2.833, 0, 2.5
 372630888, 2.469, -2.724, 0.004, 2.5, 2.409, -2.779, 0.002, 2.5
 372830808, 2.551, -2.656, 0.006, 2.5, 2.469, -2.724, 0.004, 2.5
 373030728, 2.636, -2.578, 0.007, 2.5, 2.551, -2.656, 0.006, 2.5
 373231481, 2.703, -2.505, 0.007, 2.5, 2.636, -2.578, 0.007, 2.5
 373431401, 2.764, -2.438, 0.006, 2.5, 2.703, -2.505, 0.007, 2.5
 373631321, 2.828, -2.364, 0.008, 2.5, 2.764, -2.438, 0.006, 2.5
 373831241, 2.897, -2.276, 0.012, 2.5, 2.828, -2.364, 0.008, 2.5
 374031161, 2.98, -2.172, 0.017, 2.5, 2.897, -2.276, 0.012, 2.5
 374231081, 3.063, -2.057, 0.018, 2.5, 2.98, -2.172, 0.017, 2.5
 374431001, 3.138, -1.949, 0.017, 2.5, 3.063, -2.057, 0.018, 2.5
 374630921, 3.201, -1.848, 0.017, 2.5, 3.138, -1.949, 0.017, 2.5
 374830841, 3.255, -1.746, 0.02, 2.5, 3.201, -1.848, 0.017, 2.5
 375030761, 3.301, -1.643, 0.028, 2.5, 3.255, -1.746, 0.02, 2.5
 375230681, 3.341, -1.541, 0.035, 2.5, 3.301, -1.643, 0.028, 2.5
 375431434, 3.381, -1.436, 0.035, 2.5, 3.341, -1.541, 0.035, 2.5
 375631354, 3.419, -1.281, 0.014, 2.5, 3.381, -1.436, 0.035, 2.5
 375831274, 3.365, -1.108, 0, 2.5, 3.419, -1.281, 0.014, 2.5
 376031194, 3.217, -0.989, -0.008, 2.5, 3.365, -1.108, 0, 2.5
 376231114, 3.042, -0.895, -0.01, 2.5, 3.217, -0.989, -0.008, 2.5
 376431034, 2.875, -0.804, -0.01, 2.5, 3.042, -0.895, -0.01, 2.5
 376630954, 2.716, -0.696, -0.009000001, 2.5, 2.875, -0.804, -0.01, 2.5
 376830874, 2.534, -0.561, -0.008, 2.5, 2.716, -0.696, -0.009000001, 2.5
 377030794, 2.32, -0.417, -0.008, 2.5, 2.534, -0.561, -0.008, 2.5
 377230714, 2.093, -0.291, -0.008, 2.5, 2.32, -0.417, -0.008, 2.5
 377431467, 1.861, -0.159, -0.007, 2.5, 2.093, -0.291, -0.008, 2.5
 377631387, 1.6, 0.005, -0.004, 2.5, 1.861, -0.159, -0.007, 2.5
 377831307, 1.316, 0.216, 0, 2.5, 1.6, 0.005, -0.004, 2.5
 378031227, 1.051, 0.436, 0.003, 2.5, 1.316, 0.216, 0, 2.5
 378231147, 0.817, 0.636, 0.005, 2.5, 1.051, 0.436, 0.003, 2.5
 378431067, 0.641, 0.807, 0.006, 2.5, 0.817, 0.636, 0.005, 2.5
 378630987, 0.516, 0.97, 0.009000001, 2.5, 0.641, 0.807, 0.006, 2.5
 378830907, 0.422, 1.136, 0.011, 2.5, 0.516, 0.97, 0.009000001, 2.5
 379030827, 0.35, 1.302, 0.013, 2.5, 0.422, 1.136, 0.011, 2.5
 379230747, 0.302, 1.46, 0.011, 2.5, 0.35, 1.302, 0.013, 2.5
 379430667, 0.265, 1.591, 0.008, 2.5, 0.302, 1.46, 0.011, 2.5
 379631420, 0.241, 1.711, 0.006, 2.5, 0.265, 1.591, 0.008, 2.5
 379831340, 0.227, 1.849, 0.005, 2.5, 0.241, 1.711, 0.006, 2.5
 380031260, 0.229, 2.02, 0.006, 2.5, 0.227, 1.849, 0.005, 2.5
 380231180, 0.24, 2.221, 0.007, 2.5, 0.229, 2.02, 0.006, 2.5
 380431100, 0.259, 2.435, 0.006, 2.5, 0.24, 2.221, 0.007, 2.5
 380631020, 0.295, 2.64, 0.005, 2.5, 0.259, 2.435, 0.006, 2.5
 380830940, 0.34, 2.816, 0.002, 2.5, 0.295, 2.64, 0.005, 2.5
 381030860, 0.358, 2.973, 0, 2.5, 0.34, 2.816, 0.002, 2.5
 381230780, 0.355, 3.123, 0, 2.5, 0.358, 2.973, 0, 2.5
 381430700, 0.36, 3.269, 0, 2.5, 0.355, 3.123, 0, 2.5
 381631453, 0.379, 3.4, -0.001, 2.5, 0.36, 3.269, 0, 2.5
 381831373, 0.401, 3.509, -0.002, 2.5, 0.379, 3.4, -0.001, 2.5
 382031293, 0.414, 3.594, -0.003, 2.5, 0.401, 3.509, -0.002, 2.5
 382231213, 0.409, 3.656, -0.004, 2.5, 0.414, 3.594, -0.003, 2.5
 382431133, 0.406, 3.709, -0.003, 2.5, 0.409, 3.656, -0.004, 2.5
 382631053, 0.417, 3.759, -0.002, 2.5, 0.406, 3.709, -0.003, 2.5
 382830973, 0.438, 3.811, 0, 2.5, 0.417, 3.759, -0.002, 2.5
 383030893, 0.46, 3.875, 0.001, 2.5, 0.438, 3.811, 0, 2.5
 383230813, 0.479, 3.945, 0.001, 2.5, 0.46, 3.875, 0.001, 2.5
 383430733, 0.486, 4.013, 0, 2.5, 0.479, 3.945, 0.001, 2.5
 383631486, 0.484, 4.078, -0.002, 2.5, 0.486, 4.013, 0, 2.5
 383831406, 0.484, 4.135, -0.002, 2.5, 0.484, 4.078, -0.002, 2.5
 384031326, 0.491, 4.187, -0.001, 2.5, 0.484, 4.135, -0.002, 2.5
 384231246, 0.509, 4.239, 0, 2.5, 0.491, 4.187, -0.001, 2.5
 384431166, 0.522, 4.29, 0, 2.5, 0.509, 4.239, 0, 2.5
 384631086, 0.517, 4.335, 0.001, 2.5, 0.522, 4.29, 0, 2.5
 384831006, 0.495, 4.375, 0, 2.5, 0.517, 4.335, 0.001, 2.5
 385030926, 0.478, 4.409, 0.001, 2.5, 0.495, 4.375, 0, 2.5
 385230846, 0.476, 4.438, 0.002, 2.5, 0.478, 4.409, 0.001, 2.5
 385430766, 0.465, 4.463, 0.001, 2.5, 0.476, 4.438, 0.002, 2.5
 385630686, 0.446, 4.485, 0, 2.5, 0.465, 4.463, 0.001, 2.5
 385831439, 0.431, 4.498, 0, 2.5, 0.446, 4.485, 0, 2.5
 386031359, 0.432, 4.504, 0, 2.5, 0.431, 4.498, 0, 2.5
 386231279, 0.446, 4.499, 0, 2.5, 0.432, 4.504, 0, 2.5
 386431199, 0.465, 4.492, -0.001, 2.5, 0.446, 4.499, 0, 2.5
 386631119, 0.484, 4.498, -0.001, 2.5, 0.465, 4.492, -0.001, 2.5
 386831039, 0.503, 4.518, -0.002, 2.5, 0.484, 4.498, -0.001, 2.5
 387030959, 0.512, 4.547, -0.003, 2.5, 0.503, 4.518, -0.002, 2.5
 387230879, 0.511, 4.577, -0.004, 2.5, 0.512, 4.547, -0.003, 2.5
 387430799, 0.52, 4.597, -0.003, 2.5, 0.511, 4.577, -0.004, 2.5
 387630719, 0.543, 4.611, -0.002, 2.5, 0.52, 4.597, -0.003, 2.5
 387831472, 0.564, 4.632, 0, 2.5, 0.543, 4.611, -0.002, 2.5
 388031392, 0.572, 4.661, 0.003, 2.5, 0.564, 4.632, 0, 2.5
 388231312, 0.5700001, 4.69, 0.004, 2.5, 0.572, 4.661, 0.003, 2.5
 388431232, 0.555, 4.713, 0.003, 2.5, 0.5700001, 4.69, 0.004, 2.5
 388631152, 0.536, 4.73, 0.001, 2.5, 0.555, 4.713, 0.003, 2.5
 388831072, 0.523, 4.743, 0, 2.5, 0.536, 4.73, 0.001, 2.5
 389030992, 0.525, 4.757, -0.001, 2.5, 0.523, 4.743, 0, 2.5
 389230912, 0.538, 4.768, -0.003, 2.5, 0.525, 4.757, -0.001, 2.5
 389430832, 0.538, 4.78, -0.004, 2.5, 0.538, 4.768, -0.003, 2.5
 389630752, 0.517, 4.788, -0.004, 2.5, 0.538, 4.78, -0.004, 2.5
 389830672, 0.489, 4.793, -0.002, 2.5, 0.517, 4.788, -0.004, 2.5
 390031425, 0.461, 4.797, 0, 2.5, 0.489, 4.793, -0.002, 2.5
 390231345, 0.443, 4.798, -0.001, 2.5, 0.461, 4.797, 0, 2.5
 390431265, 0.45, 4.793, -0.002, 2.5, 0.443, 4.798, -0.001, 2.5
 390631185, 0.463, 4.771, -0.004, 2.5, 0.45, 4.793, -0.002, 2.5
 390831105, 0.464, 4.722, -0.005, 2.5, 0.463, 4.771, -0.004, 2.5
 391031025, 0.458, 4.656, -0.005, 2.5, 0.464, 4.722, -0.005, 2.5
 391230945, 0.46, 4.575, -0.006, 2.5, 0.458, 4.656, -0.005, 2.5
 391430865, 0.468, 4.47, -0.005, 2.5, 0.46, 4.575, -0.006, 2.5
 391630785, 0.477, 4.344, -0.002, 2.5, 0.468, 4.47, -0.005, 2.5
 391830705, 0.479, 4.199, 0, 2.5, 0.477, 4.344, -0.002, 2.5
 392031458, 0.467, 4.032, 0.001, 2.5, 0.479, 4.199, 0, 2.5
 392231378, 0.434, 3.839, 0.003, 2.5, 0.467, 4.032, 0.001, 2.5
 392431298, 0.385, 3.627, 0.004, 2.5, 0.434, 3.839, 0.003, 2.5
 392631218, 0.339, 3.397, 0.006, 2.5, 0.385, 3.627, 0.004, 2.5
 392831138, 0.302, 3.157, 0.006, 2.5, 0.339, 3.397, 0.006, 2.5
 393031058, 0.271, 2.913, 0.006, 2.5, 0.302, 3.157, 0.006, 2.5
 393230978, 0.232, 2.675, 0.005, 2.5, 0.271, 2.913, 0.006, 2.5
 393430898, 0.182, 2.423, 0.004, 2.5, 0.232, 2.675, 0.005, 2.5
 393630818, 0.122, 2.158, 0.005, 2.5, 0.182, 2.423, 0.004, 2.5
 393830738, 0.063, 1.895, 0.006, 2.5, 0.122, 2.158, 0.005, 2.5
 394030658, 0.04, 1.617, 0.007, 2.5, 0.063, 1.895, 0.006, 2.5
 394231411, 0.04, 1.289, 0.009000001, 2.5, 0.04, 1.617, 0.007, 2.5
 394431331, 0.04, 0.9450001, 0.011, 2.5, 0.04, 1.289, 0.009000001, 2.5
 394631251, 0.036, 0.634, 0.011, 2.5, 0.04, 0.9450001, 0.011, 2.5
 394831171, 0.018, 0.378, 0.011, 2.5, 0.036, 0.634, 0.011, 2.5
 395031091, -0.027, 0.166, 0.011, 2.5, 0.018, 0.378, 0.011, 2.5
 395231011, -0.06, -0.013, 0.009000001, 2.5, -0.027, 0.166, 0.011, 2.5
 395430931, -0.029, -0.115, 0.005, 2.5, -0.06, -0.013, 0.009000001, 2.5
 395630851, 0.055, -0.157, 0.003, 2.5, -0.029, -0.115, 0.005, 2.5
 395830771, 0.131, -0.18, 0, 2.5, 0.055, -0.157, 0.003, 2.5
 396030691, 0.167, -0.192, -0.002, 2.5, 0.131, -0.18, 0, 2.5
 396231444, 0.186, -0.187, -0.004, 2.5, 0.167, -0.192, -0.002, 2.5
 396431364, 0.223, -0.159, -0.006, 2.5, 0.186, -0.187, -0.004, 2.5
 396631284, 0.264, -0.104, -0.007, 2.5, 0.223, -0.159, -0.006, 2.5
 396831204, 0.262, -0.028, -0.008, 2.5, 0.264, -0.104, -0.007, 2.5
 397031124, 0.218, 0.064, -0.008, 2.5, 0.262, -0.028, -0.008, 2.5
 397231044, 0.174, 0.132, -0.008, 2.5, 0.218, 0.064, -0.008, 2.5
 397430964, 0.145, 0.151, -0.007, 2.5, 0.174, 0.132, -0.008, 2.5
 397630884, 0.127, 0.129, -0.005, 2.5, 0.145, 0.151, -0.007, 2.5
 397830804, 0.106, 0.085, -0.004, 2.5, 0.127, 0.129, -0.005, 2.5
 398030724, 0.094, 0.037, -0.002, 2.5, 0.106, 0.085, -0.004, 2.5
 398231477, 0.112, -0.004, -0.002, 2.5, 0.094, 0.037, -0.002, 2.5
 398431397, 0.137, -0.002, -0.001, 2.5, 0.112, -0.004, -0.002, 2.5
 398631317, 0.136, 0.017, 0.012, 2.5, 0.137, -0.002, -0.001, 2.5
 398831237, 0.102, 0.021, 0.059, 2.5, 0.136, 0.017, 0.012, 2.5
 399031157, 0.064, 0, 0.149, 2.5, 0.102, 0.021, 0.059, 2.5
 399231077, 0.034, -0.026, 0.286, 2.5, 0.064, 0, 0.149, 2.5
 399430997, 0.003, -0.014, 0.471, 2.5, 0.034, -0.026, 0.286, 2.5
 399630917, -0.007, 0.024, 0.689, 2.5, 0.003, -0.014, 0.471, 2.5
 399830837, -0.011, 0.072, 0.9210001, 2.5, -0.007, 0.024, 0.689, 2.5
 400030757, -0.029, 0.094, 1.149, 2.5, -0.011, 0.072, 0.9210001, 2.5
 400230677, -0.051, 0.082, 1.344, 2.5, -0.029, 0.094, 1.149, 2.5
 400431430, -0.059, 0.058, 1.49, 2.5, -0.051, 0.082, 1.344, 2.5
 400631350, -0.037, 0.042, 1.584, 2.5, -0.059, 0.058, 1.49, 2.5
 400831270, 0, 0.043, 1.625, 2.5, -0.037, 0.042, 1.584, 2.5
 401031190, 0.045, 0.075, 1.618, 2.5, 0, 0.043, 1.625, 2.5
 401231110, 0.08800001, 0.121, 1.588, 2.5, 0.045, 0.075, 1.618, 2.5
 401431030, 0.122, 0.14, 1.552, 2.5, 0.08800001, 0.121, 1.588, 2.5
 401630950, 0.148, 0.116, 1.516, 2.5, 0.122, 0.14, 1.552, 2.5
 401830870, 0.19, 0.096, 1.487, 2.5, 0.148, 0.116, 1.516, 2.5
 402030790, 0.248, 0.09, 1.465, 2.5, 0.19, 0.096, 1.487, 2.5
 402230710, 0.27, 0.063, 1.45, 2.5, 0.248, 0.09, 1.465, 2.5
 402431463, 0.247, 0.019, 1.439, 2.5, 0.27, 0.063, 1.45, 2.5
 402631383, 0.213, 0.006, 1.428, 2.5, 0.247, 0.019, 1.439, 2.5
 402831303, 0.191, 0.018, 1.394, 2.5, 0.213, 0.006, 1.428, 2.5
 403031223, 0.167, 0.028, 1.322, 2.5, 0.191, 0.018, 1.394, 2.5
 403231143, 0.132, 0.02, 1.206, 2.5, 0.167, 0.028, 1.322, 2.5
 403431063, 0.09, 0.002, 1.044, 2.5, 0.132, 0.02, 1.206, 2.5
 403630983, 0.053, -0.012, 0.845, 2.5, 0.09, 0.002, 1.044, 2.5
 403830903, 0.022, -0.015, 0.655, 2.5, 0.053, -0.012, 0.845, 2.5
 404030823, 0, -0.018, 0.5, 2.5, 0.022, -0.015, 0.655, 2.5
 404230743, -0.01, -0.033, 0.394, 2.5, 0, -0.018, 0.5, 2.5
 404430663, -0.022, -0.07, 0.34, 2.5, -0.01, -0.033, 0.394, 2.5
 404631416, -0.07, -0.117, 0.336, 2.5, -0.022, -0.07, 0.34, 2.5
 404831336, -0.123, -0.166, 0.356, 2.5, -0.07, -0.117, 0.336, 2.5
 405031256, -0.14, -0.218, 0.386, 2.5, -0.123, -0.166, 0.356, 2.5
 405231176, -0.125, -0.238, 0.416, 2.5, -0.14, -0.218, 0.386, 2.5
 405431096, -0.108, -0.23, 0.442, 2.5, -0.125, -0.238, 0.416, 2.5
 405631016, -0.096, -0.209, 0.462, 2.5, -0.108, -0.23, 0.442, 2.5
 405830936, -0.089, -0.156, 0.477, 2.5, -0.096, -0.209, 0.462, 2.5
 406030856, -0.087, -0.087, 0.486, 2.5, -0.089, -0.156, 0.477, 2.5
 406230776, -0.1, -0.013, 0.492, 2.5, -0.087, -0.087, 0.486, 2.5
 406430696, -0.13, 0.04, 0.493, 2.5, -0.1, -0.013, 0.492, 2.5
 406631449, -0.168, 0.078, 0.494, 2.5, -0.13, 0.04, 0.493, 2.5
 406831369, -0.216, 0.105, 0.493, 2.5, -0.168, 0.078, 0.494, 2.5
 407031289, -0.252, 0.119, 0.492, 2.5, -0.216, 0.105, 0.493, 2.5
 407231209, -0.269, 0.111, 0.49, 2.5, -0.252, 0.119, 0.492, 2.5
 407431129, -0.293, 0.08800001, 0.488, 2.5, -0.269, 0.111, 0.49, 2.5
 407631049, -0.309, 0.079, 0.487, 2.5, -0.293, 0.08800001, 0.488, 2.5
 407830969, -0.301, 0.09100001, 0.485, 2.5, -0.309, 0.079, 0.487, 2.5
 408030889, -0.258, 0.08800001, 0.484, 2.5, -0.301, 0.09100001, 0.485, 2.5
 408230809, -0.161, 0.025, 0.484, 2.5, -0.258, 0.08800001, 0.484, 2.5
 408430729, -0.04, -0.072, 0.483, 2.5, -0.161, 0.025, 0.484, 2.5
 408631482, 0.034, -0.131, 0.481, 2.5, -0.04, -0.072, 0.483, 2.5
 408831402, 0.058, -0.138, 0.48, 2.5, 0.034, -0.131, 0.481, 2.5
 409031322, 0.07300001, -0.15, 0.48, 2.5, 0.058, -0.138, 0.48, 2.5
 409231242, 0.103, -0.197, 0.481, 2.5, 0.07300001, -0.15, 0.48, 2.5
 409431162, 0.149, -0.214, 0.481, 2.5, 0.103, -0.197, 0.481, 2.5
 409631082, 0.185, -0.18, 0.482, 2.5, 0.149, -0.214, 0.481, 2.5
 409831002, 0.202, -0.129, 0.482, 2.5, 0.185, -0.18, 0.482, 2.5
 410030922, 0.222, -0.09, 0.481, 2.5, 0.202, -0.129, 0.482, 2.5
 410230842, 0.223, -0.057, 0.48, 2.5, 0.222, -0.09, 0.481, 2.5
 410430762, 0.196, 0.003, 0.48, 2.5, 0.223, -0.057, 0.48, 2.5
 410630682, 0.154, 0.059, 0.479, 2.5, 0.196, 0.003, 0.48, 2.5
 410831435, 0.11, 0.053, 0.477, 2.5, 0.154, 0.059, 0.479, 2.5
 411031355, 0.055, -0.01, 0.477, 2.5, 0.11, 0.053, 0.477, 2.5
 411231275, 0.007, -0.09200001, 0.477, 2.5, 0.055, -0.01, 0.477, 2.5
 411431195, -0.029, -0.133, 0.476, 2.5, 0.007, -0.09200001, 0.477, 2.5
 411631115, -0.064, -0.125, 0.476, 2.5, -0.029, -0.133, 0.476, 2.5
 411831035, -0.097, -0.112, 0.477, 2.5, -0.064, -0.125, 0.476, 2.5
 412030955, -0.126, -0.09, 0.478, 2.5, -0.097, -0.112, 0.477, 2.5
 412230875, -0.134, -0.035, 0.479, 2.5, -0.126, -0.09, 0.478, 2.5
 412430795, -0.124, 0.033, 0.48, 2.5, -0.134, -0.035, 0.479, 2.5
 412630715, -0.109, 0.107, 0.481, 2.5, -0.124, 0.033, 0.48, 2.5
 412831468, -0.102, 0.14, 0.48, 2.5, -0.109, 0.107, 0.481, 2.5
 413031388, -0.114, 0.118, 0.479, 2.5, -0.102, 0.14, 0.48, 2.5
 413231308, -0.131, 0.071, 0.479, 2.5, -0.114, 0.118, 0.479, 2.5
 413431228, -0.131, 0.061, 0.478, 2.5, -0.131, 0.071, 0.479, 2.5
 413631148, -0.11, 0.066, 0.477, 2.5, -0.131, 0.061, 0.478, 2.5
 413831068, -0.106, 0.024, 0.475, 2.5, -0.11, 0.066, 0.477, 2.5
 414030988, -0.112, -0.063, 0.475, 2.5, -0.106, 0.024, 0.475, 2.5
 414230908, -0.11, -0.139, 0.475, 2.5, -0.112, -0.063, 0.475, 2.5
 414430828, -0.089, -0.18, 0.476, 2.5, -0.11, -0.139, 0.475, 2.5
 414630748, -0.032, -0.182, 0.479, 2.5, -0.089, -0.18, 0.476, 2.5
 414830668, 0.033, -0.141, 0.483, 2.5, -0.032, -0.182, 0.479, 2.5
 415031421, 0.047, -0.085, 0.484, 2.5, 0.033, -0.141, 0.483, 2.5
 415231341, 0.03, -0.052, 0.484, 2.5, 0.047, -0.085, 0.484, 2.5
 415431261, 0.039, -0.07600001, 0.483, 2.5, 0.03, -0.052, 0.484, 2.5
 415631181, 0.059, -0.125, 0.482, 2.5, 0.039, -0.07600001, 0.483, 2.5
 415831101, 0.074, -0.128, 0.48, 2.5, 0.059, -0.125, 0.482, 2.5
 416031021, 0.096, -0.09, 0.481, 2.5, 0.074, -0.128, 0.48, 2.5
 416230941, 0.141, -0.057, 0.48, 2.5, 0.096, -0.09, 0.481, 2.5
 416430861, 0.178, -0.062, 0.477, 2.5, 0.141, -0.057, 0.48, 2.5
 416630781, 0.19, -0.119, 0.472, 2.5, 0.178, -0.062, 0.477, 2.5
 416830701, 0.175, -0.197, 0.468, 2.5, 0.19, -0.119, 0.472, 2.5
 417031454, 0.144, -0.244, 0.462, 2.5, 0.175, -0.197, 0.468, 2.5
 417231374, 0.116, -0.253, 0.456, 2.5, 0.144, -0.244, 0.462, 2.5
 417431294, 0.09900001, -0.253, 0.452, 2.5, 0.116, -0.253, 0.456, 2.5
 417631214, 0.08800001, -0.25, 0.452, 2.5, 0.09900001, -0.253, 0.452, 2.5
 417831134, 0.102, -0.214, 0.456, 2.5, 0.08800001, -0.25, 0.452, 2.5
 418031054, 0.138, -0.148, 0.461, 2.5, 0.102, -0.214, 0.456, 2.5
 418230974, 0.161, -0.102, 0.464, 2.5, 0.138, -0.148, 0.461, 2.5
 418430894, 0.152, -0.082, 0.465, 2.5, 0.161, -0.102, 0.464, 2.5
 418630814, 0.121, -0.07600001, 0.469, 2.5, 0.152, -0.082, 0.465, 2.5
 418830734, 0.098, -0.05, 0.481, 2.5, 0.121, -0.07600001, 0.469, 2.5
 419030654, 0.07600001, 0.004, 0.498, 2.5, 0.098, -0.05, 0.481, 2.5
 419231407, 0.027, 0.061, 0.509, 2.5, 0.07600001, 0.004, 0.498, 2.5
 419431327, -0.043, 0.08400001, 0.516, 2.5, 0.027, 0.061, 0.509, 2.5
 419631247, -0.133, 0.066, 0.522, 2.5, -0.043, 0.08400001, 0.516, 2.5
 419831167, -0.222, 0.03, 0.517, 2.5, -0.133, 0.066, 0.522, 2.5
 420031087, -0.271, -0.008, 0.498, 2.5, -0.222, 0.03, 0.517, 2.5
 420231007, -0.292, -0.041, 0.476, 2.5, -0.271, -0.008, 0.498, 2.5
 420430927, -0.319, -0.061, 0.453, 2.5, -0.292, -0.041, 0.476, 2.5
 420630847, -0.334, -0.098, 0.445, 2.5, -0.319, -0.061, 0.453, 2.5
 420830767, -0.342, -0.165, 0.452, 2.5, -0.334, -0.098, 0.445, 2.5
 421030687, -0.341, -0.228, 0.457, 2.5, -0.342, -0.165, 0.452, 2.5
 421231440, -0.324, -0.24, 0.466, 2.5, -0.341, -0.228, 0.457, 2.5
 421431360, -0.291, -0.2, 0.483, 2.5, -0.324, -0.24, 0.466, 2.5
 421631280, -0.24, -0.147, 0.514, 2.5, -0.291, -0.2, 0.483, 2.5
 421831200, -0.174, -0.09900001, 0.549, 2.5, -0.24, -0.147, 0.514, 2.5
 422031120, -0.017, -0.009000001, 0.071, 2.5, -0.174, -0.09900001, 0.549, 2.5
 422231040, 0.035, 0.02, -0.142, 2.5, -0.017, -0.009000001, 0.071, 2.5
 422430960, -0.001, -0.001, 0.007, 2.5, 0.035, 0.02, -0.142, 2.5
 422630880, -0.004, -0.002, 0.018, 2.5, -0.001, -0.001, 0.007, 2.5
 422830800, 0, 0, -0.003, 2.5, -0.004, -0.002, 0.018, 2.5
 423030720, 0, 0, -0.002, 2.5, 0, 0, -0.003, 2.5
 423231473, 0, 0, 0, 2.5, 0, 0, -0.002, 2.5
 423431393, 0, 0, 0, 2.5, 0, 0, 0, 2.5
 423631313, 0, 0, 0, 2.5, 0, 0, 0, 2.5
 423831233, 0, 0, 0, 2.5, 0, 0, 0, 2.5
 424031153, 0, 0, 0, 2.5, 0, 0, 0, 2.5
 424231073, 0, 0, 0, 2.5, 0, 0, 0, 2.5
