TimeUS,CGpN,CGpE,CGpD,CGpe,PGpN,PGpE,PGpD,PGpe
 69736046, -0.025, -0.005, -0.041, 1.479, 0.012, -0.059, 0.051, 1.486
 69936029, 0.001, -0.01, 0.051, 1.472, -0.025, -0.005, -0.041, 1.479
 70136028, 0.018, -0.025, 0.019, 1.467, 0.001, -0.01, 0.051, 1.472
 70336037, -0.06500001, -0.042, -0.041, 1.461, 0.018, -0.025, 0.019, 1.467
 70536040, -0.044, 0.02, 0, 1.455, -0.06500001, -0.042, -0.041, 1.461
 70736183, 0.018, 0.038, 0.012, 1.45, -0.044, 0.02, 0, 1.455
 70936026, 0.042, -0.002, -0.02, 1.445, 0.018, 0.038, 0.012, 1.45
 71136008, -0.039, -0.027, -0.04, 1.441, 0.042, -0.002, -0.02, 1.445
 71336045, 0.047, -0.028, -0.049, 1.437, -0.039, -0.027, -0.04, 1.441
 71536037, 0.032, -0.02, 0.001, 1.433, 0.047, -0.028, -0.049, 1.437
 71736076, -0.035, -0.035, -0.093, 1.429, 0.032, -0.02, 0.001, 1.433
 71936023, 0.005, -0.001, 0.025, 1.425, -0.035, -0.035, -0.093, 1.429
 72136025, 0.028, 0.022, -0.09100001, 1.421, 0.005, -0.001, 0.025, 1.425
 72336025, -0.05, -0.038, 0.01, 1.417, 0.028, 0.022, -0.09100001, 1.421
 72536167, -0.045, -0.005, 0.037, 1.413, -0.05, -0.038, 0.01, 1.417
 72736050, 0.004, 0.009000001, 0.036, 1.41, -0.045, -0.005, 0.037, 1.413
 72936195, 0.013, -0.013, 0.015, 1.406, 0.004, 0.009000001, 0.036, 1.41
 73136027, 0.012, -0.015, -0.057, 1.401, 0.013, -0.013, 0.015, 1.406
 73336038, -0.048, -0.062, -0.082, 1.398, 0.012, -0.015, -0.057, 1.401
 73536039, -0.006, 0.002, 0.003, 1.395, -0.048, -0.062, -0.082, 1.398
 73736051, 0.02, -0.044, -0.051, 1.391, -0.006, 0.002, 0.003, 1.395
 73936033, -0.012, 0.008, -0.014, 1.387, 0.02, -0.044, -0.051, 1.391
 74136027, 0.013, -0.036, 0.035, 1.384, -0.012, 0.008, -0.014, 1.387
 74336170, 0.009000001, 0.019, -0.027, 1.381, 0.013, -0.036, 0.035, 1.384
 74536014, 0.007, -0.017, 0.029, 1.378, 0.009000001, 0.019, -0.027, 1.381
 74756040, -0.016, -0.018, -0.004, 1.375, 0.007, -0.017, 0.029, 1.378
 74956056, 0.001, -0.022, -0.062, 1.373, -0.016, -0.018, -0.004, 1.375
 75156039, -0.017, -0.006, 0.005, 1.37, 0.001, -0.022, -0.062, 1.373
 75336042, -0.009000001, -0.06500001, -0.034, 1.368, -0.017, -0.006, 0.005, 1.37
 75536369, 0.01, 0.009000001, 0.017, 1.366, -0.009000001, -0.06500001, -0.034, 1.368
 75756357, 0.008, -0.039, -0.018, 1.364, 0.01, 0.009000001, 0.017, 1.366
 75936355, -0.038, 0.024, -0.036, 1.361, 0.008, -0.039, -0.018, 1.364
 76136372, -0.004, -0.029, -0.055, 1.359, -0.038, 0.024, -0.036, 1.361
 76356345, 0.037, -0.017, 0.027, 1.357, -0.004, -0.029, -0.055, 1.359
 76556323, -0.041, -0.068, -0.001, 1.355, 0.037, -0.017, 0.027, 1.357
 76756368, 0.006, -0.102, 0.034, 1.353, -0.041, -0.068, -0.001, 1.355
 76936326, -0.032, -0.033, -0.019, 1.352, 0.006, -0.102, 0.034, 1.353
 77136396, -0.049, -0.018, -0.085, 1.35, -0.032, -0.033, -0.019, 1.352
 77336334, -0.01, 0.002, -0.039, 1.348, -0.049, -0.018, -0.085, 1.35
 77536355, 0.016, 0.046, 0.028, 1.347, -0.01, 0.002, -0.039, 1.348
 77736356, 0.06500001, -0.014, 0.019, 1.345, 0.016, 0.046, 0.028, 1.347
 77937696, 0.068, 0.029, 0.007, 1.344, 0.06500001, -0.014, 0.019, 1.345
 78137047, 0.007, 0, 0.042, 1.342, 0.068, 0.029, 0.007, 1.344
 78337063, 0.01, 0.028, -0.002, 1.341, 0.007, 0, 0.042, 1.342
 78537051, 0.024, 0.002, 0.059, 1.339, 0.01, 0.028, -0.002, 1.341
 78737082, 0.004, -0.008, 0.034, 1.338, 0.024, 0.002, 0.059, 1.339
 78939243, 0.018, 0.036, 0.02, 1.337, 0.004, -0.008, 0.034, 1.338
 79139281, 0.001, -0.004, 0.012, 1.336, 0.018, 0.036, 0.02, 1.337
 79339262, -0.051, 0, -0.082, 1.334, 0.001, -0.004, 0.012, 1.336
 79539267, -0.053, -0.028, -0.006, 1.333, -0.051, 0, -0.082, 1.334
 79739316, -0.001, -0.022, 0.031, 1.332, -0.053, -0.028, -0.006, 1.333
 79939373, 0.033, -0.038, 0.02, 1.331, -0.001, -0.022, 0.031, 1.332
 80139327, 0.01, 0.031, -0.033, 1.329, 0.033, -0.038, 0.02, 1.331
 80339468, 0.002, 0.018, 0.08800001, 1.328, 0.01, 0.031, -0.033, 1.329
 80539295, 0.032, 0.03, -0.1, 1.327, 0.002, 0.018, 0.08800001, 1.328
 80759464, 0.04, -0.005, -0.015, 1.326, 0.032, 0.03, -0.1, 1.327
 80939259, 0.007, -0.007, 0.024, 1.325, 0.04, -0.005, -0.015, 1.326
 81139287, -0.012, 0.075, -0.036, 1.323, 0.007, -0.007, 0.024, 1.325
 81339246, 0.031, 0.03, -0.022, 1.322, -0.012, 0.075, -0.036, 1.323
 81539295, -0.001, 0, -0.117, 1.321, 0.031, 0.03, -0.022, 1.322
 81739409, -0.009000001, 0.011, 0.037, 1.32, -0.001, 0, -0.117, 1.321
 81939291, -0.005, -0.052, 0.008, 1.319, -0.009000001, 0.011, 0.037, 1.32
 82139298, -0.025, 0.037, -0.051, 1.318, -0.005, -0.052, 0.008, 1.319
 82339320, 0.005, -0.022, -0.02, 1.318, -0.025, 0.037, -0.051, 1.318
 82539289, 0.006, 0.004, -0.085, 1.317, 0.005, -0.022, -0.02, 1.318
 82759328, -0.03, -0.033, -0.011, 1.316, 0.006, 0.004, -0.085, 1.317
 82939318, -0.029, -0.064, -0.028, 1.316, -0.03, -0.033, -0.011, 1.316
 83139344, 0.034, 0.01, -0.014, 1.315, -0.029, -0.064, -0.028, 1.316
 83339335, 0.008, -0.139, -0.067, 1.314, 0.034, 0.01, -0.014, 1.315
 83539337, 0.035, -0.226, -0.214, 1.314, 0.008, -0.139, -0.067, 1.314
 83739336, -0.113, -0.309, -0.244, 1.312, 0.035, -0.226, -0.214, 1.314
 83939343, -0.141, -0.591, -0.328, 1.31, -0.113, -0.309, -0.244, 1.312
 84139325, -0.552, -0.459, -0.664, 1.31, -0.141, -0.591, -0.328, 1.31
 84359309, -0.6850001, -0.466, -0.803, 1.31, -0.552, -0.459, -0.664, 1.31
 84559286, -1.381, -0.765, -0.752, 1.31, -0.6850001, -0.466, -0.803, 1.31
 84759372, -1.271, -1.053, -0.59, 1.309, -1.381, -0.765, -0.752, 1.31
 84959492, -1.651, -0.837, -1.127, 1.307, -1.271, -1.053, -0.59, 1.309
 85159316, -1.253, -0.961, -0.7730001, 1.308, -1.651, -0.837, -1.127, 1.307
 85359290, -0.955, -0.8940001, -0.52, 1.304, -1.253, -0.961, -0.7730001, 1.308
 85559288, -0.609, -1.131, -0.546, 1.303, -0.955, -0.8940001, -0.52, 1.304
 85759292, -0.288, -1.094, -0.344, 1.299, -0.609, -1.131, -0.546, 1.303
 85939281, -0.246, -1.229, -0.242, 1.297, -0.288, -1.094, -0.344, 1.299
 86159311, -0.059, -1.375, -0.157, 1.296, -0.246, -1.229, -0.242, 1.297
 86359326, -0.016, -1.285, -0.43, 1.295, -0.059, -1.375, -0.157, 1.296
 86539307, -0.044, -1.638, -0.078, 1.295, -0.016, -1.285, -0.43, 1.295
 86759271, -0.289, -1.393, -0.062, 1.293, -0.044, -1.638, -0.078, 1.295
 86959282, -0.1, -1.42, -0.413, 1.288, -0.289, -1.393, -0.062, 1.293
 87139312, -0.103, -1.281, -0.575, 1.287, -0.1, -1.42, -0.413, 1.288
 87339311, -0.02, -1.272, -0.626, 1.283, -0.103, -1.281, -0.575, 1.287
 87539256, -0.246, -1.238, -0.209, 1.273, -0.02, -1.272, -0.626, 1.283
 87739305, -0.237, -1.41, -0.136, 1.267, -0.246, -1.238, -0.209, 1.273
 87939273, -0.041, -1.391, -0.249, 1.264, -0.237, -1.41, -0.136, 1.267
 88159265, -0.061, -1.62, -0.061, 1.257, -0.041, -1.391, -0.249, 1.264
 88339273, 0.071, -1.449, -0.302, 1.254, -0.061, -1.62, -0.061, 1.257
 88539278, -0.09500001, -1.842, -0.128, 1.254, 0.071, -1.449, -0.302, 1.254
 88759303, -0.129, -1.727, -0.16, 1.251, -0.09500001, -1.842, -0.128, 1.254
 88939361, -0.342, -1.813, -0.049, 1.246, -0.129, -1.727, -0.16, 1.251
 89139277, -0.41, -1.71, -0.125, 1.238, -0.342, -1.813, -0.049, 1.246
 89339259, -0.523, -1.493, -0.126, 1.236, -0.41, -1.71, -0.125, 1.238
 89539302, -0.661, -1.245, -0.206, 1.23, -0.523, -1.493, -0.126, 1.236
 89759331, -0.799, -1.1, -0.168, 1.224, -0.661, -1.245, -0.206, 1.23
 89939326, -0.675, -0.8470001, -0.275, 1.225, -0.799, -1.1, -0.168, 1.224
 90159284, -0.679, -0.756, -0.086, 1.223, -0.675, -0.8470001, -0.275, 1.225
 90339262, -0.818, -0.696, -0.11, 1.214, -0.679, -0.756, -0.086, 1.223
 90559306, -0.886, -0.6670001, -0.134, 1.211, -0.818, -0.696, -0.11, 1.214
 90759246, -0.9260001, -0.6210001, -0.066, 1.206, -0.886, -0.6670001, -0.134, 1.211
 90959286, -0.955, -0.665, 0.086, 1.205, -0.9260001, -0.6210001, -0.066, 1.206
 91159289, -1.109, -0.8, -0.008, 1.205, -0.955, -0.665, 0.086, 1.205
 91359305, -1.261, -0.8330001, 0.005, 1.204, -1.109, -0.8, -0.008, 1.205
 91539439, -1.348, -0.899, -0.032, 1.204, -1.261, -0.8330001, 0.005, 1.204
 91739409, -1.261, -0.7820001, 0.043, 1.205, -1.348, -0.899, -0.032, 1.204
 91959387, -1.157, -0.613, 0.002, 1.206, -1.261, -0.7820001, 0.043, 1.205
 92159401, -0.91, -0.404, 0.062, 1.208, -1.157, -0.613, 0.002, 1.206
 92360270, -0.6440001, -0.11, 0.09500001, 1.207, -0.91, -0.404, 0.062, 1.208
 92539911, -0.484, 0.052, -0.001, 1.207, -0.6440001, -0.11, 0.09500001, 1.207
 92760654, -0.473, 0.198, -0.055, 1.199, -0.484, 0.052, -0.001, 1.207
 92960623, -0.407, 0.127, 0.05, 1.197, -0.473, 0.198, -0.055, 1.199
 93160104, -0.213, 0.138, 0.026, 1.195, -0.407, 0.127, 0.05, 1.197
 93360369, -0.229, 0.036, 0.064, 1.192, -0.213, 0.138, 0.026, 1.195
 93560132, -0.119, -0.128, -0.034, 1.192, -0.229, 0.036, 0.064, 1.192
 93760129, -0.036, -0.217, -0.066, 1.184, -0.119, -0.128, -0.034, 1.192
 93960129, 0.007, -0.289, -0.023, 1.176, -0.036, -0.217, -0.066, 1.184
 94139677, 0.054, -0.435, -0.011, 1.167, 0.007, -0.289, -0.023, 1.176
 94339898, -0.012, -0.385, -0.026, 1.161, 0.054, -0.435, -0.011, 1.167
 94560110, -0.008, -0.474, -0.045, 1.159, -0.012, -0.385, -0.026, 1.161
 94759710, -0.044, -0.444, 0.051, 1.157, -0.008, -0.474, -0.045, 1.159
 94959667, 0.062, -0.35, -0.112, 1.155, -0.044, -0.444, 0.051, 1.157
 95179709, 0.017, -0.28, -0.09200001, 1.152, 0.062, -0.35, -0.112, 1.155
 95359660, 0.061, -0.297, -0.041, 1.15, 0.017, -0.28, -0.09200001, 1.152
 95559690, 0.028, -0.179, 0, 1.148, 0.061, -0.297, -0.041, 1.15
 95759699, 0.087, -0.183, -0.018, 1.146, 0.028, -0.179, 0, 1.148
 95959916, 0.195, -0.178, 0.09100001, 1.143, 0.087, -0.183, -0.018, 1.146
 96159699, 0.369, -0.139, 0.018, 1.143, 0.195, -0.178, 0.09100001, 1.143
 96359636, 0.434, -0.185, 0.007, 1.144, 0.369, -0.139, 0.018, 1.143
 96559637, 0.636, -0.24, 0.021, 1.146, 0.434, -0.185, 0.007, 1.144
 96759702, 0.768, -0.234, -0.042, 1.146, 0.636, -0.24, 0.021, 1.146
 96940346, 0.854, -0.297, -0.013, 1.146, 0.768, -0.234, -0.042, 1.146
 97160355, 0.992, -0.244, 0.049, 1.146, 0.854, -0.297, -0.013, 1.146
 97360353, 1.233, -0.204, -0.02, 1.147, 0.992, -0.244, 0.049, 1.146
 97560496, 1.367, -0.098, 0.004, 1.149, 1.233, -0.204, -0.02, 1.147
 97760497, 1.498, -0.078, -0.05, 1.15, 1.367, -0.098, 0.004, 1.149
 97960373, 1.631, 0.025, -0.007, 1.149, 1.498, -0.078, -0.05, 1.15
 98160730, 1.738, 0.105, 0.018, 1.147, 1.631, 0.025, -0.007, 1.149
 98360745, 1.92, 0.03, -0.01, 1.145, 1.738, 0.105, 0.018, 1.147
 98560711, 2.098, -0.011, 0.09900001, 1.143, 1.92, 0.03, -0.01, 1.145
 98780719, 2.029, 0.01, 0.167, 1.141, 2.098, -0.011, 0.09900001, 1.143
 98960679, 1.991, 0.027, -0.104, 1.14, 2.029, 0.01, 0.167, 1.141
 99160724, 1.902, -0.009000001, -0.079, 1.141, 1.991, 0.027, -0.104, 1.14
 99361045, 1.822, 0.202, -0.059, 1.143, 1.902, -0.009000001, -0.079, 1.141
 99541030, 1.667, 0.125, -0.045, 1.145, 1.822, 0.202, -0.059, 1.143
 99761064, 1.604, -0.066, -0.138, 1.145, 1.667, 0.125, -0.045, 1.145
 99963503, 1.596, -0.235, -0.008, 1.145, 1.604, -0.066, -0.138, 1.145
 100163502, 1.487, -0.504, 0.12, 1.144, 1.596, -0.235, -0.008, 1.145
 100363470, 1.286, -0.6810001, 0.123, 1.143, 1.487, -0.504, 0.12, 1.144
 100563521, 1.081, -0.8700001, 0.017, 1.143, 1.286, -0.6810001, 0.123, 1.143
 100763735, 0.772, -0.775, 0.06, 1.143, 1.081, -0.8700001, 0.017, 1.143
 100963472, 0.628, -0.665, -0.06500001, 1.143, 0.772, -0.775, 0.06, 1.143
 101163493, 0.531, -0.569, -0.039, 1.142, 0.628, -0.665, -0.06500001, 1.143
 101363477, 0.496, -0.518, 0.046, 1.137, 0.531, -0.569, -0.039, 1.142
 101563656, 0.427, -0.535, -0.082, 1.133, 0.496, -0.518, 0.046, 1.137
 101763516, 0.437, -0.553, -0.083, 1.129, 0.427, -0.535, -0.082, 1.133
 101963517, 0.373, -0.537, -0.124, 1.127, 0.437, -0.553, -0.083, 1.129
 102144353, 0.283, -0.403, -0.036, 1.127, 0.373, -0.537, -0.124, 1.127
 102363477, 0.213, -0.338, -0.054, 1.128, 0.283, -0.403, -0.036, 1.127
 102563493, 0.162, -0.195, 0.005, 1.129, 0.213, -0.338, -0.054, 1.128
 102763502, -0.011, -0.004, 0.11, 1.13, 0.162, -0.195, 0.005, 1.129
 102943906, -0.097, 0.025, 0.026, 1.131, -0.011, -0.004, 0.11, 1.13
 103163479, -0.191, 0.176, 0.067, 1.132, -0.097, 0.025, 0.026, 1.131
 103344361, -0.185, 0.186, 0.039, 1.132, -0.191, 0.176, 0.067, 1.132
 103544504, -0.211, 0.226, -0.029, 1.132, -0.185, 0.186, 0.039, 1.132
 103743947, -0.196, 0.174, 0.011, 1.132, -0.211, 0.226, -0.029, 1.132
 103943912, -0.201, 0.136, -0.019, 1.132, -0.196, 0.174, 0.011, 1.132
 104164083, -0.142, 0.097, -0.006, 1.132, -0.201, 0.136, -0.019, 1.132
 104364084, -0.026, -0.052, 0.02, 1.132, -0.142, 0.097, -0.006, 1.132
 104564094, 0.054, -0.12, 0.08000001, 1.132, -0.026, -0.052, 0.02, 1.132
 104764109, 0.055, -0.305, 0.029, 1.132, 0.054, -0.12, 0.08000001, 1.132
 104964261, 0.152, -0.38, -0.1, 1.13, 0.055, -0.305, 0.029, 1.132
 105164233, 0.15, -0.408, -0.139, 1.129, 0.152, -0.38, -0.1, 1.13
 105364095, 0.181, -0.389, -0.08000001, 1.127, 0.15, -0.408, -0.139, 1.129
 105544112, 0.132, -0.318, -0.068, 1.127, 0.181, -0.389, -0.08000001, 1.127
 105764102, 0.11, -0.273, -0.051, 1.127, 0.132, -0.318, -0.068, 1.127
 105964086, 0.124, -0.101, -0.019, 1.129, 0.11, -0.273, -0.051, 1.127
 106144098, 0.014, -0.097, -0.178, 1.131, 0.124, -0.101, -0.019, 1.129
 106344100, 0.09100001, -0.09500001, -0.057, 1.131, 0.014, -0.097, -0.178, 1.131
 106544105, -0.012, -0.109, -0.11, 1.132, 0.09100001, -0.09500001, -0.057, 1.131
 106764112, -0.02, -0.06900001, -0.08800001, 1.131, -0.012, -0.109, -0.11, 1.132
 106944053, -0.061, 0.002, 0.022, 1.13, -0.02, -0.06900001, -0.08800001, 1.131
 107164088, -0.112, 0.134, -0.07600001, 1.13, -0.061, 0.002, 0.022, 1.13
 107344124, -0.125, 0.051, 0.02, 1.13, -0.112, 0.134, -0.07600001, 1.13
 107564105, -0.142, 0.111, 0.07300001, 1.13, -0.125, 0.051, 0.02, 1.13
 107765344, -0.131, 0.144, 0.037, 1.131, -0.142, 0.111, 0.07300001, 1.13
 107964888, -0.203, 0.118, 0.116, 1.132, -0.131, 0.144, 0.037, 1.131
 108164884, -0.103, 0.111, 0.071, 1.135, -0.203, 0.118, 0.116, 1.132
 108364881, -0.147, 0.133, 0.028, 1.136, -0.103, 0.111, 0.071, 1.135
 108564908, -0.133, 0.112, -0.017, 1.137, -0.147, 0.133, 0.028, 1.136
 108765508, -0.135, 0.043, 0.06, 1.137, -0.133, 0.112, -0.017, 1.137
 108944644, -0.012, 0.094, -0.107, 1.137, -0.135, 0.043, 0.06, 1.137
 109144459, -0.017, 0.051, 0.026, 1.138, -0.012, 0.094, -0.107, 1.137
 109344446, -0.037, 0.018, -0.097, 1.138, -0.017, 0.051, 0.026, 1.138
 109544479, -0.053, 0.014, -0.017, 1.139, -0.037, 0.018, -0.097, 1.138
 109744510, -0.001, 0.03, -0.078, 1.141, -0.053, 0.014, -0.017, 1.139
 109944452, 0.003, -0.015, 0.038, 1.142, -0.001, 0.03, -0.078, 1.141
 110165351, -0.031, 0.06, 0.003, 1.142, 0.003, -0.015, 0.038, 1.142
 110364905, -0.005, 0.024, 0.005, 1.142, -0.031, 0.06, 0.003, 1.142
 110564970, 0.002, -0.049, 0.031, 1.14, -0.005, 0.024, 0.005, 1.142
 110784468, 0.055, -0.022, 0.149, 1.139, 0.002, -0.049, 0.031, 1.14
 110984424, -0.014, -0.053, -0.032, 1.139, 0.055, -0.022, 0.149, 1.139
 111165337, -0.015, -0.067, -0.036, 1.139, -0.014, -0.053, -0.032, 1.139
 111365331, -0.045, -0.075, 0.041, 1.138, -0.015, -0.067, -0.036, 1.139
 111564921, -0.056, -0.108, -0.072, 1.138, -0.045, -0.075, 0.041, 1.138
 111764919, -0.052, -0.123, -0.021, 1.139, -0.056, -0.108, -0.072, 1.138
 111944450, -0.017, -0.145, -0.034, 1.139, -0.052, -0.123, -0.021, 1.139
 112164895, -0.018, -0.129, 0.057, 1.139, -0.017, -0.145, -0.034, 1.139
 112365032, 0.022, -0.132, -0.003, 1.139, -0.018, -0.129, 0.057, 1.139
 112544645, 0.001, -0.166, -0.075, 1.14, 0.022, -0.132, -0.003, 1.139
 112764946, 0.029, -0.16, -0.027, 1.142, 0.001, -0.166, -0.075, 1.14
 112964850, -0.023, -0.16, -0.085, 1.144, 0.029, -0.16, -0.027, 1.142
 113164903, -0.03, -0.102, 0.011, 1.146, -0.023, -0.16, -0.085, 1.144
 113365131, 0.013, -0.074, -0.003, 1.146, -0.03, -0.102, 0.011, 1.146
 113565325, -0.064, -0.153, -0.031, 1.143, 0.013, -0.074, -0.003, 1.146
 113765364, -0.028, -0.115, -0.006, 1.142, -0.064, -0.153, -0.031, 1.143
 113964891, -0.002, -0.058, 0.013, 1.14, -0.028, -0.115, -0.006, 1.142
 114165010, -0.024, -0.067, 0.032, 1.139, -0.002, -0.058, 0.013, 1.14
 114364895, -0.027, -0.05, -0.044, 1.137, -0.024, -0.067, 0.032, 1.139
 114564923, 0.01, -0.067, 0, 1.138, -0.027, -0.05, -0.044, 1.137
 114764901, -0.042, -0.129, -0.07300001, 1.139, 0.01, -0.067, 0, 1.138
 114965329, -0.138, -0.086, -0.12, 1.14, -0.042, -0.129, -0.07300001, 1.139
 115144452, -0.02, -0.233, -0.153, 1.142, -0.138, -0.086, -0.12, 1.14
 115364893, 0.006, -0.357, -0.269, 1.143, -0.02, -0.233, -0.153, 1.142
 115564902, 0.129, -0.438, -0.29, 1.144, 0.006, -0.357, -0.269, 1.143
 115764921, 0.138, -0.512, -0.551, 1.144, 0.129, -0.438, -0.29, 1.144
 115965024, 0.15, -0.53, -0.534, 1.146, 0.138, -0.512, -0.551, 1.144
 116165319, 0.124, -0.822, -0.8050001, 1.147, 0.15, -0.53, -0.534, 1.146
 116364892, 0.252, -1.194, -0.899, 1.146, 0.124, -0.822, -0.8050001, 1.147
 116564888, 0.222, -1.349, -1.157, 1.143, 0.252, -1.194, -0.899, 1.146
 116784456, 0.301, -1.674, -1.222, 1.143, 0.222, -1.349, -1.157, 1.143
 116964877, 0.278, -1.793, -1.422, 1.141, 0.301, -1.674, -1.222, 1.143
 117164940, 0.386, -1.982, -1.776, 1.14, 0.278, -1.793, -1.422, 1.141
 117365331, 0.31, -2.159, -1.677, 1.139, 0.386, -1.982, -1.776, 1.14
 117565648, 0.395, -2.313, -1.797, 1.138, 0.31, -2.159, -1.677, 1.139
 117744496, 0.479, -2.416, -2.15, 1.136, 0.395, -2.313, -1.797, 1.138
 117964486, 0.7, -2.83, -2.069, 1.135, 0.479, -2.416, -2.15, 1.136
 118164444, 0.668, -2.903, -2.093, 1.135, 0.7, -2.83, -2.069, 1.135
 118344455, 0.973, -2.882, -2.203, 1.135, 0.668, -2.903, -2.093, 1.135
 118544459, 0.9110001, -2.833, -2.359, 1.135, 0.973, -2.882, -2.203, 1.135
 118751953, 0.896, -2.902, -2.293, 1.135, 0.9110001, -2.833, -2.359, 1.135
 118953156, 0.927, -2.998, -2.238, 1.135, 0.896, -2.902, -2.293, 1.135
 119153526, 0.936, -3.037, -2.258, 1.135, 0.927, -2.998, -2.238, 1.135
 119353598, 0.9070001, -3.163, -2.17, 1.134, 0.936, -3.037, -2.258, 1.135
 119553892, 0.767, -3.114, -2.281, 1.135, 0.9070001, -3.163, -2.17, 1.134
 119756953, 0.572, -3.405, -2.203, 1.126, 0.767, -3.114, -2.281, 1.135
 119956864, 0.28, -3.346, -2.131, 1.122, 0.572, -3.405, -2.203, 1.126
 120156689, -0.001, -3.177, -2.161, 1.121, 0.28, -3.346, -2.131, 1.122
 120337609, -0.362, -2.958, -1.933, 1.121, -0.001, -3.177, -2.161, 1.121
 120557778, -0.613, -2.714, -1.823, 1.126, -0.362, -2.958, -1.933, 1.121
 120757632, -0.924, -2.464, -1.6, 1.128, -0.613, -2.714, -1.823, 1.126
 120958108, -1.267, -2.345, -1.234, 1.125, -0.924, -2.464, -1.6, 1.128
 121160878, -1.679, -2.205, -1.045, 1.125, -1.267, -2.345, -1.234, 1.125
 121360668, -2.099, -1.682, -1.138, 1.123, -1.679, -2.205, -1.045, 1.125
 121561259, -2.621, -1.655, -0.795, 1.12, -2.099, -1.682, -1.138, 1.123
 121761620, -3.247, -1.187, -0.6070001, 1.116, -2.621, -1.655, -0.795, 1.12
 121961549, -3.715, -0.7920001, -0.253, 1.111, -3.247, -1.187, -0.6070001, 1.116
 122161600, -4.254, -0.551, -0.268, 1.108, -3.715, -0.7920001, -0.253, 1.111
 122361960, -4.655, -0.325, -0.102, 1.105, -4.254, -0.551, -0.268, 1.108
 122562716, -4.993, -0.11, 0.295, 1.104, -4.655, -0.325, -0.102, 1.105
 122783220, -5.15, 0.147, 0.056, 1.099, -4.993, -0.11, 0.295, 1.104
 122963509, -5.478, 0.365, 0.121, 1.091, -5.15, 0.147, 0.056, 1.099
 123163696, -5.757, 0.48, 0.14, 1.079, -5.478, 0.365, 0.121, 1.091
 123364294, -6.121, 0.402, 0.097, 1.064, -5.757, 0.48, 0.14, 1.079
 123564655, -6.544, 0.362, 0.082, 1.052, -6.121, 0.402, 0.097, 1.064
 123764142, -7.027, 0.316, 0.017, 1.041, -6.544, 0.362, 0.082, 1.052
 123964331, -7.511, 0.299, -0.058, 1.03, -7.027, 0.316, 0.017, 1.041
 124164298, -7.906, 0.181, -0.006, 1.022, -7.511, 0.299, -0.058, 1.03
 124344301, -8.392, 0.242, 0.02, 1.011, -7.906, 0.181, -0.006, 1.022
 124564338, -8.727, 0.239, 0.007, 1.003, -8.392, 0.242, 0.02, 1.011
 124764250, -9.05, 0.223, 0.042, 0.997, -8.727, 0.239, 0.007, 1.003
 124944294, -9.238001, 0.167, -0.072, 0.992, -9.05, 0.223, 0.042, 0.997
 125165167, -9.48, 0.05, -0.094, 0.9900001, -9.238001, 0.167, -0.072, 0.992
 125348200, -9.606001, 0.09, -0.037, 0.9860001, -9.48, 0.05, -0.094, 0.9900001
 125548860, -9.807, 0.112, -0.093, 0.984, -9.606001, 0.09, -0.037, 0.9860001
 125748060, -9.870001, 0.085, -0.055, 0.9820001, -9.807, 0.112, -0.093, 0.984
 125948021, -9.862, 0.079, 0.058, 0.9820001, -9.870001, 0.085, -0.055, 0.9820001
 126148893, -10.017, 0.021, 0.063, 0.983, -9.862, 0.079, 0.058, 0.9820001
 126350211, -9.892, -0.012, 0.108, 0.983, -10.017, 0.021, 0.063, 0.983
 126551102, -9.745001, 0.122, 0.054, 0.984, -9.892, -0.012, 0.108, 0.983
 126754650, -9.732, -0.078, 0.071, 0.9860001, -9.745001, 0.122, 0.054, 0.984
 126954609, -9.587001, -0.125, 0.004, 0.9900001, -9.732, -0.078, 0.071, 0.9860001
 127153702, -9.643001, -0.134, 0.071, 0.994, -9.587001, -0.125, 0.004, 0.9900001
 127353698, -9.650001, -0.101, 0.152, 0.998, -9.643001, -0.134, 0.071, 0.994
 127554520, -9.756001, -0.07, 0.258, 1.001, -9.650001, -0.101, 0.152, 0.998
 127754742, -9.855, 0.011, 0.188, 1.004, -9.756001, -0.07, 0.258, 1.001
 127955028, -10.054, 0.152, -0.032, 1.004, -9.855, 0.011, 0.188, 1.004
 128135221, -10.016, 0.107, -0.09200001, 1.003, -10.054, 0.152, -0.032, 1.004
 128354916, -9.976001, 0.181, -0.227, 1.003, -10.016, 0.107, -0.09200001, 1.003
 128555303, -9.886001, 0.126, -0.226, 1.003, -9.976001, 0.181, -0.227, 1.003
 128776491, -9.664001, 0.106, -0.09100001, 1.002, -9.886001, 0.126, -0.226, 1.003
 128956918, -9.693001, 0.13, -0.163, 1.001, -9.664001, 0.106, -0.09100001, 1.002
 129156701, -9.698001, 0.028, -0.08000001, 1.002, -9.693001, 0.13, -0.163, 1.001
 129356747, -9.763, -0.096, -0.045, 1.003, -9.698001, 0.028, -0.08000001, 1.002
 129557684, -9.916, -0.157, -0.013, 1.004, -9.763, -0.096, -0.045, 1.003
 129758837, -10.132, -0.156, -0.063, 1.006, -9.916, -0.157, -0.013, 1.004
 129961201, -10.209, -0.157, -0.101, 1.006, -10.132, -0.156, -0.063, 1.006
 130162059, -10.04, 0.012, -0.18, 1.004, -10.209, -0.157, -0.101, 1.006
 130342416, -10.074, 0.117, -0.178, 1, -10.04, 0.012, -0.18, 1.004
 130542664, -9.596001, 0.251, -0.34, 1, -10.074, 0.117, -0.178, 1
 130742495, -9.247001, 0.143, -0.055, 1, -9.596001, 0.251, -0.34, 1
 130942494, -8.891001, -0.07700001, -0.259, 1, -9.247001, 0.143, -0.055, 1
 131162427, -8.490001, -0.128, -0.022, 1, -8.891001, -0.07700001, -0.259, 1
 131363981, -8.227, -0.266, -0.01, 1.002, -8.490001, -0.128, -0.022, 1
 131564099, -7.914001, -0.229, 0.028, 1.003, -8.227, -0.266, -0.01, 1.002
 131763971, -7.662, -0.209, -0.145, 1.003, -7.914001, -0.229, 0.028, 1.003
 131947524, -7.343, -0.147, 0.131, 1.005, -7.662, -0.209, -0.145, 1.003
 132148254, -6.606, -0.043, 0.285, 1.011, -7.343, -0.147, 0.131, 1.005
 132351735, -6.407001, 0.004, -0.014, 1.015, -6.606, -0.043, 0.285, 1.011
 132551945, -5.872, -0.08800001, 0.009000001, 1.021, -6.407001, 0.004, -0.014, 1.015
 132751962, -5.46, -0.039, -0.062, 1.027, -5.872, -0.08800001, 0.009000001, 1.021
 132951733, -4.839, -0.471, -0.186, 1.028, -5.46, -0.039, -0.062, 1.027
 133132638, -4.297, -0.749, -0.768, 1.025, -4.839, -0.471, -0.186, 1.028
 133335153, -3.829, -0.9850001, -0.235, 1.021, -4.297, -0.749, -0.768, 1.025
 133535951, -3.492, -1.186, -0.112, 1.027, -3.829, -0.9850001, -0.235, 1.021
 133755968, -3, -1.727, -0.413, 1.033, -3.492, -1.186, -0.112, 1.027
 133935988, -2.579, -1.989, -0.317, 1.037, -3, -1.727, -0.413, 1.033
 134155982, -2.245, -2.531, -0.129, 1.044, -2.579, -1.989, -0.317, 1.037
 134356053, -1.649, -3.091, -0.301, 1.045, -2.245, -2.531, -0.129, 1.044
 134555939, -1.328, -3.463, -0.24, 1.046, -1.649, -3.091, -0.301, 1.045
 134759419, -0.9220001, -3.944, -0.162, 1.05, -1.328, -3.463, -0.24, 1.046
 134960186, -0.221, -4.485, -0.05, 1.057, -0.9220001, -3.944, -0.162, 1.05
 135161230, 0.012, -4.835, -0.158, 1.066, -0.221, -4.485, -0.05, 1.057
 135361368, 0.262, -5.089, -0.378, 1.071, 0.012, -4.835, -0.158, 1.066
 135561225, 0.28, -5.303, -0.317, 1.075, 0.262, -5.089, -0.378, 1.071
 135761243, 0.629, -5.685, -0.405, 1.077, 0.28, -5.303, -0.317, 1.075
 135941979, 0.487, -6.011, -0.309, 1.078, 0.629, -5.685, -0.405, 1.077
 136142836, 0.563, -6.664001, -0.326, 1.078, 0.487, -6.011, -0.309, 1.078
 136342754, 0.372, -6.918, -0.296, 1.072, 0.563, -6.664001, -0.326, 1.078
 136542751, 0.286, -7.638, -0.08000001, 1.079, 0.372, -6.918, -0.296, 1.072
 136742858, 0.133, -7.690001, -0.306, 1.089, 0.286, -7.638, -0.08000001, 1.079
 136942840, 0.107, -8.265, -0.243, 1.092, 0.133, -7.690001, -0.306, 1.089
 137142838, 0.022, -8.441, -0.175, 1.096, 0.107, -8.265, -0.243, 1.092
 137346933, -0.017, -8.783, -0.016, 1.087, 0.022, -8.441, -0.175, 1.096
 137547495, -0.034, -9.062, -0.066, 1.088, -0.017, -8.783, -0.016, 1.087
 137747350, 0.004, -9.456, -0.151, 1.091, -0.034, -9.062, -0.066, 1.088
 137947689, -0.054, -9.564, -0.001, 1.095, 0.004, -9.456, -0.151, 1.091
 138147704, 0.038, -9.477, -0.214, 1.1, -0.054, -9.564, -0.001, 1.095
 138349409, 0.034, -9.765, 0.071, 1.103, 0.038, -9.477, -0.214, 1.1
 138531906, -0.003, -9.621, -0.121, 1.104, 0.034, -9.765, 0.071, 1.103
 138752862, -0.046, -9.828, -0.039, 1.107, -0.003, -9.621, -0.121, 1.104
 138954303, -0.081, -9.708, -0.225, 1.11, -0.046, -9.828, -0.039, 1.107
 139155200, -0.081, -9.801001, -0.105, 1.117, -0.081, -9.708, -0.225, 1.11
 139355239, -0.116, -9.753, 0.016, 1.119, -0.081, -9.801001, -0.105, 1.117
 139555251, -0.156, -9.865001, 0.551, 1.125, -0.116, -9.753, 0.016, 1.119
 139756612, -0.22, -9.666, 0.271, 1.132, -0.156, -9.865001, 0.551, 1.125
 139959912, -0.043, -9.888, 0.166, 1.14, -0.22, -9.666, 0.271, 1.132
 140140355, -0.03, -10.086, 0.36, 1.157, -0.043, -9.888, 0.166, 1.14
 140340501, 0.035, -10.222, 0.17, 1.171, -0.03, -10.086, 0.36, 1.157
 140560343, 0.058, -10.474, 0.004, 1.182, 0.035, -10.222, 0.17, 1.171
 140760320, 0.001, -10.473, -0.198, 1.178, 0.058, -10.474, 0.004, 1.182
 140941128, -0.025, -10.592, -0.067, 1.181, 0.001, -10.473, -0.198, 1.178
 141144493, -0.026, -10.513, -0.434, 1.194, -0.025, -10.592, -0.067, 1.181
 141365080, 0.093, -10.58, -0.228, 1.204, -0.026, -10.513, -0.434, 1.194
 141504717, -0.086, -10.368, -0.336, 1.217, 0.093, -10.58, -0.228, 1.204
 141705473, -0.285, -9.944, -0.08800001, 1.234, -0.086, -10.368, -0.336, 1.217
 141966637, 0.024, -10.097, -0.082, 1.232, -0.285, -9.944, -0.08800001, 1.234
 142145666, 0.081, -10.02, -0.131, 1.23, 0.024, -10.097, -0.082, 1.232
 142366093, 0.167, -9.731001, 0.062, 1.223, 0.081, -10.02, -0.131, 1.23
 142566023, -0.019, -9.716001, -0.193, 1.223, 0.167, -9.731001, 0.062, 1.223
 142745500, 0.083, -9.666, -0.123, 1.222, -0.019, -9.716001, -0.193, 1.223
 142946495, -0.007, -9.504001, 0.041, 1.217, 0.083, -9.666, -0.123, 1.222
 143166447, 0.103, -9.522, 0.075, 1.215, -0.007, -9.504001, 0.041, 1.217
 143346759, -0.16, -9.646001, 0.06, 1.208, 0.103, -9.522, 0.075, 1.215
 143566755, 0.045, -9.607, 0.02, 1.207, -0.16, -9.646001, 0.06, 1.208
 143747295, -0.006, -9.729, 0.035, 1.207, 0.045, -9.607, 0.02, 1.207
 143947292, -0.036, -9.676001, -0.217, 1.204, -0.006, -9.729, 0.035, 1.207
 144149388, -0.331, -9.596001, 0.074, 1.197, -0.036, -9.676001, -0.217, 1.204
 144351304, -0.192, -9.685, 0.104, 1.191, -0.331, -9.596001, 0.074, 1.197
 144571163, -0.132, -9.556001, 0.331, 1.181, -0.192, -9.685, 0.104, 1.191
 144771316, -0.171, -9.734, 0.249, 1.172, -0.132, -9.556001, 0.331, 1.181
 144951171, 0.036, -9.867001, 0.5330001, 1.167, -0.171, -9.734, 0.249, 1.172
 145171480, -0.097, -9.975, 0.173, 1.169, 0.036, -9.867001, 0.5330001, 1.167
 145372846, -0.096, -9.961, 0.148, 1.167, -0.097, -9.975, 0.173, 1.169
 145552366, -0.07, -9.795, 0.016, 1.169, -0.096, -9.961, 0.148, 1.167
 145754896, -0.269, -9.830001, 0.009000001, 1.172, -0.07, -9.795, 0.016, 1.169
 145954895, 0.135, -9.701, 0.002, 1.177, -0.269, -9.830001, 0.009000001, 1.172
 146154866, -0.07600001, -9.540001, -0.029, 1.174, 0.135, -9.701, 0.002, 1.177
 146354874, -0.186, -9.667001, 0.18, 1.166, -0.07600001, -9.540001, -0.029, 1.174
 146555481, -0.056, -9.799001, 0.387, 1.16, -0.186, -9.667001, 0.18, 1.166
 146755712, -0.072, -9.939, 0.196, 1.16, -0.056, -9.799001, 0.387, 1.16
 146955506, -0.09500001, -10.009, 0.13, 1.154, -0.072, -9.939, 0.196, 1.16
 147155478, -0.023, -10.027, 0.081, 1.151, -0.09500001, -10.009, 0.13, 1.154
 147355484, 0.037, -10.144, 0.045, 1.149, -0.023, -10.027, 0.081, 1.151
 147555453, -0.046, -10.206, 0.313, 1.153, 0.037, -10.144, 0.045, 1.149
 147759123, 0.031, -9.961, 0.016, 1.145, -0.046, -10.206, 0.313, 1.153
 147959080, 0.149, -9.969001, -0.016, 1.138, 0.031, -9.961, 0.016, 1.145
 148159900, 0.09, -10.051, 0.313, 1.142, 0.149, -9.969001, -0.016, 1.138
 148359102, 0.167, -10.116, 0.155, 1.149, 0.09, -10.051, 0.313, 1.142
 148559094, 0.259, -9.894, -0.055, 1.154, 0.167, -10.116, 0.155, 1.149
 148738842, 0.143, -10.087, 0.09, 1.147, 0.259, -9.894, -0.055, 1.154
 148959892, 0.09200001, -10.042, 0.007, 1.145, 0.143, -10.087, 0.09, 1.147
 149159899, 0.066, -10.123, 0.039, 1.144, 0.09200001, -10.042, 0.007, 1.145
 149360707, -0.115, -10.24, 0.105, 1.142, 0.066, -10.123, 0.039, 1.144
 149559940, -0.216, -10.015, -0.138, 1.139, -0.115, -10.24, 0.105, 1.142
 149759949, -0.36, -10.003, -0.152, 1.14, -0.216, -10.015, -0.138, 1.139
 149899933, -0.353, -9.965, -0.175, 1.141, -0.36, -10.003, -0.152, 1.14
 150099953, -0.394, -9.677, -0.093, 1.142, -0.353, -9.965, -0.175, 1.141
 150299961, -0.379, -9.627001, 0.033, 1.143, -0.394, -9.677, -0.093, 1.142
 150503120, -0.382, -9.768001, 0.007, 1.144, -0.379, -9.627001, 0.033, 1.143
 150703278, -0.157, -9.791, 0.089, 1.142, -0.382, -9.768001, 0.007, 1.144
 150903120, -0.001, -9.907001, 0.043, 1.141, -0.157, -9.791, 0.089, 1.142
 151123249, 0.003, -9.974001, 0.059, 1.144, -0.001, -9.907001, 0.043, 1.141
 151323321, 0.063, -10.259, -0.249, 1.147, 0.003, -9.974001, 0.059, 1.144
 151503256, 0.132, -10.312, 0.03, 1.15, 0.063, -10.259, -0.249, 1.147
 151703137, 0.148, -10.276, -0.162, 1.152, 0.132, -10.312, 0.03, 1.15
 151908644, 0.193, -10.292, -0.154, 1.154, 0.148, -10.276, -0.162, 1.152
 152108731, 0.075, -10.183, 0.021, 1.156, 0.193, -10.292, -0.154, 1.154
 152308730, 0.08800001, -10.174, -0.079, 1.156, 0.075, -10.183, 0.021, 1.156
 152529881, 0.062, -10.218, -0.041, 1.157, 0.08800001, -10.174, -0.079, 1.156
 152729183, -0.049, -9.934, -0.209, 1.152, 0.062, -10.218, -0.041, 1.157
 152910181, 0.09200001, -9.627001, -0.06, 1.153, -0.049, -9.934, -0.209, 1.152
 153110086, -0.108, -9.540001, -0.15, 1.152, 0.09200001, -9.627001, -0.06, 1.153
 153310099, -0.07300001, -9.215, -0.08400001, 1.144, -0.108, -9.540001, -0.15, 1.152
 153510604, 0.127, -8.818001, -0.194, 1.143, -0.07300001, -9.215, -0.08400001, 1.144
 153714080, 0.051, -8.423, -0.004, 1.138, 0.127, -8.818001, -0.194, 1.143
 153914223, 0.07300001, -8.416, 0.33, 1.134, 0.051, -8.423, -0.004, 1.138
 154114468, 0.041, -8.139, 0.248, 1.134, 0.07300001, -8.416, 0.33, 1.134
 154314486, 0.016, -7.998, -0.09200001, 1.131, 0.041, -8.139, 0.248, 1.134
 154514443, 0.038, -7.608, -0.08400001, 1.13, 0.016, -7.998, -0.09200001, 1.131
 154714507, 0.059, -7.406, -0.172, 1.131, 0.038, -7.608, -0.08400001, 1.13
 154914850, -0.108, -6.996, -0.174, 1.134, 0.059, -7.406, -0.172, 1.131
 155115393, -0.229, -6.394001, -0.152, 1.139, -0.108, -6.996, -0.174, 1.134
 155316176, -0.07, -5.788, -0.236, 1.143, -0.229, -6.394001, -0.152, 1.139
 155516176, 0.049, -5.113, -0.237, 1.149, -0.07, -5.788, -0.236, 1.143
 155716265, 0.273, -4.493, -0.08400001, 1.155, 0.049, -5.113, -0.237, 1.149
 155916126, 0.431, -3.916, -0.164, 1.153, 0.273, -4.493, -0.08400001, 1.155
 156116291, 0.7600001, -3.218, -0.157, 1.146, 0.431, -3.916, -0.164, 1.153
 156316354, 1.07, -2.804, -0.174, 1.14, 0.7600001, -3.218, -0.157, 1.146
 156517008, 1.53, -2.364, -0.194, 1.143, 1.07, -2.804, -0.174, 1.14
 156698428, 2.084, -2.016, -0.188, 1.145, 1.53, -2.364, -0.194, 1.143
 156917351, 2.703, -1.873, -0.03, 1.144, 2.084, -2.016, -0.188, 1.145
 157117638, 3.486, -1.506, -0.12, 1.149, 2.703, -1.873, -0.03, 1.144
 157317656, 4.032, -1.071, -0.071, 1.152, 3.486, -1.506, -0.12, 1.149
 157517850, 4.554, -0.749, 0.038, 1.152, 4.032, -1.071, -0.071, 1.152
 157718702, 5.106, -0.354, -0.025, 1.141, 4.554, -0.749, 0.038, 1.152
 157918676, 5.404, -0.163, -0.07600001, 1.13, 5.106, -0.354, -0.025, 1.141
 158119000, 5.662, 0.008, -0.086, 1.117, 5.404, -0.163, -0.07600001, 1.13
 158319014, 6.015, 0.248, -0.139, 1.102, 5.662, 0.008, -0.086, 1.117
 158519010, 6.121, 0.179, -0.018, 1.093, 6.015, 0.248, -0.139, 1.102
 158719048, 6.598001, 0.18, -0.078, 1.09, 6.121, 0.179, -0.018, 1.093
 158920219, 6.847, 0.128, -0.06900001, 1.09, 6.598001, 0.18, -0.078, 1.09
 159120166, 7.123, -0.012, -0.038, 1.088, 6.847, 0.128, -0.06900001, 1.09
 159300681, 7.413001, -0.056, -0.139, 1.083, 7.123, -0.012, -0.038, 1.088
 159521160, 7.93, -0.09900001, -0.125, 1.079, 7.413001, -0.056, -0.139, 1.083
 159721868, 8.221001, -0.173, -0.144, 1.074, 7.93, -0.09900001, -0.125, 1.079
 159921053, 8.713, -0.101, -0.07300001, 1.072, 8.221001, -0.173, -0.144, 1.074
 160121295, 8.924001, -0.094, -0.075, 1.073, 8.713, -0.101, -0.07300001, 1.072
 160321285, 9.457001, -0.203, -0.139, 1.076, 8.924001, -0.094, -0.075, 1.073
 160521983, 9.737, -0.005, -0.025, 1.079, 9.457001, -0.203, -0.139, 1.076
 160722001, 9.937, -0.097, -0.05, 1.08, 9.737, -0.005, -0.025, 1.079
 160922055, 9.996, -0.117, -0.178, 1.08, 9.937, -0.097, -0.05, 1.08
 161121994, 9.729, -0.195, -0.388, 1.081, 9.996, -0.117, -0.178, 1.08
 161322164, 9.936001, -0.104, -0.235, 1.083, 9.729, -0.195, -0.388, 1.081
 161521997, 9.987, -0.205, -0.307, 1.086, 9.936001, -0.104, -0.235, 1.083
 161722943, 9.884001, -0.305, -0.31, 1.088, 9.987, -0.205, -0.307, 1.086
 161902722, 9.936001, -0.272, -0.09200001, 1.093, 9.884001, -0.305, -0.31, 1.088
 162102714, 9.876, -0.298, -0.07700001, 1.097, 9.936001, -0.272, -0.09200001, 1.093
 162322734, 9.908001, -0.195, -0.038, 1.1, 9.876, -0.298, -0.07700001, 1.097
 162502711, 9.886001, -0.215, -0.169, 1.104, 9.908001, -0.195, -0.038, 1.1
 162722728, 9.908001, -0.184, -0.163, 1.106, 9.886001, -0.215, -0.169, 1.104
 162903452, 9.977, -0.07600001, -0.094, 1.107, 9.908001, -0.184, -0.163, 1.106
 163103640, 9.891001, -0.111, -0.216, 1.11, 9.977, -0.07600001, -0.094, 1.107
 163303764, 9.849001, -0.04, -0.133, 1.111, 9.891001, -0.111, -0.216, 1.11
 163504333, 9.785001, -0.148, -0.361, 1.112, 9.849001, -0.04, -0.133, 1.111
 163724203, 9.663, -0.186, -0.131, 1.112, 9.785001, -0.148, -0.361, 1.112
 163924197, 9.587001, -0.343, -0.047, 1.115, 9.663, -0.186, -0.131, 1.112
 164105138, 9.421, -0.279, 0.09, 1.118, 9.587001, -0.343, -0.047, 1.115
 164305843, 9.526, -0.331, 0.103, 1.12, 9.421, -0.279, 0.09, 1.118
 164508501, 9.434, -0.197, 0.098, 1.122, 9.526, -0.331, 0.103, 1.12
 164728812, 9.727, 0.109, 0.398, 1.126, 9.434, -0.197, 0.098, 1.122
 164929625, 9.777, 0.107, 0.116, 1.131, 9.727, 0.109, 0.398, 1.126
 165128672, 9.898001, 0.257, 0.064, 1.136, 9.777, 0.107, 0.116, 1.131
 165329465, 10.065, 0.279, 0.111, 1.139, 9.898001, 0.257, 0.064, 1.136
 165529448, 10.303, 0.204, -0.096, 1.143, 10.065, 0.279, 0.111, 1.139
 165709469, 10.235, 0.158, -0.143, 1.144, 10.303, 0.204, -0.096, 1.143
 165909953, 10.108, 0.214, -0.155, 1.143, 10.235, 0.158, -0.143, 1.144
 166112697, 9.601001, 0.071, -0.377, 1.142, 10.108, 0.214, -0.155, 1.143
 166312521, 9.014001, -0.001, -0.381, 1.135, 9.601001, 0.071, -0.377, 1.142
 166512909, 8.749001, -0.056, -0.285, 1.135, 9.014001, -0.001, -0.381, 1.135
 166712960, 8.073, -0.134, -0.152, 1.136, 8.749001, -0.056, -0.285, 1.135
 166912920, 7.856, 0.045, 0.274, 1.136, 8.073, -0.134, -0.152, 1.136
 167112861, 7.734, -0.022, 0.131, 1.138, 7.856, 0.045, 0.274, 1.136
 167313386, 7.318, 0.058, 0.279, 1.139, 7.734, -0.022, 0.131, 1.138
 167513599, 6.875, 0.037, 0.063, 1.137, 7.318, 0.058, 0.279, 1.139
 167714112, 6.506001, 0.026, 0.113, 1.134, 6.875, 0.037, 0.063, 1.137
 167914410, 5.893, 0.104, 0.028, 1.13, 6.506001, 0.026, 0.113, 1.134
 168115484, 5.133, 0.096, -0.157, 1.128, 5.893, 0.104, 0.028, 1.13
 168318243, 4.693, 0.227, 0.13, 1.125, 5.133, 0.096, -0.157, 1.128
 168518881, 3.891, 0.481, 0.22, 1.124, 4.693, 0.227, 0.13, 1.125
 168718133, 3.324, 0.671, 0.058, 1.124, 3.891, 0.481, 0.22, 1.124
 168918093, 2.911, 1.257, 0.266, 1.119, 3.324, 0.671, 0.058, 1.124
 169119009, 2.231, 1.69, 0.266, 1.115, 2.911, 1.257, 0.266, 1.119
 169320017, 1.682, 2.233, 0.154, 1.112, 2.231, 1.69, 0.266, 1.115
 169520014, 1.231, 2.857, 0.252, 1.113, 1.682, 2.233, 0.154, 1.112
 169699670, 0.946, 3.273, 0.014, 1.111, 1.231, 2.857, 0.252, 1.113
 169920107, 0.399, 3.779, -0.019, 1.111, 0.946, 3.273, 0.014, 1.111
 170120090, 0.255, 4.309, -0.052, 1.117, 0.399, 3.779, -0.019, 1.111
 170320944, 0.151, 4.803, -0.036, 1.115, 0.255, 4.309, -0.052, 1.117
 170521660, 0.057, 5.093, -0.114, 1.111, 0.151, 4.803, -0.036, 1.115
 170721934, 0.034, 5.438, -0.045, 1.105, 0.057, 5.093, -0.114, 1.111
 170921679, 0.161, 5.612, 0.067, 1.097, 0.034, 5.438, -0.045, 1.105
 171121668, 0.149, 6.047, 0.002, 1.091, 0.161, 5.612, 0.067, 1.097
 171321703, 0.291, 6.235, -0.158, 1.084, 0.149, 6.047, 0.002, 1.091
 171521659, 0.205, 6.653, -0.159, 1.087, 0.291, 6.235, -0.158, 1.084
 171722504, 0.07300001, 6.998, -0.116, 1.092, 0.205, 6.653, -0.159, 1.087
 171922509, 0.136, 7.547, -0.228, 1.089, 0.07300001, 6.998, -0.116, 1.092
 172122914, 0, 7.806, -0.081, 1.085, 0.136, 7.547, -0.228, 1.089
 172303455, -0.08000001, 8.243, 0.08800001, 1.082, 0, 7.806, -0.081, 1.085
 172504217, -0.004, 8.437, 0.019, 1.082, -0.08000001, 8.243, 0.08800001, 1.082
 172707922, -0.032, 8.722, -0.03, 1.08, -0.004, 8.437, 0.019, 1.082
 172908058, -0.053, 8.911, 0, 1.076, -0.032, 8.722, -0.03, 1.08
 173108610, 0.059, 9.078, -0.083, 1.075, -0.053, 8.911, 0, 1.076
 173307922, -0.003, 9.317, -0.01, 1.072, 0.059, 9.078, -0.083, 1.075
 173507455, 0.054, 9.551001, -0.016, 1.07, -0.003, 9.317, -0.01, 1.072
 173707480, 0.01, 9.740001, -0.026, 1.067, 0.054, 9.551001, -0.016, 1.07
 173908356, -0.047, 9.947001, 0.008, 1.065, 0.01, 9.740001, -0.026, 1.067
 174109596, 0.045, 9.855, 0.031, 1.062, -0.047, 9.947001, 0.008, 1.065
 174309625, 0.008, 10.005, 0.111, 1.057, 0.045, 9.855, 0.031, 1.062
 174509617, 0.315, 9.666, -0.133, 1.057, 0.008, 10.005, 0.111, 1.057
 174729997, 0.195, 9.929001, 0.015, 1.053, 0.315, 9.666, -0.133, 1.057
 174909592, 0.041, 9.872001, -0.015, 1.049, 0.195, 9.929001, 0.015, 1.053
 175110388, 0.09100001, 9.987, 0.104, 1.046, 0.041, 9.872001, -0.015, 1.049
 175310365, 0.078, 9.943001, 0.209, 1.044, 0.09100001, 9.987, 0.104, 1.046
 175510346, -0.007, 10.114, 0.274, 1.046, 0.078, 9.943001, 0.209, 1.044
 175710373, -0.07600001, 10.202, 0.132, 1.046, -0.007, 10.114, 0.274, 1.046
 175910387, -0.2, 10.454, 0.225, 1.046, -0.07600001, 10.202, 0.132, 1.046
 176110345, -0.321, 10.466, 0.09200001, 1.046, -0.2, 10.454, 0.225, 1.046
 176311205, -0.3, 10.52, 0.01, 1.044, -0.321, 10.466, 0.09200001, 1.046
 176514072, -0.302, 10.515, 0.242, 1.044, -0.3, 10.52, 0.01, 1.044
 176733939, -0.229, 10.293, -0.004, 1.044, -0.302, 10.515, 0.242, 1.044
 176915020, -0.096, 10.086, 0.012, 1.047, -0.229, 10.293, -0.004, 1.044
 177114876, -0.023, 9.998, -0.161, 1.051, -0.096, 10.086, 0.012, 1.047
 177314093, 0.164, 9.866, 0.098, 1.055, -0.023, 9.998, -0.161, 1.051
 177514627, 0.322, 9.607, 0.024, 1.058, 0.164, 9.866, 0.098, 1.055
 177714960, 0.446, 9.653001, 0.025, 1.061, 0.322, 9.607, 0.024, 1.058
 177915722, 0.567, 9.563001, -0.172, 1.065, 0.446, 9.653001, 0.025, 1.061
 178115692, 0.594, 9.285001, -0.211, 1.071, 0.567, 9.563001, -0.172, 1.065
 178315714, 0.573, 9.182, -0.23, 1.074, 0.594, 9.285001, -0.211, 1.071
 178515720, 0.6210001, 9.1, -0.245, 1.078, 0.573, 9.182, -0.23, 1.074
 178715935, 0.574, 9.137, -0.006, 1.076, 0.6210001, 9.1, -0.245, 1.078
 178916620, 0.387, 9.330001, 0.281, 1.071, 0.574, 9.137, -0.006, 1.076
 179117515, 0.353, 9.458, 0.28, 1.067, 0.387, 9.330001, 0.281, 1.071
 179321039, 0.273, 9.849001, 0.12, 1.064, 0.353, 9.458, 0.28, 1.067
 179521022, 0.024, 10.116, -0.039, 1.064, 0.273, 9.849001, 0.12, 1.064
 179722161, -0.209, 10.446, 0.079, 1.062, 0.024, 10.116, -0.039, 1.064
 179922162, -0.389, 10.391, -0.217, 1.061, -0.209, 10.446, 0.079, 1.062
 180104672, -0.482, 10.359, -0.228, 1.058, -0.389, 10.391, -0.217, 1.061
 180305379, -0.355, 10.136, -0.318, 1.054, -0.482, 10.359, -0.228, 1.058
 180507874, -0.273, 10.029, -0.168, 1.056, -0.355, 10.136, -0.318, 1.054
 180708266, -0.197, 9.685, -0.09100001, 1.054, -0.273, 10.029, -0.168, 1.056
 180912394, 0.023, 9.504001, -0.165, 1.051, -0.197, 9.685, -0.09100001, 1.054
 181111844, 0.194, 9.464001, 0.237, 1.05, 0.023, 9.504001, -0.165, 1.051
 181311679, 0.247, 9.483001, 0.245, 1.05, 0.194, 9.464001, 0.237, 1.05
 181512303, 0.423, 9.781, 0.342, 1.056, 0.247, 9.483001, 0.245, 1.05
 181712462, 0.375, 9.981001, 0.006, 1.061, 0.423, 9.781, 0.342, 1.056
 181914318, 0.22, 10.25, -0.078, 1.057, 0.375, 9.981001, 0.006, 1.061
 182113167, -0.009000001, 10.413, -0.177, 1.06, 0.22, 10.25, -0.078, 1.057
 182313240, -0.078, 10.499, -0.171, 1.057, -0.009000001, 10.413, -0.177, 1.06
 182516063, -0.093, 10.509, -0.392, 1.054, -0.078, 10.499, -0.171, 1.057
 182716078, -0.098, 10.285, -0.173, 1.055, -0.093, 10.509, -0.392, 1.054
 182916840, -0.12, 10.021, -0.307, 1.053, -0.098, 10.285, -0.173, 1.055
 183116741, 0.029, 9.659, -0.419, 1.055, -0.12, 10.021, -0.307, 1.053
 183316974, 0.011, 9.46, -0.23, 1.054, 0.029, 9.659, -0.419, 1.055
 183519469, 0.009000001, 9.399, 0.07700001, 1.053, 0.011, 9.46, -0.23, 1.054
 183719352, 0.109, 9.449, 0.082, 1.051, 0.009000001, 9.399, 0.07700001, 1.053
 183920675, 0.001, 9.597, 0.107, 1.048, 0.109, 9.449, 0.082, 1.051
 184121441, -0.11, 9.848001, 0.148, 1.048, 0.001, 9.597, 0.107, 1.048
 184322241, -0.058, 10.136, -0.067, 1.048, -0.11, 9.848001, 0.148, 1.048
 184523131, -0.289, 10.422, -0.094, 1.048, -0.058, 10.136, -0.067, 1.048
 184723277, -0.185, 10.352, -0.228, 1.048, -0.289, 10.422, -0.094, 1.048
 184925650, -0.137, 10.548, -0.09500001, 1.048, -0.185, 10.352, -0.228, 1.048
 185125636, -0.052, 10.386, -0.253, 1.048, -0.137, 10.548, -0.09500001, 1.048
 185306509, -0.016, 10.318, -0.216, 1.049, -0.052, 10.386, -0.253, 1.048
 185509694, 0.308, 9.967, -0.166, 1.052, -0.016, 10.318, -0.216, 1.049
 185709721, 0.337, 9.627001, -0.368, 1.057, 0.308, 9.967, -0.166, 1.052
 185909701, 0.445, 9.553, -0.13, 1.063, 0.337, 9.627001, -0.368, 1.057
 186110187, 0.495, 9.578, 0.127, 1.067, 0.445, 9.553, -0.13, 1.063
 186310202, 0.341, 9.675, 0.16, 1.07, 0.495, 9.578, 0.127, 1.067
 186511179, 0.479, 9.922001, 0.09200001, 1.074, 0.341, 9.675, 0.16, 1.07
 186711035, 0.205, 10.002, 0.048, 1.075, 0.479, 9.922001, 0.09200001, 1.074
 186911414, -0.026, 10.096, 0.07, 1.077, 0.205, 10.002, 0.048, 1.075
 187114969, -0.224, 9.981001, -0.196, 1.079, -0.026, 10.096, 0.07, 1.077
 187314879, -0.349, 9.724001, -0.244, 1.081, -0.224, 9.981001, -0.196, 1.079
 187514911, -0.36, 9.651, -0.102, 1.084, -0.349, 9.724001, -0.244, 1.081
 187714883, -0.25, 9.621, -0.09200001, 1.085, -0.36, 9.651, -0.102, 1.084
 187915683, -0.289, 9.693001, 0.059, 1.085, -0.25, 9.621, -0.09200001, 1.085
 188116466, -0.074, 9.401, -0.02, 1.086, -0.289, 9.693001, 0.059, 1.085
 188320524, 0.141, 9.628, -0.155, 1.087, -0.074, 9.401, -0.02, 1.086
 188521308, 0.162, 9.63, -0.08800001, 1.091, 0.141, 9.628, -0.155, 1.087
 188720468, 0.184, 9.43, -0.17, 1.095, 0.162, 9.63, -0.08800001, 1.091
 188920520, 0.304, 8.985001, -0.296, 1.097, 0.184, 9.43, -0.17, 1.095
 189100931, 0.215, 8.932, -0.327, 1.097, 0.304, 8.985001, -0.296, 1.097
 189321134, 0.406, 8.498, -0.049, 1.092, 0.215, 8.932, -0.327, 1.097
 189520881, 0.509, 7.911, -0.09900001, 1.096, 0.406, 8.498, -0.049, 1.092
 189720899, 0.46, 7.792, 0.246, 1.097, 0.509, 7.911, -0.09900001, 1.096
 189920964, 0.379, 7.511, 0.155, 1.096, 0.46, 7.792, 0.246, 1.097
 190120931, 0.174, 7.104001, 0.146, 1.095, 0.379, 7.511, 0.155, 1.096
 190321751, 0.106, 6.911, 0.263, 1.092, 0.174, 7.104001, 0.146, 1.095
 190501740, -0.175, 6.574, 0.232, 1.094, 0.106, 6.911, 0.263, 1.092
 190701751, -0.128, 5.696, 0.054, 1.099, -0.175, 6.574, 0.232, 1.094
 190902238, -0.321, 5.189, -0.012, 1.107, -0.128, 5.696, 0.054, 1.099
 191122270, -0.325, 4.399, 0.137, 1.113, -0.321, 5.189, -0.012, 1.107
 191303966, -0.243, 3.533, -0.004, 1.119, -0.325, 4.399, 0.137, 1.113
 191505933, -0.367, 2.825, -0.038, 1.123, -0.243, 3.533, -0.004, 1.119
 191726231, -0.254, 2.362, -0.085, 1.128, -0.367, 2.825, -0.038, 1.123
 191905936, -0.173, 2.058, -0.044, 1.131, -0.254, 2.362, -0.085, 1.128
 192105835, -0.157, 1.711, -0.245, 1.134, -0.173, 2.058, -0.044, 1.131
 192306217, -0.276, 1.752, -0.284, 1.138, -0.157, 1.711, -0.245, 1.134
 192506346, -0.563, 2.038, 0.042, 1.142, -0.276, 1.752, -0.284, 1.138
 192706881, -0.855, 2.222, -0.219, 1.144, -0.563, 2.038, 0.042, 1.142
 192907688, -1.207, 2.422, -0.108, 1.146, -0.855, 2.222, -0.219, 1.144
 193107657, -1.471, 2.534, -0.105, 1.15, -1.207, 2.422, -0.108, 1.146
 193307669, -1.445, 2.666, 0.058, 1.156, -1.471, 2.534, -0.105, 1.15
 193507658, -1.564, 2.681, 0.004, 1.161, -1.445, 2.666, 0.058, 1.156
 193707997, -1.695, 2.68, 0.071, 1.163, -1.564, 2.681, 0.004, 1.161
 193908637, -1.643, 2.54, 0.048, 1.163, -1.695, 2.68, 0.071, 1.163
 194109504, -1.503, 2.458, 0.06900001, 1.163, -1.643, 2.54, 0.048, 1.163
 194317109, -1.438, 2.272, -0.029, 1.162, -1.503, 2.458, 0.06900001, 1.163
 194516931, -1.362, 2.076, -0.097, 1.161, -1.438, 2.272, -0.029, 1.162
 194717375, -1.314, 2.045, -0.113, 1.161, -1.362, 2.076, -0.097, 1.161
 194917983, -1.246, 1.92, -0.064, 1.161, -1.314, 2.045, -0.113, 1.161
 195118515, -1.212, 1.794, -0.032, 1.162, -1.246, 1.92, -0.064, 1.161
 195321487, -1.106, 1.626, -0.054, 1.161, -1.212, 1.794, -0.032, 1.162
 195522181, -0.786, 1.273, -0.015, 1.161, -1.106, 1.626, -0.054, 1.161
 195722203, -0.619, 1.041, -0.137, 1.16, -0.786, 1.273, -0.015, 1.161
 195923049, -0.394, 0.8280001, -0.097, 1.157, -0.619, 1.041, -0.137, 1.16
 196122915, -0.318, 0.766, -0.093, 1.156, -0.394, 0.8280001, -0.097, 1.157
 196323049, -0.273, 0.549, -0.124, 1.157, -0.318, 0.766, -0.093, 1.156
 196504119, -0.203, 0.563, -0.059, 1.16, -0.273, 0.549, -0.124, 1.157
 196705075, -0.129, 0.388, 0.023, 1.163, -0.203, 0.563, -0.059, 1.16
 196904880, -0.072, 0.395, -0.015, 1.167, -0.129, 0.388, 0.023, 1.163
 197104872, -0.049, 0.266, 0.117, 1.171, -0.072, 0.395, -0.015, 1.167
 197304901, 0.06, 0.122, -0.051, 1.173, -0.049, 0.266, 0.117, 1.171
 197505274, 0.041, 0.08000001, -0.027, 1.174, 0.06, 0.122, -0.051, 1.173
 197725383, 0.08000001, -0.062, 0.017, 1.175, 0.041, 0.08000001, -0.027, 1.174
 197906118, 0.034, -0.124, -0.043, 1.177, 0.08000001, -0.062, 0.017, 1.175
 198106929, 0.013, -0.187, -0.057, 1.18, 0.034, -0.124, -0.043, 1.177
 198306971, 0.089, -0.313, -0.012, 1.181, 0.013, -0.187, -0.057, 1.18
 198507079, -0.026, -0.271, 0.031, 1.183, 0.089, -0.313, -0.012, 1.181
 198726962, 0.058, -0.185, 0.101, 1.182, -0.026, -0.271, 0.031, 1.183
 198906921, 0.08000001, -0.286, 0.002, 1.18, 0.058, -0.185, 0.101, 1.182
 199107607, 0.025, -0.221, 0.044, 1.182, 0.08000001, -0.286, 0.002, 1.18
 199309649, 0.017, -0.113, 0.131, 1.183, 0.025, -0.221, 0.044, 1.182
 199509601, 0.05, -0.124, 0.199, 1.186, 0.017, -0.113, 0.131, 1.183
 199709120, -0.006, -0.021, 0.275, 1.185, 0.05, -0.124, 0.199, 1.186
 199909089, 0.303, -0.151, 0.383, 1.189, -0.006, -0.021, 0.275, 1.185
 200109435, 0.03, -0.08800001, 0.515, 1.191, 0.303, -0.151, 0.383, 1.189
 200310196, 0.037, -0.269, 0.448, 1.189, 0.03, -0.08800001, 0.515, 1.191
 200511000, 0.062, -0.129, 0.544, 1.19, 0.037, -0.269, 0.448, 1.189
 200731147, 0.025, -0.087, 0.535, 1.191, 0.062, -0.129, 0.544, 1.19
 200910975, -0.07, -0.195, 0.779, 1.19, 0.025, -0.087, 0.535, 1.191
 201110864, 0.085, -0.127, 0.7590001, 1.192, -0.07, -0.195, 0.779, 1.19
 201311155, -0.074, -0.028, 0.8790001, 1.193, 0.085, -0.127, 0.7590001, 1.192
 201511889, -0.264, 0.179, 0.701, 1.194, -0.074, -0.028, 0.8790001, 1.193
 201712704, 0.067, -0.251, 0.785, 1.195, -0.264, 0.179, 0.701, 1.194
 201915710, 0.107, -0.082, 0.696, 1.197, 0.067, -0.251, 0.785, 1.195
 202115443, -0.089, -0.167, 0.742, 1.198, 0.107, -0.082, 0.696, 1.197
 202315505, -0.07300001, -0.031, 0.696, 1.198, -0.089, -0.167, 0.742, 1.198
 202515486, -0.08400001, -0.012, 0.742, 1.199, -0.07300001, -0.031, 0.696, 1.198
 202716491, -0.048, -0.046, 1.002, 1.2, -0.08400001, -0.012, 0.742, 1.199
 202916320, -0.201, 0.042, 0.8980001, 1.2, -0.048, -0.046, 1.002, 1.2
 203116277, -0.223, 0.208, 0.913, 1.201, -0.201, 0.042, 0.8980001, 1.2
 203316303, -0.027, 0.3, 1.059, 1.2, -0.223, 0.208, 0.913, 1.201
 203516341, -0.037, 0.029, 1.038, 1.202, -0.027, 0.3, 1.059, 1.2
 203716300, 0.027, -0.097, 1.072, 1.204, -0.037, 0.029, 1.038, 1.202
 203916310, 0.015, 0.047, 0.96, 1.205, 0.027, -0.097, 1.072, 1.204
 204117197, 0.06, -0.137, 0.9220001, 1.207, 0.015, 0.047, 0.96, 1.205
 204318191, -0.054, 0.029, 0.992, 1.208, 0.06, -0.137, 0.9220001, 1.207
 204518482, -0.358, 0.383, 1.113, 1.209, -0.054, 0.029, 0.992, 1.208
 204718505, -0.321, 0.372, 0.909, 1.207, -0.358, 0.383, 1.113, 1.209
 204918729, -0.163, 0.352, 1.026, 1.208, -0.321, 0.372, 0.909, 1.207
 205118669, -0.304, 0.125, 0.9680001, 1.209, -0.163, 0.352, 1.026, 1.208
 205318898, -0.097, 0.185, 0.956, 1.205, -0.304, 0.125, 0.9680001, 1.209
 205524697, 0.09200001, 0.154, 0.876, 1.202, -0.097, 0.185, 0.956, 1.205
 205704699, -0.034, -0.135, 0.8150001, 1.2, 0.09200001, 0.154, 0.876, 1.202
 205904678, 0.28, -0.198, 0.978, 1.197, -0.034, -0.135, 0.8150001, 1.2
 206105060, 0.363, -0.038, 0.8610001, 1.196, 0.28, -0.198, 0.978, 1.197
 206305085, 0.218, -0.134, 0.844, 1.197, 0.363, -0.038, 0.8610001, 1.196
 206505068, 0.16, -0.27, 1.041, 1.2, 0.218, -0.134, 0.844, 1.197
 206725710, 0.04, -0.362, 1.057, 1.197, 0.16, -0.27, 1.041, 1.2
 206907015, 0.133, -0.222, 1.193, 1.196, 0.04, -0.362, 1.057, 1.197
 207106082, -0.042, -0.09, 1.257, 1.188, 0.133, -0.222, 1.193, 1.196
 207306210, 0.079, -0.079, 1.132, 1.177, -0.042, -0.09, 1.257, 1.188
 207506047, -0.103, -0.109, 1.023, 1.179, 0.079, -0.079, 1.132, 1.177
 207706684, 0.045, 0.255, 1.242, 1.177, -0.103, -0.109, 1.023, 1.179
 207909625, 0.197, 0.253, 1.151, 1.174, 0.045, 0.255, 1.242, 1.177
 208109666, 0.045, 0.254, 1.207, 1.171, 0.197, 0.253, 1.151, 1.174
 208309679, 0.162, 0.023, 1.137, 1.155, 0.045, 0.254, 1.207, 1.171
 208509669, 0.233, 0.196, 1.043, 1.155, 0.162, 0.023, 1.137, 1.155
 208710170, 0.24, -0.107, 1.092, 1.155, 0.233, 0.196, 1.043, 1.155
 208930139, 0.193, -0.1, 1.003, 1.154, 0.24, -0.107, 1.092, 1.155
 209110762, 0.284, -0.098, 0.9020001, 1.158, 0.193, -0.1, 1.003, 1.154
 209310836, 0.125, -0.168, 1.14, 1.151, 0.284, -0.098, 0.9020001, 1.158
 209510980, 0.016, 0.089, 1.01, 1.147, 0.125, -0.168, 1.14, 1.151
 209710855, -0.152, -0.009000001, 0.837, 1.145, 0.016, 0.089, 1.01, 1.147
 209910741, -0.302, 0.08000001, 0.992, 1.148, -0.152, -0.009000001, 0.837, 1.145
 210110958, -0.297, -0.126, 1.007, 1.152, -0.302, 0.08000001, 0.992, 1.148
 210314478, -0.268, -0.09500001, 1.011, 1.155, -0.297, -0.126, 1.007, 1.152
 210517268, -0.337, -0.09200001, 1.289, 1.16, -0.268, -0.09500001, 1.011, 1.155
 210718124, -0.345, 0.005, 1.078, 1.162, -0.337, -0.09200001, 1.289, 1.16
 210918125, -0.113, 0.12, 1.116, 1.163, -0.345, 0.005, 1.078, 1.162
 211117279, -0.16, 0.085, 1.124, 1.165, -0.113, 0.12, 1.116, 1.163
 211317319, -0.144, 0.11, 1.117, 1.16, -0.16, 0.085, 1.124, 1.165
 211518061, -0.064, 0.131, 0.975, 1.161, -0.144, 0.11, 1.117, 1.16
 211718128, -0.017, 0.05, 0.989, 1.166, -0.064, 0.131, 0.975, 1.161
 211918519, 0.1, -0.119, 0.858, 1.171, -0.017, 0.05, 0.989, 1.166
 212118325, 0.059, -0.045, 1.035, 1.171, 0.1, -0.119, 0.858, 1.171
 212318621, -0.05, 0.059, 1.058, 1.166, 0.059, -0.045, 1.035, 1.171
 212518796, 0.129, -0.07700001, 0.974, 1.162, -0.05, 0.059, 1.058, 1.166
 212719718, 0.051, -0.174, 0.997, 1.157, 0.129, -0.07700001, 0.974, 1.162
 212922323, 0.158, -0.257, 1.045, 1.149, 0.051, -0.174, 0.997, 1.157
 213105697, -0.09100001, -0.07600001, 0.9900001, 1.146, 0.158, -0.257, 1.045, 1.149
 213306896, 0.066, -0.338, 0.9860001, 1.144, -0.09100001, -0.07600001, 0.9900001, 1.146
 213506060, 0.072, -0.33, 0.8560001, 1.143, 0.066, -0.338, 0.9860001, 1.144
 213706080, -0.06500001, -0.093, 0.9530001, 1.132, 0.072, -0.33, 0.8560001, 1.143
 213906106, 0.137, 0.062, 1.027, 1.126, -0.06500001, -0.093, 0.9530001, 1.132
 214106184, -0.111, 0.148, 1.003, 1.12, 0.137, 0.062, 1.027, 1.126
 214307090, -0.176, 0.146, 0.725, 1.115, -0.111, 0.148, 1.003, 1.12
 214507079, 0.001, 0.161, 0.844, 1.114, -0.176, 0.146, 0.725, 1.115
 214727067, 0.198, 0.143, 0.8790001, 1.111, 0.001, 0.161, 0.844, 1.114
 214906922, 0.015, 0.029, 0.721, 1.11, 0.198, 0.143, 0.8790001, 1.111
 215107638, -0.09100001, -0.005, 0.7780001, 1.109, 0.015, 0.029, 0.721, 1.11
 215308340, 0.223, -0.264, 0.567, 1.108, -0.09100001, -0.005, 0.7780001, 1.109
 215509081, 0.218, 0.005, 0.52, 1.109, 0.223, -0.264, 0.567, 1.108
 215709195, 0.364, 0.112, 0.329, 1.111, 0.218, 0.005, 0.52, 1.109
 215909187, 0.179, 0.023, 0.458, 1.115, 0.364, 0.112, 0.329, 1.111
 216109118, 0.043, 0.284, 0.471, 1.121, 0.179, 0.023, 0.458, 1.115
 216309300, -0.025, 0.372, 0.6070001, 1.124, 0.043, 0.284, 0.471, 1.121
 216509833, -0.038, 0.397, 0.698, 1.125, -0.025, 0.372, 0.6070001, 1.124
 216710738, -0.206, 0.454, 0.592, 1.127, -0.038, 0.397, 0.698, 1.125
 216970700, -0.11, 0.292, 0.539, 1.127, -0.206, 0.454, 0.592, 1.127
 217151634, -0.219, 0.098, 0.156, 1.128, -0.11, 0.292, 0.539, 1.127
 217353663, -0.176, 0.026, 0.281, 1.123, -0.219, 0.098, 0.156, 1.128
 217553606, -0.115, -0.061, 0.369, 1.122, -0.176, 0.026, 0.281, 1.123
 217754474, -0.054, 0.052, 0.315, 1.114, -0.115, -0.061, 0.369, 1.122
 217975695, -0.002, 0.004, 0.231, 1.104, -0.054, 0.052, 0.315, 1.114
 218155942, -0.079, 0.019, 0.409, 1.091, -0.002, 0.004, 0.231, 1.104
 218355731, 0.018, 0.14, 0.303, 1.082, -0.079, 0.019, 0.409, 1.091
 218556149, -0.018, 0.12, -0.372, 1.074, 0.018, 0.14, 0.303, 1.082
 218776190, -0.03, -0.02, 0.044, 1.069, -0.018, 0.12, -0.372, 1.074
 218956149, 0.016, -0.015, 0.057, 1.064, -0.03, -0.02, 0.044, 1.069
 219156171, 0.014, -0.032, 0.007, 1.059, 0.016, -0.015, 0.057, 1.064
 219357186, 0.01, -0.026, 0.009000001, 1.052, 0.014, -0.032, 0.007, 1.059
 219557191, 0.023, -0.012, -0.005, 1.047, 0.01, -0.026, 0.009000001, 1.052
 219757128, -0.003, 0.048, 0.044, 1.043, 0.023, -0.012, -0.005, 1.047
 219957276, 0.004, 0.018, 0.033, 1.038, -0.003, 0.048, 0.044, 1.043
 220157127, 0.007, 0.081, 0.015, 1.033, 0.004, 0.018, 0.033, 1.038
 220357086, -0.014, 0.016, -0.039, 1.026, 0.007, 0.081, 0.015, 1.033
 220558975, -0.029, 0.013, -0.023, 1.02, -0.014, 0.016, -0.039, 1.026
 220760286, 0, -0.011, 0.027, 1.016, -0.029, 0.013, -0.023, 1.02
 220960307, 0.059, -0.09200001, 0.022, 1.013, 0, -0.011, 0.027, 1.016
 221160337, 0.024, 0.005, -0.027, 1.011, 0.059, -0.09200001, 0.022, 1.013
 221360304, 0.019, -0.023, 0.035, 1.008, 0.024, 0.005, -0.027, 1.011
 221560433, 0.021, 0.011, 0.063, 1.006, 0.019, -0.023, 0.035, 1.008
 221760880, -0.012, 0.02, 0.012, 1.004, 0.021, 0.011, 0.063, 1.006
 221960994, 0.022, -0.044, -0.041, 1.001, -0.012, 0.02, 0.012, 1.004
 222160839, 0.009000001, 0.004, 0.079, 0.998, 0.022, -0.044, -0.041, 1.001
 222360746, 0.038, 0.047, 0.05, 0.9950001, 0.009000001, 0.004, 0.079, 0.998
 222560853, -0.029, -0.028, -0.048, 0.993, 0.038, 0.047, 0.05, 0.9950001
 222760861, -0.028, 0.075, 0.001, 0.992, -0.029, -0.028, -0.048, 0.993
 222961116, 0.008, 0.013, -0.053, 0.9900001, -0.028, 0.075, 0.001, 0.992
 223161124, -0.041, 0.007, -0.055, 0.988, 0.008, 0.013, -0.053, 0.9900001
 223361144, 0.027, 0.003, 0.132, 0.9860001, -0.041, 0.007, -0.055, 0.988
 223561153, -0.039, 0.049, 0.044, 0.9850001, 0.027, 0.003, 0.132, 0.9860001
 223761188, -0.02, 0.012, -0.03, 0.983, -0.039, 0.049, 0.044, 0.9850001
 223961146, -0.031, -0.015, 0.041, 0.983, -0.02, 0.012, -0.03, 0.983
 224161141, 0.057, -0.023, 0.024, 0.9820001, -0.031, -0.015, 0.041, 0.983
 224361142, -0.047, 0.056, -0.052, 0.98, 0.057, -0.023, 0.024, 0.9820001
 224561138, -0.005, -0.029, -0.06, 0.979, -0.047, 0.056, -0.052, 0.98
 224781131, 0.034, 0.046, 0.054, 0.9770001, -0.005, -0.029, -0.06, 0.979
 224981120, 0.048, -0.025, 0.131, 0.9760001, 0.034, 0.046, 0.054, 0.9770001
 225181207, -0.061, -0.016, -0.048, 0.975, 0.048, -0.025, 0.131, 0.9760001
 225361166, -0.011, -0.033, -0.037, 0.974, -0.061, -0.016, -0.048, 0.975
 225561194, 0.064, -0.027, -0.043, 0.974, -0.011, -0.033, -0.037, 0.974
 225761191, 0.002, -0.019, -0.022, 0.9720001, 0.064, -0.027, -0.043, 0.974
 225961146, 0.032, -0.027, 0.049, 0.969, 0.002, -0.019, -0.022, 0.9720001
 226161124, 0.023, 0.001, 0.039, 0.969, 0.032, -0.027, 0.049, 0.969
 226361130, -0.004, 0.014, -0.009000001, 0.9670001, 0.023, 0.001, 0.039, 0.969
 226561112, 0.052, 0.014, 0.09500001, 0.9680001, -0.004, 0.014, -0.009000001, 0.9670001
 226761179, -0.021, 0.016, -0.019, 0.969, 0.052, 0.014, 0.09500001, 0.9680001
 226961144, 0.05, 0.031, 0.101, 0.969, -0.021, 0.016, -0.019, 0.969
 227161166, 0.049, 0.028, 0.097, 0.9680001, 0.05, 0.031, 0.101, 0.969
 227361171, 0.016, -0.002, 0.027, 0.966, 0.049, 0.028, 0.097, 0.9680001
 227561135, 0.047, 0.233, 0.072, 0.9670001, 0.016, -0.002, 0.027, 0.966
 227761139, 0.044, -0.043, 0.156, 0.9680001, 0.047, 0.233, 0.072, 0.9670001
 227961268, 0.022, 0.028, 0.06900001, 0.969, 0.044, -0.043, 0.156, 0.9680001
 228161130, -0.042, 0.03, 0.046, 0.97, 0.022, 0.028, 0.06900001, 0.969
 228361138, 0.055, 0.026, 0.056, 0.969, -0.042, 0.03, 0.046, 0.97
 228561112, 0.031, 0.038, 0.06500001, 0.969, 0.055, 0.026, 0.056, 0.969
 228761147, -0.014, 0.023, -0.003, 0.97, 0.031, 0.038, 0.06500001, 0.969
 228981208, -0.035, -0.064, 0.08400001, 0.97, -0.014, 0.023, -0.003, 0.97
 229181185, -0.045, -0.045, -0.002, 0.97, -0.035, -0.064, 0.08400001, 0.97
 229361119, -0.028, -0.013, -0.03, 0.97, -0.045, -0.045, -0.002, 0.97
 229561138, 0.002, -0.004, 0, 0.97, -0.028, -0.013, -0.03, 0.97
 229761166, 0.016, 0.024, 0.002, 0.9710001, 0.002, -0.004, 0, 0.97
 229961341, -0.006, 0.005, -0.01, 0.9710001, 0.016, 0.024, 0.002, 0.9710001
 230161148, -0.044, -0.022, -0.032, 0.9710001, -0.006, 0.005, -0.01, 0.9710001
 230361140, 0.08000001, -0.039, -0.013, 0.97, -0.044, -0.022, -0.032, 0.9710001
 230561163, 0.05, 0.079, 0.028, 0.97, 0.08000001, -0.039, -0.013, 0.97
 230781222, -0.07600001, -0.01, 0.03, 0.97, 0.05, 0.079, 0.028, 0.97
 230961215, -0.032, -0.012, 0.06, 0.97, -0.07600001, -0.01, 0.03, 0.97
 231161133, -0.036, -0.041, 0.013, 0.9710001, -0.032, -0.012, 0.06, 0.97
 231361139, -0.013, 0.031, 0.021, 0.9710001, -0.036, -0.041, 0.013, 0.9710001
 231561182, -0.018, 0.058, 0.014, 0.9720001, -0.013, 0.031, 0.021, 0.9710001
 231761155, -0.009000001, 0.024, -0.123, 0.973, -0.018, 0.058, 0.014, 0.9720001
 231961144, 0.079, 0.036, 0.056, 0.973, -0.009000001, 0.024, -0.123, 0.973
 232161266, 0.023, -0.013, -0.049, 0.974, 0.079, 0.036, 0.056, 0.973
 232361130, 0.075, -0.047, -0.042, 0.975, 0.023, -0.013, -0.049, 0.974
 232561162, -0.007, -0.006, 0.013, 0.9770001, 0.075, -0.047, -0.042, 0.975
 232761167, -0.07600001, 0.079, -0.02, 0.98, -0.007, -0.006, 0.013, 0.9770001
 232961449, 0.006, -0.208, 0.151, 0.984, -0.07600001, 0.079, -0.02, 0.98
 233161483, -0.131, -0.279, 0.137, 0.988, 0.006, -0.208, 0.151, 0.984
 233361485, 0.018, -0.061, 0.187, 0.992, -0.131, -0.279, 0.137, 0.988
 233561457, 0.037, 0.05, -0.037, 0.9990001, 0.018, -0.061, 0.187, 0.992
 233761478, -0.062, -0.011, 0.105, 1.007, 0.037, 0.05, -0.037, 0.9990001
 233961461, -0.058, 0.209, -0.009000001, 1.013, -0.062, -0.011, 0.105, 1.007
 234161486, 0.024, 0.027, 0.034, 1.019, -0.058, 0.209, -0.009000001, 1.013
 234361487, -0.041, 0.018, 0.047, 1.021, 0.024, 0.027, 0.034, 1.019
 234561505, -0.043, 0.179, 0.083, 1.023, -0.041, 0.018, 0.047, 1.021
 234761469, -0.132, 0.006, 0.027, 1.024, -0.043, 0.179, 0.083, 1.023
