TimeUS,COFN,COFE,CNe,CEe,POFN,POFE,PNe,PEe
 202381376, -0.01592357, 0.0233144, 0.006853902, -0.01009047, 0.01134546, 0.04063673, 0.006630586, -0.0105231
 202601476, -0.002940343, 0.01791464, 0.006157746, -0.009197376, -0.01592357, 0.0233144, 0.006853902, -0.01009047
 202781483, -0.00143592, 0.001903057, 0.006874716, -0.0101104, -0.002940343, 0.01791464, 0.006157746, -0.009197376
 202981482, 0.0003754884, -0.008855266, 0.006798102, -0.0100253, -0.00143592, 0.001903057, 0.006874716, -0.0101104
 203181363, 0.08197652, 0.02015228, 0.008521224, -0.01070536, 0.0003754884, -0.008855266, 0.006798102, -0.0100253
 203381478, 0.01177953, -0.01878966, 0.006928901, -0.01019572, 0.08197652, 0.02015228, 0.008521224, -0.01070536
 203581375, 0.01131567, -0.01107572, 0.006935243, -0.01014591, 0.01177953, -0.01878966, 0.006928901, -0.01019572
 203781490, 0.007334127, -0.01491771, 0.006661736, -0.009818633, 0.01131567, -0.01107572, 0.006935243, -0.01014591
 203981635, 0.01466897, -0.01900295, 0.007074595, -0.01035876, 0.007334127, -0.01491771, 0.006661736, -0.009818633
 204181490, 0.01075668, -0.02147457, 0.007160902, -0.01056879, 0.01466897, -0.01900295, 0.007074595, -0.01035876
 204381474, 0.02185976, -0.02747047, 0.007333366, -0.01068709, 0.01075668, -0.02147457, 0.007160902, -0.01056879
 204601481, 0.007923862, 0.02790737, 0.007113008, -0.01074782, 0.02185976, -0.02747047, 0.007333366, -0.01068709
 204781633, -0.01335682, -0.01712807, 0.00717087, -0.01061463, 0.007923862, 0.02790737, 0.007113008, -0.01074782
 205001382, -0.009236957, -0.03236392, 0.006638265, -0.0102152, -0.01335682, -0.01712807, 0.00717087, -0.01061463
 205181456, 0.002734009, 0.004069275, 0.006201291, -0.009089518, -0.009236957, -0.03236392, 0.006638265, -0.0102152
 205401502, 0.00237684, 0.002642249, 0.006895367, -0.0100941, 0.002734009, 0.004069275, 0.006201291, -0.009089518
 205581466, 0.003386509, -0.02110627, 0.007010537, -0.01039789, 0.00237684, 0.002642249, 0.006895367, -0.0100941
 205781617, -0.01394067, -0.009737148, 0.007075427, -0.01034585, 0.003386509, -0.02110627, 0.007010537, -0.01039789
 205981472, -0.008833805, -0.0171911, 0.007004453, -0.01036287, -0.01394067, -0.009737148, 0.007075427, -0.01034585
 206181465, -0.01333585, -0.01776741, 0.007054571, -0.01042382, -0.008833805, -0.0171911, 0.007004453, -0.01036287
 206381467, -0.0009334472, 0.009186123, 0.006841453, -0.01001892, -0.01333585, -0.01776741, 0.007054571, -0.01042382
 206581375, -0.001789171, 0.01571212, 0.007094348, -0.01044344, -0.0009334472, 0.009186123, 0.006841453, -0.01001892
 206781480, 0.002820166, 0.0122121, 0.007147472, -0.01049695, -0.001789171, 0.01571212, 0.007094348, -0.01044344
 206981472, -0.01176414, 0.01076963, 0.007228722, -0.01050772, 0.002820166, 0.0122121, 0.007147472, -0.01049695
 207181454, 0.008328754, 0.01420622, 0.007047793, -0.01036128, -0.01176414, 0.01076963, 0.007228722, -0.01050772
 207381485, -0.009543469, 0.01279868, 0.006906114, -0.01009058, 0.008328754, 0.01420622, 0.007047793, -0.01036128
 207581616, -0.07199956, 0.01035181, 0.008309951, -0.009822374, -0.009543469, 0.01279868, 0.006906114, -0.01009058
 207781484, 0.01069395, 0.03369347, 0.006790716, -0.01041928, -0.07199956, 0.01035181, 0.008309951, -0.009822374
 207981478, 0.01154392, -0.03518987, 0.00697933, -0.0104809, 0.01069395, 0.03369347, 0.006790716, -0.01041928
 208201468, -0.009782922, 0.003322043, 0.007134312, -0.01035535, 0.01154392, -0.03518987, 0.00697933, -0.0104809
 208401471, -0.07148378, 0.04063096, 0.008837583, -0.01098746, -0.009782922, 0.003322043, 0.007134312, -0.01035535
 208581463, -0.07023405, -0.009803817, 0.008457229, -0.01086279, -0.07148378, 0.04063096, 0.008837583, -0.01098746
 208781478, -0.06407125, -0.007866038, 0.00827381, -0.01078995, -0.07023405, -0.009803817, 0.008457229, -0.01086279
 208981642, -0.0578572, -0.004105464, 0.007939392, -0.01038187, -0.06407125, -0.007866038, 0.00827381, -0.01078995
 209181477, 0.04058224, 0.03109123, 0.007147824, -0.01049647, -0.0578572, -0.004105464, 0.007939392, -0.01038187
 209381628, 0.01772653, 0.1039546, 0.005802981, -0.01292279, 0.04058224, 0.03109123, 0.007147824, -0.01049647
 209581358, 0.01286507, 0.01038169, 0.006939393, -0.01008261, 0.01772653, 0.1039546, 0.005802981, -0.01292279
 209781491, -0.002650267, 0.00199711, 0.007075157, -0.01025162, 0.01286507, 0.01038169, 0.006939393, -0.01008261
 209981525, -0.007110809, 0.003587538, 0.007052598, -0.01019074, -0.002650267, 0.00199711, 0.007075157, -0.01025162
 210181487, -0.007972946, 0.01088948, 0.007173896, -0.01037824, -0.007110809, 0.003587538, 0.007052598, -0.01019074
 210381496, -0.01701813, 0.01085682, 0.007028779, -0.01004891, -0.007972946, 0.01088948, 0.007173896, -0.01037824
 210601486, -0.01483328, 0.00433419, 0.006931331, -0.009916392, -0.01701813, 0.01085682, 0.007028779, -0.01004891
 210781504, -0.03703947, -0.01929327, 0.007160384, -0.01017156, -0.01483328, 0.00433419, 0.006931331, -0.009916392
 210981500, -0.005625885, 0.01420583, 0.006613025, -0.009604197, -0.03703947, -0.01929327, 0.007160384, -0.01017156
 211181629, 0.005224429, 0.01061449, 0.006533586, -0.009517673, -0.005625885, 0.01420583, 0.006613025, -0.009604197
 211381486, 0.04718793, 0.03585039, 0.007283581, -0.01074382, 0.005224429, 0.01061449, 0.006533586, -0.009517673
 211581490, 0.05056635, -0.03960241, 0.007826632, -0.01060503, 0.04718793, 0.03585039, 0.007283581, -0.01074382
 211781496, 0.05075857, -0.04999064, 0.008069606, -0.01104349, 0.05056635, -0.03960241, 0.007826632, -0.01060503
 211981497, 0.07161446, -0.4117993, 0.009960131, -0.03052399, 0.05075857, -0.04999064, 0.008069606, -0.01104349
 212181495, -0.05526314, -1.912493, 0.002183196, -0.1162354, 0.07161446, -0.4117993, 0.009960131, -0.03052399
 212381518, -0.1244646, -1.621278, 0.005781119, -0.09462268, -0.05526314, -1.912493, 0.002183196, -0.1162354
 212581478, 0.1182316, -1.190257, 0.01976946, -0.07193055, -0.1244646, -1.621278, 0.005781119, -0.09462268
 212781525, 0.3253988, -0.7314834, 0.03145606, -0.05488498, 0.1182316, -1.190257, 0.01976946, -0.07193055
 212981648, 0.3774924, -0.8141252, 0.03641607, -0.06193184, 0.3253988, -0.7314834, 0.03145606, -0.05488498
 213181652, 0.4528745, -0.9415859, 0.04298567, -0.07174471, 0.3774924, -0.8141252, 0.03641607, -0.06193184
 213381516, 0.4523735, -1.105508, 0.04725338, -0.08383152, 0.4528745, -0.9415859, 0.04298567, -0.07174471
 213581477, 0.4522654, -1.281154, 0.05182978, -0.09577817, 0.4523735, -1.105508, 0.04725338, -0.08383152
 213781508, 0.3821098, -1.070167, 0.05624516, -0.09608055, 0.4522654, -1.281154, 0.05182978, -0.09577817
 213981510, 0.8462968, -1.625538, 0.07331169, -0.1202699, 0.3821098, -1.070167, 0.05624516, -0.09608055
 214181507, 1.19091, -1.77308, 0.08898398, -0.1316212, 0.8462968, -1.625538, 0.07331169, -0.1202699
 214381508, 1.390645, -2.105729, 0.1014392, -0.1499892, 1.19091, -1.77308, 0.08898398, -0.1316212
 214581522, 1.528708, -2.213357, 0.1103839, -0.158479, 1.390645, -2.105729, 0.1014392, -0.1499892
 214781665, 1.700705, -2.410382, 0.1210791, -0.1711255, 1.528708, -2.213357, 0.1103839, -0.158479
 215001517, 1.874225, -2.624858, 0.1326828, -0.1854493, 1.700705, -2.410382, 0.1210791, -0.1711255
 215181493, 1.872892, -2.750892, 0.1363712, -0.1952441, 1.874225, -2.624858, 0.1326828, -0.1854493
 215381503, 2.497921, -2.765464, 0.1616173, -0.2006568, 1.872892, -2.750892, 0.1363712, -0.1952441
 215601499, 2.474891, -2.967941, 0.1637586, -0.211398, 2.497921, -2.765464, 0.1616173, -0.2006568
 215801523, 2.641849, -3.00132, 0.1734479, -0.2168895, 2.474891, -2.967941, 0.1637586, -0.211398
 215981511, 2.521577, -3.21817, 0.1668103, -0.2337521, 2.641849, -3.00132, 0.1734479, -0.2168895
 216181493, 2.33988, -3.167935, 0.1645742, -0.2340398, 2.521577, -3.21817, 0.1668103, -0.2337521
 216381516, 2.502985, -3.27333, 0.1734618, -0.2410218, 2.33988, -3.167935, 0.1645742, -0.2340398
 216581634, 2.465923, -3.389086, 0.173902, -0.2492141, 2.502985, -3.27333, 0.1734618, -0.2410218
 216782033, 2.390518, -3.430978, 0.1718664, -0.2554142, 2.465923, -3.389086, 0.173902, -0.2492141
 216982890, 2.253338, -3.693513, 0.1675055, -0.2693215, 2.390518, -3.430978, 0.1718664, -0.2554142
 217182880, 2.805192, -4.367984, 0.188307, -0.2983555, 2.253338, -3.693513, 0.1675055, -0.2693215
 217386973, 2.830842, -4.375154, 0.1900663, -0.3012495, 2.805192, -4.367984, 0.188307, -0.2983555
 217587002, 2.982248, -5.078245, 0.1968486, -0.3293855, 2.830842, -4.375154, 0.1900663, -0.3012495
 217787039, 2.991313, -5.13266, 0.1982269, -0.3339367, 2.982248, -5.078245, 0.1968486, -0.3293855
 218006059, 2.981159, -5.209614, 0.1990325, -0.3412323, 2.991313, -5.13266, 0.1982269, -0.3339367
 218189173, 2.942336, -5.091358, 0.1984398, -0.3391559, 2.981159, -5.209614, 0.1990325, -0.3412323
 218409593, 2.959919, -4.525949, 0.2010017, -0.3221663, 2.942336, -5.091358, 0.1984398, -0.3391559
 218589328, 2.933491, -3.749746, 0.2010054, -0.2991358, 2.959919, -4.525949, 0.2010017, -0.3221663
 218790017, 3.013966, -3.574979, 0.2053478, -0.2976256, 2.933491, -3.749746, 0.2010054, -0.2991358
 218990255, 3.043607, -3.553328, 0.209623, -0.2996277, 3.013966, -3.574979, 0.2053478, -0.2976256
 219192798, 2.947525, -3.453609, 0.2078747, -0.3011411, 3.043607, -3.553328, 0.209623, -0.2996277
 219392776, 2.409513, -2.792967, 0.1911533, -0.2874823, 2.947525, -3.453609, 0.2078747, -0.3011411
 219592914, 2.007025, -2.541815, 0.1817949, -0.2857408, 2.409513, -2.792967, 0.1911533, -0.2874823
 219794341, 1.677619, -2.282393, 0.1755503, -0.2833711, 2.007025, -2.541815, 0.1817949, -0.2857408
 219997094, 1.368612, -2.493868, 0.1716294, -0.2906318, 1.677619, -2.282393, 0.1755503, -0.2833711
 220199648, 1.470081, -2.072813, 0.1753652, -0.2845691, 1.368612, -2.493868, 0.1716294, -0.2906318
 220380605, 1.443642, -2.120558, 0.1770992, -0.2877303, 1.470081, -2.072813, 0.1753652, -0.2845691
 220580364, 1.336134, -2.249079, 0.1773168, -0.2955357, 1.443642, -2.120558, 0.1770992, -0.2877303
 220780546, 0.3400712, -2.88026, 0.1633804, -0.314329, 1.336134, -2.249079, 0.1773168, -0.2955357
 220980575, 0.3793691, -3.177877, 0.1665649, -0.3255488, 0.3400712, -2.88026, 0.1633804, -0.314329
 221180470, 0.6865569, -3.343815, 0.172969, -0.3323991, 0.3793691, -3.177877, 0.1665649, -0.3255488
 221380369, 0.6357627, -3.412646, 0.174802, -0.3382655, 0.6865569, -3.343815, 0.172969, -0.3323991
 221580598, 0.6129814, -3.493023, 0.177017, -0.3463594, 0.6357627, -3.412646, 0.174802, -0.3382655
 221781134, 0.5642124, -3.438441, 0.1790341, -0.3498873, 0.6129814, -3.493023, 0.177017, -0.3463594
 221982105, -0.02590317, -3.420477, 0.1755027, -0.3576893, 0.5642124, -3.438441, 0.1790341, -0.3498873
 222182111, -0.1080652, -3.136836, 0.1775503, -0.3563947, -0.02590317, -3.420477, 0.1755027, -0.3576893
 222382339, 0.1986698, -3.300952, 0.1799067, -0.3624193, -0.1080652, -3.136836, 0.1775503, -0.3563947
 222587849, 0.1077577, -3.349729, 0.1807286, -0.3672906, 0.1986698, -3.300952, 0.1799067, -0.3624193
 222787735, -0.1714657, -3.382656, 0.1817927, -0.373971, 0.1077577, -3.349729, 0.1807286, -0.3672906
 222988531, -0.1775764, -3.633498, 0.1842825, -0.3847809, -0.1714657, -3.382656, 0.1817927, -0.373971
 223189671, -0.7260676, -4.879231, 0.1754388, -0.4288458, -0.1775764, -3.633498, 0.1842825, -0.3847809
 223389642, -1.291054, -4.979517, 0.1783803, -0.4408222, -0.7260676, -4.879231, 0.1754388, -0.4288458
 223589725, -1.086218, -5.475611, 0.1810997, -0.4583918, -1.291054, -4.979517, 0.1783803, -0.4408222
 223790289, -0.4727389, -4.966619, 0.1959949, -0.4430003, -1.086218, -5.475611, 0.1810997, -0.4583918
 223990313, -0.3839784, -4.965905, 0.2000659, -0.4456138, -0.4727389, -4.966619, 0.1959949, -0.4430003
 224190314, -0.3435865, -4.898315, 0.1993108, -0.4424608, -0.3839784, -4.965905, 0.2000659, -0.4456138
 224371484, -0.4136336, -4.799061, 0.205777, -0.4419281, -0.3435865, -4.898315, 0.1993108, -0.4424608
 224591464, -0.347464, -3.760209, 0.2175105, -0.4202568, -0.4136336, -4.799061, 0.205777, -0.4419281
 224791822, -0.3250665, -3.313739, 0.2201484, -0.4144245, -0.347464, -3.760209, 0.2175105, -0.4202568
 224991802, -0.2192002, -3.404327, 0.2235061, -0.4240484, -0.3250665, -3.313739, 0.2201484, -0.4144245
 225212881, -0.4138434, -3.42647, 0.2252246, -0.4334083, -0.2192002, -3.404327, 0.2235061, -0.4240484
 225412905, -1.282628, -2.596856, 0.2319256, -0.424759, -0.4138434, -3.42647, 0.2252246, -0.4334083
 225592490, -1.171304, -2.733801, 0.2326708, -0.4246901, -1.282628, -2.596856, 0.2319256, -0.424759
 225792689, -0.7821016, -3.395655, 0.2318865, -0.4348936, -1.171304, -2.733801, 0.2326708, -0.4246901
 226012488, -0.8858989, -1.626922, 0.2381488, -0.4047391, -0.7821016, -3.395655, 0.2318865, -0.4348936
 226212616, -0.2974609, -1.632692, 0.2361318, -0.4076727, -0.8858989, -1.626922, 0.2381488, -0.4047391
 226392495, 0.1065486, -0.5334098, 0.2386889, -0.4019632, -0.2974609, -1.632692, 0.2361318, -0.4076727
 226612349, 0.1649769, -0.4165704, 0.2373414, -0.4046999, 0.1065486, -0.5334098, 0.2386889, -0.4019632
 226793272, 0.2233829, -0.0245974, 0.2383355, -0.4069335, 0.1649769, -0.4165704, 0.2373414, -0.4046999
 226993252, -0.05979792, 0.1137112, 0.2383724, -0.4105799, 0.2233829, -0.0245974, 0.2383355, -0.4069335
 227193253, -0.3782418, 0.2789364, 0.240396, -0.4130606, -0.05979792, 0.1137112, 0.2383724, -0.4105799
 227413498, -0.3162919, -0.07061157, 0.2417504, -0.4163711, -0.3782418, 0.2789364, 0.240396, -0.4130606
 227593473, -0.6858433, -0.3107066, 0.2430254, -0.418579, -0.3162919, -0.07061157, 0.2417504, -0.4163711
 227813286, -0.744664, -0.2354519, 0.2445553, -0.4187993, -0.6858433, -0.3107066, 0.2430254, -0.418579
 228014077, -0.3797123, -0.1054324, 0.244311, -0.4196891, -0.744664, -0.2354519, 0.2445553, -0.4187993
 228194503, -0.4819683, 0.1855567, 0.2454574, -0.4194091, -0.3797123, -0.1054324, 0.244311, -0.4196891
 228414105, -0.3057966, 0.2025997, 0.2444206, -0.4191774, -0.4819683, 0.1855567, 0.2454574, -0.4194091
 228634078, 0.04620158, 0.7513402, 0.244491, -0.4230713, -0.3057966, 0.2025997, 0.2444206, -0.4191774
 228814350, -0.3329548, 0.456625, 0.2466205, -0.4239172, 0.04620158, 0.7513402, 0.244491, -0.4230713
 229014342, -0.04154236, 0.6606594, 0.2465583, -0.4259804, -0.3329548, 0.456625, 0.2466205, -0.4239172
 229195128, -0.5429627, 0.5249857, 0.2491069, -0.4266924, -0.04154236, 0.6606594, 0.2465583, -0.4259804
 229395127, -0.5897246, 0.5247304, 0.2494768, -0.4274701, -0.5429627, 0.5249857, 0.2491069, -0.4266924
 229595731, -0.7141969, 0.3389654, 0.2505664, -0.4274125, -0.5897246, 0.5247304, 0.2494768, -0.4274701
 229818067, -0.6809217, 0.3142887, 0.2505923, -0.4284226, -0.7141969, 0.3389654, 0.2505664, -0.4274125
 229998057, -0.1186421, 0.6962901, 0.2475666, -0.4292587, -0.6809217, 0.3142887, 0.2505923, -0.4284226
 230198053, -0.3269534, 0.6222004, 0.2490467, -0.4304912, -0.1186421, 0.6962901, 0.2475666, -0.4292587
 230398303, -0.2798848, 0.193396, 0.2505335, -0.4331364, -0.3269534, 0.6222004, 0.2490467, -0.4304912
 230599080, -0.3355908, 0.2104424, 0.2520099, -0.4344432, -0.2798848, 0.193396, 0.2505335, -0.4331364
 230799116, -0.2386868, 0.612604, 0.2520737, -0.4358819, -0.3355908, 0.2104424, 0.2520099, -0.4344432
 230999100, 0.004946765, 0.5300693, 0.2541979, -0.4384884, -0.2386868, 0.612604, 0.2520737, -0.4358819
 231199090, -0.6933376, -0.02771028, 0.2560651, -0.4401639, 0.004946765, 0.5300693, 0.2541979, -0.4384884
 231399097, -1.257833, -0.01001218, 0.2600129, -0.4410116, -0.6933376, -0.02771028, 0.2560651, -0.4401639
 231599101, -0.9996296, -0.201161, 0.2576413, -0.4407536, -1.257833, -0.01001218, 0.2600129, -0.4410116
 231799328, -1.026873, -0.1918628, 0.2581881, -0.4397868, -0.9996296, -0.201161, 0.2576413, -0.4407536
 232001801, -1.060198, -0.3986008, 0.2546236, -0.4357402, -1.026873, -0.1918628, 0.2581881, -0.4397868
 232180089, -0.7163221, 0.2564738, 0.2528637, -0.4315348, -1.060198, -0.3986008, 0.2546236, -0.4357402
 232400520, -0.2830689, -0.4863505, 0.2509803, -0.4319159, -0.7163221, 0.2564738, 0.2528637, -0.4315348
 232601250, -0.1873681, 0.204732, 0.2518055, -0.4308134, -0.2830689, -0.4863505, 0.2509803, -0.4319159
 232801307, -0.5331121, 0.5460751, 0.2529217, -0.4301517, -0.1873681, 0.204732, 0.2518055, -0.4308134
 233000532, -0.4647871, 0.4902315, 0.2553663, -0.4327612, -0.5331121, 0.5460751, 0.2529217, -0.4301517
 233201038, -0.3998682, 0.5207071, 0.2575393, -0.4364049, -0.4647871, 0.4902315, 0.2553663, -0.4327612
 233401226, 1.060158, 0.5971962, 0.2599214, -0.438944, -0.3998682, 0.5207071, 0.2575393, -0.4364049
 233601240, -0.1156567, 0.2957554, 0.2550794, -0.4337643, 1.060158, 0.5971962, 0.2599214, -0.438944
 233820879, 0.09766701, 0.2055255, 0.2539368, -0.4327469, -0.1156567, 0.2957554, 0.2550794, -0.4337643
 234201026, -0.560914, -0.2110295, 0.2537599, -0.4312412, -0.5477102, -0.1205796, 0.2537391, -0.4321777
 234401738, -0.528339, -0.1372081, 0.2526017, -0.4298246, -0.560914, -0.2110295, 0.2537599, -0.4312412
 234622028, -0.4708676, 0.06738488, 0.2534275, -0.4289397, -0.528339, -0.1372081, 0.2526017, -0.4298246
 234781949, -0.1073391, 0.1395368, 0.2526751, -0.4275487, -0.4708676, 0.06738488, 0.2534275, -0.4289397
 235001939, -0.3242966, -0.200587, 0.2528371, -0.4253103, -0.1073391, 0.1395368, 0.2526751, -0.4275487
 235201923, -0.2299106, -0.01320501, 0.2532463, -0.4228704, -0.3242966, -0.200587, 0.2528371, -0.4253103
 235402530, -0.06148513, 0.1328915, 0.2528822, -0.4212067, -0.2299106, -0.01320501, 0.2532463, -0.4228704
 235605663, -0.08468924, 0.1348651, 0.2536295, -0.4222848, -0.06148513, 0.1328915, 0.2528822, -0.4212067
 235805508, -0.3733643, 0.09614345, 0.2543012, -0.4231473, -0.08468924, 0.1348651, 0.2536295, -0.4222848
 235985898, -0.363624, 0.1308259, 0.2539371, -0.4242907, -0.3733643, 0.09614345, 0.2543012, -0.4231473
 236189593, 0.05291815, 0.6322622, 0.2523936, -0.4269361, -0.363624, 0.1308259, 0.2539371, -0.4242907
 236410828, -0.4911704, -0.07392812, 0.2515198, -0.4258309, 0.05291815, 0.6322622, 0.2523936, -0.4269361
 236610835, -0.5056667, -0.007379798, 0.2513895, -0.4262601, -0.4911704, -0.07392812, 0.2515198, -0.4258309
 236790845, 0.1016083, 0.4807289, 0.2503045, -0.4261823, -0.5056667, -0.007379798, 0.2513895, -0.4262601
 236991665, 0.1409996, 0.5503153, 0.2498678, -0.4259982, 0.1016083, 0.4807289, 0.2503045, -0.4261823
 237191680, 0.3715455, 0.7868518, 0.2491982, -0.4262944, 0.1409996, 0.5503153, 0.2498678, -0.4259982
 237391772, 0.1359529, 0.6532965, 0.2475931, -0.4218386, 0.3715455, 0.7868518, 0.2491982, -0.4262944
 237591667, 0.2988882, 0.5638237, 0.2510738, -0.424847, 0.1359529, 0.6532965, 0.2475931, -0.4218386
 237791719, 0.2382516, 0.4749202, 0.2523116, -0.4255874, 0.2988882, 0.5638237, 0.2510738, -0.424847
 237991807, 0.2319019, 0.5062174, 0.2525335, -0.4266576, 0.2382516, 0.4749202, 0.2523116, -0.4255874
 238215275, 0.06080728, 0.459299, 0.2516921, -0.4279453, 0.2319019, 0.5062174, 0.2525335, -0.4266576
 238415285, -0.4803887, 0.3622284, 0.2519053, -0.4278358, 0.06080728, 0.459299, 0.2516921, -0.4279453
 238595255, -0.318486, 0.09382284, 0.2480816, -0.4223886, -0.4803887, 0.3622284, 0.2519053, -0.4278358
 238815409, -0.1685266, 0.0829735, 0.246737, -0.4207171, -0.318486, 0.09382284, 0.2480816, -0.4223886
 238955246, 0.02979404, -0.1008979, 0.2450343, -0.4199412, -0.1685266, 0.0829735, 0.246737, -0.4207171
 239155254, 0.1149014, 0.05745015, 0.2444573, -0.419449, 0.02979404, -0.1008979, 0.2450343, -0.4199412
 239355271, 0.430041, 0.7165959, 0.2426239, -0.4213146, 0.1149014, 0.05745015, 0.2444573, -0.419449
 239555235, 0.4334936, 0.7454725, 0.2450524, -0.4246947, 0.430041, 0.7165959, 0.2426239, -0.4213146
 239755400, 0.362585, 0.6809725, 0.2465092, -0.4241308, 0.4334936, 0.7454725, 0.2450524, -0.4246947
 239936114, 0.204575, 0.7644722, 0.2472842, -0.4255324, 0.362585, 0.6809725, 0.2465092, -0.4241308
 240156143, 0.1753143, 0.6880847, 0.2470231, -0.42375, 0.204575, 0.7644722, 0.2472842, -0.4255324
 240358970, -0.01483633, 0.394048, 0.2473323, -0.4221745, 0.1753143, 0.6880847, 0.2470231, -0.42375
 240559886, -0.1559488, 0.1109859, 0.2474242, -0.4217086, -0.01483633, 0.394048, 0.2473323, -0.4221745
 240798677, -0.383479, 0.3758386, 0.2494083, -0.4226666, -0.1559488, 0.1109859, 0.2474242, -0.4217086
 240938994, -0.6555271, -0.2029987, 0.2503752, -0.4225223, -0.383479, 0.3758386, 0.2494083, -0.4226666
 241160144, -0.643259, -0.1505045, 0.2511918, -0.4211241, -0.6555271, -0.2029987, 0.2503752, -0.4225223
 241344591, -0.9812558, 0.2082908, 0.2516857, -0.4212457, -0.643259, -0.1505045, 0.2511918, -0.4211241
 241543782, -0.3016804, 0.03682097, 0.2486755, -0.4202311, -0.9812558, 0.2082908, 0.2516857, -0.4212457
 241763484, -0.2030817, 0.07376714, 0.2487857, -0.4218028, -0.3016804, 0.03682097, 0.2486755, -0.4202311
 241944910, -0.1386492, 0.5321856, 0.2486879, -0.4231502, -0.2030817, 0.07376714, 0.2487857, -0.4218028
 242145911, -0.1445667, 0.5279878, 0.2504826, -0.4229153, -0.1386492, 0.5321856, 0.2486879, -0.4231502
 242346569, -0.1388096, 0.5032356, 0.2513177, -0.4253303, -0.1445667, 0.5279878, 0.2504826, -0.4229153
 242546535, -0.1013529, 0.3277767, 0.256201, -0.4306543, -0.1388096, 0.5032356, 0.2513177, -0.4253303
 242746552, -0.4099444, 0.1160781, 0.256901, -0.4286091, -0.1013529, 0.3277767, 0.256201, -0.4306543
 242946555, -0.7183844, 0.3561555, 0.2590003, -0.4294218, -0.4099444, 0.1160781, 0.256901, -0.4286091
 243146710, -0.6466492, 0.379233, 0.2590201, -0.4303976, -0.7183844, 0.3561555, 0.2590003, -0.4294218
 243347776, -0.621003, 0.386335, 0.2598606, -0.4314433, -0.6466492, 0.379233, 0.2590201, -0.4303976
 243548351, -0.6266706, 0.4272341, 0.2605982, -0.433948, -0.621003, 0.386335, 0.2598606, -0.4314433
 243752088, -0.02532213, 0.3857087, 0.2582073, -0.4336921, -0.6266706, 0.4272341, 0.2605982, -0.433948
 243951918, -0.4614118, 0.2774374, 0.2598848, -0.435836, -0.02532213, 0.3857087, 0.2582073, -0.4336921
 244152728, -0.06419381, 0.4864281, 0.2595175, -0.4370342, -0.4614118, 0.2774374, 0.2598848, -0.435836
 244351943, -0.03842051, 0.008977216, 0.2597781, -0.436666, -0.06419381, 0.4864281, 0.2595175, -0.4370342
 244551932, -0.07925188, 0.0851427, 0.2596849, -0.4360218, -0.03842051, 0.008977216, 0.2597781, -0.436666
 244753011, -0.07488451, 0.06338687, 0.2598841, -0.4360094, -0.07925188, 0.0851427, 0.2596849, -0.4360218
 244953760, -0.04218266, 0.07630305, 0.2569751, -0.4360271, -0.07488451, 0.06338687, 0.2598841, -0.4360094
 245153908, 0.05915618, 0.5477406, 0.2541186, -0.4364265, -0.04218266, 0.07630305, 0.2569751, -0.4360271
 245354121, -0.337805, 0.4497863, 0.2543347, -0.4346528, 0.05915618, 0.5477406, 0.2541186, -0.4364265
 245554108, -0.258408, 0.2649885, 0.2535816, -0.4338412, -0.337805, 0.4497863, 0.2543347, -0.4346528
 245754134, -0.247343, 0.2906304, 0.2533412, -0.432727, -0.258408, 0.2649885, 0.2535816, -0.4338412
 245955021, -0.202658, 0.2661293, 0.2523217, -0.4290332, -0.247343, 0.2906304, 0.2533412, -0.432727
 246135721, -0.22905, 0.2259365, 0.2503747, -0.4285683, -0.202658, 0.2661293, 0.2523217, -0.4290332
 246359213, -0.0816037, 0.1872284, 0.2490223, -0.4266348, -0.22905, 0.2259365, 0.2503747, -0.4285683
 246559144, -0.3727595, 0.279074, 0.2511843, -0.4273889, -0.0816037, 0.1872284, 0.2490223, -0.4266348
 246739371, -0.270928, -0.01237047, 0.2499832, -0.4261628, -0.3727595, 0.279074, 0.2511843, -0.4273889
 246959373, -0.2511996, 0.03440534, 0.2502351, -0.4256921, -0.270928, -0.01237047, 0.2499832, -0.4261628
 247140085, -0.2416076, 0.02840987, 0.2505599, -0.4252053, -0.2511996, 0.03440534, 0.2502351, -0.4256921
 247341059, -0.2083672, 0.06771049, 0.2482247, -0.4233919, -0.2416076, 0.02840987, 0.2505599, -0.4252053
 247544998, 0.03192296, -0.0988806, 0.2498229, -0.4248222, -0.2083672, 0.06771049, 0.2482247, -0.4233919
 247744695, -0.3671096, 0.7784932, 0.2487171, -0.4236677, 0.03192296, -0.0988806, 0.2498229, -0.4248222
 247944467, 0.1901349, 0.4767094, 0.2480287, -0.4196838, -0.3671096, 0.7784932, 0.2487171, -0.4236677
 248146941, 0.1350597, 0.491916, 0.2479756, -0.4183303, 0.1901349, 0.4767094, 0.2480287, -0.4196838
 248346981, 0.2050952, 0.4621209, 0.2489094, -0.4180204, 0.1350597, 0.491916, 0.2479756, -0.4183303
 248547735, 0.1389416, 0.4439867, 0.2509164, -0.4211233, 0.2050952, 0.4621209, 0.2489094, -0.4180204
 248747727, -0.210959, 0.5928718, 0.2516865, -0.4226794, 0.1389416, 0.4439867, 0.2509164, -0.4211233
 248948086, -0.3187772, 0.09622883, 0.2508339, -0.423701, -0.210959, 0.5928718, 0.2516865, -0.4226794
 249148103, -0.4549332, 0.564173, 0.2502311, -0.425438, -0.3187772, 0.09622883, 0.2508339, -0.423701
 249348098, -0.4311535, 0.5973553, 0.2492773, -0.4242501, -0.4549332, 0.564173, 0.2502311, -0.425438
 249548619, -0.4185489, 0.5755165, 0.2493095, -0.4226744, -0.4311535, 0.5973553, 0.2492773, -0.4242501
 249751974, -0.3822141, 0.578508, 0.2488411, -0.4232418, -0.4185489, 0.5755165, 0.2493095, -0.4226744
 249952798, -0.3924614, 0.5698153, 0.2485457, -0.423829, -0.3822141, 0.578508, 0.2488411, -0.4232418
 250152789, -0.195164, 0.07819243, 0.2481254, -0.4226793, -0.3924614, 0.5698153, 0.2485457, -0.423829
 250334516, -0.1044335, 0.1866737, 0.2482659, -0.421307, -0.195164, 0.07819243, 0.2481254, -0.4226793
 250552794, -0.09080072, 0.2765017, 0.2485792, -0.4204714, -0.1044335, 0.1866737, 0.2482659, -0.421307
 250752816, -0.07482736, 0.2967454, 0.2472487, -0.419335, -0.09080072, 0.2765017, 0.2485792, -0.4204714
 250956614, -0.0077087, 0.2391305, 0.2458009, -0.4157917, -0.07482736, 0.2967454, 0.2472487, -0.419335
 251156755, 0.02544153, 0.1604541, 0.2445841, -0.4146607, -0.0077087, 0.2391305, 0.2458009, -0.4157917
 251356624, 0.3615787, 0.36465, 0.245256, -0.4152976, 0.02544153, 0.1604541, 0.2445841, -0.4146607
 251556365, 0.1086252, -0.03466978, 0.2439957, -0.4150152, 0.3615787, 0.36465, 0.245256, -0.4152976
 251756851, -0.457972, -0.02630369, 0.2446291, -0.4155759, 0.1086252, -0.03466978, 0.2439957, -0.4150152
 251956739, -0.5153596, -0.3227952, 0.2450383, -0.4155017, -0.457972, -0.02630369, 0.2446291, -0.4155759
 252156870, -0.5775298, -0.333111, 0.2472652, -0.4177941, -0.5153596, -0.3227952, 0.2450383, -0.4155017
 252357347, -0.5312932, -0.3142878, 0.2493825, -0.4191034, -0.5775298, -0.333111, 0.2472652, -0.4177941
 252557316, -0.4253443, 0.1464897, 0.2487642, -0.4175078, -0.5312932, -0.3142878, 0.2493825, -0.4191034
 252757351, -0.3393635, 0.04236025, 0.2474555, -0.4172301, -0.4253443, 0.1464897, 0.2487642, -0.4175078
 252937774, -0.03667993, 0.4719696, 0.2458728, -0.4175508, -0.3393635, 0.04236025, 0.2474555, -0.4172301
 253157771, -0.03269812, 0.4313672, 0.2456309, -0.4175108, -0.03667993, 0.4719696, 0.2458728, -0.4175508
 253357858, -0.01825527, 0.5228848, 0.2448445, -0.4174425, -0.03269812, 0.4313672, 0.2456309, -0.4175108
 253558619, 0.07365822, 0.5033377, 0.2449218, -0.4188906, -0.01825527, 0.5228848, 0.2448445, -0.4174425
 253762736, -0.005578228, 0.5049732, 0.2439213, -0.417846, 0.07365822, 0.5033377, 0.2449218, -0.4188906
 253942626, -0.07172554, 0.5833466, 0.2444517, -0.4179937, -0.005578228, 0.5049732, 0.2439213, -0.417846
 254142768, -0.03966575, 0.555092, 0.2438068, -0.418256, -0.07172554, 0.5833466, 0.2444517, -0.4179937
 254343223, -0.1114558, 0.6293708, 0.2445019, -0.4195162, -0.03966575, 0.555092, 0.2438068, -0.418256
 254547455, -0.06538851, 0.533125, 0.2444523, -0.4191945, -0.1114558, 0.6293708, 0.2445019, -0.4195162
 254748894, -0.120296, 0.5709641, 0.2465432, -0.4195746, -0.06538851, 0.533125, 0.2444523, -0.4191945
 254949267, -0.1482286, 0.5383326, 0.2481623, -0.4188996, -0.120296, 0.5709641, 0.2465432, -0.4195746
 255149284, -0.2318957, 0.1844239, 0.2468535, -0.4178132, -0.1482286, 0.5383326, 0.2481623, -0.4188996
 255369661, -0.2720699, -0.004194594, 0.2467137, -0.4191434, -0.2318957, 0.1844239, 0.2468535, -0.4178132
 255549294, -0.458731, -0.2643924, 0.2466063, -0.4200682, -0.2720699, -0.004194594, 0.2467137, -0.4191434
 255749294, -0.4248174, -0.1621681, 0.2461762, -0.4190397, -0.458731, -0.2643924, 0.2466063, -0.4200682
 255950072, -0.3747008, -0.135316, 0.2451879, -0.4191164, -0.4248174, -0.1621681, 0.2461762, -0.4190397
 256150991, -0.2197643, -0.06822773, 0.2441691, -0.4179806, -0.3747008, -0.135316, 0.2451879, -0.4191164
 256355251, 0.4326829, 0.5675039, 0.2462592, -0.4215176, -0.2197643, -0.06822773, 0.2441691, -0.4179806
 256555272, 0.5914462, 0.5000451, 0.2479042, -0.4204437, 0.4326829, 0.5675039, 0.2462592, -0.4215176
 256755775, 0.2459365, 0.7328507, 0.2514171, -0.4260308, 0.5914462, 0.5000451, 0.2479042, -0.4204437
 256954771, 0.171822, 0.6766497, 0.2523229, -0.4271678, 0.2459365, 0.7328507, 0.2514171, -0.4260308
 257154733, 0.1507937, 0.6928988, 0.2510335, -0.4242254, 0.171822, 0.6766497, 0.2523229, -0.4271678
 257355660, 0.07923144, 0.6104099, 0.2485809, -0.4200441, 0.1507937, 0.6928988, 0.2510335, -0.4242254
 257556128, 0.04102902, 0.5942406, 0.247856, -0.4178152, 0.07923144, 0.6104099, 0.2485809, -0.4200441
 257756094, -0.4069092, -0.1028143, 0.2498232, -0.417585, 0.04102902, 0.5942406, 0.247856, -0.4178152
 257956084, -0.4167114, 0.2255425, 0.2498549, -0.4153718, -0.4069092, -0.1028143, 0.2498232, -0.417585
 258136495, -0.3243684, -0.01490582, 0.2491179, -0.4135115, -0.4167114, 0.2255425, 0.2498549, -0.4153718
 258356627, -0.303085, 0.06692045, 0.2486132, -0.4127629, -0.3243684, -0.01490582, 0.2491179, -0.4135115
 258576480, -0.2804599, 0.06369106, 0.2484865, -0.4135252, -0.303085, 0.06692045, 0.2486132, -0.4127629
 258757138, 0.01234119, 0.2359625, 0.2481705, -0.4141214, -0.2804599, 0.06369106, 0.2484865, -0.4135252
 258957806, -0.1645782, 0.5048517, 0.2486207, -0.4146242, 0.01234119, 0.2359625, 0.2481705, -0.4141214
 259157826, -0.2529789, -0.003363493, 0.2480443, -0.4136163, -0.1645782, 0.5048517, 0.2486207, -0.4146242
 259360308, 0.1064946, 0.2080631, 0.2473184, -0.4130525, -0.2529789, -0.003363493, 0.2480443, -0.4136163
 259544513, -0.251869, -0.1683065, 0.24651, -0.4124302, 0.1064946, 0.2080631, 0.2473184, -0.4130525
 259746101, -0.2245198, -0.06830922, 0.2458491, -0.4118647, -0.251869, -0.1683065, 0.24651, -0.4124302
 259946211, -0.269167, -0.1072748, 0.2458106, -0.4103928, -0.2245198, -0.06830922, 0.2458491, -0.4118647
 260146125, -0.2964332, 0.1190624, 0.2467979, -0.4115489, -0.269167, -0.1072748, 0.2458106, -0.4103928
 260346351, 0.05063319, 0.1575583, 0.2457597, -0.4113352, -0.2964332, 0.1190624, 0.2467979, -0.4115489
 260546126, -0.3879825, 0.3945681, 0.2463474, -0.4119065, 0.05063319, 0.1575583, 0.2457597, -0.4113352
 260746122, -0.3750065, 0.3456002, 0.2464677, -0.4105609, -0.3879825, 0.3945681, 0.2463474, -0.4119065
 260946489, -0.3891981, 0.3328684, 0.245923, -0.4084938, -0.3750065, 0.3456002, 0.2464677, -0.4105609
 261147522, -0.3448962, 0.3289267, 0.245598, -0.407481, -0.3891981, 0.3328684, 0.245923, -0.4084938
 261347302, -0.1202244, -0.03501561, 0.2435008, -0.4061898, -0.3448962, 0.3289267, 0.245598, -0.407481
 261547269, -0.1211647, 0.08611668, 0.2428966, -0.4067184, -0.1202244, -0.03501561, 0.2435008, -0.4061898
 261751855, -0.6152238, 0.1211291, 0.2427234, -0.4072628, -0.1211647, 0.08611668, 0.2428966, -0.4067184
 261951813, -0.4016421, 0.2121179, 0.2411619, -0.4070307, -0.6152238, 0.1211291, 0.2427234, -0.4072628
 262153316, -0.3386431, 0.2477305, 0.2393879, -0.4055505, -0.4016421, 0.2121179, 0.2411619, -0.4070307
 262354032, -0.3278968, 0.3379336, 0.2406121, -0.4060703, -0.3386431, 0.2477305, 0.2393879, -0.4055505
 262554025, -0.27575, 0.3188074, 0.2406583, -0.408347, -0.3278968, 0.3379336, 0.2406121, -0.4060703
 262754059, 0.0565862, 0.207435, 0.2404838, -0.4091185, -0.27575, 0.3188074, 0.2406583, -0.408347
 262954327, -0.193142, 0.4635559, 0.2406639, -0.4099704, 0.0565862, 0.207435, 0.2404838, -0.4091185
 263154326, -0.0640652, 0.3422871, 0.2426802, -0.4118158, -0.193142, 0.4635559, 0.2406639, -0.4099704
 263334334, -0.09391208, 0.388285, 0.2429494, -0.4131923, -0.0640652, 0.3422871, 0.2426802, -0.4118158
 263555386, -0.07089155, 0.3711828, 0.2431596, -0.4144964, -0.09391208, 0.388285, 0.2429494, -0.4131923
 263757796, -0.05351007, 0.3845264, 0.2422232, -0.4144257, -0.07089155, 0.3711828, 0.2431596, -0.4144964
 263957986, 0.08399469, 0.2049205, 0.2435799, -0.4128701, -0.05351007, 0.3845264, 0.2422232, -0.4144257
 264157973, -0.4358677, 0.1016705, 0.2451923, -0.4118694, 0.08399469, 0.2049205, 0.2435799, -0.4128701
 264358025, -0.08741795, 0.140888, 0.2462129, -0.4127249, -0.4358677, 0.1016705, 0.2451923, -0.4118694
 264559115, -0.1310965, -0.06675427, 0.2491696, -0.4178313, -0.08741795, 0.140888, 0.2462129, -0.4127249
 264739133, -0.4512051, -0.07563268, 0.2504765, -0.419295, -0.1310965, -0.06675427, 0.2491696, -0.4178313
 264959996, -0.4529719, -0.0168857, 0.2507303, -0.419745, -0.4512051, -0.07563268, 0.2504765, -0.419295
 265141755, -0.4074345, 0.2737949, 0.250304, -0.4187232, -0.4529719, -0.0168857, 0.2507303, -0.419745
 265341903, -0.3998976, 0.1683398, 0.2501456, -0.4190353, -0.4074345, 0.2737949, 0.250304, -0.4187232
 265540946, -0.4265018, 0.1651004, 0.2502371, -0.419284, -0.3998976, 0.1683398, 0.2501456, -0.4190353
 265741094, -0.4057195, 0.1315676, 0.2489822, -0.417587, -0.4265018, 0.1651004, 0.2502371, -0.419284
 265940933, -0.375587, 0.1451616, 0.2492196, -0.4180117, -0.4057195, 0.1315676, 0.2489822, -0.417587
 266140942, -0.4061307, 0.07837113, 0.2490167, -0.4166153, -0.375587, 0.1451616, 0.2492196, -0.4180117
 266361614, -0.3878224, 0.1468171, 0.2496605, -0.4168668, -0.4061307, 0.07837113, 0.2490167, -0.4166153
 266541627, 0.02455045, 0.05639885, 0.2485751, -0.4165919, -0.3878224, 0.1468171, 0.2496605, -0.4168668
 266762737, -0.1805057, 0.2176907, 0.24795, -0.4173492, 0.02455045, 0.05639885, 0.2485751, -0.4165919
 266946916, -0.4117754, -0.04235129, 0.2469159, -0.4187118, -0.1805057, 0.2176907, 0.24795, -0.4173492
 267149720, -0.4354371, 0.04299502, 0.247567, -0.4209845, -0.4117754, -0.04235129, 0.2469159, -0.4187118
 267349735, -0.4584099, -0.002625285, 0.247541, -0.4214854, -0.4354371, 0.04299502, 0.247567, -0.4209845
 267550623, -0.3024596, 0.04181304, 0.2465377, -0.4214108, -0.4584099, -0.002625285, 0.247541, -0.4214854
 267750653, 0.2591279, 0.7111134, 0.2465486, -0.4228612, -0.3024596, 0.04181304, 0.2465377, -0.4214108
 267950637, 0.07715023, 0.5650112, 0.2481775, -0.4259249, 0.2591279, 0.7111134, 0.2465486, -0.4228612
 268150707, 0.2386411, 0.7646164, 0.2488509, -0.4277631, 0.07715023, 0.5650112, 0.2481775, -0.4259249
 268350637, 0.1260939, 0.7169016, 0.250884, -0.4283032, 0.2386411, 0.7646164, 0.2488509, -0.4277631
 268550612, 0.06801619, 0.6052568, 0.2524486, -0.4277022, 0.1260939, 0.7169016, 0.250884, -0.4283032
 268751898, -0.03718021, 0.5792628, 0.2529218, -0.4278215, 0.06801619, 0.6052568, 0.2524486, -0.4277022
 268951692, -0.4975822, 0.03073174, 0.2519571, -0.4260291, -0.03718021, 0.5792628, 0.2529218, -0.4278215
 269151716, -0.537441, -0.06622171, 0.2482202, -0.4247776, -0.4975822, 0.03073174, 0.2519571, -0.4260291
 269351705, -0.3173629, 0.272329, 0.2475094, -0.4253432, -0.537441, -0.06622171, 0.2482202, -0.4247776
 269551723, -0.4437205, 0.1569232, 0.2481982, -0.4264228, -0.3173629, 0.272329, 0.2475094, -0.4253432
 269751760, -0.3929328, 0.1607194, 0.246862, -0.4240308, -0.4437205, 0.1569232, 0.2481982, -0.4264228
 269952614, -0.3165051, 0.2533514, 0.2457354, -0.4232008, -0.3929328, 0.1607194, 0.246862, -0.4240308
 270152354, -0.2173667, 0.260977, 0.2461168, -0.423282, -0.3165051, 0.2533514, 0.2457354, -0.4232008
 270352487, 0.4115494, 0.6711192, 0.2481242, -0.4278185, -0.2173667, 0.260977, 0.2461168, -0.423282
 270572376, 0.07480372, 0.4279268, 0.2484361, -0.4268989, 0.4115494, 0.6711192, 0.2481242, -0.4278185
 270752495, 0.04497814, 0.2762669, 0.2485233, -0.426897, 0.07480372, 0.4279268, 0.2484361, -0.4268989
 270952461, -0.07062522, 0.2899916, 0.2491728, -0.4269203, 0.04497814, 0.2762669, 0.2485233, -0.426897
 271133088, -0.130936, 0.2511059, 0.2501153, -0.4270036, -0.07062522, 0.2899916, 0.2491728, -0.4269203
 271353085, -0.1431495, 0.1959601, 0.2518469, -0.4284504, -0.130936, 0.2511059, 0.2501153, -0.4270036
 271553090, -0.5445693, -0.05447527, 0.2537604, -0.4273032, -0.1431495, 0.1959601, 0.2518469, -0.4284504
 271753301, -0.5507609, 0.03109902, 0.2520011, -0.4220134, -0.5445693, -0.05447527, 0.2537604, -0.4273032
 271953091, -0.5973715, 0.2742262, 0.2528482, -0.4211052, -0.5507609, 0.03109902, 0.2520011, -0.4220134
 272153111, -0.2007077, -0.05009282, 0.2518596, -0.4198893, -0.5973715, 0.2742262, 0.2528482, -0.4211052
 272356039, -0.1616034, 8.439783E-07, 0.2517685, -0.4190263, -0.2007077, -0.05009282, 0.2518596, -0.4198893
 272554712, -0.1817707, 0.02544812, 0.251113, -0.4202695, -0.1616034, 8.439783E-07, 0.2517685, -0.4190263
 272755559, -0.3331695, 0.6188178, 0.2525611, -0.4235716, -0.1817707, 0.02544812, 0.251113, -0.4202695
 272956076, -0.3670759, 0.1962392, 0.2525075, -0.4239124, -0.3331695, 0.6188178, 0.2525611, -0.4235716
 273156520, -0.1577041, 0.342887, 0.2515143, -0.4226406, -0.3670759, 0.1962392, 0.2525075, -0.4239124
 273356540, -0.3394026, -0.2130636, 0.250649, -0.420721, -0.1577041, 0.342887, 0.2515143, -0.4226406
 273555869, -0.3120848, -0.1198697, 0.2503965, -0.4198066, -0.3394026, -0.2130636, 0.250649, -0.420721
 273735676, -0.3126844, -0.1286781, 0.2520126, -0.4213101, -0.3120848, -0.1198697, 0.2503965, -0.4198066
 273955741, -0.2618601, 0.05507937, 0.2529896, -0.4212251, -0.3126844, -0.1286781, 0.2520126, -0.4213101
 274155720, -0.5227347, 0.6300792, 0.2541374, -0.422304, -0.2618601, 0.05507937, 0.2529896, -0.4212251
 274355897, -0.3245146, 0.07449583, 0.2534526, -0.4217931, -0.5227347, 0.6300792, 0.2541374, -0.422304
 274555886, -0.09617966, 0.4647839, 0.2531055, -0.4219916, -0.3245146, 0.07449583, 0.2534526, -0.4217931
 274756470, -0.1065997, 0.4549541, 0.2531151, -0.4217604, -0.09617966, 0.4647839, 0.2531055, -0.4219916
 274955878, -0.09256086, 0.4159196, 0.2527338, -0.4213285, -0.1065997, 0.4549541, 0.2531151, -0.4217604
 275155883, -0.1029384, 0.4164569, 0.2514318, -0.4194298, -0.09256086, 0.4159196, 0.2527338, -0.4213285
 275356028, -0.04982947, 0.06673962, 0.2506382, -0.4180996, -0.1029384, 0.4164569, 0.2514318, -0.4194298
 275555880, -0.05734009, 0.0280447, 0.2520519, -0.4199736, -0.04982947, 0.06673962, 0.2506382, -0.4180996
 275757071, -0.1674888, 0.3304795, 0.2526375, -0.4210052, -0.05734009, 0.0280447, 0.2520519, -0.4199736
 275955880, -0.1231157, 0.3427275, 0.252589, -0.4224114, -0.1674888, 0.3304795, 0.2526375, -0.4210052
 276155843, -0.1042357, 0.3205585, 0.2520056, -0.4222756, -0.1231157, 0.3427275, 0.252589, -0.4224114
 276336259, -0.1362622, 0.2884915, 0.2523425, -0.4227681, -0.1042357, 0.3205585, 0.2520056, -0.4222756
 276556242, -0.2336256, 0.003972377, 0.2519853, -0.4216017, -0.1362622, 0.2884915, 0.2523425, -0.4227681
 276756256, -0.04948045, 0.1234565, 0.251113, -0.4235426, -0.2336256, 0.003972377, 0.2519853, -0.4216017
 276956235, 0.05460194, 0.4306317, 0.2484091, -0.4242232, -0.04948045, 0.1234565, 0.251113, -0.4235426
 277156415, -0.7860997, 0.3152697, 0.2499686, -0.4231088, 0.05460194, 0.4306317, 0.2484091, -0.4242232
 277356270, -0.7765473, 0.2608316, 0.2490043, -0.421798, -0.7860997, 0.3152697, 0.2499686, -0.4231088
 277556235, -0.6499687, 0.2366508, 0.2490613, -0.4214253, -0.7765473, 0.2608316, 0.2490043, -0.421798
 277756274, 0.0277838, -0.03758158, 0.2471991, -0.4213077, -0.6499687, 0.2366508, 0.2490613, -0.4214253
 277956244, -0.0001696385, 0.2923544, 0.2462282, -0.4208843, 0.0277838, -0.03758158, 0.2471991, -0.4213077
 278156259, 0.4887632, 0.580531, 0.2488475, -0.4259173, -0.0001696385, 0.2923544, 0.2462282, -0.4208843
 278356260, 0.9861497, 0.2215935, 0.251532, -0.4275392, 0.4887632, 0.580531, 0.2488475, -0.4259173
 278556587, 0.8961734, 0.160646, 0.2510841, -0.4263535, 0.9861497, 0.2215935, 0.251532, -0.4275392
 278756615, 0.791384, 0.1248372, 0.2513904, -0.4269646, 0.8961734, 0.160646, 0.2510841, -0.4263535
 278936586, 0.6402498, 0.06968448, 0.2506286, -0.4257858, 0.791384, 0.1248372, 0.2513904, -0.4269646
 279156591, -0.5975699, -0.2982115, 0.2502027, -0.4255265, 0.6402498, 0.06968448, 0.2506286, -0.4257858
 279356595, -1.419155, -0.4854294, 0.2534378, -0.4275368, -0.5975699, -0.2982115, 0.2502027, -0.4255265
 279556605, -1.150481, -0.2088867, 0.2516451, -0.4247623, -1.419155, -0.4854294, 0.2534378, -0.4275368
 279756591, -1.194524, -0.1824694, 0.2520768, -0.4244304, -1.150481, -0.2088867, 0.2516451, -0.4247623
 279956581, -1.05826, -0.1063577, 0.2510936, -0.4248854, -1.194524, -0.1824694, 0.2520768, -0.4244304
 280156589, -0.879567, 0.01202327, 0.2502694, -0.4234692, -1.05826, -0.1063577, 0.2510936, -0.4248854
 280356608, 0.1931328, 0.3577518, 0.2471643, -0.4222454, -0.879567, 0.01202327, 0.2502694, -0.4234692
 280557082, 0.6625322, 0.6301568, 0.2485731, -0.4247081, 0.1931328, 0.3577518, 0.2471643, -0.4222454
 280757313, 1.040655, 0.5982772, 0.2496814, -0.4244094, 0.6625322, 0.6301568, 0.2485731, -0.4247081
 280957091, 0.03736179, 0.5145695, 0.2469653, -0.4233292, 1.040655, 0.5982772, 0.2496814, -0.4244094
 281157083, -0.08551291, 0.4576037, 0.2482084, -0.4235557, 0.03736179, 0.5145695, 0.2469653, -0.4233292
 281359672, -0.2551727, 0.2888431, 0.2516355, -0.4258008, -0.08551291, 0.4576037, 0.2482084, -0.4235557
 281539591, -0.589388, -0.6238434, 0.2517473, -0.4249747, -0.2551727, 0.2888431, 0.2516355, -0.4258008
 281759677, -1.042204, -0.5214981, 0.254142, -0.4222285, -0.589388, -0.6238434, 0.2517473, -0.4249747
 281939651, -1.2558, -0.7340224, 0.2551715, -0.4237571, -1.042204, -0.5214981, 0.254142, -0.4222285
 282159653, -1.159848, -0.640342, 0.2543428, -0.4235, -1.2558, -0.7340224, 0.2551715, -0.4237571
 282339670, -1.061971, -0.6180937, 0.2526596, -0.4223923, -1.159848, -0.640342, 0.2543428, -0.4235
 282559674, -0.824568, -0.4730595, 0.2523085, -0.4208148, -1.061971, -0.6180937, 0.2526596, -0.4223923
 282739638, 0.6553875, 0.4183133, 0.2528401, -0.4217995, -0.824568, -0.4730595, 0.2523085, -0.4208148
 282939792, 0.8794638, 0.8750212, 0.2524486, -0.4253301, 0.6553875, 0.4183133, 0.2528401, -0.4217995
 283159635, 0.9769288, 0.8220832, 0.251551, -0.4254408, 0.8794638, 0.8750212, 0.2524486, -0.4253301
 283359692, 1.35992, 1.02187, 0.2501833, -0.4279844, 0.9769288, 0.8220832, 0.251551, -0.4254408
 283539653, 0.6715515, 0.5487156, 0.2474143, -0.4217652, 1.35992, 1.02187, 0.2501833, -0.4279844
 283759686, 0.4397859, 0.4140763, 0.2479251, -0.4193231, 0.6715515, 0.5487156, 0.2474143, -0.4217652
 283959654, 0.2626404, 0.3310491, 0.2496156, -0.4180923, 0.4397859, 0.4140763, 0.2479251, -0.4193231
 284139820, -0.9673387, -0.4030652, 0.2524433, -0.4190674, 0.2626404, 0.3310491, 0.2496156, -0.4180923
 284339677, -1.238369, -0.6174812, 0.2530998, -0.4193372, -0.9673387, -0.4030652, 0.2524433, -0.4190674
 284539659, -1.205243, -0.6058359, 0.2525012, -0.4196431, -1.238369, -0.6174812, 0.2530998, -0.4193372
 284739837, -1.148146, -0.5200807, 0.2512651, -0.4192164, -1.205243, -0.6058359, 0.2525012, -0.4196431
 284959675, -0.9078481, -0.4473924, 0.250058, -0.4189384, -1.148146, -0.5200807, 0.2512651, -0.4192164
 285139713, -0.746912, -0.2596092, 0.2494817, -0.418455, -0.9078481, -0.4473924, 0.250058, -0.4189384
 285359653, 0.2451966, 0.710701, 0.2462818, -0.4192278, -0.746912, -0.2596092, 0.2494817, -0.418455
 285559637, 0.9307832, 1.306577, 0.2419083, -0.4233263, 0.2451966, 0.710701, 0.2462818, -0.4192278
 285761647, 0.9931439, 1.179543, 0.2416732, -0.4232827, 0.9307832, 1.306577, 0.2419083, -0.4233263
 285961262, 0.9925086, 0.9707851, 0.242704, -0.420876, 0.9931439, 1.179543, 0.2416732, -0.4232827
 286160548, 0.9042411, 0.9326906, 0.2447114, -0.421446, 0.9925086, 0.9707851, 0.242704, -0.420876
 286340087, 0.6820707, 0.7944134, 0.245609, -0.4186195, 0.9042411, 0.9326906, 0.2447114, -0.421446
 286560556, -0.8496965, -0.4988969, 0.2483701, -0.4150338, 0.6820707, 0.7944134, 0.245609, -0.4186195
 286740066, -1.303503, -0.5452017, 0.2517354, -0.4160149, -0.8496965, -0.4988969, 0.2483701, -0.4150338
 286960534, -1.329158, -0.5228036, 0.2509912, -0.4149608, -1.303503, -0.5452017, 0.2517354, -0.4160149
 287161280, -1.244243, -0.3802509, 0.2515109, -0.4155821, -1.329158, -0.5228036, 0.2509912, -0.4149608
 287360575, -0.5087073, -0.3387352, 0.2478922, -0.4138333, -1.244243, -0.3802509, 0.2515109, -0.4155821
 287560501, -0.4180625, -0.2267215, 0.2483535, -0.4141524, -0.5087073, -0.3387352, 0.2478922, -0.4138333
 287740094, -0.2557533, -0.1035033, 0.2488261, -0.4150318, -0.4180625, -0.2267215, 0.2483535, -0.4141524
 287940063, 0.4871349, 0.4338701, 0.2507303, -0.4190138, -0.2557533, -0.1035033, 0.2488261, -0.4150318
 288140064, 0.5731606, 0.4226457, 0.250581, -0.4190893, 0.4871349, 0.4338701, 0.2507303, -0.4190138
 288340310, 0.4762558, 0.3794144, 0.2494197, -0.4179202, 0.5731606, 0.4226457, 0.250581, -0.4190893
 288561279, 0.4264967, 0.3866382, 0.2507483, -0.4207428, 0.4762558, 0.3794144, 0.2494197, -0.4179202
 288760847, 0.3647697, 0.2660553, 0.251742, -0.4216464, 0.4264967, 0.3866382, 0.2507483, -0.4207428
 288940071, 0.2384533, 0.1962609, 0.2524652, -0.4212201, 0.3647697, 0.2660553, 0.251742, -0.4216464
 289160553, -0.5664892, -0.1969764, 0.2533416, -0.4201137, 0.2384533, 0.1962609, 0.2524652, -0.4212201
 289340114, -0.7781656, -0.504948, 0.2528175, -0.419737, -0.5664892, -0.1969764, 0.2533416, -0.4201137
 289561245, -0.7423076, -0.4788001, 0.2512415, -0.4169361, -0.7781656, -0.504948, 0.2528175, -0.419737
 289740061, -0.4525768, -0.07475015, 0.2514906, -0.4158292, -0.7423076, -0.4788001, 0.2512415, -0.4169361
 289940069, -0.4135894, -0.03204484, 0.2525898, -0.4173214, -0.4525768, -0.07475015, 0.2514906, -0.4158292
 290140579, -0.2992334, -0.03494803, 0.2527607, -0.4174137, -0.4135894, -0.03204484, 0.2525898, -0.4173214
 290340371, -0.0357541, 0.1200264, 0.2520843, -0.4163859, -0.2992334, -0.03494803, 0.2527607, -0.4174137
 290540348, 0.190313, 0.06377369, 0.2528269, -0.4175562, -0.0357541, 0.1200264, 0.2520843, -0.4163859
 290740459, 0.1761938, 0.05484753, 0.2527901, -0.4181391, 0.190313, 0.06377369, 0.2528269, -0.4175562
 290940359, 0.1596731, 0.07946076, 0.2530109, -0.4201188, 0.1761938, 0.05484753, 0.2527901, -0.4181391
 291140360, 0.1292304, 0.05185194, 0.2528431, -0.4209192, 0.1596731, 0.07946076, 0.2530109, -0.4201188
 291360827, 0.08307277, 0.01047403, 0.2538478, -0.4218434, 0.1292304, 0.05185194, 0.2528431, -0.4209192
 291540358, 0.01873322, 0.01915288, 0.2527759, -0.4200638, 0.08307277, 0.01047403, 0.2538478, -0.4218434
 291740350, -0.3857141, 0.06454362, 0.2535562, -0.4195508, 0.01873322, 0.01915288, 0.2527759, -0.4200638
 291940577, -0.3906135, 0.07346275, 0.2527879, -0.4194499, -0.3857141, 0.06454362, 0.2535562, -0.4195508
 292140358, -0.4389805, 0.09865848, 0.2528796, -0.4195043, -0.3906135, 0.07346275, 0.2527879, -0.4194499
 292340375, -0.3623023, 0.08956955, 0.251618, -0.4184406, -0.4389805, 0.09865848, 0.2528796, -0.4195043
 292540557, -0.3682341, 0.1233955, 0.250874, -0.4173198, -0.3623023, 0.08956955, 0.251618, -0.4184406
 292740461, -0.3365513, 0.1675817, 0.2503573, -0.4172834, -0.3682341, 0.1233955, 0.250874, -0.4173198
 292940360, 0.03534812, 0.3440928, 0.2501379, -0.4179729, -0.3365513, 0.1675817, 0.2503573, -0.4172834
 293140375, 0.08324264, 0.4165441, 0.2501852, -0.4192683, 0.03534812, 0.3440928, 0.2501379, -0.4179729
 293340378, 0.04588841, 0.4368361, 0.2483707, -0.4216481, 0.08324264, 0.4165441, 0.2501852, -0.4192683
 293540568, 0.05275869, 0.4024495, 0.2482633, -0.4208229, 0.04588841, 0.4368361, 0.2483707, -0.4216481
 293760807, 0.001531779, 0.3740855, 0.2476512, -0.4205113, 0.05275869, 0.4024495, 0.2482633, -0.4208229
 293960927, 0.04645802, 0.4113948, 0.2475157, -0.4197952, 0.001531779, 0.3740855, 0.2476512, -0.4205113
 294160780, 0.2415214, 0.5294952, 0.2474756, -0.4199916, 0.04645802, 0.4113948, 0.2475157, -0.4197952
 294340375, -0.01690682, 0.09249799, 0.2468549, -0.4179235, 0.2415214, 0.5294952, 0.2474756, -0.4199916
 294560793, 0.02446783, 0.2225056, 0.2453029, -0.4168304, -0.01690682, 0.09249799, 0.2468549, -0.4179235
 294761620, 0.08250646, 0.6785908, 0.245919, -0.420512, 0.02446783, 0.2225056, 0.2453029, -0.4168304
 294960790, -0.1282786, 0.2890621, 0.2447855, -0.419732, 0.08250646, 0.6785908, 0.245919, -0.420512
 295140381, -0.2279665, 0.2465239, 0.2447893, -0.4188767, -0.1282786, 0.2890621, 0.2447855, -0.419732
 295360935, -0.3059328, 0.1954492, 0.2454883, -0.4190045, -0.2279665, 0.2465239, 0.2447893, -0.4188767
 295560804, -1.00953, -0.2502316, 0.2482448, -0.4208317, -0.3059328, 0.1954492, 0.2454883, -0.4190045
 295760802, -0.7994778, 0.01633055, 0.2460509, -0.4182822, -1.00953, -0.2502316, 0.2482448, -0.4208317
 295961580, -0.2103558, -0.151895, 0.2431103, -0.4164351, -0.7994778, 0.01633055, 0.2460509, -0.4182822
 296140355, -0.3048404, -0.1351115, 0.2429531, -0.4161874, -0.2103558, -0.151895, 0.2431103, -0.4164351
 296340365, -0.2351584, -0.1603302, 0.243571, -0.4160942, -0.3048404, -0.1351115, 0.2429531, -0.4161874
 296561172, -0.235628, -0.1606722, 0.2440943, -0.4169275, -0.2351584, -0.1603302, 0.243571, -0.4160942
 296761254, 0.1970765, -0.05166915, 0.2435635, -0.4164453, -0.235628, -0.1606722, 0.2440943, -0.4169275
 296940789, 0.1969745, -0.05129967, 0.2440112, -0.4156557, 0.1970765, -0.05166915, 0.2435635, -0.4164453
 297140794, 0.1969321, -0.05124533, 0.2440312, -0.4154938, 0.1969745, -0.05129967, 0.2440112, -0.4156557
 297340966, 0.1972232, -0.05122717, 0.2445491, -0.4159508, 0.1969321, -0.05124533, 0.2440312, -0.4154938
 297540803, 0.1965166, -0.05107468, 0.2436209, -0.4145125, 0.1972232, -0.05122717, 0.2445491, -0.4159508
 297740949, 0.1964593, -0.05143835, 0.2429163, -0.4150256, 0.1965166, -0.05107468, 0.2436209, -0.4145125
 297940795, 0.1960334, -0.05123137, 0.2425494, -0.4139659, 0.1964593, -0.05143835, 0.2429163, -0.4150256
 298140809, 0.1962348, -0.05105576, 0.2431807, -0.414009, 0.1960334, -0.05123137, 0.2425494, -0.4139659
 298340821, 0.1961683, -0.05101921, 0.2431305, -0.4138365, 0.1962348, -0.05105576, 0.2431807, -0.414009
 298540801, 0.1969412, -0.05128213, 0.2439847, -0.4155706, 0.1961683, -0.05101921, 0.2431305, -0.4138365
 298761993, 0.1968453, -0.05149647, 0.2434654, -0.4157691, 0.1969412, -0.05128213, 0.2439847, -0.4155706
 298961332, 0.1969121, -0.0515895, 0.2434215, -0.4160367, 0.1968453, -0.05149647, 0.2434654, -0.4157691
 299161145, 0.1979475, -0.05121673, 0.2457797, -0.4171458, 0.1969121, -0.0515895, 0.2434215, -0.4160367
 299340820, 0.1973369, -0.05112078, 0.2449177, -0.415963, 0.1979475, -0.05121673, 0.2457797, -0.4171458
 299540808, 0.1978984, -0.05089136, 0.2462421, -0.4165187, 0.1973369, -0.05112078, 0.2449177, -0.415963
 299740803, 0.1977388, -0.05095169, 0.2458738, -0.4163525, 0.1978984, -0.05089136, 0.2462421, -0.4165187
 299960845, 0.197369, -0.05060009, 0.245843, -0.4151446, 0.1977388, -0.05095169, 0.2458738, -0.4163525
 300140807, 0.1981194, -0.05035862, 0.247504, -0.4159964, 0.197369, -0.05060009, 0.245843, -0.4151446
 300360820, 0.1981559, -0.05025251, 0.2477427, -0.4158797, 0.1981194, -0.05035862, 0.247504, -0.4159964
 300560807, 0.1979002, -0.04993753, 0.2478418, -0.4149242, 0.1981559, -0.05025251, 0.2477427, -0.4158797
 300740798, 0.1976269, -0.0503554, 0.2466846, -0.4151665, 0.1979002, -0.04993753, 0.2478418, -0.4149242
 300941013, 0.1985317, -0.05044153, 0.2480557, -0.4168254, 0.1976269, -0.0503554, 0.2466846, -0.4151665
 301140798, 0.1983854, -0.05044799, 0.2478, -0.4165914, 0.1985317, -0.05044153, 0.2480557, -0.4168254
 301360938, 0.1981719, -0.04989447, 0.2483689, -0.4153068, 0.1983854, -0.05044799, 0.2478, -0.4165914
 301540783, 0.1982052, -0.05009115, 0.2480954, -0.415692, 0.1981719, -0.04989447, 0.2483689, -0.4153068
 301760820, 0.1972312, -0.04935913, 0.2476896, -0.4128356, 0.1982052, -0.05009115, 0.2480954, -0.415692
 301960800, 0.197103, -0.04912562, 0.2478659, -0.4122299, 0.1972312, -0.04935913, 0.2476896, -0.4128356
 302140992, 0.1971212, -0.04896081, 0.2481723, -0.4119844, 0.197103, -0.04912562, 0.2478659, -0.4122299
 302341017, 0.1970766, -0.04916233, 0.2477603, -0.4122472, 0.1971212, -0.04896081, 0.2481723, -0.4119844
 302560949, 0.1966922, -0.0490373, 0.2473257, -0.4113943, 0.1970766, -0.04916233, 0.2477603, -0.4122472
 302760823, 0.1962237, -0.0486225, 0.2472356, -0.4099154, 0.1966922, -0.0490373, 0.2473257, -0.4113943
 302964844, 0.1949578, -0.04814781, 0.24591, -0.4070011, 0.1962237, -0.0486225, 0.2472356, -0.4099154
 303164805, 0.1946187, -0.04790517, 0.2457484, -0.4060272, 0.1949578, -0.04814781, 0.24591, -0.4070011
 303364844, 0.1934796, -0.04766031, 0.2442504, -0.4037101, 0.1946187, -0.04790517, 0.2457484, -0.4060272
 303564812, 0.1909744, -0.04684271, 0.2414235, -0.3981471, 0.1934796, -0.04766031, 0.2442504, -0.4037101
 303764873, 0.1902251, -0.04671248, 0.2403867, -0.3966747, 0.1909744, -0.04684271, 0.2414235, -0.3981471
 303964858, 0.1898653, -0.04640828, 0.2402934, -0.3955629, 0.1902251, -0.04671248, 0.2403867, -0.3966747
 304164829, 0.1874753, -0.04569956, 0.2374769, -0.3903749, 0.1898653, -0.04640828, 0.2402934, -0.3955629
 304343325, 0.1855726, -0.04522801, 0.2350799, -0.3864002, 0.1874753, -0.04569956, 0.2374769, -0.3903749
 304543304, 0.183769, -0.04475342, 0.2328537, -0.382586, 0.1855726, -0.04522801, 0.2350799, -0.3864002
 304743560, 0.1816109, -0.04407951, 0.2303676, -0.3778447, 0.183769, -0.04475342, 0.2328537, -0.382586
 304943314, 0.1807433, -0.04386743, 0.2292695, -0.3760371, 0.1816109, -0.04407951, 0.2303676, -0.3778447
 305164841, 0.1794197, -0.04315658, 0.2282428, -0.3726308, 0.1807433, -0.04386743, 0.2292695, -0.3760371
 305364867, 0.1786858, -0.04273579, 0.2277181, -0.3706975, 0.1794197, -0.04315658, 0.2282428, -0.3726308
 305543289, 0.1778339, -0.04240284, 0.2268488, -0.3687138, 0.1786858, -0.04273579, 0.2277181, -0.3706975
 305743291, 0.1770964, -0.04196164, 0.2263522, -0.3667404, 0.1778339, -0.04240284, 0.2268488, -0.3687138
 305943283, 0.1767561, -0.04165461, 0.2262962, -0.3656564, 0.1770964, -0.04196164, 0.2263522, -0.3667404
 306143291, 0.1761036, -0.04163829, 0.2252308, -0.3645368, 0.1767561, -0.04165461, 0.2262962, -0.3656564
 306343319, 0.1751206, -0.04125261, 0.2242301, -0.3622454, 0.1761036, -0.04163829, 0.2252308, -0.3645368
 306566004, 0.1756251, -0.0416401, 0.2244263, -0.3637389, 0.1751206, -0.04125261, 0.2242301, -0.3622454
 306745994, 0.1759969, -0.04153343, 0.2252275, -0.3641825, 0.1756251, -0.0416401, 0.2244263, -0.3637389
 306945853, 0.1759957, -0.04152291, 0.2252432, -0.364163, 0.1759969, -0.04153343, 0.2252275, -0.3641825
 307145851, 0.1767318, -0.04171825, 0.226149, -0.3657224, 0.1759957, -0.04152291, 0.2252432, -0.364163
 307345998, 0.177059, -0.04176845, 0.2266129, -0.3663541, 0.1767318, -0.04171825, 0.226149, -0.3657224
 307545862, 0.1773635, -0.04158533, 0.2274294, -0.3665572, 0.177059, -0.04176845, 0.2266129, -0.3663541
 307745853, 0.1777247, -0.0414158, 0.2283182, -0.3668779, 0.1773635, -0.04158533, 0.2274294, -0.3665572
 307945873, 0.1749707, -0.04090348, 0.2245635, -0.3614097, 0.1777247, -0.0414158, 0.2283182, -0.3668779
 308145856, 0.1746412, -0.04125164, 0.2234288, -0.3614412, 0.1749707, -0.04090348, 0.2245635, -0.3614097
 308346022, 0.1766709, -0.04201537, 0.2255496, -0.366118, 0.1746412, -0.04125164, 0.2234288, -0.3614412
 308546001, 0.1785041, -0.04126732, 0.2298719, -0.3679339, 0.1766709, -0.04201537, 0.2255496, -0.366118
 308766018, 0.180484, -0.04043432, 0.2345823, -0.3698533, 0.1785041, -0.04126732, 0.2298719, -0.3679339
 308945852, 0.1797772, -0.04001146, 0.2341066, -0.3679619, 0.180484, -0.04043432, 0.2345823, -0.3698533
 309166125, 0.1788921, -0.03924209, 0.2339121, -0.3651917, 0.1797772, -0.04001146, 0.2341066, -0.3679619
 309366227, 0.1776749, -0.03842786, 0.2332366, -0.3617904, 0.1788921, -0.03924209, 0.2339121, -0.3651917
 309547218, 0.1809422, -0.03840953, 0.2387393, -0.3672292, 0.1776749, -0.03842786, 0.2332366, -0.3617904
 309746474, 0.1825473, -0.03761365, 0.2427598, -0.3685834, 0.1809422, -0.03840953, 0.2387393, -0.3672292
 309946470, 0.1842805, -0.03584708, 0.2486198, -0.3685261, 0.1825473, -0.03761365, 0.2427598, -0.3685834
 310146249, 0.1873964, -0.03241403, 0.2595852, -0.3679926, 0.1842805, -0.03584708, 0.2486198, -0.3685261
 310346580, 0.1905681, -0.03090123, 0.2674295, -0.3707685, 0.1873964, -0.03241403, 0.2595852, -0.3679926
 310565974, 0.1993891, -0.03946437, 0.2678677, -0.3998764, 0.1905681, -0.03090123, 0.2674295, -0.3707685
 310746995, 0.2262997, -0.05354422, 0.2893669, -0.4685062, 0.1993891, -0.03946437, 0.2678677, -0.3998764
 310946243, 0.2631762, -0.06837362, 0.3263019, -0.5550746, 0.2262997, -0.05354422, 0.2893669, -0.4685062
 311146260, 0.2928407, -0.07413205, 0.3663434, -0.6143779, 0.2631762, -0.06837362, 0.3263019, -0.5550746
 311365982, 0.3407172, -0.083299, 0.4311798, -0.7098768, 0.2928407, -0.07413205, 0.3663434, -0.6143779
 311546463, 0.387578, -0.09517108, 0.4897868, -0.8082061, 0.3407172, -0.083299, 0.4311798, -0.7098768
 311746248, 0.4424039, -0.1074797, 0.5610023, -0.9205996, 0.387578, -0.09517108, 0.4897868, -0.8082061
 311947018, 0.498531, -0.1287983, 0.6193145, -1.050261, 0.4424039, -0.1074797, 0.5610023, -0.9205996
 312146421, 0.5419012, -0.1377221, 0.677011, -1.13781, 0.498531, -0.1287983, 0.6193145, -1.050261
 312365984, 0.5755147, -0.144732, 0.7215713, -1.205819, 0.5419012, -0.1377221, 0.677011, -1.13781
 312565999, 0.606878, -0.1471051, 0.770125, -1.262297, 0.5755147, -0.144732, 0.7215713, -1.205819
 312746235, 0.6263889, -0.1513688, 0.7956637, -1.302099, 0.606878, -0.1471051, 0.770125, -1.262297
 312946249, 0.647281, -0.159205, 0.8175351, -1.350197, 0.6263889, -0.1513688, 0.7956637, -1.302099
 313146972, 0.6553451, -0.1643246, 0.8224704, -1.372271, 0.647281, -0.159205, 0.8175351, -1.350197
 313347017, 0.6692207, -0.164755, 0.8449883, -1.39622, 0.6553451, -0.1643246, 0.8224704, -1.372271
 313546309, 0.6756842, -0.1600939, 0.8636157, -1.399233, 0.6692207, -0.164755, 0.8449883, -1.39622
 313746263, 0.6796453, -0.1680902, 0.856864, -1.419256, 0.6756842, -0.1600939, 0.8636157, -1.399233
 313946372, 0.6845424, -0.1678547, 0.8654596, -1.42706, 0.6796453, -0.1680902, 0.856864, -1.419256
 314146265, 0.6838948, -0.1774806, 0.8482609, -1.442097, 0.6845424, -0.1678547, 0.8654596, -1.42706
 314347003, 0.67931, -0.1869528, 0.8247262, -1.450286, 0.6838948, -0.1774806, 0.8482609, -1.442097
 314546983, 0.6720807, -0.1909666, 0.8058996, -1.444906, 0.67931, -0.1869528, 0.8247262, -1.450286
 314746255, 0.661827, -0.197291, 0.7781395, -1.438333, 0.6720807, -0.1909666, 0.8058996, -1.444906
 314946251, 0.6441207, -0.2052094, 0.73523, -1.421954, 0.661827, -0.197291, 0.7781395, -1.438333
 315146240, 0.6305923, -0.1927426, 0.7334427, -1.378428, 0.6441207, -0.2052094, 0.73523, -1.421954
 315346265, 0.6209045, -0.1762805, 0.7447759, -1.33464, 0.6305923, -0.1927426, 0.7334427, -1.378428
 315546246, 0.6033586, -0.1605483, 0.7417263, -1.278919, 0.6209045, -0.1762805, 0.7447759, -1.33464
 315826017, 0.5731595, -0.1351065, 0.73374, -1.185756, 0.6033586, -0.1605483, 0.7417263, -1.278919
 315946237, 0.5593951, -0.1248956, 0.7277812, -1.145614, 0.5731595, -0.1351065, 0.73374, -1.185756
 316146261, 0.5415376, -0.1158916, 0.7129471, -1.10064, 0.5593951, -0.1248956, 0.7277812, -1.145614
 316346263, 0.5177503, -0.1122813, 0.6791524, -1.054773, 0.5415376, -0.1158916, 0.7129471, -1.10064
 316546255, 0.485769, -0.111275, 0.6272755, -0.9995502, 0.5177503, -0.1122813, 0.6791524, -1.054773
 316765998, 0.4526983, -0.1109921, 0.5723632, -0.9437152, 0.485769, -0.111275, 0.6272755, -0.9995502
 316965999, 0.4180008, -0.1066006, 0.5216042, -0.8782759, 0.4526983, -0.1109921, 0.5723632, -0.9437152
 317166131, 0.3899868, -0.0978425, 0.4893485, -0.8167118, 0.4180008, -0.1066006, 0.5216042, -0.8782759
 317346287, 0.3693488, -0.0922484, 0.4641493, -0.7727944, 0.3899868, -0.0978425, 0.4893485, -0.8167118
 317546462, 0.3382528, -0.08395778, 0.4259494, -0.7068542, 0.3693488, -0.0922484, 0.4641493, -0.7727944
 317805996, 0.3065611, -0.06596804, 0.4029882, -0.6236725, 0.3382528, -0.08395778, 0.4259494, -0.7068542
 317946240, 0.2892819, -0.06373455, 0.3777885, -0.5910062, 0.3065611, -0.06596804, 0.4029882, -0.6236725
 318146998, 0.2700191, -0.06494649, 0.343499, -0.5607896, 0.2892819, -0.06373455, 0.3777885, -0.5910062
 318347012, 0.2559123, -0.06410979, 0.3212739, -0.5357731, 0.2700191, -0.06494649, 0.343499, -0.5607896
 318565988, 0.2497911, -0.06061031, 0.3168807, -0.5196654, 0.2559123, -0.06410979, 0.3212739, -0.5357731
 318746271, 0.2484843, -0.06166785, 0.3129217, -0.5192488, 0.2497911, -0.06061031, 0.3168807, -0.5196654
 318946251, 0.2521675, -0.061627, 0.3191585, -0.5253461, 0.2484843, -0.06166785, 0.3129217, -0.5192488
 319166017, 0.2654205, -0.06273943, 0.339492, -0.5493951, 0.2521675, -0.061627, 0.3191585, -0.5253461
 319365974, 0.2844416, -0.06523962, 0.3671626, -0.5854241, 0.2654205, -0.06273943, 0.339492, -0.5493951
 319547053, 0.3068235, -0.06553738, 0.4041487, -0.6233906, 0.2844416, -0.06523962, 0.3671626, -0.5854241
 319746296, 0.3238334, -0.07043301, 0.4244409, -0.6600646, 0.3068235, -0.06553738, 0.4041487, -0.6233906
 319946498, 0.3507999, -0.07692607, 0.4587341, -0.7160818, 0.3238334, -0.07043301, 0.4244409, -0.6600646
 320166018, 0.3759387, -0.08523764, 0.4869223, -0.7720851, 0.3507999, -0.07692607, 0.4587341, -0.7160818
 320346322, 0.3890432, -0.08746976, 0.5051326, -0.7977603, 0.3759387, -0.08523764, 0.4869223, -0.7720851
 320526254, 0.4075374, -0.09213151, 0.5283022, -0.8365274, 0.3890432, -0.08746976, 0.5051326, -0.7977603
 320747032, 0.4341399, -0.1012671, 0.5575619, -0.8963606, 0.4075374, -0.09213151, 0.5283022, -0.8365274
 320946527, 0.4517896, -0.1088676, 0.5743979, -0.9386358, 0.4341399, -0.1012671, 0.5575619, -0.8963606
 321146498, 0.4626547, -0.1128773, 0.585882, -0.9635396, 0.4517896, -0.1088676, 0.5743979, -0.9386358
 321346314, 0.4781289, -0.1210566, 0.5981054, -1.003142, 0.4626547, -0.1128773, 0.585882, -0.9635396
 321546300, 0.490177, -0.1219996, 0.6167047, -1.02489, 0.4781289, -0.1210566, 0.5981054, -1.003142
 321746332, 0.4976815, -0.1192199, 0.6339265, -1.032798, 0.490177, -0.1219996, 0.6167047, -1.02489
 321966022, 0.5045142, -0.1138727, 0.6543209, -1.035281, 0.4976815, -0.1192199, 0.6339265, -1.032798
 322166025, 0.5068615, -0.1119025, 0.6615502, -1.03591, 0.5045142, -0.1138727, 0.6543209, -1.035281
 322346334, 0.5071689, -0.1174849, 0.6527201, -1.045774, 0.5068615, -0.1119025, 0.6615502, -1.03591
 322566048, 0.5136758, -0.1235926, 0.653393, -1.066896, 0.5071689, -0.1174849, 0.6527201, -1.045774
 322746313, 0.5165843, -0.1347957, 0.6395105, -1.090528, 0.5136758, -0.1235926, 0.653393, -1.066896
 322946513, 0.5242211, -0.1426754, 0.6391093, -1.116509, 0.5165843, -0.1347957, 0.6395105, -1.090528
 323147053, 0.5283533, -0.1476068, 0.6377742, -1.131685, 0.5242211, -0.1426754, 0.6391093, -1.116509
 323347081, 0.5298594, -0.1518255, 0.6332343, -1.141271, 0.5283533, -0.1476068, 0.6377742, -1.131685
 323546290, 0.5258484, -0.1564253, 0.6188169, -1.142261, 0.5298594, -0.1518255, 0.6332343, -1.141271
 323746281, 0.5285964, -0.1509057, 0.6326589, -1.137617, 0.5258484, -0.1564253, 0.6188169, -1.142261
 323946284, 0.5294452, -0.1399929, 0.6523489, -1.120762, 0.5285964, -0.1509057, 0.6326589, -1.137617
 324146502, 0.5281324, -0.1335154, 0.6609936, -1.107715, 0.5294452, -0.1399929, 0.6523489, -1.120762
 324346311, 0.5220366, -0.1276782, 0.6605559, -1.087735, 0.5281324, -0.1335154, 0.6609936, -1.107715
 324566096, 0.512673, -0.1210312, 0.6560012, -1.060927, 0.5220366, -0.1276782, 0.6605559, -1.087735
 324746515, 0.5028443, -0.1152674, 0.6491894, -1.034821, 0.512673, -0.1210312, 0.6560012, -1.060927
 324946305, 0.4974877, -0.113129, 0.6437979, -1.022272, 0.5028443, -0.1152674, 0.6491894, -1.034821
 325166003, 0.4860374, -0.1103376, 0.6292943, -0.9984294, 0.4974877, -0.113129, 0.6437979, -1.022272
 325346319, 0.4768932, -0.1093194, 0.6156842, -0.9814166, 0.4860374, -0.1103376, 0.6292943, -0.9984294
 325546318, 0.4658196, -0.111948, 0.5927383, -0.9672814, 0.4768932, -0.1093194, 0.6156842, -0.9814166
 325746052, 0.4521993, -0.11502, 0.5647846, -0.9496255, 0.4658196, -0.111948, 0.5927383, -0.9672814
 325946059, 0.4381388, -0.113457, 0.5438532, -0.9234703, 0.4521993, -0.11502, 0.5647846, -0.9496255
 326146047, 0.4297277, -0.1057824, 0.5426138, -0.8965366, 0.4381388, -0.113457, 0.5438532, -0.9234703
 326346087, 0.4143991, -0.09714432, 0.5314024, -0.8564094, 0.4297277, -0.1057824, 0.5426138, -0.8965366
 326566036, 0.4002253, -0.08721599, 0.5242847, -0.8160544, 0.4143991, -0.09714432, 0.5314024, -0.8564094
 326746058, 0.3822025, -0.0799183, 0.5063173, -0.773662, 0.4002253, -0.08721599, 0.5242847, -0.8160544
 326946015, 0.3629949, -0.06709427, 0.4956167, -0.7200305, 0.3822025, -0.0799183, 0.5063173, -0.773662
 327146021, 0.3442992, -0.06607839, 0.4660064, -0.6870322, 0.3629949, -0.06709427, 0.4956167, -0.7200305
 327346083, 0.3322973, -0.07327656, 0.4338561, -0.6789961, 0.3442992, -0.06607839, 0.4660064, -0.6870322
 327546046, 0.3181345, -0.08059382, 0.3978875, -0.6675422, 0.3322973, -0.07327656, 0.4338561, -0.6789961
 327767678, 0.2943307, -0.07873864, 0.3611269, -0.6245867, 0.3181345, -0.08059382, 0.3978875, -0.6675422
 327967630, 0.2826171, -0.07645877, 0.345326, -0.6011597, 0.2943307, -0.07873864, 0.3611269, -0.6245867
 328146053, 0.2667856, -0.07470049, 0.3217552, -0.5717124, 0.2826171, -0.07645877, 0.345326, -0.6011597
 328346097, 0.255174, -0.05803202, 0.3302118, -0.5243583, 0.2667856, -0.07470049, 0.3217552, -0.5717124
 328567635, 0.2389213, -0.0459897, 0.3231516, -0.4769828, 0.255174, -0.05803202, 0.3302118, -0.5243583
 328767782, 0.2202183, -0.04287883, 0.2970363, -0.4404639, 0.2389213, -0.0459897, 0.3231516, -0.4769828
 328967638, 0.2031919, -0.04373377, 0.2670895, -0.4133927, 0.2202183, -0.04287883, 0.2970363, -0.4404639
 329167660, 0.1916179, -0.04696116, 0.2423029, -0.3994226, 0.2031919, -0.04373377, 0.2670895, -0.4133927
 329367692, 0.1746339, -0.04786155, 0.2123514, -0.372499, 0.1916179, -0.04696116, 0.2423029, -0.3994226
 329546050, 0.1583912, -0.04611891, 0.1880659, -0.3423899, 0.1746339, -0.04786155, 0.2123514, -0.372499
 329746074, 0.1443495, -0.03855536, 0.17721, -0.3062162, 0.1583912, -0.04611891, 0.1880659, -0.3423899
 329946062, 0.1318358, -0.03423117, 0.1634913, -0.278026, 0.1443495, -0.03855536, 0.17721, -0.3062162
 330146233, 0.1159853, -0.02972321, 0.1444917, -0.243942, 0.1318358, -0.03423117, 0.1634913, -0.278026
 330346080, 0.1021358, -0.02564706, 0.1281207, -0.213931, 0.1159853, -0.02972321, 0.1444917, -0.243942
 330567665, 0.08713344, -0.0219691, 0.1091521, -0.1826569, 0.1021358, -0.02564706, 0.1281207, -0.213931
 330746034, 0.07122358, -0.02211833, 0.08225696, -0.1562734, 0.08713344, -0.0219691, 0.1091521, -0.1826569
 330946055, 0.05330037, -0.01553236, 0.06326494, -0.1152396, 0.07122358, -0.02211833, 0.08225696, -0.1562734
 331167621, 0.04219258, -0.01210709, 0.05039601, -0.09090834, 0.05330037, -0.01553236, 0.06326494, -0.1152396
 331367677, 0.03134303, -0.008249008, 0.03868422, -0.06628451, 0.04219258, -0.01210709, 0.05039601, -0.09090834
 331567674, 0.01801647, -0.003422704, 0.02444522, -0.03589254, 0.03134303, -0.008249008, 0.03868422, -0.06628451
 331767855, 0.009405835, -0.00244014, 0.01167045, -0.01983298, 0.01801647, -0.003422704, 0.02444522, -0.03589254
 331967660, 0.006150844, -0.001946776, 0.007046285, -0.01355834, 0.009405835, -0.00244014, 0.01167045, -0.01983298
 332167652, 0.004997973, -0.002614765, 0.003997502, -0.01274808, 0.006150844, -0.001946776, 0.007046285, -0.01355834
 332367680, 0.004213667, -0.002654688, 0.002617478, -0.01150266, 0.004997973, -0.002614765, 0.003997502, -0.01274808
 332567634, 0.003913373, -0.002427046, 0.002496027, -0.01061891, 0.004213667, -0.002654688, 0.002617478, -0.01150266
 332746043, 0.004292579, -0.002652616, 0.002753072, -0.01163121, 0.003913373, -0.002427046, 0.002496027, -0.01061891
 332946044, 0.004353963, -0.002686486, 0.002799118, -0.01179065, 0.004292579, -0.002652616, 0.002753072, -0.01163121
 333146050, 0.004341445, -0.002672797, 0.002801087, -0.01174678, 0.004353963, -0.002686486, 0.002799118, -0.01179065
 333346064, 0.004110837, -0.002528833, 0.002656125, -0.01111978, 0.004341445, -0.002672797, 0.002801087, -0.01174678
 333546239, 0.004094873, -0.00251907, 0.00264575, -0.01107672, 0.004110837, -0.002528833, 0.002656125, -0.01111978
 333746072, 0.003982132, -0.002454198, 0.002565662, -0.01077943, 0.004094873, -0.00251907, 0.00264575, -0.01107672
 333967767, 0.003862076, -0.002382088, 0.002485458, -0.01045778, 0.003982132, -0.002454198, 0.002565662, -0.01077943
 334167633, 0.0039639, -0.002441858, 0.002555808, -0.01072825, 0.003862076, -0.002382088, 0.002485458, -0.01045778
 334346043, 0.003926771, -0.002413946, 0.002540403, -0.01061938, 0.0039639, -0.002441858, 0.002555808, -0.01072825
 334567617, 0.003850034, -0.002365265, 0.002493481, -0.01040945, 0.003926771, -0.002413946, 0.002540403, -0.01061938
 334767650, 0.003866111, -0.002373678, 0.002506302, -0.01045044, 0.003850034, -0.002365265, 0.002493481, -0.01040945
 334967600, 0.003894606, -0.002390618, 0.002525632, -0.01052649, 0.003866111, -0.002373678, 0.002506302, -0.01045044
 335167602, 0.003721883, -0.002284199, 0.00241474, -0.01005926, 0.003894606, -0.002390618, 0.002525632, -0.01052649
 335367778, 0.004065904, -0.002494892, 0.002637749, -0.01098775, 0.003721883, -0.002284199, 0.00241474, -0.01005926
 335567589, 0.003885909, -0.002384316, 0.002521627, -0.01050138, 0.004065904, -0.002494892, 0.002637749, -0.01098775
 335766599, 0.004181095, -0.002565525, 0.002712294, -0.01129879, 0.003885909, -0.002384316, 0.002521627, -0.01050138
 335966853, 0.0039116, -0.00240227, 0.002534563, -0.01057444, 0.004181095, -0.002565525, 0.002712294, -0.01129879
 336145915, 0.00403513, -0.002481374, 0.002608869, -0.01091362, 0.0039116, -0.00240227, 0.002534563, -0.01057444
 336366630, 0.003902851, -0.002404802, 0.002515675, -0.01056404, 0.00403513, -0.002481374, 0.002608869, -0.01091362
 336566575, 0.004067525, -0.002511592, 0.002612488, -0.01101844, 0.003902851, -0.002404802, 0.002515675, -0.01056404
 336766636, 0.003897273, -0.002411394, 0.002495292, -0.01056575, 0.004067525, -0.002511592, 0.002612488, -0.01101844
 336966591, 0.003835146, -0.002377584, 0.002447918, -0.01040518, 0.003897273, -0.002411394, 0.002495292, -0.01056575
 337166886, 0.004084688, -0.002537016, 0.002598638, -0.01108974, 0.003835146, -0.002377584, 0.002447918, -0.01040518
 337366618, 0.004041274, -0.002513629, 0.002565126, -0.01097793, 0.004084688, -0.002537016, 0.002598638, -0.01108974
 337545940, 0.00393363, -0.002451299, 0.002489316, -0.01069343, 0.004041274, -0.002513629, 0.002565126, -0.01097793
 337766614, 0.004101661, -0.002560731, 0.00258733, -0.01115787, 0.00393363, -0.002451299, 0.002489316, -0.01069343
 337966591, 0.004074235, -0.002548152, 0.002562483, -0.01109091, 0.004101661, -0.002560731, 0.00258733, -0.01115787
 338166705, 0.004041683, -0.002532012, 0.002535018, -0.01100942, 0.004074235, -0.002548152, 0.002562483, -0.01109091
 338366623, 0.004079439, -0.002559764, 0.002551744, -0.01111907, 0.004041683, -0.002532012, 0.002535018, -0.01100942
 338566590, 0.003845887, -0.002415863, 0.002401777, -0.01048728, 0.004079439, -0.002559764, 0.002551744, -0.01111907
 338745946, 0.00413416, -0.002600286, 0.002575488, -0.01127851, 0.003845887, -0.002415863, 0.002401777, -0.01048728
 338966748, 0.003948445, -0.002486655, 0.002454894, -0.01077745, 0.00413416, -0.002600286, 0.002575488, -0.01127851
 339166595, 0.004167129, -0.002627664, 0.002584826, -0.01137953, 0.003948445, -0.002486655, 0.002454894, -0.01077745
 339366612, 0.003887662, -0.002451466, 0.002412075, -0.01061681, 0.004167129, -0.002627664, 0.002584826, -0.01137953
 339545898, 0.004054644, -0.00255598, 0.002516569, -0.01107125, 0.003887662, -0.002451466, 0.002412075, -0.01061681
 339745903, 0.004133976, -0.002605453, 0.002566525, -0.01128685, 0.004054644, -0.00255598, 0.002516569, -0.01107125
 339945913, 0.004046315, -0.002550999, 0.002510968, -0.01104897, 0.004133976, -0.002605453, 0.002566525, -0.01128685
 340166584, 0.00378676, -0.002389188, 0.002347471, -0.01034368, 0.004046315, -0.002550999, 0.002510968, -0.01104897
 340366609, 0.004188556, -0.002644862, 0.002591896, -0.01144419, 0.00378676, -0.002389188, 0.002347471, -0.01034368
 340567031, 0.004018007, -0.002539182, 0.002483369, -0.01098182, 0.004188556, -0.002644862, 0.002591896, -0.01144419
 340767249, 0.003844145, -0.002431337, 0.002372937, -0.01051029, 0.004018007, -0.002539182, 0.002483369, -0.01098182
 340966604, 0.004011623, -0.002538683, 0.002473514, -0.0109703, 0.003844145, -0.002431337, 0.002372937, -0.01051029
 341166604, 0.004010852, -0.002540204, 0.002469677, -0.01097156, 0.004011623, -0.002538683, 0.002473514, -0.0109703
 341345949, 0.003847386, -0.002438396, 0.002366539, -0.01052754, 0.004010852, -0.002540204, 0.002469677, -0.01097156
 341566569, 0.003936981, -0.002496687, 0.002418895, -0.01077508, 0.003847386, -0.002438396, 0.002366539, -0.01052754
 341766621, 0.00397539, -0.002522536, 0.002439899, -0.01088263, 0.003936981, -0.002496687, 0.002418895, -0.01077508
 341966601, 0.003877316, -0.002461878, 0.002377311, -0.01061695, 0.00397539, -0.002522536, 0.002439899, -0.01088263
 342145896, 0.003820591, -0.002427208, 0.002340421, -0.01046397, 0.003877316, -0.002461878, 0.002377311, -0.01061695
 342366753, 0.003892751, -0.002475351, 0.002380583, -0.01066534, 0.003820591, -0.002427208, 0.002340421, -0.01046397
 342585925, 0.00407116, -0.002590725, 0.002486021, -0.01115709, 0.003892751, -0.002475351, 0.002380583, -0.01066534
 342766599, 0.003921399, -0.002496654, 0.00239286, -0.01074895, 0.00407116, -0.002590725, 0.002486021, -0.01115709
 342966588, 0.004013864, -0.00255717, 0.002446302, -0.01100502, 0.003921399, -0.002496654, 0.00239286, -0.01074895
 343166604, 0.003781141, -0.002410754, 0.002301937, -0.01037041, 0.004013864, -0.00255717, 0.002446302, -0.01100502
 343366615, 0.003787888, -0.002416976, 0.002302809, -0.01039212, 0.003781141, -0.002410754, 0.002301937, -0.01037041
 343567038, 0.00385751, -0.002463022, 0.002342236, -0.01058573, 0.003787888, -0.002416976, 0.002302809, -0.01039212
 343766617, 0.003934712, -0.002513464, 0.002386991, -0.01079938, 0.00385751, -0.002463022, 0.002342236, -0.01058573
 343945934, 0.003705769, -0.002368872, 0.002245912, -0.01017416, 0.003934712, -0.002513464, 0.002386991, -0.01079938
 344166598, 0.003758995, -0.002404542, 0.002275266, -0.01032296, 0.003705769, -0.002368872, 0.002245912, -0.01017416
 344366772, 0.003779913, -0.002419743, 0.002284823, -0.01038342, 0.003758995, -0.002404542, 0.002275266, -0.01032296
 344566604, 0.004171633, -0.002672749, 0.00251685, -0.01146259, 0.003779913, -0.002419743, 0.002284823, -0.01038342
 344745898, 0.003952554, -0.002533655, 0.002383042, -0.01086306, 0.004171633, -0.002672749, 0.00251685, -0.01146259
 344945896, 0.003817987, -0.002448823, 0.002299849, -0.01049583, 0.003952554, -0.002533655, 0.002383042, -0.01086306
 345145947, 0.003791294, -0.002433538, 0.002280767, -0.01042556, 0.003817987, -0.002448823, 0.002299849, -0.01049583
 345366616, 0.003783993, -0.002431097, 0.002272633, -0.01040926, 0.003791294, -0.002433538, 0.002280767, -0.01042556
 345545916, 0.004104546, -0.002639065, 0.002460948, -0.01129392, 0.003783993, -0.002431097, 0.002272633, -0.01040926
 345766632, 0.004115306, -0.00264753, 0.002464783, -0.01132611, 0.004104546, -0.002639065, 0.002460948, -0.01129392
 345966607, 0.004025982, -0.002591763, 0.002408642, -0.01108325, 0.004115306, -0.00264753, 0.002464783, -0.01132611
 346166737, 0.00404468, -0.00260551, 0.002416921, -0.01113756, 0.004025982, -0.002591763, 0.002408642, -0.01108325
 346366645, 0.003840133, -0.002475761, 0.002291802, -0.010578, 0.00404468, -0.00260551, 0.002416921, -0.01113756
 346545926, 0.003797001, -0.002449367, 0.002263804, -0.01046163, 0.003840133, -0.002475761, 0.002291802, -0.010578
 346766646, 0.00407467, -0.002630196, 0.002425782, -0.01122908, 0.003797001, -0.002449367, 0.002263804, -0.01046163
 346966587, 0.003938219, -0.002543823, 0.002342006, -0.01085611, 0.00407467, -0.002630196, 0.002425782, -0.01122908
 347166596, 0.004073706, -0.002633404, 0.002418795, -0.01123285, 0.003938219, -0.002543823, 0.002342006, -0.01085611
 347366625, 0.003943145, -0.002550742, 0.002338666, -0.01087594, 0.004073706, -0.002633404, 0.002418795, -0.01123285
 347545938, 0.003834758, -0.002481835, 0.002272626, -0.01057919, 0.003943145, -0.002550742, 0.002338666, -0.01087594
 347745928, 0.003785428, -0.00245172, 0.002240486, -0.01044621, 0.003834758, -0.002481835, 0.002272626, -0.01057919
 347945936, 0.004027433, -0.002610419, 0.002379821, -0.01111693, 0.003785428, -0.00245172, 0.002240486, -0.01044621
 348145959, 0.004082846, -0.002648593, 0.002408654, -0.01127358, 0.004027433, -0.002610419, 0.002379821, -0.01111693
 348345916, 0.003832988, -0.002488696, 0.00225817, -0.01058772, 0.004082846, -0.002648593, 0.002408654, -0.01127358
 348585917, 0.003900813, -0.00253534, 0.00229359, -0.01077932, 0.003832988, -0.002488696, 0.00225817, -0.01058772
 348766620, 0.003726942, -0.002423692, 0.002189521, -0.01030142, 0.003900813, -0.00253534, 0.00229359, -0.01077932
 348966585, 0.003887367, -0.002530089, 0.002279872, -0.01074803, 0.003726942, -0.002423692, 0.002189521, -0.01030142
 349145896, 0.003810049, -0.00248139, 0.002232004, -0.01053711, 0.003887367, -0.002530089, 0.002279872, -0.01074803
 349366601, 0.003772184, -0.002459449, 0.002205364, -0.01043701, 0.003810049, -0.00248139, 0.002232004, -0.01053711
 349566609, 0.004103955, -0.002677595, 0.002395418, -0.01135748, 0.003772184, -0.002459449, 0.002205364, -0.01043701
 349766880, 0.003862115, -0.002521765, 0.002251538, -0.01069184, 0.004103955, -0.002677595, 0.002395418, -0.01135748
 349966633, 0.004044184, -0.002642528, 0.002354083, -0.01119874, 0.003862115, -0.002521765, 0.002251538, -0.01069184
 350165932, 0.00376933, -0.002464853, 0.002191534, -0.01044129, 0.004044184, -0.002642528, 0.002354083, -0.01119874
 350345998, 0.003842582, -0.002515083, 0.002230028, -0.01064797, 0.00376933, -0.002464853, 0.002191534, -0.01044129
 350565938, 0.003715879, -0.00243408, 0.002153595, -0.01030032, 0.003842582, -0.002515083, 0.002230028, -0.01064797
