TimeUS,gpSA,gpHA,gpVA
 140956331, 0.381, 1.588, 2.026
 141156333, 0.33, 1.585, 2.024
 141356311, 0.393, 1.583, 2.023
 141556332, 0.392, 1.581, 2.022
 141756317, 0.357, 1.579, 2.021
 141956375, 0.336, 1.577, 2.02
 142156432, 0.404, 1.576, 2.019
 142356303, 0.409, 1.575, 2.018
 142556327, 0.388, 1.574, 2.018
 142756292, 0.415, 1.574, 2.02
 142956334, 0.399, 1.573, 2.02
 143156308, 0.353, 1.572, 2.019
 143356314, 0.399, 1.571, 2.019
 143556592, 0.286, 1.57, 2.018
 143756328, 0.403, 1.568, 2.017
 143956485, 0.391, 1.567, 2.016
 144156310, 0.402, 1.566, 2.018
 144356319, 0.399, 1.565, 2.019
 144556350, 0.363, 1.564, 2.017
 144775858, 0.399, 1.563, 2.017
 144956344, 0.372, 1.562, 2.016
 145156341, 0.388, 1.56, 2.015
 145356317, 0.389, 1.559, 2.014
 145556387, 0.334, 1.557, 2.013
 145756507, 0.395, 1.556, 2.012
 145956353, 0.346, 1.554, 2.011
 146156321, 0.374, 1.552, 2.01
 146335872, 0.384, 1.551, 2.009
 146556344, 0.367, 1.55, 2.008
 146756334, 0.286, 1.548, 2.008
 146956343, 0.323, 1.547, 2.007
 147156367, 0.312, 1.546, 2.006
 147356366, 0.307, 1.546, 2.006
 147556538, 0.378, 1.544, 2.005
 147756647, 0.367, 1.543, 2.004
 147956382, 0.383, 1.542, 2.004
 148156346, 0.393, 1.542, 2.003
 148356419, 0.315, 1.542, 2.006
 148556347, 0.382, 1.542, 2.006
 148756366, 0.402, 1.543, 2.009
 148935929, 0.326, 1.542, 2.011
 149156343, 0.333, 1.541, 2.014
 149356472, 0.359, 1.541, 2.019
 149556359, 0.353, 1.54, 2.023
 149756331, 0.389, 1.539, 2.028
 149956375, 0.409, 1.541, 2.036
 150156342, 0.382, 1.54, 2.04
 150356332, 0.462, 1.543, 2.05
 150556359, 0.417, 1.544, 2.055
 150756343, 0.344, 1.541, 2.06
 150956361, 0.4, 1.54, 2.064
 151156466, 0.407, 1.54, 2.068
 151356351, 0.335, 1.537, 2.064
 151535941, 0.348, 1.534, 2.069
 151756338, 0.388, 1.531, 2.075
 151956680, 0.325, 1.528, 2.078
 152175933, 0.273, 1.519, 2.072
 152356333, 0.291, 1.512, 2.07
 152556452, 0.243, 1.503, 2.066
 152756335, 0.308, 1.493, 2.068
 152956489, 0.27, 1.484, 2.064
 153156374, 0.304, 1.478, 2.064
 153356332, 0.379, 1.475, 2.067
 153556346, 0.282, 1.469, 2.066
 153756459, 0.32, 1.463, 2.065
 153956429, 0.317, 1.457, 2.065
 154136069, 0.337, 1.453, 2.065
 154356482, 0.29, 1.448, 2.064
 154556443, 0.297, 1.442, 2.062
 154756585, 0.391, 1.44, 2.064
 154956490, 0.335, 1.438, 2.065
 155156451, 0.341, 1.434, 2.065
 155356447, 0.474, 1.436, 2.073
 155556514, 0.357, 1.436, 2.075
 155756420, 0.367, 1.436, 2.077
 155956474, 0.363, 1.435, 2.077
 156156774, 0.362, 1.432, 2.077
 156356415, 0.491, 1.433, 2.084
 156556614, 0.413, 1.435, 2.091
 156756832, 0.406, 1.436, 2.098
 156957183, 0.439, 1.437, 2.105
 157157290, 0.458, 1.44, 2.114
 157357203, 0.367, 1.439, 2.113
 157557310, 0.4, 1.437, 2.115
 157757146, 0.457, 1.438, 2.123
 157957175, 0.498, 1.442, 2.132
 158157156, 0.461, 1.444, 2.139
 158357374, 0.441, 1.446, 2.144
 158557562, 0.459, 1.445, 2.149
 158757543, 0.449, 1.447, 2.158
 158957567, 0.396, 1.451, 2.167
 159157549, 0.396, 1.453, 2.174
 159337541, 0.411, 1.455, 2.181
 159557562, 0.374, 1.457, 2.187
 159757547, 0.392, 1.459, 2.192
 159957918, 0.384, 1.46, 2.198
 160138595, 0.473, 1.462, 2.204
 160358747, 0.415, 1.463, 2.211
 160558598, 0.389, 1.465, 2.216
 160758589, 0.345, 1.466, 2.22
 160958607, 0.406, 1.465, 2.221
 161158586, 0.385, 1.461, 2.218
 161358594, 0.312, 1.459, 2.219
 161558609, 0.362, 1.457, 2.22
 161758594, 0.333, 1.455, 2.223
 161958746, 0.316, 1.453, 2.223
 162158917, 0.305, 1.45, 2.222
 162358906, 0.271, 1.447, 2.221
 162558937, 0.259, 1.444, 2.22
 162758910, 0.34, 1.442, 2.221
 162958939, 0.266, 1.441, 2.22
 163159316, 0.339, 1.439, 2.22
 163359638, 0.302, 1.437, 2.22
 163562777, 0.241, 1.427, 2.213
 163762150, 0.266, 1.419, 2.206
 163942146, 0.256, 1.412, 2.198
 164142650, 0.236, 1.406, 2.189
 164542518, 0.207, 1.39, 2.163
 164762582, 0.26, 1.383, 2.154
 164962901, 0.285, 1.377, 2.146
 165162902, 0.279, 1.371, 2.14
 165362899, 0.335, 1.367, 2.136
 165562900, 0.399, 1.365, 2.136
 165765724, 0.33, 1.363, 2.137
 165945744, 0.35, 1.364, 2.14
 166145865, 0.395, 1.365, 2.144
 166346254, 0.396, 1.368, 2.149
 166546466, 0.302, 1.366, 2.147
 166766650, 0.422, 1.367, 2.152
 166946478, 0.315, 1.365, 2.146
 167146496, 0.395, 1.364, 2.149
 167346470, 0.294, 1.361, 2.142
 167546502, 0.265, 1.356, 2.134
 167746487, 0.32, 1.354, 2.132
 167946637, 0.354, 1.353, 2.131
 168146473, 0.329, 1.351, 2.129
 168346451, 0.367, 1.351, 2.127
 168546494, 0.344, 1.351, 2.128
 168746471, 0.387, 1.354, 2.135
 168966774, 0.312, 1.355, 2.132
 169166744, 0.312, 1.352, 2.127
 169346465, 0.324, 1.35, 2.127
 169546905, 0.283, 1.347, 2.126
 169747078, 0.343, 1.346, 2.127
 169947162, 0.318, 1.345, 2.129
 170149950, 0.293, 1.343, 2.13
 170350394, 0.33, 1.341, 2.13
 170550897, 0.282, 1.339, 2.129
 170750873, 0.344, 1.337, 2.13
 170950903, 0.344, 1.337, 2.131
 171150867, 0.333, 1.337, 2.133
 171350849, 0.44, 1.34, 2.14
 171550832, 0.28, 1.34, 2.142
 171751043, 0.304, 1.339, 2.144
 171951159, 0.302, 1.339, 2.146
 172151142, 0.374, 1.339, 2.148
 172351116, 0.38, 1.339, 2.152
 172551555, 0.412, 1.339, 2.155
 172751563, 0.336, 1.34, 2.159
 172951579, 0.346, 1.341, 2.162
 173151556, 0.353, 1.342, 2.166
 173351547, 0.39, 1.345, 2.17
 173551718, 0.359, 1.347, 2.174
 173752164, 0.382, 1.35, 2.18
 173971960, 0.372, 1.352, 2.186
 174151959, 0.398, 1.354, 2.191
 174351921, 0.367, 1.356, 2.196
 174556951, 0.343, 1.356, 2.2
 174756922, 0.347, 1.356, 2.202
 174956961, 0.36, 1.357, 2.206
 175157344, 0.319, 1.357, 2.208
 175357334, 0.348, 1.357, 2.21
 175557361, 0.304, 1.355, 2.206
 175757919, 0.333, 1.354, 2.208
 175957908, 0.369, 1.354, 2.209
 176157769, 0.372, 1.354, 2.213
 176357739, 0.356, 1.355, 2.218
 176558094, 0.404, 1.355, 2.223
 176738501, 0.366, 1.357, 2.228
 176959046, 0.371, 1.358, 2.232
 177158961, 0.297, 1.356, 2.225
 177361762, 0.314, 1.354, 2.22
 177541780, 0.314, 1.353, 2.217
 177741763, 0.368, 1.352, 2.215
 177962130, 0.241, 1.347, 2.197
 178162129, 0.281, 1.342, 2.188
 178362143, 0.282, 1.339, 2.184
 178562146, 0.269, 1.335, 2.182
 178762141, 0.344, 1.333, 2.182
 178962135, 0.256, 1.328, 2.176
 179162301, 0.324, 1.326, 2.177
 179362114, 0.3, 1.325, 2.178
 179562360, 0.295, 1.324, 2.174
 179742352, 0.301, 1.322, 2.171
 179942608, 0.265, 1.318, 2.162
 180142499, 0.252, 1.313, 2.154
 180362531, 0.325, 1.312, 2.153
 180562531, 0.392, 1.312, 2.151
 180762519, 0.361, 1.312, 2.153
 180962957, 0.358, 1.312, 2.149
 181162922, 0.344, 1.311, 2.148
 181363129, 0.266, 1.308, 2.14
 181562952, 0.309, 1.307, 2.138
 181762912, 0.397, 1.309, 2.145
 181963524, 0.402, 1.313, 2.152
 182143482, 0.347, 1.315, 2.157
 182363506, 0.355, 1.317, 2.163
 182563527, 0.382, 1.32, 2.17
 182743517, 0.306, 1.32, 2.169
 182964336, 0.318, 1.317, 2.165
 183166326, 0.272, 1.314, 2.159
 183366424, 0.334, 1.313, 2.159
 183566349, 0.309, 1.313, 2.16
 183766328, 0.34, 1.314, 2.162
 183966348, 0.335, 1.314, 2.165
 184146327, 0.365, 1.315, 2.167
 184346319, 0.368, 1.316, 2.17
 184546348, 0.343, 1.317, 2.171
 184766321, 0.367, 1.319, 2.174
 184946338, 0.372, 1.321, 2.176
 185146328, 0.359, 1.323, 2.179
 185347343, 0.38, 1.325, 2.182
 185567149, 0.365, 1.327, 2.184
 185767142, 0.379, 1.329, 2.186
 185967124, 0.38, 1.331, 2.19
 186167131, 0.427, 1.333, 2.194
 186367130, 0.39, 1.335, 2.199
 186567302, 0.351, 1.336, 2.2
 186767129, 0.335, 1.337, 2.202
 186967368, 0.317, 1.337, 2.204
 187167107, 0.336, 1.337, 2.205
 187347567, 0.368, 1.337, 2.207
 187550473, 0.357, 1.337, 2.209
 187750428, 0.35, 1.338, 2.211
 187950504, 0.345, 1.338, 2.211
 188150423, 0.332, 1.339, 2.211
 188350492, 0.402, 1.339, 2.211
 188570522, 0.364, 1.339, 2.21
 188770498, 0.4, 1.34, 2.21
 188970646, 0.329, 1.34, 2.209
 189170478, 0.322, 1.34, 2.208
 189371312, 0.331, 1.339, 2.208
 189550900, 0.316, 1.339, 2.209
 189771531, 0.337, 1.339, 2.211
 189971200, 0.398, 1.339, 2.212
 190151114, 0.369, 1.339, 2.213
 190351532, 0.351, 1.338, 2.214
 190551931, 0.317, 1.338, 2.213
 190751922, 0.503, 1.342, 2.221
 190951977, 0.3, 1.345, 2.223
 191151917, 0.304, 1.342, 2.221
 191351913, 0.309, 1.341, 2.219
 191551937, 0.259, 1.336, 2.207
 191751910, 0.338, 1.335, 2.204
 191951933, 0.32, 1.335, 2.201
 192151902, 0.356, 1.336, 2.201
 192371941, 0.363, 1.337, 2.204
 192555615, 0.335, 1.337, 2.204
 192755377, 0.359, 1.338, 2.206
 192955534, 0.316, 1.338, 2.206
 193155353, 0.291, 1.337, 2.204
 193355394, 0.33, 1.337, 2.204
 193555326, 0.351, 1.338, 2.206
 193755300, 0.376, 1.34, 2.209
 193955319, 0.345, 1.342, 2.211
 194155901, 0.326, 1.343, 2.211
 194355886, 0.326, 1.344, 2.213
 194555921, 0.344, 1.345, 2.214
 194756105, 0.338, 1.346, 2.216
 194976393, 0.241, 1.341, 2.202
 195155886, 0.271, 1.335, 2.191
 195355884, 0.274, 1.331, 2.184
 195555910, 0.297, 1.328, 2.176
 195756291, 0.355, 1.325, 2.17
 195956650, 0.295, 1.322, 2.165
 196156668, 0.308, 1.32, 2.162
 196356641, 0.331, 1.32, 2.161
 196557135, 0.338, 1.32, 2.161
 196757124, 0.385, 1.322, 2.166
 196956914, 0.334, 1.324, 2.169
 197156901, 0.403, 1.323, 2.171
 197356900, 0.343, 1.323, 2.175
 197556928, 0.25, 1.32, 2.169
 197756904, 0.28, 1.316, 2.163
 197957296, 0.373, 1.315, 2.161
 198160172, 0.381, 1.313, 2.162
 198360263, 0.387, 1.312, 2.163
 198560380, 0.382, 1.31, 2.164
 198760287, 0.376, 1.31, 2.166
 198960191, 0.37, 1.311, 2.168
 199160110, 0.327, 1.312, 2.17
 199360124, 0.313, 1.312, 2.172
 199560209, 0.338, 1.312, 2.174
 199740131, 0.384, 1.313, 2.177
 199960758, 0.293, 1.312, 2.175
 200160591, 0.329, 1.31, 2.172
 200360724, 0.404, 1.309, 2.172
 200560597, 0.287, 1.306, 2.169
 200760588, 0.312, 1.305, 2.17
 200940608, 0.367, 1.306, 2.174
 201160577, 0.307, 1.308, 2.177
 201360583, 0.437, 1.312, 2.185
 201560597, 0.318, 1.316, 2.187
 201760578, 0.421, 1.319, 2.194
 201960609, 0.316, 1.319, 2.192
 202160725, 0.256, 1.316, 2.181
 202360578, 0.37, 1.316, 2.182
 202560583, 0.358, 1.317, 2.183
 202760583, 0.353, 1.318, 2.183
 202960584, 0.353, 1.32, 2.184
 203160703, 0.36, 1.321, 2.185
 203360581, 0.351, 1.322, 2.187
 203540588, 0.336, 1.324, 2.189
 203760570, 0.241, 1.322, 2.181
 203960748, 0.42, 1.32, 2.181
 204160708, 0.325, 1.321, 2.182
 204360575, 0.343, 1.321, 2.183
 204560597, 0.322, 1.32, 2.181
 204760585, 0.366, 1.321, 2.184
 204960596, 0.344, 1.323, 2.186
 205160588, 0.257, 1.319, 2.177
 205360575, 0.412, 1.317, 2.178
 205560602, 0.266, 1.316, 2.174
 205760747, 0.374, 1.317, 2.177
 205960617, 0.252, 1.315, 2.17
 206140583, 0.26, 1.311, 2.165
 206360577, 0.266, 1.308, 2.158
 206560596, 0.242, 1.305, 2.151
 206760581, 0.249, 1.301, 2.144
 206960595, 0.262, 1.298, 2.139
 207160585, 0.264, 1.295, 2.134
 207360719, 0.273, 1.293, 2.129
 207560743, 0.265, 1.289, 2.122
 207760585, 0.328, 1.286, 2.116
 207960611, 0.331, 1.285, 2.113
 208160580, 0.341, 1.284, 2.111
 208360716, 0.36, 1.284, 2.113
 208560597, 0.281, 1.281, 2.108
 208760583, 0.407, 1.279, 2.108
 208940604, 0.366, 1.278, 2.108
 209140568, 0.366, 1.279, 2.112
 209340606, 0.321, 1.28, 2.113
 209560593, 0.304, 1.28, 2.113
 209740577, 0.323, 1.28, 2.115
 209960603, 0.305, 1.28, 2.117
 210160579, 0.304, 1.28, 2.118
 210360586, 0.288, 1.28, 2.12
 210560602, 0.327, 1.279, 2.122
 210760580, 0.293, 1.28, 2.125
 210960609, 0.319, 1.281, 2.128
 211160731, 0.343, 1.282, 2.131
 211340720, 0.366, 1.285, 2.135
 211560728, 0.333, 1.288, 2.141
 211760586, 0.337, 1.291, 2.147
 211960599, 0.307, 1.292, 2.147
 212140708, 0.387, 1.293, 2.152
 212360619, 0.406, 1.296, 2.155
 212561133, 0.339, 1.299, 2.159
 212760939, 0.356, 1.3, 2.162
 212961166, 0.355, 1.301, 2.164
 213161180, 0.339, 1.302, 2.165
 213361158, 0.373, 1.303, 2.167
 213561190, 0.319, 1.305, 2.168
 213761175, 0.385, 1.306, 2.169
 213961192, 0.386, 1.308, 2.17
 214161171, 0.378, 1.309, 2.171
 214361182, 0.37, 1.311, 2.173
 214561196, 0.361, 1.313, 2.174
 214761391, 0.399, 1.315, 2.177
 214961196, 0.362, 1.316, 2.178
 215161176, 0.355, 1.318, 2.18
 215341713, 0.3, 1.317, 2.176
 215561184, 0.296, 1.315, 2.171
 215761374, 0.308, 1.314, 2.167
 215961176, 0.308, 1.312, 2.162
 216161176, 0.28, 1.31, 2.155
 216361189, 0.309, 1.308, 2.151
 216561405, 0.241, 1.304, 2.14
 216761384, 0.299, 1.301, 2.137
 216961308, 0.29, 1.299, 2.132
 217161182, 0.274, 1.296, 2.126
 217341577, 0.287, 1.293, 2.122
 217541559, 0.273, 1.29, 2.117
 217761295, 0.294, 1.288, 2.112
 217961184, 0.28, 1.286, 2.108
 218161180, 0.335, 1.285, 2.111
 218361415, 0.324, 1.286, 2.114
 218561192, 0.222, 1.283, 2.11
 218761180, 0.288, 1.28, 2.109
 218961194, 0.296, 1.279, 2.108
 219141557, 0.284, 1.277, 2.105
 219361177, 0.285, 1.275, 2.102
 219561196, 0.277, 1.272, 2.099
 219761187, 0.371, 1.273, 2.103
 219961403, 0.33, 1.274, 2.106
 220161403, 0.323, 1.274, 2.109
 220361190, 0.324, 1.274, 2.114
 220561175, 0.314, 1.274, 2.117
 220761165, 0.329, 1.275, 2.121
 220941558, 0.32, 1.275, 2.125
 221161178, 0.341, 1.276, 2.13
 221361164, 0.357, 1.277, 2.135
 221561198, 0.322, 1.278, 2.135
 221761188, 0.329, 1.278, 2.137
 221961428, 0.292, 1.279, 2.139
 222161177, 0.274, 1.277, 2.137
 222361172, 0.296, 1.277, 2.138
 222561186, 0.272, 1.276, 2.138
 222761174, 0.357, 1.275, 2.14
 222961198, 0.274, 1.274, 2.142
 223161166, 0.231, 1.272, 2.142
 223361180, 0.265, 1.269, 2.142
 223561192, 0.307, 1.267, 2.143
 223761398, 0.277, 1.265, 2.144
 223961186, 0.32, 1.264, 2.146
 224161391, 0.315, 1.263, 2.148
 224341532, 0.32, 1.262, 2.15
 224561200, 0.32, 1.262, 2.151
 224761177, 0.323, 1.261, 2.151
 224961287, 0.324, 1.261, 2.151
 225161389, 0.312, 1.261, 2.15
 225361166, 0.378, 1.263, 2.153
 225561411, 0.291, 1.263, 2.15
 225761181, 0.295, 1.261, 2.15
 225961175, 0.291, 1.26, 2.151
 226161182, 0.288, 1.26, 2.151
 226361172, 0.317, 1.26, 2.151
 226561183, 0.328, 1.262, 2.153
 226761177, 0.349, 1.263, 2.155
 226941561, 0.326, 1.264, 2.156
 227161199, 0.285, 1.263, 2.153
 227361389, 0.316, 1.262, 2.152
 227561182, 0.313, 1.262, 2.15
 227761165, 0.325, 1.261, 2.15
 227961184, 0.314, 1.261, 2.148
 228161167, 0.287, 1.259, 2.144
 228361380, 0.325, 1.259, 2.147
 228561189, 0.337, 1.261, 2.147
 228761176, 0.377, 1.264, 2.15
 228961190, 0.381, 1.268, 2.155
 229161394, 0.276, 1.268, 2.146
 229361379, 0.295, 1.266, 2.143
 229541610, 0.168, 1.26, 2.123
 229761170, 0.33, 1.259, 2.123
 229961287, 0.241, 1.257, 2.116
 230141579, 0.202, 1.253, 2.108
 230341549, 0.258, 1.25, 2.101
 230541550, 0.224, 1.247, 2.093
 230761180, 0.252, 1.244, 2.087
 230961411, 0.205, 1.242, 2.076
 231161168, 0.291, 1.241, 2.073
 231361171, 0.3, 1.241, 2.071
 231561184, 0.326, 1.24, 2.072
 231761172, 0.371, 1.242, 2.075
 231961192, 0.409, 1.246, 2.079
 232141657, 0.38, 1.25, 2.082
 232361169, 0.447, 1.254, 2.089
 232561434, 0.279, 1.256, 2.088
 232761394, 0.466, 1.259, 2.098
 232961184, 0.177, 1.257, 2.078
 233161174, 0.228, 1.251, 2.062
 233361172, 0.272, 1.248, 2.056
 233541597, 0.329, 1.247, 2.055
 233761160, 0.342, 1.249, 2.056
 233981400, 0.325, 1.251, 2.057
 234161181, 0.363, 1.253, 2.059
 234361177, 0.362, 1.257, 2.063
 234561449, 0.347, 1.26, 2.066
 234761174, 0.344, 1.263, 2.07
 234961194, 0.351, 1.265, 2.073
 235161183, 0.314, 1.265, 2.072
 235361178, 0.321, 1.265, 2.076
 235561188, 0.295, 1.266, 2.077
 235761165, 0.373, 1.268, 2.082
 235961199, 0.294, 1.268, 2.08
 236161178, 0.276, 1.268, 2.078
 236341693, 0.396, 1.269, 2.081
 236541696, 0.254, 1.271, 2.08
 236741542, 0.352, 1.272, 2.085
 236961183, 0.286, 1.274, 2.088
 237161181, 0.305, 1.274, 2.091
 237341667, 0.286, 1.274, 2.094
 237561283, 0.29, 1.274, 2.097
 237761379, 0.369, 1.275, 2.102
 237961196, 0.333, 1.277, 2.104
 238161392, 0.287, 1.276, 2.107
 238361181, 0.296, 1.276, 2.111
 238561197, 0.26, 1.275, 2.108
 238761190, 0.315, 1.275, 2.109
 238961197, 0.28, 1.275, 2.106
 239161193, 0.237, 1.272, 2.096
 239361171, 0.212, 1.267, 2.089
 239561181, 0.204, 1.26, 2.08
 239761179, 0.245, 1.256, 2.077
 239941615, 0.223, 1.254, 2.074
 240161176, 0.314, 1.253, 2.075
 240361151, 0.287, 1.254, 2.077
 240561196, 0.295, 1.254, 2.077
 240761162, 0.354, 1.255, 2.082
 240961391, 0.336, 1.256, 2.087
 241161146, 0.292, 1.257, 2.091
 241361178, 0.3, 1.258, 2.096
 241561189, 0.279, 1.258, 2.099
 241761392, 0.299, 1.258, 2.103
 241961402, 0.32, 1.259, 2.107
 242161187, 0.318, 1.261, 2.111
 242361175, 0.322, 1.263, 2.113
 242561180, 0.345, 1.263, 2.117
 242761182, 0.322, 1.264, 2.119
 242961204, 0.396, 1.265, 2.124
 243161175, 0.338, 1.267, 2.129
 243361184, 0.397, 1.269, 2.134
 243561414, 0.364, 1.269, 2.137
 243761177, 0.355, 1.271, 2.142
 243961206, 0.353, 1.272, 2.145
 244161184, 0.378, 1.274, 2.148
 244361184, 0.339, 1.275, 2.144
 244561205, 0.346, 1.276, 2.143
 244761171, 0.345, 1.277, 2.145
 244961184, 0.315, 1.279, 2.147
 245161384, 0.325, 1.279, 2.15
 245361423, 0.355, 1.281, 2.153
 245561193, 0.34, 1.283, 2.156
 245761192, 0.335, 1.284, 2.16
 245961198, 0.308, 1.285, 2.16
 246161388, 0.325, 1.286, 2.161
 246361169, 0.322, 1.287, 2.161
 246561186, 0.257, 1.286, 2.152
 246761177, 0.32, 1.285, 2.151
 246961197, 0.249, 1.283, 2.142
 247161392, 0.333, 1.282, 2.143
 247341670, 0.357, 1.283, 2.147
 247541558, 0.358, 1.284, 2.149
 247741581, 0.373, 1.287, 2.154
 247941588, 0.344, 1.289, 2.156
 248141529, 0.266, 1.287, 2.153
 248361174, 0.297, 1.285, 2.151
 248561186, 0.327, 1.285, 2.152
 248761186, 0.237, 1.282, 2.145
 248961412, 0.283, 1.279, 2.136
 249161188, 0.284, 1.278, 2.132
 249361380, 0.366, 1.279, 2.135
 249561289, 0.424, 1.282, 2.139
 249761178, 0.374, 1.285, 2.144
 249961289, 0.387, 1.287, 2.151
 250161180, 0.375, 1.29, 2.157
 250341547, 0.228, 1.287, 2.144
 250561197, 0.331, 1.285, 2.145
 250761395, 0.324, 1.285, 2.146
 250961192, 0.299, 1.285, 2.144
 251161155, 0.321, 1.285, 2.142
 251341538, 0.394, 1.287, 2.147
 251561191, 0.265, 1.287, 2.139
 251761179, 0.28, 1.285, 2.139
 251961199, 0.282, 1.282, 2.139
 252161169, 0.285, 1.279, 2.14
 252361175, 0.296, 1.276, 2.134
 252561414, 0.297, 1.274, 2.128
 252761184, 0.346, 1.273, 2.127
 252941551, 0.325, 1.272, 2.125
 253161177, 0.372, 1.274, 2.127
 253361175, 0.363, 1.275, 2.128
 253561396, 0.346, 1.277, 2.13
 253761147, 0.322, 1.277, 2.129
 253961187, 0.313, 1.277, 2.128
 254161178, 0.336, 1.277, 2.127
 254361387, 0.373, 1.278, 2.129
 254561403, 0.353, 1.279, 2.132
 254761162, 0.347, 1.281, 2.137
 254961181, 0.331, 1.282, 2.141
 255161180, 0.337, 1.284, 2.145
 255361195, 0.239, 1.282, 2.14
 255561196, 0.24, 1.279, 2.132
 255761189, 0.332, 1.278, 2.134
 255961200, 0.25, 1.277, 2.13
 256161404, 0.28, 1.275, 2.13
 256361178, 0.309, 1.275, 2.132
 256541564, 0.276, 1.274, 2.133
 256761181, 0.288, 1.273, 2.135
 256941576, 0.292, 1.272, 2.134
 257141595, 0.259, 1.271, 2.132
 257341734, 0.37, 1.272, 2.134
 257541557, 0.312, 1.274, 2.134
 257761413, 0.374, 1.276, 2.138
 257961412, 0.322, 1.278, 2.138
 258141700, 0.321, 1.278, 2.14
 258361171, 0.261, 1.276, 2.14
 258561187, 0.294, 1.274, 2.141
 258741533, 0.326, 1.274, 2.145
 258961193, 0.326, 1.275, 2.148
 259161167, 0.327, 1.276, 2.15
 259341552, 0.349, 1.277, 2.153
 259561192, 0.37, 1.279, 2.155
 259761396, 0.389, 1.282, 2.158
 259961189, 0.38, 1.285, 2.159
 260161169, 0.311, 1.285, 2.159
 260361174, 0.329, 1.285, 2.161
 260561187, 0.292, 1.283, 2.163
 260741562, 0.312, 1.281, 2.165
 260961199, 0.292, 1.279, 2.161
 261161187, 0.278, 1.276, 2.159
 261361167, 0.335, 1.276, 2.162
 261561451, 0.35, 1.276, 2.164
 261761170, 0.362, 1.278, 2.166
 261961409, 0.386, 1.279, 2.163
 262161166, 0.326, 1.279, 2.159
 262341552, 0.355, 1.279, 2.16
 262561188, 0.307, 1.277, 2.161
 262761171, 0.359, 1.275, 2.163
 262941550, 0.34, 1.273, 2.16
 263161163, 0.32, 1.27, 2.152
 263341536, 0.405, 1.269, 2.153
 263561193, 0.421, 1.267, 2.152
 263761178, 0.417, 1.267, 2.153
 263961195, 0.415, 1.265, 2.152
 264161177, 0.272, 1.261, 2.145
 264361167, 0.395, 1.261, 2.148
 264561180, 0.336, 1.262, 2.147
 264761169, 0.319, 1.262, 2.147
 264961316, 0.342, 1.262, 2.15
 265161393, 0.333, 1.261, 2.146
 265341746, 0.468, 1.262, 2.149
 265541552, 0.327, 1.262, 2.144
 265761182, 0.373, 1.262, 2.144
 265941630, 0.371, 1.261, 2.144
 266141564, 0.409, 1.262, 2.143
 266361173, 0.433, 1.263, 2.147
 266561201, 0.399, 1.263, 2.145
 266761165, 0.436, 1.263, 2.145
 266961428, 0.316, 1.262, 2.141
 267161387, 0.479, 1.263, 2.145
 267361181, 0.436, 1.263, 2.148
 267561190, 0.422, 1.262, 2.147
 267761172, 0.376, 1.26, 2.144
 267961188, 0.358, 1.257, 2.137
 268161176, 0.353, 1.255, 2.135
 268361184, 0.294, 1.255, 2.134
 268541561, 0.346, 1.253, 2.126
 268761389, 0.363, 1.251, 2.121
 268961290, 0.406, 1.25, 2.12
 269161172, 0.399, 1.248, 2.119
 269361174, 0.448, 1.248, 2.12
 269541558, 0.401, 1.247, 2.121
 269761172, 0.422, 1.248, 2.122
 269961196, 0.437, 1.248, 2.126
 270161177, 0.345, 1.248, 2.125
 270361384, 0.447, 1.247, 2.127
 270561412, 0.399, 1.247, 2.127
 270761180, 0.458, 1.248, 2.129
 270961311, 0.428, 1.249, 2.129
 271161178, 0.44, 1.248, 2.129
 271361443, 0.475, 1.249, 2.132
 271561175, 0.44, 1.251, 2.135
 271761173, 0.448, 1.253, 2.139
 271961187, 0.401, 1.254, 2.142
 272161187, 0.441, 1.256, 2.145
 272361403, 0.368, 1.258, 2.146
 272561196, 0.393, 1.258, 2.149
 272761167, 0.316, 1.257, 2.145
 272961190, 0.328, 1.257, 2.147
 273161178, 0.214, 1.253, 2.134
 273361181, 0.241, 1.248, 2.123
 273561202, 0.232, 1.244, 2.114
 273741537, 0.29, 1.243, 2.112
 273961290, 0.28, 1.242, 2.112
 274161391, 0.28, 1.241, 2.112
 274361190, 0.319, 1.241, 2.114
 274561394, 0.259, 1.239, 2.108
 274761177, 0.345, 1.239, 2.109
 274961191, 0.325, 1.241, 2.111
 275161183, 0.313, 1.242, 2.113
 275341532, 0.336, 1.244, 2.118
 275541549, 0.281, 1.244, 2.119
 275761178, 0.311, 1.244, 2.122
 275961422, 0.285, 1.244, 2.124
 276161176, 0.242, 1.241, 2.124
 276361180, 0.439, 1.243, 2.132
 276561205, 0.333, 1.247, 2.137
 276741576, 0.394, 1.25, 2.143
 276941562, 0.383, 1.255, 2.148
 277161163, 0.419, 1.258, 2.153
 277341538, 0.446, 1.264, 2.161
 277561201, 0.445, 1.27, 2.168
 277741534, 0.438, 1.276, 2.175
 277961199, 0.385, 1.282, 2.18
 278161161, 0.366, 1.287, 2.186
 278361159, 0.412, 1.294, 2.196
 278561198, 0.369, 1.295, 2.187
 278761374, 0.406, 1.295, 2.187
 278941579, 0.417, 1.299, 2.189
 279161174, 0.454, 1.304, 2.194
 279361162, 0.466, 1.308, 2.2
 279561408, 0.377, 1.308, 2.193
 279761387, 0.443, 1.309, 2.196
 279961199, 0.392, 1.311, 2.196
 280161170, 0.399, 1.313, 2.196
 280361180, 0.361, 1.313, 2.192
 280561187, 0.385, 1.311, 2.188
 280761184, 0.335, 1.311, 2.185
 280961202, 0.289, 1.31, 2.182
 281161192, 0.394, 1.309, 2.179
 281361355, 0.315, 1.309, 2.177
 281541667, 0.245, 1.308, 2.173
 281761104, 0.398, 1.307, 2.171
 281961132, 0.398, 1.306, 2.168
 282161111, 0.395, 1.306, 2.165
 282361116, 0.312, 1.305, 2.162
 282561123, 0.282, 1.304, 2.158
 282761113, 0.387, 1.303, 2.154
 282961337, 0.355, 1.302, 2.147
 283161081, 0.271, 1.301, 2.141
 283360955, 0.281, 1.299, 2.136
 283561042, 0.348, 1.297, 2.13
 283760963, 0.313, 1.295, 2.125
 283961162, 0.291, 1.293, 2.12
 284141423, 0.285, 1.291, 2.113
 284360944, 0.241, 1.29, 2.106
 284560965, 0.186, 1.288, 2.101
 284760970, 0.331, 1.286, 2.096
 284961095, 0.286, 1.284, 2.09
 285160967, 0.266, 1.281, 2.084
 285361057, 0.261, 1.279, 2.08
 285561046, 0.336, 1.279, 2.076
 285760969, 0.334, 1.279, 2.075
 285961048, 0.345, 1.279, 2.072
 286160970, 0.307, 1.279, 2.069
 286360998, 0.311, 1.279, 2.067
 286560966, 0.321, 1.278, 2.065
 286761067, 0.243, 1.278, 2.064
 286960965, 0.309, 1.278, 2.06
 287161154, 0.377, 1.277, 2.057
 287360951, 0.271, 1.276, 2.054
 287560973, 0.27, 1.275, 2.051
 287760957, 0.372, 1.275, 2.048
 287960973, 0.357, 1.273, 2.045
 288161095, 0.359, 1.272, 2.042
 288361050, 0.326, 1.271, 2.039
 288561083, 0.34, 1.27, 2.036
 288761053, 0.364, 1.269, 2.034
 288961055, 0.333, 1.269, 2.031
 289160967, 0.413, 1.269, 2.032
 289341426, 0.374, 1.269, 2.03
 289560972, 0.31, 1.267, 2.026
 289760961, 0.297, 1.265, 2.021
 289961057, 0.326, 1.264, 2.017
 290160968, 0.301, 1.262, 2.014
 290361064, 0.362, 1.261, 2.011
 290561037, 0.345, 1.259, 2.006
 290760958, 0.351, 1.258, 2.004
 290960971, 0.358, 1.257, 2.002
 291160969, 0.274, 1.256, 1.999
 291361160, 0.316, 1.255, 1.997
 291560975, 0.302, 1.255, 1.995
 291760969, 0.366, 1.255, 1.996
 291941577, 0.3, 1.256, 1.994
 292161063, 0.397, 1.256, 1.996
 292361176, 0.353, 1.255, 1.991
 292561043, 0.301, 1.253, 1.987
 292780975, 0.305, 1.251, 1.982
 292961038, 0.263, 1.249, 1.978
 293160955, 0.258, 1.246, 1.974
 293360956, 0.254, 1.247, 1.974
 293560971, 0.348, 1.245, 1.971
 293760959, 0.328, 1.244, 1.968
 293981052, 0.262, 1.242, 1.965
 294160949, 0.289, 1.24, 1.962
 294360973, 0.197, 1.238, 1.959
 294561051, 0.289, 1.237, 1.956
 294760998, 0.35, 1.236, 1.954
 294961050, 0.221, 1.235, 1.952
 295160964, 0.34, 1.235, 1.953
 295361043, 0.314, 1.236, 1.952
 295561174, 0.374, 1.236, 1.951
 295761071, 0.336, 1.235, 1.95
 295960969, 0.378, 1.236, 1.95
 296160971, 0.337, 1.236, 1.949
 296360953, 0.387, 1.238, 1.952
 296561179, 0.386, 1.239, 1.952
 296760965, 0.369, 1.239, 1.951
 296961043, 0.323, 1.24, 1.951
 297141425, 0.257, 1.24, 1.951
 297361039, 0.283, 1.24, 1.95
 297561087, 0.333, 1.241, 1.95
 297760965, 0.341, 1.241, 1.95
 297960961, 0.37, 1.241, 1.949
 311561129, 0.263, 1.219, 1.901
 311761107, 0.24, 1.219, 1.9
 311961146, 0.36, 1.218, 1.898
 312161329, 0.281, 1.218, 1.898
 312361331, 0.358, 1.218, 1.898
 312561111, 0.36, 1.218, 1.898
 312761097, 0.3, 1.218, 1.897
 312961130, 0.329, 1.217, 1.896
 313161116, 0.228, 1.216, 1.894
 313361324, 0.353, 1.215, 1.893
 313561106, 0.196, 1.213, 1.89
 313761095, 0.285, 1.212, 1.889
 313961339, 0.328, 1.211, 1.888
 314161094, 0.354, 1.21, 1.887
 314361087, 0.35, 1.21, 1.886
 314561121, 0.256, 1.21, 1.886
 314761107, 0.259, 1.21, 1.888
 314961121, 0.241, 1.21, 1.888
 315161106, 0.363, 1.209, 1.885
 315341498, 0.339, 1.207, 1.885
 315561334, 0.354, 1.205, 1.883
 315761329, 0.369, 1.204, 1.883
 315961112, 0.318, 1.205, 1.884
 316161094, 0.297, 1.205, 1.885
 316361107, 0.33, 1.205, 1.886
 316561134, 0.37, 1.206, 1.886
 316781115, 0.367, 1.206, 1.886
 316961113, 0.371, 1.206, 1.887
 317161108, 0.38, 1.206, 1.887
 317361127, 0.346, 1.206, 1.887
 317561164, 0.374, 1.206, 1.887
 317761125, 0.272, 1.207, 1.887
 317961139, 0.367, 1.207, 1.887
 318161130, 0.362, 1.207, 1.888
 318361124, 0.341, 1.207, 1.889
 318561140, 0.306, 1.208, 1.889
 318761115, 0.305, 1.208, 1.889
 318961120, 0.369, 1.208, 1.889
 319161107, 0.36, 1.208, 1.889
 319361146, 0.37, 1.208, 1.889
 319561118, 0.361, 1.208, 1.888
 319761307, 0.307, 1.207, 1.888
 319961128, 0.32, 1.207, 1.888
 320161158, 0.316, 1.207, 1.888
 320361179, 0.275, 1.208, 1.888
 320541562, 0.354, 1.207, 1.888
 320761160, 0.311, 1.207, 1.888
 320961202, 0.323, 1.206, 1.885
 321161395, 0.372, 1.205, 1.885
 321361172, 0.31, 1.206, 1.885
 321561192, 0.378, 1.206, 1.885
 321761379, 0.392, 1.207, 1.888
 321961200, 0.361, 1.209, 1.889
 322161180, 0.351, 1.209, 1.889
 322361178, 0.396, 1.209, 1.893
 322561196, 0.386, 1.211, 1.894
 322781406, 0.418, 1.214, 1.901
 322961410, 0.399, 1.218, 1.905
 323161184, 0.454, 1.224, 1.914
 323361170, 0.419, 1.231, 1.925
 323561176, 0.42, 1.237, 1.937
 323761185, 0.452, 1.243, 1.952
 323961404, 0.404, 1.249, 1.964
 324141550, 0.412, 1.254, 1.977
 324361173, 0.376, 1.257, 1.982
 324561281, 0.315, 1.257, 1.983
 324761396, 0.316, 1.258, 1.982
 324961193, 0.305, 1.256, 1.983
 325161158, 0.295, 1.255, 1.982
 325361152, 0.304, 1.253, 1.981
 325561192, 0.282, 1.25, 1.976
 325761186, 0.321, 1.248, 1.976
 325961403, 0.324, 1.247, 1.977
 326161175, 0.285, 1.244, 1.976
 326361182, 0.301, 1.242, 1.977
 326541593, 0.304, 1.241, 1.976
 326761165, 0.338, 1.241, 1.982
 326961199, 0.295, 1.238, 1.983
 327161187, 0.359, 1.238, 1.987
 327361175, 0.373, 1.238, 1.991
 327561189, 0.35, 1.238, 1.993
 327761181, 0.358, 1.238, 1.994
 327961191, 0.349, 1.237, 1.996
 328161374, 0.344, 1.236, 1.997
 328341556, 0.354, 1.235, 2
 328561185, 0.354, 1.235, 2.003
 328761167, 0.301, 1.233, 2.003
 328961192, 0.335, 1.232, 2.002
 329161181, 0.357, 1.232, 2.004
 329361588, 0.254, 1.232, 2.006
 329561601, 0.294, 1.232, 2.009
 329761568, 0.345, 1.233, 2.013
 329961601, 0.256, 1.233, 2.009
 330161747, 0.261, 1.232, 2.007
 330361573, 0.246, 1.231, 2.002
 330561593, 0.2, 1.229, 1.995
 330761579, 0.239, 1.228, 1.992
 330961606, 0.21, 1.225, 1.987
 331161923, 0.237, 1.221, 1.981
 331361927, 0.292, 1.216, 1.975
 331562141, 0.301, 1.209, 1.97
 331762600, 0.374, 1.204, 1.969
 331962767, 0.331, 1.202, 1.967
 332145158, 0.339, 1.203, 1.964
 332365554, 0.361, 1.205, 1.967
 332565536, 0.3, 1.209, 1.971
 332745517, 0.409, 1.213, 1.977
 332965540, 0.358, 1.217, 1.978
 333145524, 0.375, 1.22, 1.98
 333366135, 0.369, 1.224, 1.984
 333545944, 0.334, 1.228, 1.987
 333765953, 0.368, 1.231, 1.993
 333966150, 0.334, 1.234, 1.999
 334166313, 0.371, 1.235, 2.004
 334366323, 0.354, 1.237, 2.01
 334546626, 0.365, 1.238, 2.016
 334766320, 0.375, 1.239, 2.023
 334946638, 0.356, 1.24, 2.029
 335166310, 0.388, 1.241, 2.036
 335366314, 0.332, 1.242, 2.042
 335566469, 0.3, 1.242, 2.048
 335746606, 0.359, 1.242, 2.055
 335966325, 0.363, 1.243, 2.061
 336146601, 0.346, 1.244, 2.066
 336366318, 0.389, 1.245, 2.07
 336566338, 0.317, 1.245, 2.071
 336766717, 0.373, 1.246, 2.075
 336966736, 0.341, 1.248, 2.077
 337166755, 0.296, 1.249, 2.079
 337366709, 0.425, 1.252, 2.087
 337567386, 0.289, 1.253, 2.087
 337767089, 0.325, 1.253, 2.089
 337947487, 0.297, 1.252, 2.088
 338147452, 0.299, 1.251, 2.089
 338347460, 0.345, 1.251, 2.091
 338547114, 0.343, 1.25, 2.092
 338747094, 0.418, 1.252, 2.097
 338947083, 0.434, 1.254, 2.105
 339147095, 0.487, 1.258, 2.113
 339347178, 0.321, 1.26, 2.114
 339567111, 0.301, 1.258, 2.106
 339747137, 0.378, 1.258, 2.109
 339947087, 0.367, 1.259, 2.11
 340147427, 0.308, 1.26, 2.112
 340347402, 0.355, 1.262, 2.115
 340547522, 0.349, 1.264, 2.118
 340767420, 0.381, 1.266, 2.123
 340947410, 0.362, 1.269, 2.129
 341147381, 0.411, 1.272, 2.135
 341347614, 0.439, 1.277, 2.143
 341547443, 0.347, 1.28, 2.147
 341747411, 0.386, 1.283, 2.154
 341947829, 0.362, 1.287, 2.162
 342168176, 0.373, 1.291, 2.168
 342347861, 0.322, 1.292, 2.167
 342568147, 0.362, 1.293, 2.165
 342768134, 0.377, 1.294, 2.162
 342968375, 0.28, 1.294, 2.158
 343148349, 0.3, 1.294, 2.155
 343348150, 0.372, 1.296, 2.156
 343568158, 0.303, 1.297, 2.157
 343768130, 0.359, 1.299, 2.163
 343948175, 0.298, 1.297, 2.164
 344148174, 0.37, 1.296, 2.171
 344350607, 0.269, 1.293, 2.167
 344553147, 0.296, 1.289, 2.164
 344753138, 0.435, 1.29, 2.171
 344953159, 0.256, 1.286, 2.163
 345153156, 0.3, 1.277, 2.152
 345353354, 0.337, 1.271, 2.149
 345553196, 0.262, 1.264, 2.138
 345753252, 0.224, 1.257, 2.128
 345953161, 0.22, 1.251, 2.123
 346153502, 0.213, 1.246, 2.119
 346353504, 0.26, 1.241, 2.114
 346553517, 0.263, 1.236, 2.107
 346753517, 0.336, 1.233, 2.103
 346953521, 0.223, 1.23, 2.098
 347153661, 0.312, 1.226, 2.093
 347353508, 0.279, 1.223, 2.091
 347553532, 0.303, 1.222, 2.088
 347753663, 0.376, 1.222, 2.091
 347953544, 0.34, 1.223, 2.094
 348153898, 0.354, 1.225, 2.099
 348353898, 0.418, 1.227, 2.106
 348556679, 0.411, 1.231, 2.113
 348756664, 0.393, 1.235, 2.122
 348956809, 0.432, 1.24, 2.13
 349156778, 0.431, 1.244, 2.138
 349356645, 0.471, 1.249, 2.146
 349556927, 0.468, 1.254, 2.155
 349756914, 0.426, 1.259, 2.164
 349956934, 0.468, 1.264, 2.171
 350156926, 0.439, 1.267, 2.175
 350356919, 0.393, 1.27, 2.178
 350556924, 0.39, 1.272, 2.179
 350756926, 0.315, 1.274, 2.179
 350956944, 0.325, 1.276, 2.18
 351157169, 0.323, 1.278, 2.181
 351356967, 0.333, 1.28, 2.185
 351557063, 0.414, 1.284, 2.192
 351756964, 0.445, 1.29, 2.199
 351957040, 0.381, 1.294, 2.205
 352156948, 0.384, 1.296, 2.208
 352356997, 0.419, 1.299, 2.215
 352556968, 0.45, 1.302, 2.217
 352756970, 0.4, 1.304, 2.222
 352957194, 0.397, 1.307, 2.225
 353157157, 0.299, 1.308, 2.225
 353356972, 0.337, 1.308, 2.224
 353559542, 0.353, 1.308, 2.223
 353759538, 0.42, 1.309, 2.229
 353959528, 0.359, 1.31, 2.231
 354159944, 0.351, 1.309, 2.232
 354340162, 0.297, 1.308, 2.234
 354560579, 0.407, 1.307, 2.235
 354763451, 0.373, 1.308, 2.24
 354963556, 0.412, 1.31, 2.244
 355163627, 0.405, 1.312, 2.25
 355363623, 0.34, 1.314, 2.255
 355563512, 0.403, 1.314, 2.26
 355763505, 0.384, 1.315, 2.263
 355963484, 0.338, 1.314, 2.267
 356163455, 0.314, 1.313, 2.265
 356343049, 0.306, 1.312, 2.265
 356543085, 0.293, 1.309, 2.263
 356743494, 0.379, 1.307, 2.262
 356943505, 0.348, 1.304, 2.262
 357143629, 0.311, 1.302, 2.26
 357363792, 0.298, 1.299, 2.258
 357563824, 0.272, 1.297, 2.258
 357763821, 0.392, 1.296, 2.26
 357963808, 0.289, 1.295, 2.261
 358163776, 0.296, 1.293, 2.261
 358363824, 0.338, 1.292, 2.262
 358563803, 0.279, 1.29, 2.263
 358763925, 0.296, 1.288, 2.262
 358963802, 0.335, 1.286, 2.262
 359163856, 0.297, 1.284, 2.262
 359343483, 0.298, 1.282, 2.263
 359543512, 0.366, 1.281, 2.262
 359743785, 0.34, 1.28, 2.264
 359943826, 0.364, 1.279, 2.265
 360147098, 0.43, 1.279, 2.268
 360347132, 0.453, 1.279, 2.273
 360547123, 0.459, 1.279, 2.277
 360747134, 0.444, 1.28, 2.278
 360947367, 0.361, 1.28, 2.275
 361147129, 0.387, 1.281, 2.27
 361347133, 0.364, 1.281, 2.269
 361547155, 0.375, 1.28, 2.267
 361747113, 0.433, 1.278, 2.266
 361947555, 0.368, 1.276, 2.264
 362147537, 0.286, 1.274, 2.263
 362347660, 0.393, 1.272, 2.262
 362547566, 0.346, 1.27, 2.26
 362747678, 0.315, 1.269, 2.259
 362947903, 0.347, 1.268, 2.26
 363167932, 0.344, 1.266, 2.26
 363348103, 0.341, 1.264, 2.26
 363547912, 0.297, 1.263, 2.26
 363768093, 0.287, 1.261, 2.259
 363967920, 0.298, 1.26, 2.255
 364167900, 0.256, 1.259, 2.247
 364347933, 0.287, 1.259, 2.244
 364548113, 0.292, 1.259, 2.241
 364767908, 0.396, 1.26, 2.243
 364967916, 0.342, 1.261, 2.243
 365147911, 0.403, 1.262, 2.244
 365347907, 0.386, 1.263, 2.245
 365547930, 0.362, 1.263, 2.247
 365747903, 0.429, 1.264, 2.25
 365947919, 0.337, 1.266, 2.252
 366147915, 0.381, 1.267, 2.254
 366348099, 0.335, 1.269, 2.256
 366548104, 0.322, 1.27, 2.257
 366767898, 0.334, 1.27, 2.255
 366947928, 0.311, 1.271, 2.254
 367167904, 0.338, 1.272, 2.253
 367347899, 0.37, 1.274, 2.252
 367548104, 0.343, 1.275, 2.249
 367767905, 0.378, 1.276, 2.248
 367947938, 0.301, 1.276, 2.244
 368148102, 0.315, 1.275, 2.241
 368347897, 0.363, 1.276, 2.242
 368547915, 0.349, 1.277, 2.242
 368747892, 0.381, 1.279, 2.243
 368947921, 0.309, 1.28, 2.245
 369147886, 0.383, 1.282, 2.248
 369351157, 0.362, 1.283, 2.251
 369551161, 0.339, 1.284, 2.254
 369751397, 0.367, 1.286, 2.258
 369951537, 0.356, 1.286, 2.261
 370151344, 0.319, 1.286, 2.263
 370351517, 0.353, 1.285, 2.266
 370551479, 0.409, 1.283, 2.265
 370772324, 0.363, 1.281, 2.266
 370951881, 0.363, 1.28, 2.268
 371151867, 0.314, 1.278, 2.271
 371352139, 0.349, 1.278, 2.274
 371552148, 0.357, 1.277, 2.277
 371755148, 0.414, 1.277, 2.28
 371955449, 0.3, 1.275, 2.283
 372155637, 0.294, 1.273, 2.282
 372355424, 0.264, 1.27, 2.281
 372555454, 0.287, 1.267, 2.28
 372755418, 0.281, 1.265, 2.279
 372955593, 0.313, 1.263, 2.278
 373155437, 0.305, 1.261, 2.278
 373355422, 0.294, 1.259, 2.277
 373555666, 0.261, 1.258, 2.277
 373758507, 0.432, 1.258, 2.28
 373958113, 0.307, 1.258, 2.282
 374158362, 0.4, 1.258, 2.284
 374358108, 0.392, 1.259, 2.29
 374558621, 0.196, 1.256, 2.272
 374758611, 0.386, 1.254, 2.273
 374958619, 0.239, 1.25, 2.256
 375138565, 0.293, 1.247, 2.252
 375358610, 0.276, 1.245, 2.247
 375558636, 0.337, 1.241, 2.239
 375758609, 0.325, 1.24, 2.239
 375958761, 0.254, 1.241, 2.239
 376158743, 0.368, 1.241, 2.239
 376358613, 0.253, 1.24, 2.23
 376558643, 0.279, 1.237, 2.217
 376778931, 0.355, 1.237, 2.214
 376958632, 0.255, 1.236, 2.204
 377158768, 0.271, 1.234, 2.195
 377358619, 0.231, 1.233, 2.187
 377558629, 0.2, 1.232, 2.18
 377758756, 0.538, 1.235, 2.185
 377958636, 0.351, 1.24, 2.187
 378158925, 0.387, 1.242, 2.187
 378358913, 0.343, 1.245, 2.188
 378558937, 0.323, 1.246, 2.185
 378758915, 0.345, 1.246, 2.183
 378958936, 0.387, 1.248, 2.182
 379158942, 0.323, 1.248, 2.179
 379358924, 0.403, 1.251, 2.184
 379559124, 0.353, 1.252, 2.182
 379758918, 0.383, 1.253, 2.185
 379958927, 0.298, 1.253, 2.183
 380158943, 0.316, 1.252, 2.181
 380338895, 0.283, 1.251, 2.18
 380558936, 0.342, 1.25, 2.178
 380759335, 0.374, 1.25, 2.176
 380959349, 0.273, 1.249, 2.175
 381159316, 0.326, 1.248, 2.173
 381359523, 0.348, 1.248, 2.172
 381562695, 0.365, 1.248, 2.171
 381762542, 0.283, 1.248, 2.17
 381962662, 0.366, 1.249, 2.172
 382162888, 0.333, 1.251, 2.173
 382362877, 0.38, 1.252, 2.173
 382563173, 0.329, 1.253, 2.172
 382762895, 0.348, 1.254, 2.171
 382942948, 0.356, 1.254, 2.171
 383162903, 0.296, 1.255, 2.17
 383363097, 0.355, 1.256, 2.169
 383543117, 0.329, 1.256, 2.168
 383743535, 0.377, 1.257, 2.17
 383946719, 0.283, 1.259, 2.172
 384146841, 0.362, 1.26, 2.174
 384349814, 0.382, 1.261, 2.177
 384549634, 0.284, 1.263, 2.18
 384749643, 0.347, 1.264, 2.183
 384949946, 0.42, 1.265, 2.185
 385169898, 0.368, 1.266, 2.188
 385369927, 0.369, 1.266, 2.19
 385549937, 0.344, 1.266, 2.189
 385750116, 0.447, 1.268, 2.195
 385950382, 0.279, 1.27, 2.195
 386153332, 0.369, 1.268, 2.192
 386353288, 0.374, 1.267, 2.189
 386553370, 0.336, 1.265, 2.186
 386753138, 0.238, 1.264, 2.183
 386953147, 0.358, 1.264, 2.183
 387153128, 0.286, 1.264, 2.184
 387353108, 0.36, 1.266, 2.187
 387553291, 0.433, 1.267, 2.189
 387753346, 0.378, 1.269, 2.191
 387953556, 0.378, 1.271, 2.194
 388153531, 0.392, 1.273, 2.196
 388353545, 0.396, 1.275, 2.198
 388553596, 0.329, 1.276, 2.2
 388773871, 0.372, 1.278, 2.201
 388953559, 0.342, 1.279, 2.202
 389153548, 0.4, 1.279, 2.203
 389353544, 0.337, 1.281, 2.206
 389553722, 0.412, 1.282, 2.208
 389753538, 0.363, 1.283, 2.211
 389953543, 0.361, 1.284, 2.213
 390153524, 0.364, 1.284, 2.214
 390353544, 0.367, 1.285, 2.216
 390553567, 0.375, 1.286, 2.218
 390753561, 0.381, 1.288, 2.222
 390953553, 0.361, 1.29, 2.224
 391153549, 0.477, 1.294, 2.231
 391353688, 0.436, 1.3, 2.241
 391573825, 0.461, 1.303, 2.244
 391753656, 0.497, 1.307, 2.254
 391953543, 0.597, 1.317, 2.267
 392153539, 0.473, 1.324, 2.275
 392353575, 0.465, 1.328, 2.281
 392553558, 0.489, 1.33, 2.284
 392753548, 0.649, 1.338, 2.298
 392953602, 0.394, 1.345, 2.295
 393153693, 0.343, 1.344, 2.288
 393353573, 0.338, 1.344, 2.286
 393553568, 0.373, 1.343, 2.283
 393753658, 0.344, 1.341, 2.283
 393953553, 0.284, 1.338, 2.272
 394153543, 0.295, 1.333, 2.261
 394353551, 0.228, 1.328, 2.25
 394553964, 0.224, 1.322, 2.239
 394776497, 0.268, 1.317, 2.23
 394957443, 0.216, 1.31, 2.219
 395157432, 0.309, 1.304, 2.212
 395357290, 0.325, 1.299, 2.208
 395557308, 0.309, 1.294, 2.204
 395757302, 0.342, 1.291, 2.205
 395937157, 0.348, 1.289, 2.207
 396157112, 0.287, 1.286, 2.21
 396357553, 0.416, 1.285, 2.215
 396557909, 0.339, 1.285, 2.221
 396757899, 0.331, 1.285, 2.227
 396958154, 0.475, 1.286, 2.233
 397157905, 0.486, 1.287, 2.24
 397357900, 0.497, 1.289, 2.248
 397557951, 0.422, 1.287, 2.248
 397757927, 0.428, 1.286, 2.253
 397957959, 0.219, 1.283, 2.243
 398158139, 0.262, 1.278, 2.238
 398358127, 0.33, 1.274, 2.238
 398539815, 0.386, 1.27, 2.237
 398758269, 0.361, 1.267, 2.238
 398958132, 0.281, 1.266, 2.238
 399158253, 0.293, 1.264, 2.236
 399358146, 0.391, 1.265, 2.238
 399558139, 0.353, 1.265, 2.237
 399758146, 0.314, 1.264, 2.237
 399958151, 0.429, 1.265, 2.243
 400158129, 0.369, 1.267, 2.249
 400358153, 0.392, 1.269, 2.256
 400558378, 0.339, 1.27, 2.263
 400778141, 0.304, 1.269, 2.267
 400958144, 0.313, 1.27, 2.27
 401140694, 0.35, 1.27, 2.273
 401361693, 0.33, 1.27, 2.276
 401560903, 0.343, 1.269, 2.275
 401760893, 0.376, 1.269, 2.276
 401961731, 0.393, 1.268, 2.272
 402160876, 0.275, 1.266, 2.268
 402361062, 0.312, 1.264, 2.267
 402561093, 0.361, 1.263, 2.265
 402760917, 0.336, 1.262, 2.267
 402960889, 0.46, 1.264, 2.27
 403160891, 0.463, 1.266, 2.274
 403380680, 0.411, 1.268, 2.274
 403560903, 0.386, 1.271, 2.274
 403760882, 0.336, 1.272, 2.272
 403961704, 0.268, 1.27, 2.263
 404160908, 0.336, 1.268, 2.257
 404361206, 0.385, 1.268, 2.256
 404560904, 0.261, 1.267, 2.253
 404760877, 0.311, 1.267, 2.253
 404960909, 0.348, 1.267, 2.25
 405160887, 0.312, 1.267, 2.248
 405361710, 0.365, 1.268, 2.248
 405560899, 0.301, 1.268, 2.246
 405760880, 0.357, 1.267, 2.243
 405962045, 0.344, 1.267, 2.241
 406161453, 0.391, 1.266, 2.238
 406361291, 0.268, 1.264, 2.232
 406561485, 0.338, 1.261, 2.222
 406781044, 0.354, 1.259, 2.216
 406961328, 0.301, 1.257, 2.206
 407161287, 0.307, 1.256, 2.2
 407361969, 0.356, 1.256, 2.198
 407561319, 0.249, 1.255, 2.19
 407761310, 0.273, 1.254, 2.184
 407962196, 0.283, 1.252, 2.175
 408161302, 0.235, 1.25, 2.166
 408361291, 0.322, 1.249, 2.164
 408561482, 0.268, 1.247, 2.153
 408761317, 0.292, 1.244, 2.147
 408961334, 0.322, 1.243, 2.142
 409161292, 0.334, 1.242, 2.139
 409361974, 0.298, 1.241, 2.134
 409561319, 0.296, 1.24, 2.129
 409761428, 0.358, 1.24, 2.128
 409961313, 0.286, 1.24, 2.125
 410161209, 0.29, 1.239, 2.118
 410361292, 0.273, 1.237, 2.115
 410561309, 0.351, 1.236, 2.112
 410761414, 0.376, 1.238, 2.115
 410961311, 0.303, 1.239, 2.116
 411161295, 0.233, 1.236, 2.104
 411361967, 0.297, 1.236, 2.104
 411541049, 0.308, 1.236, 2.1
 411761304, 0.351, 1.236, 2.099
 411961309, 0.324, 1.236, 2.097
 412161297, 0.332, 1.236, 2.097
 412361302, 0.359, 1.237, 2.098
 412561309, 0.277, 1.237, 2.096
 412780967, 0.342, 1.237, 2.099
 412961311, 0.303, 1.239, 2.102
 413161291, 0.33, 1.24, 2.105
 413362271, 0.346, 1.241, 2.107
 413561350, 0.348, 1.239, 2.105
 413761291, 0.339, 1.237, 2.105
 413961317, 0.284, 1.236, 2.104
 414140999, 0.287, 1.233, 2.103
 414361295, 0.317, 1.232, 2.106
 414561324, 0.289, 1.231, 2.106
 414761972, 0.32, 1.23, 2.106
 414961491, 0.332, 1.229, 2.105
 415161440, 0.314, 1.229, 2.105
 415361969, 0.281, 1.229, 2.105
 415561313, 0.265, 1.228, 2.102
 415761298, 0.383, 1.227, 2.103
 415961303, 0.257, 1.225, 2.098
 416161311, 0.271, 1.223, 2.094
 416361295, 0.343, 1.222, 2.096
 416561326, 0.32, 1.221, 2.094
 416762052, 0.275, 1.22, 2.094
 416961591, 0.359, 1.218, 2.095
 417161315, 0.282, 1.217, 2.093
 417361942, 0.275, 1.216, 2.093
 417561327, 0.243, 1.214, 2.091
 417761266, 0.298, 1.213, 2.092
 417961335, 0.387, 1.212, 2.09
 418161343, 0.369, 1.213, 2.094
 418361307, 0.32, 1.214, 2.094
 418561377, 0.279, 1.212, 2.094
 418781349, 0.315, 1.211, 2.096
 419361301, 0.216, 1.206, 2.091
 419561676, 0.257, 1.202, 2.082
 419764470, 0.295, 1.199, 2.077
 419964525, 0.263, 1.197, 2.072
 420164353, 0.26, 1.195, 2.066
 420364156, 0.264, 1.192, 2.06
 420564173, 0.265, 1.189, 2.055
 420764361, 0.31, 1.188, 2.052
 420964193, 0.259, 1.185, 2.046
 421164148, 0.265, 1.182, 2.039
 421364157, 0.295, 1.181, 2.037
 421564166, 0.267, 1.18, 2.033
 421764159, 0.276, 1.178, 2.029
 421945640, 0.305, 1.177, 2.026
 422164155, 0.315, 1.177, 2.023
 422364620, 0.354, 1.177, 2.019
 422564387, 0.375, 1.178, 2.018
 422764158, 0.389, 1.18, 2.018
 422964168, 0.39, 1.182, 2.02
 423144161, 0.329, 1.184, 2.023
 423364147, 0.352, 1.187, 2.026
 423564201, 0.371, 1.19, 2.03
 423764477, 0.436, 1.192, 2.037
 423964515, 0.285, 1.193, 2.039
 424164111, 0.354, 1.19, 2.04
 424364460, 0.395, 1.192, 2.048
 424544386, 0.355, 1.195, 2.053
 424764107, 0.357, 1.196, 2.058
 424964173, 0.371, 1.197, 2.06
 425164158, 0.274, 1.197, 2.061
 425345296, 0.319, 1.197, 2.062
 425564156, 0.297, 1.197, 2.064
 425764487, 0.318, 1.198, 2.066
 425964805, 0.328, 1.198, 2.069
 426165729, 0.344, 1.2, 2.073
 426364781, 0.387, 1.203, 2.082
 426564914, 0.397, 1.209, 2.092
 426764776, 0.299, 1.211, 2.098
 426964792, 0.311, 1.21, 2.102
 427164788, 0.275, 1.207, 2.103
 427364793, 0.418, 1.209, 2.111
 427565619, 0.235, 1.207, 2.106
 427764795, 0.346, 1.207, 2.11
 427964940, 0.256, 1.205, 2.104
 428165587, 0.268, 1.202, 2.099
 428344623, 0.353, 1.203, 2.1
 428564918, 0.253, 1.203, 2.096
 428764771, 0.34, 1.202, 2.091
 428964795, 0.313, 1.201, 2.087
 429164773, 0.331, 1.199, 2.083
 429344584, 0.34, 1.198, 2.079
 429565652, 0.275, 1.196, 2.071
 429764919, 0.214, 1.192, 2.039
 429964791, 0.329, 1.19, 2.03
 430165556, 0.27, 1.189, 2.021
 430364768, 0.218, 1.178, 1.947
 430564798, 0.246, 1.174, 1.926
 430784577, 0.333, 1.174, 1.927
 430964834, 0.289, 1.174, 1.924
 431164768, 0.314, 1.174, 1.925
 431364778, 0.377, 1.174, 1.929
 431565745, 0.279, 1.17, 1.927
 431764780, 0.25, 1.167, 1.928
 431964789, 0.285, 1.167, 1.931
 432165573, 0.278, 1.164, 1.929
 432345135, 0.243, 1.161, 1.93
 432565273, 0.239, 1.158, 1.931
 432765380, 0.359, 1.157, 1.935
 432965155, 0.258, 1.155, 1.938
 433165179, 0.278, 1.153, 1.941
 433365406, 0.328, 1.151, 1.944
 433566040, 0.286, 1.15, 1.947
 433765301, 0.28, 1.148, 1.949
 433965332, 0.33, 1.146, 1.952
 434165166, 0.294, 1.145, 1.953
 434365299, 0.314, 1.145, 1.955
 434565314, 0.228, 1.14, 1.952
 434765305, 0.221, 1.136, 1.952
 434945328, 0.384, 1.134, 1.955
 435165439, 0.347, 1.133, 1.958
 435365304, 0.291, 1.132, 1.962
 435565195, 0.273, 1.131, 1.964
 435765304, 0.364, 1.131, 1.967
 435965327, 0.274, 1.13, 1.969
 436165310, 0.301, 1.128, 1.971
 436365312, 0.354, 1.126, 1.972
 436565324, 0.406, 1.123, 1.973
 436785437, 0.403, 1.122, 1.974
 436965463, 0.354, 1.121, 1.967
 437165304, 0.322, 1.119, 1.961
 437365307, 0.316, 1.119, 1.955
 437545626, 0.355, 1.118, 1.949
 437765606, 0.368, 1.115, 1.942
 437965625, 0.347, 1.113, 1.933
 438165586, 0.297, 1.111, 1.925
 438345605, 0.33, 1.109, 1.918
 438545613, 0.343, 1.105, 1.907
 438765741, 0.302, 1.106, 1.903
 438965591, 0.314, 1.105, 1.896
 439165785, 0.352, 1.103, 1.887
 439365639, 0.309, 1.103, 1.886
 439565584, 0.308, 1.101, 1.884
 439765645, 0.391, 1.102, 1.89
 439965617, 0.352, 1.103, 1.893
 440145598, 0.339, 1.103, 1.899
 440365590, 0.214, 1.087, 1.879
 440565616, 0.389, 1.079, 1.878
 440765748, 0.321, 1.072, 1.876
 440965575, 0.33, 1.065, 1.849
 441165726, 0.305, 1.065, 1.851
 441365597, 0.426, 1.069, 1.856
 441565579, 0.375, 1.071, 1.854
 441765599, 0.354, 1.075, 1.863
 441965623, 0.28, 1.079, 1.867
 442165595, 0.325, 1.081, 1.872
 442365612, 0.335, 1.084, 1.879
 442565761, 0.398, 1.086, 1.883
 442765603, 0.435, 1.089, 1.89
 442965583, 0.413, 1.093, 1.898
 443165586, 0.435, 1.097, 1.904
 443365727, 0.367, 1.103, 1.913
 443565581, 0.44, 1.108, 1.92
 443765622, 0.442, 1.11, 1.926
 443965618, 0.424, 1.109, 1.926
 444165613, 0.413, 1.107, 1.929
 444365748, 0.321, 1.106, 1.934
 444565610, 0.295, 1.078, 1.916
 444765601, 0.353, 1.077, 1.925
 444965601, 0.281, 1.073, 1.926
 445165606, 0.294, 1.063, 1.923
 445365746, 0.283, 1.054, 1.919
 445565619, 0.237, 1.04, 1.912
 445765615, 0.313, 1.032, 1.915
 445965627, 0.315, 1.022, 1.913
 446165738, 0.228, 1.012, 1.912
 446365642, 0.228, 1.002, 1.91
 446565613, 0.308, 0.992, 1.909
 446765598, 0.202, 0.983, 1.907
 446965572, 0.217, 0.9720001, 1.904
 447165597, 0.241, 0.9620001, 1.902
 447365590, 0.279, 0.9620001, 1.903
 447565746, 0.247, 0.96, 1.901
 447765623, 0.238, 0.957, 1.9
 447945643, 0.243, 0.955, 1.9
 448165605, 0.229, 0.9530001, 1.898
 448365567, 0.288, 0.9480001, 1.896
 448565622, 0.334, 0.942, 1.887
 448765605, 0.255, 0.941, 1.887
 448965572, 0.334, 0.9400001, 1.878
 449165603, 0.39, 0.943, 1.879
 449365626, 0.373, 0.947, 1.882
 449565773, 0.306, 0.9490001, 1.883
 449765747, 0.401, 0.95, 1.883
 449965625, 0.371, 0.95, 1.885
 450145612, 0.3, 0.951, 1.888
 450365572, 0.347, 0.9530001, 1.893
 450545613, 0.341, 0.9490001, 1.891
 450765605, 0.325, 0.95, 1.896
 450965630, 0.353, 0.95, 1.898
 451165601, 0.289, 0.95, 1.899
 451365589, 0.421, 0.9530001, 1.904
 451565760, 0.286, 0.941, 1.865
 451765725, 0.34, 0.941, 1.864
 451965623, 0.373, 0.942, 1.861
 452165597, 0.268, 0.942, 1.858
 452365548, 0.299, 0.943, 1.855
 452565620, 0.303, 0.9450001, 1.852
 452745603, 0.274, 0.946, 1.853
 452945624, 0.406, 0.947, 1.854
 453145594, 0.323, 0.9480001, 1.856
 453345734, 0.358, 0.95, 1.861
 453565621, 0.293, 0.9530001, 1.866
 453765678, 0.294, 0.955, 1.87
 453965607, 0.292, 0.956, 1.874
 454165607, 0.277, 0.9590001, 1.879
 454365547, 0.311, 0.961, 1.885
 454565625, 0.372, 0.964, 1.889
 454765598, 0.312, 0.966, 1.894
 454965628, 0.298, 0.969, 1.898
 455165782, 0.325, 0.973, 1.905
 455365594, 0.261, 0.9760001, 1.909
 455545767, 0.248, 0.9760001, 1.908
 455745599, 0.257, 0.9760001, 1.909
 455965735, 0.309, 0.978, 1.913
 456145585, 0.331, 0.9810001, 1.916
 456345599, 0.377, 0.983, 1.922
 456565635, 0.295, 0.9860001, 1.927
 456765618, 0.335, 0.9900001, 1.935
 456965773, 0.269, 0.992, 1.94
 457165622, 0.351, 0.993, 1.944
 457365608, 0.275, 0.994, 1.947
 457565624, 0.283, 0.994, 1.945
 457765563, 0.255, 0.994, 1.941
 457965748, 0.251, 0.993, 1.937
 458165596, 0.266, 0.992, 1.931
 458365576, 0.442, 0.994, 1.936
 458565628, 0.345, 0.9950001, 1.939
 458765753, 0.308, 0.997, 1.944
 458965631, 0.305, 0.998, 1.947
 459148319, 0.341, 1, 1.952
 459348099, 0.346, 1.003, 1.952
 459548127, 0.344, 1.005, 1.951
 459768109, 0.374, 1.009, 1.952
 459968127, 0.328, 1.012, 1.955
 460168113, 0.302, 1.016, 1.958
 460368107, 0.311, 1.019, 1.961
 460568152, 0.303, 1.023, 1.965
 460768337, 0.308, 1.027, 1.969
 460948308, 0.313, 1.03, 1.969
 461168260, 0.294, 1.033, 1.968
 461368108, 0.344, 1.037, 1.972
 461548112, 0.327, 1.04, 1.974
 461748104, 0.385, 1.045, 1.982
 461948106, 0.318, 1.049, 1.974
 462148106, 0.422, 1.052, 1.972
 462348104, 0.306, 1.05, 1.958
 462548104, 0.236, 1.04, 1.889
 462768096, 0.305, 1.041, 1.89
 462968124, 0.255, 1.039, 1.874
 463168118, 0.279, 1.039, 1.87
 463368227, 0.357, 1.044, 1.87
 463568118, 0.257, 1.043, 1.858
 463768118, 0.32, 1.044, 1.858
 463968129, 0.38, 1.049, 1.861
 464168103, 0.299, 1.052, 1.86
 464368323, 0.353, 1.056, 1.863
 464568128, 0.264, 1.057, 1.852
 464748107, 0.411, 1.061, 1.858
 464948161, 0.342, 1.067, 1.856
 465147924, 0.389, 1.074, 1.861
 465347952, 0.402, 1.082, 1.869
 465547968, 0.379, 1.088, 1.878
 465767956, 0.335, 1.093, 1.886
 465967998, 0.29, 1.096, 1.89
 466147954, 0.324, 1.099, 1.898
 466367960, 0.377, 1.103, 1.909
 466567957, 0.314, 1.105, 1.915
 466767951, 0.338, 1.107, 1.923
 466968039, 0.315, 1.11, 1.93
 467167968, 0.302, 1.113, 1.937
 467367949, 0.387, 1.117, 1.947
 467568173, 0.273, 1.109, 1.938
 467747941, 0.362, 1.108, 1.941
 467968182, 0.302, 1.107, 1.944
 468148043, 0.267, 1.1, 1.937
 468367958, 0.332, 1.098, 1.932
 468567976, 0.289, 1.092, 1.921
 468747940, 0.314, 1.088, 1.917
 468967956, 0.315, 1.087, 1.913
 469148143, 0.298, 1.085, 1.905
 469347926, 0.323, 1.081, 1.903
 469547977, 0.282, 1.075, 1.9
 469767965, 0.363, 1.076, 1.903
 469967971, 0.392, 1.081, 1.912
 470167933, 0.382, 1.086, 1.921
 470367948, 0.364, 1.091, 1.929
 470567972, 0.336, 1.095, 1.936
 470747952, 0.296, 1.097, 1.94
 470948107, 0.365, 1.1, 1.948
 471148108, 0.38, 1.105, 1.952
 471348228, 0.422, 1.111, 1.955
 471548120, 0.355, 1.111, 1.935
 471748332, 0.434, 1.115, 1.941
 471968132, 0.39, 1.119, 1.945
 472168119, 0.392, 1.123, 1.949
 472368118, 0.399, 1.127, 1.954
 472568130, 0.375, 1.132, 1.96
 472768117, 0.395, 1.137, 1.966
 472968131, 0.319, 1.141, 1.965
 473168112, 0.311, 1.142, 1.965
 473368375, 0.356, 1.145, 1.974
 473568126, 0.259, 1.145, 1.979
 473768310, 0.292, 1.143, 1.982
 473968135, 0.314, 1.143, 1.989
 474148886, 0.379, 1.145, 1.996
 474368115, 0.309, 1.147, 1.993
 474548555, 0.284, 1.143, 1.988
 474748543, 0.37, 1.145, 1.993
 474968133, 0.303, 1.146, 1.997
 475168325, 0.336, 1.147, 2.001
 475368110, 0.356, 1.149, 2.006
 475568129, 0.278, 1.148, 2.006
 475768109, 0.463, 1.147, 1.99
 475968244, 0.497, 1.148, 1.968
 476168104, 0.421, 1.148, 1.936
 476368105, 0.43, 1.144, 1.915
 476548561, 0.376, 1.133, 1.865
 476768117, 0.375, 1.12, 1.827
 476968354, 0.326, 1.105, 1.783
 477148742, 0.269, 1.09, 1.74
 477348534, 0.251, 1.077, 1.71
 477548725, 0.233, 1.063, 1.681
 477748603, 0.245, 1.051, 1.654
 477968344, 0.289, 1.04, 1.629
 478168116, 0.312, 1.029, 1.606
 478368111, 0.277, 1.018, 1.584
 478568132, 0.284, 1.008, 1.563
 478768337, 0.288, 0.9990001, 1.548
 478968130, 0.276, 0.9900001, 1.531
 479148586, 0.278, 0.9810001, 1.515
 479368108, 0.224, 0.974, 1.502
 479568131, 0.277, 0.966, 1.49
 479768102, 0.291, 0.9590001, 1.479
 479948561, 0.341, 0.9530001, 1.47
 480148537, 0.377, 0.9480001, 1.462
 480348577, 0.359, 0.943, 1.455
 480548603, 0.277, 0.937, 1.447
 480748675, 0.229, 0.9350001, 1.443
 480968132, 0.228, 0.9300001, 1.436
 481168124, 0.218, 0.9260001, 1.433
 481368116, 0.371, 0.9220001, 1.429
 481568121, 0.319, 0.9170001, 1.423
 481748715, 0.302, 0.914, 1.418
 481968130, 0.361, 0.91, 1.412
 482168245, 0.339, 0.905, 1.406
 482368322, 0.287, 0.901, 1.401
 482568118, 0.339, 0.897, 1.396
 482768114, 0.317, 0.8930001, 1.391
 482968117, 0.275, 0.89, 1.386
 483168097, 0.328, 0.886, 1.382
 483348538, 0.353, 0.882, 1.378
 483548571, 0.311, 0.8790001, 1.373
 483768087, 0.256, 0.8750001, 1.369
 483968131, 0.25, 0.872, 1.366
 484168349, 0.294, 0.868, 1.362
 484348722, 0.348, 0.8650001, 1.359
 484568121, 0.351, 0.862, 1.355
 484768097, 0.303, 0.86, 1.352
 484968122, 0.361, 0.8570001, 1.349
 485168118, 0.291, 0.854, 1.346
 485368109, 0.321, 0.8520001, 1.343
 485548549, 0.267, 0.85, 1.339
 485768112, 0.239, 0.848, 1.335
 485948561, 0.342, 0.845, 1.332
 486168099, 0.309, 0.8430001, 1.33
 486348562, 0.331, 0.841, 1.327
 486548560, 0.272, 0.839, 1.325
 486768112, 0.245, 0.8380001, 1.322
 486948605, 0.244, 0.836, 1.32
 487168136, 0.338, 0.8340001, 1.318
 487368100, 0.359, 0.832, 1.316
 487568125, 0.367, 0.831, 1.314
 487768324, 0.282, 0.8290001, 1.312
 487968468, 0.29, 0.827, 1.31
 488168443, 0.355, 0.826, 1.308
 488368454, 0.315, 0.8240001, 1.306
 488568588, 0.308, 0.823, 1.305
 488768454, 0.237, 0.822, 1.303
 488968481, 0.226, 0.8190001, 1.3
 489149080, 0.358, 0.817, 1.298
 489348793, 0.229, 0.816, 1.296
 489548901, 0.328, 0.814, 1.294
 489749063, 0.314, 0.813, 1.294
 489968475, 0.355, 0.811, 1.292
 490168469, 0.351, 0.8100001, 1.291
 490368454, 0.307, 0.809, 1.29
 490568471, 0.364, 0.808, 1.288
 490768459, 0.321, 0.807, 1.287
 490968480, 0.344, 0.807, 1.286
 491149102, 0.341, 0.8060001, 1.285
 491370656, 0.231, 0.8050001, 1.284
 491569735, 0.369, 0.804, 1.283
 491749532, 0.338, 0.804, 1.282
 491950086, 0.21, 0.803, 1.281
 492150474, 0.235, 0.802, 1.28
 492350626, 0.359, 0.802, 1.279
 492550477, 0.281, 0.8010001, 1.278
 492750891, 0.335, 0.8, 1.277
 492971150, 0.331, 0.799, 1.276
 493171679, 0.356, 0.798, 1.274
 493371919, 0.262, 0.7970001, 1.273
 493572419, 0.351, 0.7970001, 1.272
 493772922, 0.237, 0.7960001, 1.272
 493973626, 0.253, 0.7960001, 1.271
 494152956, 0.317, 0.795, 1.27
 494353670, 0.366, 0.7970001, 1.273
 494554747, 0.327, 0.7970001, 1.272
 494754057, 0.284, 0.7960001, 1.272
 494954943, 0.295, 0.795, 1.271
 495154177, 0.221, 0.795, 1.271
 495354053, 0.231, 0.794, 1.27
 495554039, 0.352, 0.794, 1.269
 495754455, 0.342, 0.793, 1.269
 495975458, 0.29, 0.7920001, 1.268
 496174877, 0.35, 0.7920001, 1.267
 496355530, 0.374, 0.7920001, 1.267
 496555693, 0.355, 0.791, 1.266
 496775704, 0.344, 0.791, 1.266
 496955707, 0.224, 0.79, 1.265
 497155899, 0.266, 0.79, 1.264
 497355932, 0.347, 0.79, 1.264
 497556117, 0.352, 0.79, 1.264
 497755910, 0.358, 0.789, 1.263
 497956691, 0.248, 0.789, 1.263
 498156737, 0.265, 0.788, 1.262
 498357086, 0.295, 0.7870001, 1.262
 498557574, 0.356, 0.7870001, 1.261
 498778565, 0.356, 0.786, 1.26
 498957594, 0.364, 0.786, 1.26
 499157524, 0.287, 0.785, 1.259
 499357555, 0.363, 0.785, 1.258
 499557558, 0.317, 0.784, 1.258
 499757563, 0.322, 0.784, 1.257
 499957556, 0.274, 0.7830001, 1.256
 500157911, 0.242, 0.7830001, 1.256
 500357918, 0.342, 0.784, 1.256
 500558513, 0.334, 0.784, 1.256
 500758472, 0.333, 0.7830001, 1.256
 500958764, 0.348, 0.7830001, 1.255
 501159080, 0.351, 0.7820001, 1.255
 501359110, 0.335, 0.7820001, 1.255
 501559810, 0.315, 0.7820001, 1.255
 501760753, 0.255, 0.7820001, 1.254
 501959831, 0.307, 0.781, 1.254
 502159830, 0.303, 0.781, 1.255
 502360290, 0.319, 0.781, 1.255
 502560586, 0.344, 0.78, 1.254
 502781070, 0.288, 0.78, 1.254
 502961464, 0.246, 0.779, 1.254
 503161428, 0.373, 0.779, 1.254
 503361429, 0.368, 0.779, 1.254
 503561904, 0.238, 0.779, 1.254
 503763161, 0.283, 0.7780001, 1.254
 503962628, 0.339, 0.7780001, 1.254
 504162797, 0.24, 0.7780001, 1.254
 504362651, 0.251, 0.7780001, 1.254
 504562676, 0.311, 0.777, 1.254
 504762942, 0.313, 0.777, 1.253
 504963083, 0.369, 0.777, 1.253
 505162955, 0.29, 0.777, 1.253
 505362931, 0.327, 0.776, 1.253
 505562926, 0.363, 0.776, 1.252
 505763578, 0.284, 0.7780001, 1.256
 505963779, 0.354, 0.7780001, 1.256
 506163569, 0.365, 0.7780001, 1.256
 506363576, 0.315, 0.7780001, 1.257
 506563597, 0.269, 0.7780001, 1.257
 506763557, 0.212, 0.777, 1.257
 506963610, 0.3, 0.777, 1.257
 507163604, 0.304, 0.777, 1.256
 507363580, 0.212, 0.777, 1.256
 507563589, 0.326, 0.776, 1.256
 507764148, 0.34, 0.776, 1.256
 507964170, 0.246, 0.776, 1.256
 508164119, 0.221, 0.776, 1.256
 508364560, 0.256, 0.776, 1.257
 508565652, 0.359, 0.776, 1.257
 508785180, 0.373, 0.776, 1.257
 508966768, 0.249, 0.776, 1.257
 509166200, 0.319, 0.776, 1.257
 509365959, 0.364, 0.776, 1.258
 509566360, 0.28, 0.776, 1.258
 509766041, 0.25, 0.776, 1.258
 509966089, 0.223, 0.776, 1.259
 510166498, 0.309, 0.776, 1.258
 510346384, 0.349, 0.776, 1.258
 510566387, 0.278, 0.776, 1.259
 510766373, 0.369, 0.776, 1.259
 510966960, 0.318, 0.775, 1.258
 511167412, 0.208, 0.775, 1.258
 511367559, 0.348, 0.775, 1.259
 511567446, 0.349, 0.775, 1.259
 511767868, 0.357, 0.776, 1.259
 511967873, 0.319, 0.775, 1.257
 512169061, 0.293, 0.775, 1.256
 512369780, 0.291, 0.775, 1.257
 512568932, 0.264, 0.775, 1.257
 512768907, 0.374, 0.775, 1.257
 512949534, 0.273, 0.775, 1.257
 513169503, 0.364, 0.775, 1.257
 513349498, 0.357, 0.775, 1.257
 513549359, 0.243, 0.775, 1.257
 513769838, 0.338, 0.774, 1.257
 513969785, 0.268, 0.774, 1.257
 514150946, 0.261, 0.776, 1.262
 514350628, 0.321, 0.777, 1.262
 514550716, 0.317, 0.777, 1.263
 514770559, 0.272, 0.777, 1.263
 514950578, 0.317, 0.776, 1.263
 515150740, 0.364, 0.776, 1.263
 515350894, 0.226, 0.775, 1.263
 515550891, 0.365, 0.776, 1.263
 515750878, 0.328, 0.776, 1.263
 515950884, 0.352, 0.777, 1.263
 516150883, 0.326, 0.777, 1.263
 516370856, 0.313, 0.7780001, 1.266
 516550892, 0.353, 0.7780001, 1.266
 516771481, 0.356, 0.78, 1.269
 516972103, 0.314, 0.781, 1.269
 517171345, 0.364, 0.7820001, 1.27
 517371341, 0.371, 0.7830001, 1.272
 517572632, 0.256, 0.784, 1.273
 517771613, 0.366, 0.785, 1.273
 517971601, 0.331, 0.786, 1.272
 518151131, 0.365, 0.786, 1.271
 518371574, 0.284, 0.786, 1.27
 518551601, 0.343, 0.786, 1.268
 518771502, 0.245, 0.7870001, 1.271
 518971545, 0.351, 0.788, 1.269
 519151496, 0.248, 0.789, 1.269
 519351508, 0.202, 0.79, 1.268
 519551526, 0.371, 0.791, 1.268
 519751523, 0.392, 0.793, 1.275
 519951572, 0.253, 0.794, 1.27
 520151531, 0.351, 0.795, 1.275
 520351501, 0.422, 0.7970001, 1.279
 520551564, 0.484, 0.8, 1.287
 520771509, 0.456, 0.807, 1.296
 520951512, 0.503, 0.818, 1.308
 521151522, 0.408, 0.83, 1.311
 521351700, 0.382, 0.841, 1.313
 521551569, 0.391, 0.85, 1.296
 521751529, 0.357, 0.855, 1.292
 521951517, 0.448, 0.858, 1.294
 522151524, 0.364, 0.862, 1.298
