TimeUS,CGpN,CGpE,CGpD,CGpe,PGpN,PGpE,PGpD,PGpe
 116430909, 0, 0, 0, 0.05, 0, 0, 0, 0.05
 116630829, 0, 0, 0, 0.05, 0, 0, 0, 0.05
 116830749, 0, 0, 0, 0.05, 0, 0, 0, 0.05
 117030669, 0, 0, 0, 0.05, 0, 0, 0, 0.05
 117231422, 0, 0, 0, 0.05, 0, 0, 0, 0.05
 117431342, 0, 0, 0, 0.05, 0, 0, 0, 0.05
 117631262, 0, 0, 0, 0.05, 0, 0, 0, 0.05
 117831182, 0, 0, 0, 0.05, 0, 0, 0, 0.05
 118031102, 0, 0, 0, 0.05, 0, 0, 0, 0.05
 118231022, 0, 0, 0, 0.05, 0, 0, 0, 0.05
 118430942, 0, 0, 0, 0.05, 0, 0, 0, 0.05
 118630862, 0, 0, 0, 0.05, 0, 0, 0, 0.05
 118830782, 0, 0, 0, 0.05, 0, 0, 0, 0.05
 119030702, 0, 0, 0, 0.05, 0, 0, 0, 0.05
 119231455, 0, 0, 0, 0.05, 0, 0, 0, 0.05
 119431375, 0, 0, 0, 0.05, 0, 0, 0, 0.05
 119631295, 0, 0, 0, 0.05, 0, 0, 0, 0.05
 119831215, 0, 0, 0, 0.05, 0, 0, 0, 0.05
 120031135, 0, 0, 0, 0.05, 0, 0, 0, 0.05
 120231055, 0, 0, 0, 0.05, 0, 0, 0, 0.05
 120430975, 0, 0, 0, 0.05, 0, 0, 0, 0.05
 120630895, 0, 0, 0, 0.05, 0, 0, 0, 0.05
 120830815, 0, 0, 0, 0.05, 0, 0, 0, 0.05
 121030735, 0, 0, 0, 0.05, 0, 0, 0, 0.05
 121230655, 0, 0, 0, 0.05, 0, 0, 0, 0.05
 121431408, 0, 0, 0, 0.05, 0, 0, 0, 0.05
 121631328, 0, 0, 0, 0.05, 0, 0, 0, 0.05
 121831248, 0, 0, 0, 0.05, 0, 0, 0, 0.05
 122031168, 0, 0, 0, 0.05, 0, 0, 0, 0.05
 122231088, 0, 0, 0, 0.05, 0, 0, 0, 0.05
 122431008, 0, 0, 0, 0.05, 0, 0, 0, 0.05
 122630928, 0, 0, 0, 0.05, 0, 0, 0, 0.05
 122830848, 0, 0, -0.094, 0.05, 0, 0, 0, 0.05
 123030768, 0, 0, -0.257, 0.05, 0, 0, -0.094, 0.05
 123230688, 0, 0, -0.383, 0.05, 0, 0, -0.257, 0.05
 123431441, 0.015, 0.002, -1.326, 0.05, 0, 0, -0.383, 0.05
 123631361, 0.075, 0.013, -1.774, 0.05, 0.015, 0.002, -1.326, 0.05
 123831281, 0.141, 0.026, -1.796, 0.05, 0.075, 0.013, -1.774, 0.05
 124031201, 0.159, 0.026, -1.957, 0.05, 0.141, 0.026, -1.796, 0.05
 124231121, 0.13, 0.016, -2.134, 0.05, 0.159, 0.026, -1.957, 0.05
 124431041, 0.09100001, 0.008, -2.256, 0.05, 0.13, 0.016, -2.134, 0.05
 124630961, 0.066, 0.006, -2.348, 0.05, 0.09100001, 0.008, -2.256, 0.05
 124830881, 0.049, 0.01, -2.419, 0.05, 0.066, 0.006, -2.348, 0.05
 125030801, 0.036, 0.007, -2.469, 0.05, 0.049, 0.01, -2.419, 0.05
 125230721, 0.03, -0.018, -2.502, 0.05, 0.036, 0.007, -2.469, 0.05
 125431474, 0.027, -0.059, -2.523, 0.05, 0.03, -0.018, -2.502, 0.05
 125631394, 0.02, -0.094, -2.531, 0.05, 0.027, -0.059, -2.523, 0.05
 125831314, 0.005, -0.118, -2.527, 0.05, 0.02, -0.094, -2.531, 0.05
 126031234, -0.015, -0.123, -2.519, 0.05, 0.005, -0.118, -2.527, 0.05
 126231154, -0.035, -0.107, -2.509, 0.05, -0.015, -0.123, -2.519, 0.05
 126431074, -0.049, -0.094, -2.486, 0.05, -0.035, -0.107, -2.509, 0.05
 126630994, -0.06, -0.089, -2.439, 0.05, -0.049, -0.094, -2.486, 0.05
 126830914, -0.085, -0.074, -2.358, 0.05, -0.06, -0.089, -2.439, 0.05
 127030834, -0.127, -0.033, -2.238, 0.05, -0.085, -0.074, -2.358, 0.05
 127230754, -0.173, 0.019, -2.076, 0.05, -0.127, -0.033, -2.238, 0.05
 127430674, -0.196, 0.046, -1.85, 0.05, -0.173, 0.019, -2.076, 0.05
 127631427, -0.2, 0.056, -1.571, 0.05, -0.196, 0.046, -1.85, 0.05
 127831347, -0.193, 0.063, -1.274, 0.05, -0.2, 0.056, -1.571, 0.05
 128031267, -0.165, 0.059, -0.9260001, 0.05, -0.193, 0.063, -1.274, 0.05
 128231187, -0.126, 0.062, -0.574, 0.05, -0.165, 0.059, -0.9260001, 0.05
 128431107, -0.087, 0.07, -0.253, 0.05, -0.126, 0.062, -0.574, 0.05
 128631027, -0.062, 0.07, 0.018, 0.05, -0.087, 0.07, -0.253, 0.05
 128830947, -0.06500001, 0.063, 0.229, 0.05, -0.062, 0.07, 0.018, 0.05
 129030867, -0.086, 0.075, 0.382, 0.05, -0.06500001, 0.063, 0.229, 0.05
 129230787, -0.115, 0.104, 0.476, 0.05, -0.086, 0.075, 0.382, 0.05
 129430707, -0.13, 0.124, 0.5190001, 0.05, -0.115, 0.104, 0.476, 0.05
 129631460, -0.123, 0.121, 0.508, 0.05, -0.13, 0.124, 0.5190001, 0.05
 129831380, -0.102, 0.09500001, 0.425, 0.05, -0.123, 0.121, 0.508, 0.05
 130031300, -0.042, 0.034, 0.312, 0.05, -0.102, 0.09500001, 0.425, 0.05
 130231220, 0.075, -0.05, 0.189, 0.05, -0.042, 0.034, 0.312, 0.05
 130431140, 0.232, -0.118, 0.07300001, 0.05, 0.075, -0.05, 0.189, 0.05
 130631060, 0.404, -0.161, -0.029, 0.05, 0.232, -0.118, 0.07300001, 0.05
 130830980, 0.6070001, -0.196, -0.117, 0.05, 0.404, -0.161, -0.029, 0.05
 131030900, 0.831, -0.238, -0.195, 0.05, 0.6070001, -0.196, -0.117, 0.05
 131230820, 1.056, -0.265, -0.266, 0.05, 0.831, -0.238, -0.195, 0.05
 131430740, 1.276, -0.245, -0.334, 0.05, 1.056, -0.265, -0.266, 0.05
 131630660, 1.479, -0.165, -0.405, 0.05, 1.276, -0.245, -0.334, 0.05
 131831413, 1.657, -0.078, -0.485, 0.05, 1.479, -0.165, -0.405, 0.05
 132031333, 1.827, -0.008, -0.572, 0.05, 1.657, -0.078, -0.485, 0.05
 132231253, 2.007, 0.033, -0.6620001, 0.05, 1.827, -0.008, -0.572, 0.05
 132431173, 2.207, 0.052, -0.758, 0.05, 2.007, 0.033, -0.6620001, 0.05
 132631093, 2.398, 0.072, -0.862, 0.05, 2.207, 0.052, -0.758, 0.05
 132831013, 2.56, 0.09900001, -0.97, 0.05, 2.398, 0.072, -0.862, 0.05
 133030933, 2.711, 0.105, -1.068, 0.05, 2.56, 0.09900001, -0.97, 0.05
 133230853, 2.868, 0.08000001, -1.147, 0.05, 2.711, 0.105, -1.068, 0.05
 133430773, 3.016, 0.06, -1.209, 0.05, 2.868, 0.08000001, -1.147, 0.05
 133630693, 3.149, 0.068, -1.257, 0.05, 3.016, 0.06, -1.209, 0.05
 133831446, 3.273, 0.08000001, -1.291, 0.05, 3.149, 0.068, -1.257, 0.05
 134031366, 3.391, 0.08000001, -1.316, 0.05, 3.273, 0.08000001, -1.291, 0.05
 134231286, 3.499, 0.071, -1.335, 0.05, 3.391, 0.08000001, -1.316, 0.05
 134431206, 3.599, 0.054, -1.347, 0.05, 3.499, 0.071, -1.335, 0.05
 134631126, 3.688, 0.029, -1.356, 0.05, 3.599, 0.054, -1.347, 0.05
 134831046, 3.765, 0.015, -1.363, 0.05, 3.688, 0.029, -1.356, 0.05
 135030966, 3.835, 0.017, -1.368, 0.05, 3.765, 0.015, -1.363, 0.05
 135230886, 3.904, 0.008, -1.371, 0.05, 3.835, 0.017, -1.368, 0.05
 135430806, 3.984, -0.026, -1.375, 0.05, 3.904, 0.008, -1.371, 0.05
 135630726, 4.069, -0.057, -1.379, 0.05, 3.984, -0.026, -1.375, 0.05
 135831479, 4.142, -0.054, -1.385, 0.05, 4.069, -0.057, -1.379, 0.05
 136031399, 4.198, -0.017, -1.391, 0.05, 4.142, -0.054, -1.385, 0.05
 136231319, 4.24, 0.014, -1.395, 0.05, 4.198, -0.017, -1.391, 0.05
 136431239, 4.287, 0.026, -1.396, 0.05, 4.24, 0.014, -1.395, 0.05
 136631159, 4.337, 0.045, -1.396, 0.05, 4.287, 0.026, -1.396, 0.05
 136831079, 4.383, 0.074, -1.397, 0.05, 4.337, 0.045, -1.396, 0.05
 137030999, 4.428, 0.06500001, -1.397, 0.05, 4.383, 0.074, -1.397, 0.05
 137230919, 4.468, 0.007, -1.398, 0.05, 4.428, 0.06500001, -1.397, 0.05
 137430839, 4.492, -0.039, -1.4, 0.05, 4.468, 0.007, -1.398, 0.05
 137630759, 4.502, -0.043, -1.402, 0.05, 4.492, -0.039, -1.4, 0.05
 137830679, 4.51, -0.047, -1.403, 0.05, 4.502, -0.043, -1.402, 0.05
 138031432, 4.524, -0.068, -1.404, 0.05, 4.51, -0.047, -1.403, 0.05
 138231352, 4.548, -0.082, -1.405, 0.05, 4.524, -0.068, -1.404, 0.05
 138431272, 4.573, -0.06, -1.407, 0.05, 4.548, -0.082, -1.405, 0.05
 138631192, 4.591, -0.024, -1.409, 0.05, 4.573, -0.06, -1.407, 0.05
 138831112, 4.602, -0.009000001, -1.41, 0.05, 4.591, -0.024, -1.409, 0.05
 139031032, 4.611, -0.021, -1.41, 0.05, 4.602, -0.009000001, -1.41, 0.05
 139230952, 4.626, -0.056, -1.409, 0.05, 4.611, -0.021, -1.41, 0.05
 139430872, 4.647, -0.09200001, -1.406, 0.05, 4.626, -0.056, -1.409, 0.05
 139630792, 4.662, -0.112, -1.39, 0.05, 4.647, -0.09200001, -1.406, 0.05
 139830712, 4.666, -0.127, -1.374, 0.05, 4.662, -0.112, -1.39, 0.05
 140031465, 4.662, -0.141, -1.359, 0.05, 4.666, -0.127, -1.374, 0.05
 140231385, 4.659, -0.168, -1.345, 0.05, 4.662, -0.141, -1.359, 0.05
 140431305, 4.66, -0.201, -1.336, 0.05, 4.659, -0.168, -1.345, 0.05
 140631225, 4.659, -0.213, -1.319, 0.05, 4.66, -0.201, -1.336, 0.05
 140831145, 4.661, -0.214, -1.313, 0.05, 4.659, -0.213, -1.319, 0.05
 141031065, 4.664, -0.2, -1.318, 0.05, 4.661, -0.214, -1.313, 0.05
 141230985, 4.664, -0.16, -1.325, 0.05, 4.664, -0.2, -1.318, 0.05
 141430905, 4.666, -0.114, -1.319, 0.05, 4.664, -0.16, -1.325, 0.05
 141630825, 4.671, -0.07300001, -1.315, 0.05, 4.666, -0.114, -1.319, 0.05
 141830745, 4.675, -0.051, -1.314, 0.05, 4.671, -0.07300001, -1.315, 0.05
 142030665, 4.678, -0.039, -1.316, 0.05, 4.675, -0.051, -1.314, 0.05
 142231418, 4.678, -0.015, -1.323, 0.05, 4.678, -0.039, -1.316, 0.05
 142431338, 4.674, 0.032, -1.334, 0.05, 4.678, -0.015, -1.323, 0.05
 142631258, 4.663, 0.093, -1.308, 0.05, 4.674, 0.032, -1.334, 0.05
 142831178, 4.667, 0.135, -1.311, 0.05, 4.663, 0.093, -1.308, 0.05
 143031098, 4.67, 0.142, -1.327, 0.05, 4.667, 0.135, -1.311, 0.05
 143231018, 4.674, 0.131, -1.339, 0.05, 4.67, 0.142, -1.327, 0.05
 143430938, 4.683, 0.109, -1.334, 0.05, 4.674, 0.131, -1.339, 0.05
 143630858, 4.689, 0.06900001, -1.324, 0.05, 4.683, 0.109, -1.334, 0.05
 143830778, 4.684, 0.03, -1.302, 0.05, 4.689, 0.06900001, -1.324, 0.05
 144030698, 4.68, 0.01, -1.281, 0.05, 4.684, 0.03, -1.302, 0.05
 144231451, 4.68, 0.021, -1.259, 0.05, 4.68, 0.01, -1.281, 0.05
 144431371, 4.687, 0.033, -1.262, 0.05, 4.68, 0.021, -1.259, 0.05
 144631291, 4.691, 0.031, -1.273, 0.05, 4.687, 0.033, -1.262, 0.05
 144831211, 4.693, 0.034, -1.28, 0.05, 4.691, 0.031, -1.273, 0.05
 145031131, 4.697, 0.046, -1.289, 0.05, 4.693, 0.034, -1.28, 0.05
 145231051, 4.7, 0.058, -1.296, 0.05, 4.697, 0.046, -1.289, 0.05
 145430971, 4.667, 0.059, -1.212, 0.05, 4.7, 0.058, -1.296, 0.05
 145630891, 4.549, 0.068, -1.037, 0.05, 4.667, 0.059, -1.212, 0.05
 145830811, 4.409, 0.09200001, -0.825, 0.05, 4.549, 0.068, -1.037, 0.05
 146030731, 4.353, 0.101, -0.615, 0.05, 4.409, 0.09200001, -0.825, 0.05
 146231484, 4.357, 0.108, -0.437, 0.05, 4.353, 0.101, -0.615, 0.05
 146431404, 4.37, 0.113, -0.299, 0.05, 4.357, 0.108, -0.437, 0.05
 146631324, 4.376, 0.107, -0.196, 0.05, 4.37, 0.113, -0.299, 0.05
 146831244, 4.384, 0.094, -0.123, 0.05, 4.376, 0.107, -0.196, 0.05
 147031164, 4.398, 0.07700001, -0.07300001, 0.05, 4.384, 0.094, -0.123, 0.05
 147231084, 4.418, 0.06, -0.043, 0.05, 4.398, 0.07700001, -0.07300001, 0.05
 147431004, 4.444, 0.053, -0.024, 0.05, 4.418, 0.06, -0.043, 0.05
 147630924, 4.472, 0.06500001, -0.015, 0.05, 4.444, 0.053, -0.024, 0.05
 147830844, 4.502, 0.079, -0.009000001, 0.05, 4.472, 0.06500001, -0.015, 0.05
 148030764, 4.531, 0.085, -0.007, 0.05, 4.502, 0.079, -0.009000001, 0.05
 148230684, 4.558, 0.083, -0.005, 0.05, 4.531, 0.085, -0.007, 0.05
 148431437, 4.586, 0.075, -0.004, 0.05, 4.558, 0.083, -0.005, 0.05
 148631357, 4.613, 0.059, -0.004, 0.05, 4.586, 0.075, -0.004, 0.05
 148831277, 4.64, 0.03, -0.004, 0.05, 4.613, 0.059, -0.004, 0.05
 149031197, 4.675, -0.02, -0.002, 0.05, 4.64, 0.03, -0.004, 0.05
 149231117, 4.707, -0.07600001, -0.002, 0.05, 4.675, -0.02, -0.002, 0.05
 149431037, 4.724, -0.097, -0.002, 0.05, 4.707, -0.07600001, -0.002, 0.05
 149630957, 4.736, -0.09100001, -0.001, 0.05, 4.724, -0.097, -0.002, 0.05
 149830877, 4.757, -0.07600001, 0.001, 0.05, 4.736, -0.09100001, -0.001, 0.05
 150030797, 4.79, -0.068, 0.003, 0.05, 4.757, -0.07600001, 0.001, 0.05
 150230717, 4.818, -0.094, 0.002, 0.05, 4.79, -0.068, 0.003, 0.05
 150431470, 4.818, -0.152, 0.001, 0.05, 4.818, -0.094, 0.002, 0.05
 150631390, 4.798, -0.212, 0, 0.05, 4.818, -0.152, 0.001, 0.05
 150831310, 4.785, -0.242, 0.001, 0.05, 4.798, -0.212, 0, 0.05
 151031230, 4.795, -0.238, 0.005, 0.05, 4.785, -0.242, 0.001, 0.05
 151231150, 4.821, -0.206, 0.006, 0.05, 4.795, -0.238, 0.005, 0.05
 151431070, 4.844, -0.163, 0.006, 0.05, 4.821, -0.206, 0.006, 0.05
 151630990, 4.852, -0.138, 0.003, 0.05, 4.844, -0.163, 0.006, 0.05
 151830910, 4.844, -0.154, 0.002, 0.05, 4.852, -0.138, 0.003, 0.05
 152030830, 4.83, -0.189, 0.002, 0.05, 4.844, -0.154, 0.002, 0.05
 152230750, 4.823, -0.21, 0.002, 0.05, 4.83, -0.189, 0.002, 0.05
 152430670, 4.835, -0.213, 0.003, 0.05, 4.823, -0.21, 0.002, 0.05
 152631423, 4.856, -0.201, 0.003, 0.05, 4.835, -0.213, 0.003, 0.05
 152831343, 4.873, -0.194, 0.001, 0.05, 4.856, -0.201, 0.003, 0.05
 153031263, 4.883, -0.184, 0, 0.05, 4.873, -0.194, 0.001, 0.05
 153231183, 4.893, -0.161, 0, 0.05, 4.883, -0.184, 0, 0.05
 153431103, 4.907, -0.118, -0.001, 0.05, 4.893, -0.161, 0, 0.05
 153631023, 4.921, -0.062, -0.001, 0.05, 4.907, -0.118, -0.001, 0.05
 153830943, 4.931, -0.01, -0.002, 0.05, 4.921, -0.062, -0.001, 0.05
 154030863, 4.933, 0.02, -0.003, 0.05, 4.931, -0.01, -0.002, 0.05
 154230783, 4.921, 0.045, -0.004, 0.05, 4.933, 0.02, -0.003, 0.05
 154430703, 4.906, 0.081, -0.003, 0.05, 4.921, 0.045, -0.004, 0.05
 154631456, 4.897, 0.111, -0.001, 0.05, 4.906, 0.081, -0.003, 0.05
 154831376, 4.895, 0.122, 0, 0.05, 4.897, 0.111, -0.001, 0.05
 155031296, 4.898, 0.123, 0, 0.05, 4.895, 0.122, 0, 0.05
 155231216, 4.899, 0.119, 0, 0.05, 4.898, 0.123, 0, 0.05
 155431136, 4.893, 0.116, 0, 0.05, 4.899, 0.119, 0, 0.05
 155631056, 4.888, 0.112, 0, 0.05, 4.893, 0.116, 0, 0.05
 155830976, 4.899, 0.108, 0.001, 0.05, 4.888, 0.112, 0, 0.05
 156030896, 4.915, 0.09100001, 0.001, 0.05, 4.899, 0.108, 0.001, 0.05
 156230816, 4.923, 0.049, 0, 0.05, 4.915, 0.09100001, 0.001, 0.05
 156430736, 4.928, 0.016, -0.001, 0.05, 4.923, 0.049, 0, 0.05
 156630656, 4.935, 0.022, -0.002, 0.05, 4.928, 0.016, -0.001, 0.05
 156831409, 4.944, 0.045, -0.002, 0.05, 4.935, 0.022, -0.002, 0.05
 157031329, 4.949, 0.056, -0.003, 0.05, 4.944, 0.045, -0.002, 0.05
 157231249, 4.942, 0.049, -0.003, 0.05, 4.949, 0.056, -0.003, 0.05
 157431169, 4.934, 0.036, -0.004, 0.05, 4.942, 0.049, -0.003, 0.05
 157631089, 4.935, 0.009000001, -0.003, 0.05, 4.934, 0.036, -0.004, 0.05
 157831009, 4.941, -0.026, -0.002, 0.05, 4.935, 0.009000001, -0.003, 0.05
 158030929, 4.944, -0.042, 0, 0.05, 4.941, -0.026, -0.002, 0.05
 158230849, 4.946, -0.035, 0, 0.05, 4.944, -0.042, 0, 0.05
 158430769, 4.948, -0.039, 0, 0.05, 4.946, -0.035, 0, 0.05
 158630689, 4.951, -0.07600001, 0, 0.05, 4.948, -0.039, 0, 0.05
 158831442, 4.956, -0.122, -0.001, 0.05, 4.951, -0.07600001, 0, 0.05
 159031362, 4.96, -0.137, -0.002, 0.05, 4.956, -0.122, -0.001, 0.05
 159231282, 4.953, -0.118, -0.003, 0.05, 4.96, -0.137, -0.002, 0.05
 159431202, 4.929, -0.094, -0.005, 0.05, 4.953, -0.118, -0.003, 0.05
 159631122, 4.909, -0.07600001, -0.004, 0.05, 4.929, -0.094, -0.005, 0.05
 159831042, 4.907, -0.06900001, -0.002, 0.05, 4.909, -0.07600001, -0.004, 0.05
 160030962, 4.91, -0.085, -0.002, 0.05, 4.907, -0.06900001, -0.002, 0.05
 160230882, 4.909, -0.109, -0.003, 0.05, 4.91, -0.085, -0.002, 0.05
 160430802, 4.91, -0.108, -0.003, 0.05, 4.909, -0.109, -0.003, 0.05
 160630722, 4.918, -0.07300001, -0.002, 0.05, 4.91, -0.108, -0.003, 0.05
 160831475, 4.929, -0.043, -0.002, 0.05, 4.918, -0.07300001, -0.002, 0.05
 161031395, 4.937, -0.043, -0.002, 0.05, 4.929, -0.043, -0.002, 0.05
 161231315, 4.941, -0.039, -0.003, 0.05, 4.937, -0.043, -0.002, 0.05
 161431235, 4.944, -0.006, -0.003, 0.05, 4.941, -0.039, -0.003, 0.05
 161631155, 4.941, 0.025, -0.003, 0.05, 4.944, -0.006, -0.003, 0.05
 161831075, 4.938, 0.024, -0.003, 0.05, 4.941, 0.025, -0.003, 0.05
 162030995, 4.939, 0.004, -0.002, 0.05, 4.938, 0.024, -0.003, 0.05
 162230915, 4.948, -0.014, -0.001, 0.05, 4.939, 0.004, -0.002, 0.05
 162430835, 4.966, -0.02, -0.001, 0.05, 4.948, -0.014, -0.001, 0.05
 162630755, 4.973, -0.014, -0.002, 0.05, 4.966, -0.02, -0.001, 0.05
 162830675, 4.975, -0.01, -0.003, 0.05, 4.973, -0.014, -0.002, 0.05
 163031428, 4.976, -0.02, -0.002, 0.05, 4.975, -0.01, -0.003, 0.05
 163231348, 4.975, -0.032, -0.001, 0.05, 4.976, -0.02, -0.002, 0.05
 163431268, 4.973, -0.035, 0, 0.05, 4.975, -0.032, -0.001, 0.05
 163631188, 4.973, -0.049, -0.001, 0.05, 4.973, -0.035, 0, 0.05
 163831108, 4.971, -0.075, -0.001, 0.05, 4.973, -0.049, -0.001, 0.05
 164031028, 4.956, -0.081, -0.002, 0.05, 4.971, -0.075, -0.001, 0.05
 164230948, 4.938, -0.072, -0.002, 0.05, 4.956, -0.081, -0.002, 0.05
 164430868, 4.936, -0.047, 0, 0.05, 4.938, -0.072, -0.002, 0.05
 164630788, 4.943, -0.016, 0, 0.05, 4.936, -0.047, 0, 0.05
 164830708, 4.951, 0.005, 0, 0.05, 4.943, -0.016, 0, 0.05
 165031461, 4.955, 0.018, -0.001, 0.05, 4.951, 0.005, 0, 0.05
 165231381, 4.963, 0.025, -0.001, 0.05, 4.955, 0.018, -0.001, 0.05
 165431301, 4.967, 0.016, -0.001, 0.05, 4.963, 0.025, -0.001, 0.05
 165631221, 4.963, 0.003, -0.002, 0.05, 4.967, 0.016, -0.001, 0.05
 165831141, 4.948, 0.003, -0.002, 0.05, 4.963, 0.003, -0.002, 0.05
 166031061, 4.94, 0.013, -0.001, 0.05, 4.948, 0.003, -0.002, 0.05
 166230981, 4.941, 0.026, 0, 0.05, 4.94, 0.013, -0.001, 0.05
 166430901, 4.936, 0.038, 0, 0.05, 4.941, 0.026, 0, 0.05
 166630821, 4.932, 0.045, 0, 0.05, 4.936, 0.038, 0, 0.05
 166830741, 4.929, 0.048, 0.001, 0.05, 4.932, 0.045, 0, 0.05
 167030661, 4.934, 0.049, 0.002, 0.05, 4.929, 0.048, 0.001, 0.05
 167231414, 4.943, 0.034, 0.003, 0.05, 4.934, 0.049, 0.002, 0.05
 167431334, 4.949, 0.006, 0.002, 0.05, 4.943, 0.034, 0.003, 0.05
 167631254, 4.944, -0.011, 0.002, 0.05, 4.949, 0.006, 0.002, 0.05
 167831174, 4.936, -0.007, 0.002, 0.05, 4.944, -0.011, 0.002, 0.05
 168031094, 4.935, 0, 0.003, 0.05, 4.936, -0.007, 0.002, 0.05
 168231014, 4.939, 0, 0.003, 0.05, 4.935, 0, 0.003, 0.05
 168430934, 4.942, 0, 0.001, 0.05, 4.939, 0, 0.003, 0.05
 168630854, 4.941, 0.001, 0.001, 0.05, 4.942, 0, 0.001, 0.05
 168830774, 4.941, -0.007, 0, 0.05, 4.941, 0.001, 0.001, 0.05
 169030694, 4.936, -0.017, 0, 0.05, 4.941, -0.007, 0, 0.05
 169231447, 4.933, -0.008, 0, 0.05, 4.936, -0.017, 0, 0.05
 169431367, 4.93, 0.025, -0.001, 0.05, 4.933, -0.008, 0, 0.05
 169631287, 4.935, 0.059, 0, 0.05, 4.93, 0.025, -0.001, 0.05
 169831207, 4.939, 0.07600001, -0.001, 0.05, 4.935, 0.059, 0, 0.05
 170031127, 4.946, 0.07300001, -0.002, 0.05, 4.939, 0.07600001, -0.001, 0.05
 170231047, 4.956, 0.049, -0.003, 0.05, 4.946, 0.07300001, -0.002, 0.05
 170430967, 4.966, 0.023, -0.004, 0.05, 4.956, 0.049, -0.003, 0.05
 170630887, 4.97, 0.007, -0.004, 0.05, 4.966, 0.023, -0.004, 0.05
 170830807, 4.971, 0.004, -0.006, 0.05, 4.97, 0.007, -0.004, 0.05
 171030727, 4.971, 0.023, -0.005, 0.05, 4.971, 0.004, -0.006, 0.05
 171231480, 4.972, 0.042, -0.004, 0.05, 4.971, 0.023, -0.005, 0.05
 171431400, 4.975, 0.047, -0.003, 0.05, 4.972, 0.042, -0.004, 0.05
 171631320, 4.977, 0.039, -0.001, 0.05, 4.975, 0.047, -0.003, 0.05
 171831240, 4.987, 0.036, 0, 0.05, 4.977, 0.039, -0.001, 0.05
 172031160, 4.992, 0.049, 0, 0.05, 4.987, 0.036, 0, 0.05
 172231080, 4.993, 0.055, 0, 0.05, 4.992, 0.049, 0, 0.05
 172431000, 4.986, 0.034, 0.001, 0.05, 4.993, 0.055, 0, 0.05
 172630920, 4.998, 0.009000001, 0.002, 0.05, 4.986, 0.034, 0.001, 0.05
 172830840, 5.008, 0.015, 0.002, 0.05, 4.998, 0.009000001, 0.002, 0.05
 173030760, 5.01, 0.052, 0.002, 0.05, 5.008, 0.015, 0.002, 0.05
 173230680, 5.017, 0.08400001, 0.002, 0.05, 5.01, 0.052, 0.002, 0.05
 173431433, 5.033, 0.07700001, 0, 0.05, 5.017, 0.08400001, 0.002, 0.05
 173631353, 5.042, 0.047, 0, 0.05, 5.033, 0.07700001, 0, 0.05
 173831273, 5.039, 0.032, -0.001, 0.05, 5.042, 0.047, 0, 0.05
 174031193, 5.026, 0.034, -0.002, 0.05, 5.039, 0.032, -0.001, 0.05
 174231113, 5.01, 0.035, -0.003, 0.05, 5.026, 0.034, -0.002, 0.05
 174431033, 5.014, 0.026, -0.001, 0.05, 5.01, 0.035, -0.003, 0.05
 174630953, 5.026, 0.01, 0, 0.05, 5.014, 0.026, -0.001, 0.05
 174830873, 5.044, -0.011, 0, 0.05, 5.026, 0.01, 0, 0.05
 175030793, 5.053, -0.035, -0.001, 0.05, 5.044, -0.011, 0, 0.05
 175230713, 5.051, -0.039, -0.001, 0.05, 5.053, -0.035, -0.001, 0.05
 175431466, 5.045, -0.044, -0.001, 0.05, 5.051, -0.039, -0.001, 0.05
 175631386, 5.035, -0.074, -0.001, 0.05, 5.045, -0.044, -0.001, 0.05
 175831306, 5.019, -0.096, -0.001, 0.05, 5.035, -0.074, -0.001, 0.05
 176031226, 5.013, -0.081, 0, 0.05, 5.019, -0.096, -0.001, 0.05
 176231146, 5.024, -0.039, 0.001, 0.05, 5.013, -0.081, 0, 0.05
 176431066, 0, 5E-05, 0.001, 0.05, 5.024, -0.039, 0.001, 0.05
 176630986, 0, 5E-05, 0, 0.05, 0, 5E-05, 0.001, 0.05
 176830906, 0, 5E-05, 0, 0.05, 0, 5E-05, 0, 0.05
 177030826, 0, 5E-05, 0, 0.05, 0, 5E-05, 0, 0.05
 177230746, 0, 5E-05, 0.001, 0.05, 0, 5E-05, 0, 0.05
 177430666, 0, 5E-05, 0.002, 0.05, 0, 5E-05, 0.001, 0.05
 177631419, 0, 5E-05, 0.002, 0.05, 0, 5E-05, 0.002, 0.05
 177831339, 0, 5E-05, 0.003, 0.05, 0, 5E-05, 0.002, 0.05
 178031259, 0, 5E-05, 0.003, 0.05, 0, 5E-05, 0.003, 0.05
 178231179, 0, 5E-05, 0.003, 0.05, 0, 5E-05, 0.003, 0.05
 178431099, 0, 5E-05, 0.003, 0.05, 0, 5E-05, 0.003, 0.05
 178631019, 0, 5E-05, 0.004, 0.05, 0, 5E-05, 0.003, 0.05
 178830939, 0, 5E-05, 0.004, 0.05, 0, 5E-05, 0.004, 0.05
 179030859, 0, 5E-05, 0.006, 0.05, 0, 5E-05, 0.004, 0.05
 179230779, 0, 5E-05, 0.008, 0.05, 0, 5E-05, 0.006, 0.05
 179430699, 0, 5E-05, 0.01, 0.05, 0, 5E-05, 0.008, 0.05
 179631452, 0, 5E-05, 0.013, 0.05, 0, 5E-05, 0.01, 0.05
 179831372, 0, 5E-05, 0.016, 0.05, 0, 5E-05, 0.013, 0.05
 180031292, 0, 5E-05, 0.021, 0.05, 0, 5E-05, 0.016, 0.05
 180231212, 0, 5E-05, 0.028, 0.05, 0, 5E-05, 0.021, 0.05
 180431132, 0, 5E-05, 0.037, 0.05, 0, 5E-05, 0.028, 0.05
 180631052, 0, 5E-05, 0.049, 0.05, 0, 5E-05, 0.037, 0.05
 180830972, 0, 5E-05, 0.064, 0.05, 0, 5E-05, 0.049, 0.05
 181030892, 0, 5E-05, 0.081, 0.05, 0, 5E-05, 0.064, 0.05
 181230812, 0, 5E-05, 0.101, 0.05, 0, 5E-05, 0.081, 0.05
 181430732, 0, 5E-05, 0.124, 0.05, 0, 5E-05, 0.101, 0.05
 181631485, 0, 5E-05, 0.15, 0.05, 0, 5E-05, 0.124, 0.05
 181831405, 0, 5E-05, 0.179, 0.05, 0, 5E-05, 0.15, 0.05
 182031325, 0, 5E-05, 0.211, 0.05, 0, 5E-05, 0.179, 0.05
 182231245, 0, 5E-05, 0.246, 0.05, 0, 5E-05, 0.211, 0.05
 182431165, 0, 5E-05, 0.282, 0.05, 0, 5E-05, 0.246, 0.05
 182631085, 0, 5E-05, 0.319, 0.05, 0, 5E-05, 0.282, 0.05
 182831005, 0, 5E-05, 0.356, 0.05, 0, 5E-05, 0.319, 0.05
 183030925, 0, 5E-05, 0.392, 0.05, 0, 5E-05, 0.356, 0.05
 183230845, 0, 5E-05, 0.428, 0.05, 0, 5E-05, 0.392, 0.05
 183430765, 0, 5E-05, 0.463, 0.05, 0, 5E-05, 0.428, 0.05
 183630685, 0, 5E-05, 0.496, 0.05, 0, 5E-05, 0.463, 0.05
 183831438, 0, 5E-05, 0.527, 0.05, 0, 5E-05, 0.496, 0.05
 184031358, 0, 5E-05, 0.554, 0.05, 0, 5E-05, 0.527, 0.05
 184231278, 0, 5E-05, 0.573, 0.05, 0, 5E-05, 0.554, 0.05
 184431198, 0, 5E-05, 0.5840001, 0.05, 0, 5E-05, 0.573, 0.05
 184631118, 0, 5E-05, 0.592, 0.05, 0, 5E-05, 0.5840001, 0.05
 184831038, 0, 5E-05, 0.596, 0.05, 0, 5E-05, 0.592, 0.05
 185030958, 0, 5E-05, 0.596, 0.05, 0, 5E-05, 0.596, 0.05
 185230878, 0, 5E-05, 0.591, 0.05, 0, 5E-05, 0.596, 0.05
 185430798, 0, 5E-05, 0.585, 0.05, 0, 5E-05, 0.591, 0.05
 185630718, 0, 5E-05, 0.5560001, 0.05, 0, 5E-05, 0.585, 0.05
 185831471, 0, 5E-05, 0.497, 0.05, 0, 5E-05, 0.5560001, 0.05
 186031391, 0, 5E-05, 0.406, 0.05, 0, 5E-05, 0.497, 0.05
 186231311, 0, 5E-05, 0.25, 0.05, 0, 5E-05, 0.406, 0.05
 186431231, 0, 5E-05, 0.039, 0.05, 0, 5E-05, 0.25, 0.05
 186631151, 0, 5E-05, -0.191, 0.05, 0, 5E-05, 0.039, 0.05
 186831071, 0, 5E-05, -0.42, 0.05, 0, 5E-05, -0.191, 0.05
 187030991, 0, 5E-05, -0.623, 0.05, 0, 5E-05, -0.42, 0.05
 187230911, 0, 5E-05, -0.7820001, 0.05, 0, 5E-05, -0.623, 0.05
 187430831, 0, 5E-05, -0.8850001, 0.05, 0, 5E-05, -0.7820001, 0.05
 187630751, 0, 5E-05, -0.9300001, 0.05, 0, 5E-05, -0.8850001, 0.05
 187830671, 0, 5E-05, -0.92, 0.05, 0, 5E-05, -0.9300001, 0.05
 188031424, 0, 5E-05, -0.8650001, 0.05, 0, 5E-05, -0.92, 0.05
 188231344, 0, 5E-05, -0.776, 0.05, 0, 5E-05, -0.8650001, 0.05
 188431264, 0, 5E-05, -0.665, 0.05, 0, 5E-05, -0.776, 0.05
 188631184, 0, 5E-05, -0.541, 0.05, 0, 5E-05, -0.665, 0.05
 188831104, 0, 5E-05, -0.415, 0.05, 0, 5E-05, -0.541, 0.05
 189031024, 0, 5E-05, -0.296, 0.05, 0, 5E-05, -0.415, 0.05
 189230944, 0, 5E-05, -0.188, 0.05, 0, 5E-05, -0.296, 0.05
 189430864, 0, 5E-05, -0.098, 0.05, 0, 5E-05, -0.188, 0.05
 189630784, 0, 5E-05, -0.028, 0.05, 0, 5E-05, -0.098, 0.05
 189830704, 0, 5E-05, 0.021, 0.05, 0, 5E-05, -0.028, 0.05
 190031457, 0, 5E-05, 0.05, 0.05, 0, 5E-05, 0.021, 0.05
 190231377, 0, 5E-05, 0.062, 0.05, 0, 5E-05, 0.05, 0.05
 190431297, 0, 5E-05, 0.061, 0.05, 0, 5E-05, 0.062, 0.05
 190631217, 0, 5E-05, 0.053, 0.05, 0, 5E-05, 0.061, 0.05
 190831137, 0, 5E-05, 0.041, 0.05, 0, 5E-05, 0.053, 0.05
 191031057, 0, 5E-05, 0.025, 0.05, 0, 5E-05, 0.041, 0.05
 191230977, 0, 5E-05, 0.009000001, 0.05, 0, 5E-05, 0.025, 0.05
 191430897, 0, 5E-05, -0.006, 0.05, 0, 5E-05, 0.009000001, 0.05
 191630817, 0, 5E-05, -0.02, 0.05, 0, 5E-05, -0.006, 0.05
 191830737, 0, 5E-05, -0.033, 0.05, 0, 5E-05, -0.02, 0.05
 192030657, 0, 5E-05, -0.043, 0.05, 0, 5E-05, -0.033, 0.05
 192231410, 0, 5E-05, -0.051, 0.05, 0, 5E-05, -0.043, 0.05
 192431330, 0, 5E-05, -0.057, 0.05, 0, 5E-05, -0.051, 0.05
 192631250, 0, 5E-05, -0.061, 0.05, 0, 5E-05, -0.057, 0.05
 192831170, 0, 5E-05, -0.063, 0.05, 0, 5E-05, -0.061, 0.05
 193031090, 0, 5E-05, -0.064, 0.05, 0, 5E-05, -0.063, 0.05
 193231010, 0, 5E-05, -0.06500001, 0.05, 0, 5E-05, -0.064, 0.05
 193430930, 0, 5E-05, -0.064, 0.05, 0, 5E-05, -0.06500001, 0.05
 193630850, 0, 5E-05, -0.063, 0.05, 0, 5E-05, -0.064, 0.05
 193830770, 0, 5E-05, -0.062, 0.05, 0, 5E-05, -0.063, 0.05
 194030690, 0, 5E-05, -0.06, 0.05, 0, 5E-05, -0.062, 0.05
 194231443, 0, 5E-05, -0.058, 0.05, 0, 5E-05, -0.06, 0.05
 194431363, 0, 5E-05, -0.056, 0.05, 0, 5E-05, -0.058, 0.05
 194631283, 0, 5E-05, -0.054, 0.05, 0, 5E-05, -0.056, 0.05
 194831203, 0, 5E-05, -0.053, 0.05, 0, 5E-05, -0.054, 0.05
 195031123, 0, 5E-05, -0.051, 0.05, 0, 5E-05, -0.053, 0.05
 195231043, 0, 5E-05, -0.05, 0.05, 0, 5E-05, -0.051, 0.05
 195430963, 0, 5E-05, -0.049, 0.05, 0, 5E-05, -0.05, 0.05
 195630883, 0, 5E-05, -0.047, 0.05, 0, 5E-05, -0.049, 0.05
 195830803, 0, 5E-05, -0.046, 0.05, 0, 5E-05, -0.047, 0.05
 196030723, 0, 5E-05, -0.045, 0.05, 0, 5E-05, -0.046, 0.05
 196231476, 0, 5E-05, -0.044, 0.05, 0, 5E-05, -0.045, 0.05
 196431396, 0, 5E-05, -0.043, 0.05, 0, 5E-05, -0.044, 0.05
 196631316, 0, 5E-05, -0.043, 0.05, 0, 5E-05, -0.043, 0.05
 196831236, 0, 5E-05, -0.042, 0.05, 0, 5E-05, -0.043, 0.05
 197031156, 0, 5E-05, -0.042, 0.05, 0, 5E-05, -0.042, 0.05
 197231076, 0, 5E-05, -0.042, 0.05, 0, 5E-05, -0.042, 0.05
 197430996, 0, 5E-05, -0.042, 0.05, 0, 5E-05, -0.042, 0.05
 197630916, 0, 5E-05, -0.041, 0.05, 0, 5E-05, -0.042, 0.05
 197830836, 0, 5E-05, -0.042, 0.05, 0, 5E-05, -0.041, 0.05
 198030756, 0, 5E-05, -0.042, 0.05, 0, 5E-05, -0.042, 0.05
 198230676, 0, 5E-05, -0.042, 0.05, 0, 5E-05, -0.042, 0.05
 198431429, 0, 5E-05, -0.042, 0.05, 0, 5E-05, -0.042, 0.05
 198631349, 0, 5E-05, -0.041, 0.05, 0, 5E-05, -0.042, 0.05
 198831269, 0, 5E-05, -0.041, 0.05, 0, 5E-05, -0.041, 0.05
 199031189, 0, 5E-05, -0.041, 0.05, 0, 5E-05, -0.041, 0.05
 199231109, 0, 5E-05, -0.04, 0.05, 0, 5E-05, -0.041, 0.05
 199431029, 0, 5E-05, -0.04, 0.05, 0, 5E-05, -0.04, 0.05
 199630949, 0, 5E-05, -0.04, 0.05, 0, 5E-05, -0.04, 0.05
 199830869, 0, 5E-05, -0.04, 0.05, 0, 5E-05, -0.04, 0.05
 200030789, 0, 5E-05, -0.039, 0.05, 0, 5E-05, -0.04, 0.05
 200230709, 0, 5E-05, -0.038, 0.05, 0, 5E-05, -0.039, 0.05
 200431462, 0, 5E-05, -0.037, 0.05, 0, 5E-05, -0.038, 0.05
 200631382, 0, 5E-05, -0.036, 0.05, 0, 5E-05, -0.037, 0.05
 200831302, 0, 5E-05, -0.035, 0.05, 0, 5E-05, -0.036, 0.05
 201031222, 0, 5E-05, -0.034, 0.05, 0, 5E-05, -0.035, 0.05
 201231142, 0, 5E-05, -0.033, 0.05, 0, 5E-05, -0.034, 0.05
 201431062, 0, 5E-05, -0.031, 0.05, 0, 5E-05, -0.033, 0.05
 201630982, 0, 5E-05, -0.03, 0.05, 0, 5E-05, -0.031, 0.05
 201830902, 0, 5E-05, -0.029, 0.05, 0, 5E-05, -0.03, 0.05
 202030822, 0, 5E-05, -0.028, 0.05, 0, 5E-05, -0.029, 0.05
 202230742, 0, 5E-05, -0.027, 0.05, 0, 5E-05, -0.028, 0.05
 202430662, 0, 5E-05, -0.026, 0.05, 0, 5E-05, -0.027, 0.05
 202631415, 0, 5E-05, -0.025, 0.05, 0, 5E-05, -0.026, 0.05
 202831335, 0, 5E-05, -0.023, 0.05, 0, 5E-05, -0.025, 0.05
 203031255, 0, 5E-05, -0.022, 0.05, 0, 5E-05, -0.023, 0.05
 203231175, 0, 5E-05, -0.021, 0.05, 0, 5E-05, -0.022, 0.05
 203431095, 0, 5E-05, -0.02, 0.05, 0, 5E-05, -0.021, 0.05
 203631015, 0, 5E-05, -0.018, 0.05, 0, 5E-05, -0.02, 0.05
 203830935, 0, 5E-05, -0.017, 0.05, 0, 5E-05, -0.018, 0.05
 204030855, 0, 5E-05, -0.017, 0.05, 0, 5E-05, -0.017, 0.05
 204230775, 0, 5E-05, -0.016, 0.05, 0, 5E-05, -0.017, 0.05
 204430695, 0, 5E-05, -0.015, 0.05, 0, 5E-05, -0.016, 0.05
 204631448, 0, 5E-05, -0.013, 0.05, 0, 5E-05, -0.015, 0.05
 204831368, 0, 5E-05, -0.014, 0.05, 0, 5E-05, -0.013, 0.05
 205031288, 0, 5E-05, -0.014, 0.05, 0, 5E-05, -0.014, 0.05
 205231208, 0, 5E-05, -0.013, 0.05, 0, 5E-05, -0.014, 0.05
 205431128, 0, 5E-05, -0.013, 0.05, 0, 5E-05, -0.013, 0.05
 205631048, 0, 5E-05, -0.013, 0.05, 0, 5E-05, -0.013, 0.05
 205830968, 0, 5E-05, -0.012, 0.05, 0, 5E-05, -0.013, 0.05
 206030888, 0, 5E-05, -0.012, 0.05, 0, 5E-05, -0.012, 0.05
 206230808, 0, 5E-05, -0.011, 0.05, 0, 5E-05, -0.012, 0.05
 206430728, 0, 5E-05, -0.009000001, 0.05, 0, 5E-05, -0.011, 0.05
 206631481, 0, 5E-05, -0.009000001, 0.05, 0, 5E-05, -0.009000001, 0.05
 206831401, 0, 5E-05, -0.01, 0.05, 0, 5E-05, -0.009000001, 0.05
 207031321, 0, 5E-05, -0.009000001, 0.05, 0, 5E-05, -0.01, 0.05
 207231241, 0, 5E-05, -0.01, 0.05, 0, 5E-05, -0.009000001, 0.05
 207431161, 0, 5E-05, -0.01, 0.05, 0, 5E-05, -0.01, 0.05
 207631081, 0, 5E-05, -0.009000001, 0.05, 0, 5E-05, -0.01, 0.05
 207831001, 0, 5E-05, -0.009000001, 0.05, 0, 5E-05, -0.009000001, 0.05
 208030921, 0, 5E-05, -0.009000001, 0.05, 0, 5E-05, -0.009000001, 0.05
 208230841, 0, 5E-05, -0.009000001, 0.05, 0, 5E-05, -0.009000001, 0.05
 208430761, 0, 5E-05, -0.008, 0.05, 0, 5E-05, -0.009000001, 0.05
 208630681, 0, 5E-05, -0.008, 0.05, 0, 5E-05, -0.008, 0.05
 208831434, 0, 5E-05, -0.008, 0.05, 0, 5E-05, -0.008, 0.05
 209031354, 0, 5E-05, -0.008, 0.05, 0, 5E-05, -0.008, 0.05
 209231274, 0, 5E-05, -0.008, 0.05, 0, 5E-05, -0.008, 0.05
 209431194, 0, 5E-05, -0.007, 0.05, 0, 5E-05, -0.008, 0.05
 209631114, 0, 5E-05, -0.007, 0.05, 0, 5E-05, -0.007, 0.05
 209831034, 0, 5E-05, -0.007, 0.05, 0, 5E-05, -0.007, 0.05
 210030954, 0, 5E-05, -0.007, 0.05, 0, 5E-05, -0.007, 0.05
 210230874, 0, 5E-05, -0.006, 0.05, 0, 5E-05, -0.007, 0.05
 210430794, 0, 5E-05, -0.006, 0.05, 0, 5E-05, -0.006, 0.05
 210630714, 0, 5E-05, -0.006, 0.05, 0, 5E-05, -0.006, 0.05
 210831467, 0, 5E-05, -0.006, 0.05, 0, 5E-05, -0.006, 0.05
 211031387, 0, 5E-05, -0.005, 0.05, 0, 5E-05, -0.006, 0.05
 211231307, 0, 5E-05, -0.005, 0.05, 0, 5E-05, -0.005, 0.05
 211431227, 0, 5E-05, -0.005, 0.05, 0, 5E-05, -0.005, 0.05
 211631147, 0, 5E-05, -0.005, 0.05, 0, 5E-05, -0.005, 0.05
 211831067, 0, 5E-05, -0.005, 0.05, 0, 5E-05, -0.005, 0.05
 212030987, 0, 5E-05, -0.005, 0.05, 0, 5E-05, -0.005, 0.05
 212230907, 0, 5E-05, -0.004, 0.05, 0, 5E-05, -0.005, 0.05
 212430827, 0, 5E-05, -0.002, 0.05, 0, 5E-05, -0.004, 0.05
 212630747, 0, 5E-05, -0.002, 0.05, 0, 5E-05, -0.002, 0.05
 212830667, 0, 5E-05, -0.003, 0.05, 0, 5E-05, -0.002, 0.05
 213031420, 0, 5E-05, -0.003, 0.05, 0, 5E-05, -0.003, 0.05
 213231340, 0, 5E-05, -0.002, 0.05, 0, 5E-05, -0.003, 0.05
 213431260, 0, 5E-05, -0.002, 0.05, 0, 5E-05, -0.002, 0.05
 213631180, 0, 5E-05, -0.001, 0.05, 0, 5E-05, -0.002, 0.05
 213831100, 0, 5E-05, 0, 0.05, 0, 5E-05, -0.001, 0.05
 214031020, 0, 5E-05, -0.001, 0.05, 0, 5E-05, 0, 0.05
 214230940, 0, 5E-05, 0, 0.05, 0, 5E-05, -0.001, 0.05
 214430860, 0, 5E-05, 0, 0.05, 0, 5E-05, 0, 0.05
 214630780, 0, 5E-05, -0.001, 0.05, 0, 5E-05, 0, 0.05
 214830700, 0, 5E-05, 0, 0.05, 0, 5E-05, -0.001, 0.05
 215031453, 0, 5E-05, 0, 0.05, 0, 5E-05, 0, 0.05
 215231373, 0, 5E-05, 0, 0.05, 0, 5E-05, 0, 0.05
 215431293, 0, 5E-05, 0, 0.05, 0, 5E-05, 0, 0.05
 215631213, 0, 5E-05, 0.001, 0.05, 0, 5E-05, 0, 0.05
 215831133, 0, 5E-05, 0.001, 0.05, 0, 5E-05, 0.001, 0.05
 216031053, 0, 5E-05, 0.001, 0.05, 0, 5E-05, 0.001, 0.05
 216230973, 0, 5E-05, 0.001, 0.05, 0, 5E-05, 0.001, 0.05
 216430893, 0, 5E-05, 0.002, 0.05, 0, 5E-05, 0.001, 0.05
 216630813, 0, 5E-05, 0.001, 0.05, 0, 5E-05, 0.002, 0.05
 216830733, 0, 5E-05, 0.001, 0.05, 0, 5E-05, 0.001, 0.05
 217031486, 0, 5E-05, 0.001, 0.05, 0, 5E-05, 0.001, 0.05
 217231406, 0, 5E-05, 0.001, 0.05, 0, 5E-05, 0.001, 0.05
 217431326, 0, 5E-05, 0.002, 0.05, 0, 5E-05, 0.001, 0.05
 217631246, 0, 5E-05, 0.003, 0.05, 0, 5E-05, 0.002, 0.05
 217831166, 0, 5E-05, 0.003, 0.05, 0, 5E-05, 0.003, 0.05
 218031086, 0, 5E-05, 0.002, 0.05, 0, 5E-05, 0.003, 0.05
 218231006, 0, 5E-05, 0.002, 0.05, 0, 5E-05, 0.002, 0.05
 218430926, 0, 5E-05, 0.002, 0.05, 0, 5E-05, 0.002, 0.05
 218630846, 0, 5E-05, 0.002, 0.05, 0, 5E-05, 0.002, 0.05
 218830766, 0, 5E-05, 0.003, 0.05, 0, 5E-05, 0.002, 0.05
 219030686, 0, 5E-05, 0.003, 0.05, 0, 5E-05, 0.003, 0.05
 219231439, 0, 5E-05, 0.003, 0.05, 0, 5E-05, 0.003, 0.05
 219431359, 0, 5E-05, 0.003, 0.05, 0, 5E-05, 0.003, 0.05
 219631279, 0, 5E-05, 0.003, 0.05, 0, 5E-05, 0.003, 0.05
 219831199, 0, 5E-05, 0.003, 0.05, 0, 5E-05, 0.003, 0.05
 220031119, 0, 5E-05, 0.002, 0.05, 0, 5E-05, 0.003, 0.05
 220231039, 0, 5E-05, 0.002, 0.05, 0, 5E-05, 0.002, 0.05
 220430959, 0, 5E-05, 0.001, 0.05, 0, 5E-05, 0.002, 0.05
 220630879, 0, 5E-05, 0.001, 0.05, 0, 5E-05, 0.001, 0.05
 220830799, 0, 5E-05, 0, 0.05, 0, 5E-05, 0.001, 0.05
 221030719, 0, 5E-05, 0, 0.05, 0, 5E-05, 0, 0.05
 221231472, 0, 5E-05, 0, 0.05, 0, 5E-05, 0, 0.05
 221431392, 0, 5E-05, 0, 0.05, 0, 5E-05, 0, 0.05
 221631312, 0, 5E-05, 0, 0.05, 0, 5E-05, 0, 0.05
 221831232, 0, 5E-05, 0, 0.05, 0, 5E-05, 0, 0.05
 222031152, 0, 5E-05, 0, 0.05, 0, 5E-05, 0, 0.05
 222231072, 0, 5E-05, 0, 0.05, 0, 5E-05, 0, 0.05
 222430992, 0, 5E-05, 0, 0.05, 0, 5E-05, 0, 0.05
 222630912, 0, 5E-05, 0, 0.05, 0, 5E-05, 0, 0.05
 222830832, 0, 5E-05, 0, 0.05, 0, 5E-05, 0, 0.05
 223030752, 0, 5E-05, 0.001, 0.05, 0, 5E-05, 0, 0.05
 223230672, 0, 5E-05, 0.001, 0.05, 0, 5E-05, 0.001, 0.05
 223431425, 0, 5E-05, 0.001, 0.05, 0, 5E-05, 0.001, 0.05
 223631345, 0, 5E-05, 0, 0.05, 0, 5E-05, 0.001, 0.05
 223831265, 0, 5E-05, 0, 0.05, 0, 5E-05, 0, 0.05
 224031185, 0, 5E-05, 0, 0.05, 0, 5E-05, 0, 0.05
 224231105, 0, 5E-05, 0, 0.05, 0, 5E-05, 0, 0.05
 224431025, 0, 5E-05, 0, 0.05, 0, 5E-05, 0, 0.05
 224630945, 0, 5E-05, 0, 0.05, 0, 5E-05, 0, 0.05
 224830865, 0, 5E-05, 0, 0.05, 0, 5E-05, 0, 0.05
 225030785, 0, 5E-05, 0, 0.05, 0, 5E-05, 0, 0.05
 225230705, 0, 5E-05, 0, 0.05, 0, 5E-05, 0, 0.05
 225431458, 0, 5E-05, 0, 0.05, 0, 5E-05, 0, 0.05
 225631378, 0, 5E-05, 0, 0.05, 0, 5E-05, 0, 0.05
 225831298, 0, 5E-05, 0, 0.05, 0, 5E-05, 0, 0.05
 226031218, 0, 5E-05, 0, 0.05, 0, 5E-05, 0, 0.05
 226231138, 0, 5E-05, 0, 0.05, 0, 5E-05, 0, 0.05
 226431058, 0, 5E-05, 0, 0.05, 0, 5E-05, 0, 0.05
 226630978, 0, 5E-05, 0, 0.05, 0, 5E-05, 0, 0.05
 226830898, 0, 5E-05, 0, 0.05, 0, 5E-05, 0, 0.05
 227030818, 0, 5E-05, 0, 0.05, 0, 5E-05, 0, 0.05
 227230738, 0, 5E-05, 0, 0.05, 0, 5E-05, 0, 0.05
 227430658, 0, 5E-05, 0, 0.05, 0, 5E-05, 0, 0.05
 227631411, 0, 5E-05, 0, 0.05, 0, 5E-05, 0, 0.05
 227831331, 0, 5E-05, 0, 0.05, 0, 5E-05, 0, 0.05
 228031251, 0, 5E-05, 0, 0.05, 0, 5E-05, 0, 0.05
 228231171, 0, 5E-05, -0.001, 0.05, 0, 5E-05, 0, 0.05
 228431091, 0, 5E-05, -0.001, 0.05, 0, 5E-05, -0.001, 0.05
 228631011, 0, 5E-05, -0.001, 0.05, 0, 5E-05, -0.001, 0.05
 228830931, 0, 5E-05, -0.001, 0.05, 0, 5E-05, -0.001, 0.05
 229030851, 0, 5E-05, -0.001, 0.05, 0, 5E-05, -0.001, 0.05
 229230771, 0, 5E-05, -0.001, 0.05, 0, 5E-05, -0.001, 0.05
 229430691, 0, 5E-05, -0.001, 0.05, 0, 5E-05, -0.001, 0.05
 229631444, 0, 5E-05, -0.001, 0.05, 0, 5E-05, -0.001, 0.05
 229831364, 0, 5E-05, -0.001, 0.05, 0, 5E-05, -0.001, 0.05
 230031284, 0, 5E-05, -0.001, 0.05, 0, 5E-05, -0.001, 0.05
 230231204, 0, 5E-05, -0.001, 0.05, 0, 5E-05, -0.001, 0.05
 230431124, 0, 5E-05, 0, 0.05, 0, 5E-05, -0.001, 0.05
 230631044, 0, 5E-05, 0, 0.05, 0, 5E-05, 0, 0.05
 230830964, 0, 5E-05, 0, 0.05, 0, 5E-05, 0, 0.05
 231030884, 0, 5E-05, 0, 0.05, 0, 5E-05, 0, 0.05
 231230804, 0, 5E-05, 0, 0.05, 0, 5E-05, 0, 0.05
 231430724, 0, 5E-05, 0, 0.05, 0, 5E-05, 0, 0.05
 231631477, 0, 5E-05, 0, 0.05, 0, 5E-05, 0, 0.05
 231831397, 0, 5E-05, 0.001, 0.05, 0, 5E-05, 0, 0.05
 232031317, 15.243, -2.223, 0, 0.05, 0, 5E-05, 0.001, 0.05
 232231237, 15.241, -2.227, 0, 0.05, 15.243, -2.223, 0, 0.05
 232431157, 15.239, -2.231, 0, 0.05, 15.241, -2.227, 0, 0.05
 232631077, 15.237, -2.234, 0, 0.05, 15.239, -2.231, 0, 0.05
 232830997, 15.236, -2.234, -0.001, 0.05, 15.237, -2.234, 0, 0.05
 233030917, 15.239, -2.233, -0.002, 0.05, 15.236, -2.234, -0.001, 0.05
 233230837, 15.212, -2.228, -0.019, 0.05, 15.239, -2.233, -0.002, 0.05
 233430757, 14.348, -2.252, -0.204, 0.05, 15.212, -2.228, -0.019, 0.05
 233630677, 11.857, -1.976, -0.168, 0.05, 14.348, -2.252, -0.204, 0.05
 233831430, 8.519, -1.228, -0.013, 0.05, 11.857, -1.976, -0.168, 0.05
 234031350, 5.277, -0.488, 0.002, 0.05, 8.519, -1.228, -0.013, 0.05
 234231270, 2.605, -0.122, -0.097, 0.05, 5.277, -0.488, 0.002, 0.05
 234431190, 0.476, 0.08800001, -0.148, 0.05, 2.605, -0.122, -0.097, 0.05
 234631110, -1.257, 0.35, -0.163, 0.05, 0.476, 0.08800001, -0.148, 0.05
 234831030, -2.527, 0.6070001, -0.169, 0.05, -1.257, 0.35, -0.163, 0.05
 235030950, -3.385, 0.737, -0.144, 0.05, -2.527, 0.6070001, -0.169, 0.05
 235230870, -4.012, 0.744, -0.093, 0.05, -3.385, 0.737, -0.144, 0.05
 235430790, -4.497, 0.693, -0.049, 0.05, -4.012, 0.744, -0.093, 0.05
 235630710, -4.848, 0.632, -0.029, 0.05, -4.497, 0.693, -0.049, 0.05
 235831463, -5.066, 0.601, -0.021, 0.05, -4.848, 0.632, -0.029, 0.05
 236031383, -5.191, 0.632, -0.013, 0.05, -5.066, 0.601, -0.021, 0.05
 236231303, -5.273, 0.684, -0.007, 0.05, -5.191, 0.632, -0.013, 0.05
 236431223, -5.342, 0.6580001, -0.006, 0.05, -5.273, 0.684, -0.007, 0.05
 236631143, -5.388, 0.565, -0.014, 0.05, -5.342, 0.6580001, -0.006, 0.05
 236831063, -5.391, 0.5, -0.026, 0.05, -5.388, 0.565, -0.014, 0.05
 237030983, -5.363, 0.514, -0.034, 0.05, -5.391, 0.5, -0.026, 0.05
 237230903, -5.327, 0.585, -0.035, 0.05, -5.363, 0.514, -0.034, 0.05
 237430823, -5.292, 0.664, -0.034, 0.05, -5.327, 0.585, -0.035, 0.05
 237630743, -5.254, 0.726, -0.031, 0.05, -5.292, 0.664, -0.034, 0.05
 237830663, -5.213, 0.763, -0.026, 0.05, -5.254, 0.726, -0.031, 0.05
 238031416, -5.175, 0.779, -0.02, 0.05, -5.213, 0.763, -0.026, 0.05
 238231336, -5.141, 0.775, -0.014, 0.05, -5.175, 0.779, -0.02, 0.05
 238431256, -5.112, 0.757, -0.007, 0.05, -5.141, 0.775, -0.014, 0.05
 238631176, -5.087, 0.738, -0.001, 0.05, -5.112, 0.757, -0.007, 0.05
 238831096, -5.064, 0.729, 0.003, 0.05, -5.087, 0.738, -0.001, 0.05
 239031016, -5.046, 0.7270001, 0.008, 0.05, -5.064, 0.729, 0.003, 0.05
 239230936, -5.033, 0.73, 0.013, 0.05, -5.046, 0.7270001, 0.008, 0.05
 239430856, -5.022, 0.733, 0.017, 0.05, -5.033, 0.73, 0.013, 0.05
 239630776, -5.013, 0.734, 0.021, 0.05, -5.022, 0.733, 0.017, 0.05
 239830696, -5, 0.731, 0.024, 0.05, -5.013, 0.734, 0.021, 0.05
 240031449, -4.997, 0.7220001, 0.027, 0.05, -5, 0.731, 0.024, 0.05
 240231369, -5.001, 0.7130001, 0.029, 0.05, -4.997, 0.7220001, 0.027, 0.05
 240431289, -5.005, 0.703, 0.028, 0.05, -5.001, 0.7130001, 0.029, 0.05
 240631209, -5.002, 0.696, 0.027, 0.05, -5.005, 0.703, 0.028, 0.05
 240831129, -4.993, 0.691, 0.027, 0.05, -5.002, 0.696, 0.027, 0.05
 241031049, -4.984, 0.686, 0.028, 0.05, -4.993, 0.691, 0.027, 0.05
 241230969, -4.981, 0.677, 0.029, 0.05, -4.984, 0.686, 0.028, 0.05
 241430889, -4.982, 0.668, 0.03, 0.05, -4.981, 0.677, 0.029, 0.05
 241630809, -4.984, 0.661, 0.032, 0.05, -4.982, 0.668, 0.03, 0.05
 241830729, -4.985, 0.659, 0.033, 0.05, -4.984, 0.661, 0.032, 0.05
 242031482, -4.988, 0.661, 0.035, 0.05, -4.985, 0.659, 0.033, 0.05
 242231402, -4.994, 0.665, 0.036, 0.05, -4.988, 0.661, 0.035, 0.05
 242431322, -5.002, 0.668, 0.037, 0.05, -4.994, 0.665, 0.036, 0.05
 242631242, -5.009, 0.669, 0.037, 0.05, -5.002, 0.668, 0.037, 0.05
 242831162, -5.035, 0.668, 0.037, 0.05, -5.009, 0.669, 0.037, 0.05
 243031082, -5.046, 0.665, 0.037, 0.05, -5.035, 0.668, 0.037, 0.05
 243231002, -5.01, 0.666, 0.036, 0.05, -5.046, 0.665, 0.037, 0.05
 243430922, -4.997, 0.669, 0.037, 0.05, -5.01, 0.666, 0.036, 0.05
 243630842, -5.076, 0.6720001, 0.038, 0.05, -4.997, 0.669, 0.037, 0.05
 243830762, -5.089, 0.674, 0.033, 0.05, -5.076, 0.6720001, 0.038, 0.05
 244030682, -5.074, 0.67, 0.03, 0.05, -5.089, 0.674, 0.033, 0.05
 244231435, -5.071, 0.668, 0.031, 0.05, -5.074, 0.67, 0.03, 0.05
 244431355, -5.083, 0.671, 0.032, 0.05, -5.071, 0.668, 0.031, 0.05
 244631275, -5.092, 0.678, 0.031, 0.05, -5.083, 0.671, 0.032, 0.05
 244831195, -5.09, 0.6810001, 0.029, 0.05, -5.092, 0.678, 0.031, 0.05
 245031115, -5.088, 0.682, 0.028, 0.05, -5.09, 0.6810001, 0.029, 0.05
 245231035, -5.089, 0.682, 0.027, 0.05, -5.088, 0.682, 0.028, 0.05
 245430955, -5.091, 0.684, 0.025, 0.05, -5.089, 0.682, 0.027, 0.05
 245630875, -5.092, 0.684, 0.024, 0.05, -5.091, 0.684, 0.025, 0.05
 245830795, -5.092, 0.679, 0.023, 0.05, -5.092, 0.684, 0.024, 0.05
 246030715, -5.091, 0.668, 0.021, 0.05, -5.092, 0.679, 0.023, 0.05
 246231468, -5.088, 0.657, 0.02, 0.05, -5.091, 0.668, 0.021, 0.05
 246431388, -5.083, 0.654, 0.019, 0.05, -5.088, 0.657, 0.02, 0.05
 246631308, -5.077, 0.652, 0.019, 0.05, -5.083, 0.654, 0.019, 0.05
 246831228, -5.071, 0.647, 0.018, 0.05, -5.077, 0.652, 0.019, 0.05
 247031148, -5.062, 0.642, 0.017, 0.05, -5.071, 0.647, 0.018, 0.05
 247231068, -5.054, 0.6440001, 0.017, 0.05, -5.062, 0.642, 0.017, 0.05
 247430988, -5.049, 0.651, 0.018, 0.05, -5.054, 0.6440001, 0.017, 0.05
 247630908, -5.048, 0.65, 0.018, 0.05, -5.049, 0.651, 0.018, 0.05
 247830828, -5.047, 0.641, 0.017, 0.05, -5.048, 0.65, 0.018, 0.05
 248030748, -5.048, 0.636, 0.017, 0.05, -5.047, 0.641, 0.017, 0.05
 248230668, -5.05, 0.64, 0.016, 0.05, -5.048, 0.636, 0.017, 0.05
 248431421, -5.053, 0.645, 0.015, 0.05, -5.05, 0.64, 0.016, 0.05
 248631341, -5.056, 0.647, 0.015, 0.05, -5.053, 0.645, 0.015, 0.05
 248831261, -5.06, 0.654, 0.015, 0.05, -5.056, 0.647, 0.015, 0.05
 249031181, -5.065, 0.66, 0.014, 0.05, -5.06, 0.654, 0.015, 0.05
 249231101, -5.065, 0.664, 0.013, 0.05, -5.065, 0.66, 0.014, 0.05
 249431021, -5.06, 0.666, 0.012, 0.05, -5.065, 0.664, 0.013, 0.05
 249630941, -5.054, 0.669, 0.011, 0.05, -5.06, 0.666, 0.012, 0.05
 249830861, -5.054, 0.671, 0.011, 0.05, -5.054, 0.669, 0.011, 0.05
 250030781, -5.058, 0.6760001, 0.011, 0.05, -5.054, 0.671, 0.011, 0.05
 250230701, -5.064, 0.682, 0.009000001, 0.05, -5.058, 0.6760001, 0.011, 0.05
 250431454, -5.071, 0.6850001, 0.008, 0.05, -5.064, 0.682, 0.009000001, 0.05
 250631374, -5.076, 0.689, 0.008, 0.05, -5.071, 0.6850001, 0.008, 0.05
 250831294, -5.077, 0.696, 0.008, 0.05, -5.076, 0.689, 0.008, 0.05
 251031214, -5.075, 0.696, 0.008, 0.05, -5.077, 0.696, 0.008, 0.05
 251231134, -5.073, 0.687, 0.008, 0.05, -5.075, 0.696, 0.008, 0.05
 251431054, -5.07, 0.674, 0.008, 0.05, -5.073, 0.687, 0.008, 0.05
 251630974, -5.069, 0.668, 0.007, 0.05, -5.07, 0.674, 0.008, 0.05
 251830894, -5.066, 0.663, 0.006, 0.05, -5.069, 0.668, 0.007, 0.05
 252030814, -5.061, 0.656, 0.006, 0.05, -5.066, 0.663, 0.006, 0.05
 252230734, -5.057, 0.654, 0.007, 0.05, -5.061, 0.656, 0.006, 0.05
 252430654, -5.054, 0.651, 0.007, 0.05, -5.057, 0.654, 0.007, 0.05
 252631407, -5.055, 0.646, 0.007, 0.05, -5.054, 0.651, 0.007, 0.05
 252831327, -5.057, 0.637, 0.007, 0.05, -5.055, 0.646, 0.007, 0.05
 253031247, -5.059, 0.636, 0.007, 0.05, -5.057, 0.637, 0.007, 0.05
 253231167, -5.061, 0.636, 0.006, 0.05, -5.059, 0.636, 0.007, 0.05
 253431087, -5.066, 0.634, 0.004, 0.05, -5.061, 0.636, 0.006, 0.05
 253631007, -5.072, 0.629, 0.003, 0.05, -5.066, 0.634, 0.004, 0.05
 253830927, -5.075, 0.6210001, 0.003, 0.05, -5.072, 0.629, 0.003, 0.05
 254030847, -5.076, 0.622, 0.001, 0.05, -5.075, 0.6210001, 0.003, 0.05
 254230767, -5.075, 0.629, 0, 0.05, -5.076, 0.622, 0.001, 0.05
 254430687, -5.073, 0.637, 0, 0.05, -5.075, 0.629, 0, 0.05
 254631440, -5.07, 0.643, 0, 0.05, -5.073, 0.637, 0, 0.05
 254831360, -5.065, 0.651, -0.001, 0.05, -5.07, 0.643, 0, 0.05
 255031280, -5.057, 0.654, -0.001, 0.05, -5.065, 0.651, -0.001, 0.05
 255231200, -5.049, 0.657, -0.001, 0.05, -5.057, 0.654, -0.001, 0.05
 255431120, -5.044, 0.66, -0.001, 0.05, -5.049, 0.657, -0.001, 0.05
 255631040, -5.004, 0.666, 0, 0.05, -5.044, 0.66, -0.001, 0.05
 255830960, -5.032, 0.666, 0.001, 0.05, -5.004, 0.666, 0, 0.05
 256030880, -5.076, 0.6580001, 0, 0.05, -5.032, 0.666, 0.001, 0.05
 256230800, -5.065, 0.656, -0.002, 0.05, -5.076, 0.6580001, 0, 0.05
 256430720, -5.012, 0.6580001, -0.002, 0.05, -5.065, 0.656, -0.002, 0.05
 256631473, -4.976, 0.659, 0.001, 0.05, -5.012, 0.6580001, -0.002, 0.05
 256831393, -5.019, 0.654, 0.003, 0.05, -4.976, 0.659, 0.001, 0.05
 257031313, -5.069, 0.6530001, 0.001, 0.05, -5.019, 0.654, 0.003, 0.05
 257231233, -5.052, 0.6580001, -0.001, 0.05, -5.069, 0.6530001, 0.001, 0.05
 257431153, -4.986, 0.665, 0, 0.05, -5.052, 0.6580001, -0.001, 0.05
 257631073, -4.979, 0.668, 0.002, 0.05, -4.986, 0.665, 0, 0.05
 257830993, -5.024, 0.6720001, 0.003, 0.05, -4.979, 0.668, 0.002, 0.05
 258030913, -5.059, 0.679, 0, 0.05, -5.024, 0.6720001, 0.003, 0.05
 258230833, -5.022, 0.677, -0.001, 0.05, -5.059, 0.679, 0, 0.05
 258430753, -4.975, 0.668, 0, 0.05, -5.022, 0.677, -0.001, 0.05
 258630673, -5.009, 0.664, 0.003, 0.05, -4.975, 0.668, 0, 0.05
 258831426, -5.078, 0.6620001, 0.002, 0.05, -5.009, 0.664, 0.003, 0.05
 259031346, -5.077, 0.668, -0.001, 0.05, -5.078, 0.6620001, 0.002, 0.05
 259231266, -5.057, 0.668, -0.002, 0.05, -5.077, 0.668, -0.001, 0.05
 259431186, -5.054, 0.66, 0, 0.05, -5.057, 0.668, -0.002, 0.05
 259631106, -5.067, 0.657, 0.002, 0.05, -5.054, 0.66, 0, 0.05
 259831026, -5.076, 0.6580001, 0.002, 0.05, -5.067, 0.657, 0.002, 0.05
 260030946, -5.076, 0.654, 0.002, 0.05, -5.076, 0.6580001, 0.002, 0.05
 260230866, -5.074, 0.6530001, 0.002, 0.05, -5.076, 0.654, 0.002, 0.05
 260430786, -5.073, 0.649, 0.003, 0.05, -5.074, 0.6530001, 0.002, 0.05
 260630706, -5.074, 0.649, 0.003, 0.05, -5.073, 0.649, 0.003, 0.05
 260831459, -5.077, 0.652, 0.003, 0.05, -5.074, 0.649, 0.003, 0.05
 261031379, -5.08, 0.656, 0.003, 0.05, -5.077, 0.652, 0.003, 0.05
 261231299, -5.082, 0.6580001, 0.002, 0.05, -5.08, 0.656, 0.003, 0.05
 261431219, -5.081, 0.657, 0.002, 0.05, -5.082, 0.6580001, 0.002, 0.05
 261631139, -5.078, 0.654, 0.001, 0.05, -5.081, 0.657, 0.002, 0.05
 261831059, -5.079, 0.651, 0.001, 0.05, -5.078, 0.654, 0.001, 0.05
 262030979, -5.081, 0.645, 0.001, 0.05, -5.079, 0.651, 0.001, 0.05
 262230899, -5.084, 0.641, 0.001, 0.05, -5.081, 0.645, 0.001, 0.05
 262430819, -5.09, 0.6390001, 0.001, 0.05, -5.084, 0.641, 0.001, 0.05
 262630739, -5.091, 0.6390001, 0.001, 0.05, -5.09, 0.6390001, 0.001, 0.05
 262830659, -5.091, 0.64, 0, 0.05, -5.091, 0.6390001, 0.001, 0.05
 263031412, -5.087, 0.642, 0, 0.05, -5.091, 0.64, 0, 0.05
 263231332, -5.079, 0.642, 0, 0.05, -5.087, 0.642, 0, 0.05
 263431252, -5.071, 0.641, 0, 0.05, -5.079, 0.642, 0, 0.05
 263631172, -5.066, 0.641, 0, 0.05, -5.071, 0.641, 0, 0.05
 263831092, -5.065, 0.64, -0.001, 0.05, -5.066, 0.641, 0, 0.05
 264031012, -5.062, 0.6390001, -0.001, 0.05, -5.065, 0.64, -0.001, 0.05
 264230932, -5.058, 0.6390001, -0.002, 0.05, -5.062, 0.6390001, -0.001, 0.05
 264430852, -5.056, 0.641, -0.002, 0.05, -5.058, 0.6390001, -0.002, 0.05
 264630772, -5.055, 0.643, -0.002, 0.05, -5.056, 0.641, -0.002, 0.05
 264830692, -5.053, 0.645, -0.001, 0.05, -5.055, 0.643, -0.002, 0.05
 265031445, -5.051, 0.645, -0.001, 0.05, -5.053, 0.645, -0.001, 0.05
 265231365, -5.051, 0.647, -0.001, 0.05, -5.051, 0.645, -0.001, 0.05
 265431285, -5.051, 0.647, 0, 0.05, -5.051, 0.647, -0.001, 0.05
 265631205, -5.052, 0.647, 0, 0.05, -5.051, 0.647, 0, 0.05
 265831125, -5.051, 0.647, 0, 0.05, -5.052, 0.647, 0, 0.05
 266031045, -5.053, 0.648, 0, 0.05, -5.051, 0.647, 0, 0.05
 266230965, -5.059, 0.65, 0, 0.05, -5.053, 0.648, 0, 0.05
 266430885, -5.066, 0.651, 0.001, 0.05, -5.059, 0.65, 0, 0.05
 266630805, -5.07, 0.652, 0.001, 0.05, -5.066, 0.651, 0.001, 0.05
 266830725, -5.07, 0.654, 0.002, 0.05, -5.07, 0.652, 0.001, 0.05
 267031478, -5.067, 0.6580001, 0.002, 0.05, -5.07, 0.654, 0.002, 0.05
 267231398, -5.063, 0.659, 0.002, 0.05, -5.067, 0.6580001, 0.002, 0.05
 267431318, -5.059, 0.659, 0.003, 0.05, -5.063, 0.659, 0.002, 0.05
 267631238, -5.056, 0.66, 0.003, 0.05, -5.059, 0.659, 0.003, 0.05
 267831158, -5.056, 0.66, 0.003, 0.05, -5.056, 0.66, 0.003, 0.05
 268031078, -5.06, 0.657, 0.003, 0.05, -5.056, 0.66, 0.003, 0.05
 268230998, -5.066, 0.65, 0.003, 0.05, -5.06, 0.657, 0.003, 0.05
 268430918, -5.069, 0.642, 0.002, 0.05, -5.066, 0.65, 0.003, 0.05
 268630838, -5.07, 0.638, 0.002, 0.05, -5.069, 0.642, 0.002, 0.05
 268830758, -5.072, 0.6390001, 0.001, 0.05, -5.07, 0.638, 0.002, 0.05
 269030678, -5.072, 0.645, 0.001, 0.05, -5.072, 0.6390001, 0.001, 0.05
 269231431, -5.071, 0.65, 0, 0.05, -5.072, 0.645, 0.001, 0.05
 269431351, -5.07, 0.656, 0, 0.05, -5.071, 0.65, 0, 0.05
 269631271, -5.072, 0.661, 0, 0.05, -5.07, 0.656, 0, 0.05
 269831191, -5.074, 0.6670001, 0, 0.05, -5.072, 0.661, 0, 0.05
 270031111, -5.069, 0.669, 0, 0.05, -5.074, 0.6670001, 0, 0.05
 270231031, -5.06, 0.67, 0, 0.05, -5.069, 0.669, 0, 0.05
 270430951, -5.053, 0.673, 0, 0.05, -5.06, 0.67, 0, 0.05
 270630871, -5.048, 0.677, 0, 0.05, -5.053, 0.673, 0, 0.05
 270830791, -5.045, 0.678, 0, 0.05, -5.048, 0.677, 0, 0.05
 271030711, -5.042, 0.674, 0, 0.05, -5.045, 0.678, 0, 0.05
 271231464, -5.042, 0.6720001, 0, 0.05, -5.042, 0.674, 0, 0.05
 271431384, -5.044, 0.67, 0, 0.05, -5.042, 0.6720001, 0, 0.05
 271631304, -5.047, 0.666, 0, 0.05, -5.044, 0.67, 0, 0.05
 271831224, -5.048, 0.657, 0, 0.05, -5.047, 0.666, 0, 0.05
 272031144, -5.049, 0.655, 0, 0.05, -5.048, 0.657, 0, 0.05
 272231064, -5.051, 0.654, 0, 0.05, -5.049, 0.655, 0, 0.05
 272430984, -5.051, 0.654, 0, 0.05, -5.051, 0.654, 0, 0.05
 272630904, -5.049, 0.654, 0, 0.05, -5.051, 0.654, 0, 0.05
 272830824, -5.05, 0.654, -0.001, 0.05, -5.049, 0.654, 0, 0.05
 273030744, -5.053, 0.654, -0.001, 0.05, -5.05, 0.654, -0.001, 0.05
 273230664, -5.055, 0.655, -0.001, 0.05, -5.053, 0.654, -0.001, 0.05
 273431417, -5.054, 0.656, -0.001, 0.05, -5.055, 0.655, -0.001, 0.05
 273631337, -5.054, 0.6580001, -0.001, 0.05, -5.054, 0.656, -0.001, 0.05
 273831257, -5.052, 0.6620001, 0, 0.05, -5.054, 0.6580001, -0.001, 0.05
 274031177, -5.049, 0.666, -0.001, 0.05, -5.052, 0.6620001, 0, 0.05
 274231097, -5.047, 0.6670001, 0, 0.05, -5.049, 0.666, -0.001, 0.05
 274431017, -5.045, 0.6670001, 0, 0.05, -5.047, 0.6670001, 0, 0.05
 274630937, -5.041, 0.665, 0, 0.05, -5.045, 0.6670001, 0, 0.05
 274830857, -5.039, 0.663, 0, 0.05, -5.041, 0.665, 0, 0.05
 275030777, -5.04, 0.659, 0.001, 0.05, -5.039, 0.663, 0, 0.05
 275230697, -5.045, 0.65, 0.001, 0.05, -5.04, 0.659, 0.001, 0.05
 275431450, -5.049, 0.645, 0, 0.05, -5.045, 0.65, 0.001, 0.05
 275631370, -5.055, 0.645, 0, 0.05, -5.049, 0.645, 0, 0.05
 275831290, -5.06, 0.642, 0, 0.05, -5.055, 0.645, 0, 0.05
 276031210, -5.061, 0.64, 0, 0.05, -5.06, 0.642, 0, 0.05
 276231130, -5.064, 0.637, 0, 0.05, -5.061, 0.64, 0, 0.05
 276431050, -5.067, 0.637, 0, 0.05, -5.064, 0.637, 0, 0.05
 276630970, -5.069, 0.6390001, 0, 0.05, -5.067, 0.637, 0, 0.05
 276830890, -5.071, 0.64, 0, 0.05, -5.069, 0.6390001, 0, 0.05
 277030810, -5.073, 0.6440001, 0, 0.05, -5.071, 0.64, 0, 0.05
 277230730, -5.072, 0.6530001, 0, 0.05, -5.073, 0.6440001, 0, 0.05
 277431483, -5.068, 0.655, 0, 0.05, -5.072, 0.6530001, 0, 0.05
 277631403, -5.061, 0.6580001, 0, 0.05, -5.068, 0.655, 0, 0.05
 277831323, -5.053, 0.656, -0.001, 0.05, -5.061, 0.6580001, 0, 0.05
 278031243, -5.045, 0.651, -0.001, 0.05, -5.053, 0.656, -0.001, 0.05
 278231163, -5.042, 0.649, -0.001, 0.05, -5.045, 0.651, -0.001, 0.05
 278431083, -5.043, 0.65, 0, 0.05, -5.042, 0.649, -0.001, 0.05
 278631003, -5.045, 0.6530001, 0, 0.05, -5.043, 0.65, 0, 0.05
 278830923, -5.047, 0.655, 0, 0.05, -5.045, 0.6530001, 0, 0.05
 279030843, -5.049, 0.656, 0, 0.05, -5.047, 0.655, 0, 0.05
 279230763, -5.051, 0.657, 0, 0.05, -5.049, 0.656, 0, 0.05
 279430683, -5.052, 0.657, 0, 0.05, -5.051, 0.657, 0, 0.05
 279631436, -5.055, 0.6530001, 0, 0.05, -5.052, 0.657, 0, 0.05
 279831356, -5.061, 0.65, 0, 0.05, -5.055, 0.6530001, 0, 0.05
 280031276, -5.069, 0.652, 0, 0.05, -5.061, 0.65, 0, 0.05
 280231196, -5.075, 0.6580001, 0, 0.05, -5.069, 0.652, 0, 0.05
 280431116, -5.078, 0.666, 0, 0.05, -5.075, 0.6580001, 0, 0.05
 280631036, -5.077, 0.671, -0.001, 0.05, -5.078, 0.666, 0, 0.05
 280830956, -5.071, 0.674, -0.001, 0.05, -5.077, 0.671, -0.001, 0.05
 281030876, -5.064, 0.675, -0.001, 0.05, -5.071, 0.674, -0.001, 0.05
 281230796, -5.06, 0.671, -0.001, 0.05, -5.064, 0.675, -0.001, 0.05
 281430716, -5.06, 0.663, -0.001, 0.05, -5.06, 0.671, -0.001, 0.05
 281631469, -5.064, 0.656, -0.001, 0.05, -5.06, 0.663, -0.001, 0.05
 281831389, -5.069, 0.652, -0.001, 0.05, -5.064, 0.656, -0.001, 0.05
 282031309, -5.073, 0.649, -0.001, 0.05, -5.069, 0.652, -0.001, 0.05
 282231229, -5.073, 0.645, -0.001, 0.05, -5.073, 0.649, -0.001, 0.05
 282431149, -5.071, 0.6390001, -0.001, 0.05, -5.073, 0.645, -0.001, 0.05
 282631069, -5.071, 0.637, 0, 0.05, -5.071, 0.6390001, -0.001, 0.05
 282830989, -5.066, 0.637, 0, 0.05, -5.071, 0.637, 0, 0.05
 283030909, -5.057, 0.634, 0, 0.05, -5.066, 0.637, 0, 0.05
 283230829, -5.047, 0.6300001, 0, 0.05, -5.057, 0.634, 0, 0.05
 283430749, -5.042, 0.628, 0, 0.05, -5.047, 0.6300001, 0, 0.05
 283630669, -5.043, 0.628, 0.001, 0.05, -5.042, 0.628, 0, 0.05
 283831422, -5.047, 0.631, 0.002, 0.05, -5.043, 0.628, 0.001, 0.05
 284031342, -5.047, 0.637, 0.002, 0.05, -5.047, 0.631, 0.002, 0.05
 284231262, -5.045, 0.643, 0.003, 0.05, -5.047, 0.637, 0.002, 0.05
 284431182, -5.045, 0.648, 0.003, 0.05, -5.045, 0.643, 0.003, 0.05
 284631102, -5.047, 0.652, 0.003, 0.05, -5.045, 0.648, 0.003, 0.05
 284831022, -5.049, 0.6530001, 0.004, 0.05, -5.047, 0.652, 0.003, 0.05
 285030942, -5.051, 0.6530001, 0.004, 0.05, -5.049, 0.6530001, 0.004, 0.05
 285230862, -5.055, 0.651, 0.004, 0.05, -5.051, 0.6530001, 0.004, 0.05
 285430782, -5.062, 0.648, 0.003, 0.05, -5.055, 0.651, 0.004, 0.05
 285630702, -5.069, 0.645, 0.002, 0.05, -5.062, 0.648, 0.003, 0.05
 285831455, -5.074, 0.643, 0.001, 0.05, -5.069, 0.645, 0.002, 0.05
 286031375, -5.078, 0.643, 0, 0.05, -5.074, 0.643, 0.001, 0.05
 286231295, -5.079, 0.642, 0, 0.05, -5.078, 0.643, 0, 0.05
 286431215, -5.077, 0.6390001, 0, 0.05, -5.079, 0.642, 0, 0.05
 286631135, -5.076, 0.636, 0.001, 0.05, -5.077, 0.6390001, 0, 0.05
 286831055, -5.072, 0.633, 0, 0.05, -5.076, 0.636, 0.001, 0.05
 287030975, -5.008, 0.614, -0.006, 0.05, -5.072, 0.633, 0, 0.05
 287230895, -4.859, 0.573, -0.011, 0.05, -5.008, 0.614, -0.006, 0.05
 287430815, -4.705, 0.52, -0.011, 0.05, -4.859, 0.573, -0.011, 0.05
 287630735, -4.544, 0.457, -0.009000001, 0.05, -4.705, 0.52, -0.011, 0.05
 287830655, -4.362, 0.393, -0.009000001, 0.05, -4.544, 0.457, -0.009000001, 0.05
 288031408, -4.161, 0.329, -0.012, 0.05, -4.362, 0.393, -0.009000001, 0.05
 288231328, -3.955, 0.27, -0.018, 0.05, -4.161, 0.329, -0.012, 0.05
 288431248, -3.827, 0.235, -0.011, 0.05, -3.955, 0.27, -0.018, 0.05
 288631168, -3.801, 0.229, -0.002, 0.05, -3.827, 0.235, -0.011, 0.05
 288831088, -3.821, 0.237, 0.001, 0.05, -3.801, 0.229, -0.002, 0.05
 289031008, -3.839, 0.243, 0, 0.05, -3.821, 0.237, 0.001, 0.05
 289230928, -3.837, 0.256, 0, 0.05, -3.839, 0.243, 0, 0.05
 289430848, -3.832, 0.277, 0, 0.05, -3.837, 0.256, 0, 0.05
 289630768, -3.851, 0.296, 0.001, 0.05, -3.832, 0.277, 0, 0.05
 289830688, -3.892, 0.319, 0.002, 0.05, -3.851, 0.296, 0.001, 0.05
 290031441, -3.936, 0.345, 0.002, 0.05, -3.892, 0.319, 0.002, 0.05
 290231361, -3.974, 0.38, 0.002, 0.05, -3.936, 0.345, 0.002, 0.05
 290431281, -4.013, 0.437, 0.002, 0.05, -3.974, 0.38, 0.002, 0.05
 290631201, -4.061, 0.487, 0.003, 0.05, -4.013, 0.437, 0.002, 0.05
 290831121, -4.096, 0.499, 0.002, 0.05, -4.061, 0.487, 0.003, 0.05
 291031041, -4.133, 0.491, 0.001, 0.05, -4.096, 0.499, 0.002, 0.05
 291230961, -4.184, 0.49, 0.001, 0.05, -4.133, 0.491, 0.001, 0.05
 291430881, -4.214, 0.494, 0, 0.05, -4.184, 0.49, 0.001, 0.05
 291630801, -4.235, 0.49, 0.001, 0.05, -4.214, 0.494, 0, 0.05
 291830721, -4.278, 0.471, 0.003, 0.05, -4.235, 0.49, 0.001, 0.05
 292031474, -4.318, 0.438, 0.002, 0.05, -4.278, 0.471, 0.003, 0.05
 292231394, -4.36, 0.417, 0.003, 0.05, -4.318, 0.438, 0.002, 0.05
 292431314, -4.414, 0.4, 0.003, 0.05, -4.36, 0.417, 0.003, 0.05
 292631234, -4.45, 0.396, 0.002, 0.05, -4.414, 0.4, 0.003, 0.05
 292831154, -4.48, 0.411, 0, 0.05, -4.45, 0.396, 0.002, 0.05
 293031074, -4.518, 0.437, 0.001, 0.05, -4.48, 0.411, 0, 0.05
 293230994, -4.557, 0.443, 0, 0.05, -4.518, 0.437, 0.001, 0.05
 293430914, -4.571, 0.426, 0, 0.05, -4.557, 0.443, 0, 0.05
 293630834, -4.579, 0.403, 0, 0.05, -4.571, 0.426, 0, 0.05
 293830754, -4.583, 0.375, 0.001, 0.05, -4.579, 0.403, 0, 0.05
 294030674, -4.619, 0.35, 0.002, 0.05, -4.583, 0.375, 0.001, 0.05
 294231427, -4.664, 0.33, 0.002, 0.05, -4.619, 0.35, 0.002, 0.05
 294431347, -4.693, 0.324, 0, 0.05, -4.664, 0.33, 0.002, 0.05
 294631267, -4.695, 0.322, -0.001, 0.05, -4.693, 0.324, 0, 0.05
 294831187, -4.693, 0.32, -0.001, 0.05, -4.695, 0.322, -0.001, 0.05
 295031107, -4.705, 0.304, 0, 0.05, -4.693, 0.32, -0.001, 0.05
 295231027, -4.726, 0.281, 0.001, 0.05, -4.705, 0.304, 0, 0.05
 295430947, -4.748, 0.256, 0, 0.05, -4.726, 0.281, 0.001, 0.05
 295630867, -4.774, 0.229, 0, 0.05, -4.748, 0.256, 0, 0.05
 295830787, -4.793, 0.212, -0.001, 0.05, -4.774, 0.229, 0, 0.05
 296030707, -4.807, 0.213, -0.001, 0.05, -4.793, 0.212, -0.001, 0.05
 296231460, -4.829, 0.226, 0, 0.05, -4.807, 0.213, -0.001, 0.05
 296431380, -4.849, 0.245, 0, 0.05, -4.829, 0.226, 0, 0.05
 296631300, -4.857, 0.266, -0.001, 0.05, -4.849, 0.245, 0, 0.05
 296831220, -4.853, 0.287, -0.001, 0.05, -4.857, 0.266, -0.001, 0.05
 297031140, -4.844, 0.296, 0, 0.05, -4.853, 0.287, -0.001, 0.05
 297231060, -4.841, 0.284, 0, 0.05, -4.844, 0.296, 0, 0.05
 297430980, -4.849, 0.262, 0.001, 0.05, -4.841, 0.284, 0, 0.05
 297630900, -4.854, 0.255, 0, 0.05, -4.849, 0.262, 0.001, 0.05
 297830820, -4.849, 0.272, 0, 0.05, -4.854, 0.255, 0, 0.05
 298030740, -4.854, 0.276, 0.001, 0.05, -4.849, 0.272, 0, 0.05
 298230660, -4.863, 0.25, 0.001, 0.05, -4.854, 0.276, 0.001, 0.05
 298431413, -4.851, 0.229, -0.001, 0.05, -4.863, 0.25, 0.001, 0.05
 298631333, -4.819, 0.245, -0.003, 0.05, -4.851, 0.229, -0.001, 0.05
 298831253, -4.799, 0.274, 0, 0.05, -4.819, 0.245, -0.003, 0.05
 299031173, -4.813, 0.292, 0.002, 0.05, -4.799, 0.274, 0, 0.05
 299231093, -4.83, 0.298, 0.002, 0.05, -4.813, 0.292, 0.002, 0.05
 299431013, -4.841, 0.304, 0.001, 0.05, -4.83, 0.298, 0.002, 0.05
 299630933, -4.855, 0.322, 0.001, 0.05, -4.841, 0.304, 0.001, 0.05
 299830853, -4.871, 0.355, 0.002, 0.05, -4.855, 0.322, 0.001, 0.05
 300030773, -4.892, 0.387, 0, 0.05, -4.871, 0.355, 0.002, 0.05
 300230693, -4.901, 0.408, 0, 0.05, -4.892, 0.387, 0, 0.05
 300431446, -4.899, 0.425, -0.001, 0.05, -4.901, 0.408, 0, 0.05
 300631366, -4.9, 0.444, 0, 0.05, -4.899, 0.425, -0.001, 0.05
 300831286, -4.91, 0.461, 0.001, 0.05, -4.9, 0.444, 0, 0.05
 301031206, -4.925, 0.48, 0.002, 0.05, -4.91, 0.461, 0.001, 0.05
 301231126, -4.934, 0.499, 0.002, 0.05, -4.925, 0.48, 0.002, 0.05
 301431046, -4.94, 0.505, 0.001, 0.05, -4.934, 0.499, 0.002, 0.05
 301630966, -4.944, 0.489, 0, 0.05, -4.94, 0.505, 0.001, 0.05
 301830886, -4.959, 0.466, 0, 0.05, -4.944, 0.489, 0, 0.05
 302030806, -4.963, 0.45, 0, 0.05, -4.959, 0.466, 0, 0.05
 302230726, -4.963, 0.429, 0.001, 0.05, -4.963, 0.45, 0, 0.05
 302431479, -4.959, 0.387, 0.001, 0.05, -4.963, 0.429, 0.001, 0.05
 302631399, -4.939, 0.336, 0.002, 0.05, -4.959, 0.387, 0.001, 0.05
 302831319, -4.919, 0.303, 0.003, 0.05, -4.939, 0.336, 0.002, 0.05
 303031239, -4.921, 0.292, 0.004, 0.05, -4.919, 0.303, 0.003, 0.05
 303231159, -4.938, 0.288, 0.003, 0.05, -4.921, 0.292, 0.004, 0.05
 303431079, -4.902, 0.285, 0.001, 0.05, -4.938, 0.288, 0.003, 0.05
 303630999, -4.877, 0.292, 0.003, 0.05, -4.902, 0.285, 0.001, 0.05
 303830919, -4.879, 0.299, 0.004, 0.05, -4.877, 0.292, 0.003, 0.05
 304030839, -4.886, 0.287, 0.003, 0.05, -4.879, 0.299, 0.004, 0.05
 304230759, -4.888, 0.255, 0.001, 0.05, -4.886, 0.287, 0.003, 0.05
 304430679, -4.897, 0.235, 0.001, 0.05, -4.888, 0.255, 0.001, 0.05
 304631432, -4.916, 0.242, 0.001, 0.05, -4.897, 0.235, 0.001, 0.05
 304831352, -4.929, 0.264, 0, 0.05, -4.916, 0.242, 0.001, 0.05
 305031272, -4.924, 0.276, -0.002, 0.05, -4.929, 0.264, 0, 0.05
 305231192, -4.907, 0.265, -0.003, 0.05, -4.924, 0.276, -0.002, 0.05
 305431112, -4.892, 0.259, -0.003, 0.05, -4.907, 0.265, -0.003, 0.05
 305631032, -4.886, 0.262, -0.001, 0.05, -4.892, 0.259, -0.003, 0.05
 305830952, -4.885, 0.259, 0, 0.05, -4.886, 0.262, -0.001, 0.05
 306030872, -4.897, 0.247, 0, 0.05, -4.885, 0.259, 0, 0.05
 306230792, -4.914, 0.243, 0, 0.05, -4.897, 0.247, 0, 0.05
 306430712, -4.923, 0.252, -0.001, 0.05, -4.914, 0.243, 0, 0.05
 306631465, -4.919, 0.265, -0.003, 0.05, -4.923, 0.252, -0.001, 0.05
 306831385, -4.905, 0.271, -0.003, 0.05, -4.919, 0.265, -0.003, 0.05
 307031305, -4.898, 0.264, -0.003, 0.05, -4.905, 0.271, -0.003, 0.05
 307231225, -4.9, 0.258, -0.001, 0.05, -4.898, 0.264, -0.003, 0.05
 307431145, -4.9, 0.274, -0.001, 0.05, -4.9, 0.258, -0.001, 0.05
 307631065, -4.891, 0.302, -0.001, 0.05, -4.9, 0.274, -0.001, 0.05
 307830985, -4.883, 0.331, 0, 0.05, -4.891, 0.302, -0.001, 0.05
 308030905, -4.883, 0.363, 0.001, 0.05, -4.883, 0.331, 0, 0.05
 308230825, -4.884, 0.41, 0.002, 0.05, -4.883, 0.363, 0.001, 0.05
 308430745, -4.892, 0.461, 0.004, 0.05, -4.884, 0.41, 0.002, 0.05
 308630665, -4.907, 0.512, 0.005, 0.05, -4.892, 0.461, 0.004, 0.05
 308831418, -4.921, 0.545, 0.005, 0.05, -4.907, 0.512, 0.005, 0.05
 309031338, -4.931, 0.555, 0.003, 0.05, -4.921, 0.545, 0.005, 0.05
 309231258, -4.94, 0.55, 0.003, 0.05, -4.931, 0.555, 0.003, 0.05
 309431178, -4.952, 0.544, 0.002, 0.05, -4.94, 0.55, 0.003, 0.05
 309631098, -4.967, 0.541, 0.001, 0.05, -4.952, 0.544, 0.002, 0.05
 309831018, -4.972, 0.535, 0, 0.05, -4.967, 0.541, 0.001, 0.05
 310030938, -4.967, 0.522, -0.001, 0.05, -4.972, 0.535, 0, 0.05
 310230858, -4.963, 0.504, 0, 0.05, -4.967, 0.522, -0.001, 0.05
 310430778, -4.968, 0.497, 0, 0.05, -4.963, 0.504, 0, 0.05
 310630698, -4.979, 0.512, 0.001, 0.05, -4.968, 0.497, 0, 0.05
 310831451, -4.987, 0.531, 0, 0.05, -4.979, 0.512, 0.001, 0.05
 311031371, -4.994, 0.531, 0, 0.05, -4.987, 0.531, 0, 0.05
 311231291, -5.001, 0.515, 0, 0.05, -4.994, 0.531, 0, 0.05
 311431211, -5.014, 0.512, 0, 0.05, -5.001, 0.515, 0, 0.05
 311631131, -5.025, 0.529, -0.001, 0.05, -5.014, 0.512, 0, 0.05
 311831051, -5.021, 0.546, -0.003, 0.05, -5.025, 0.529, -0.001, 0.05
 312030971, -5.005, 0.554, -0.004, 0.05, -5.021, 0.546, -0.003, 0.05
 312230891, -4.985, 0.561, -0.004, 0.05, -5.005, 0.554, -0.004, 0.05
 312430811, -4.968, 0.557, -0.003, 0.05, -4.985, 0.561, -0.004, 0.05
 312630731, -4.961, 0.55, -0.001, 0.05, -4.968, 0.557, -0.003, 0.05
 312831484, -4.969, 0.5560001, 0, 0.05, -4.961, 0.55, -0.001, 0.05
 313031404, -4.991, 0.568, 0.002, 0.05, -4.969, 0.5560001, 0, 0.05
 313231324, -5.023, 0.564, 0.002, 0.05, -4.991, 0.568, 0.002, 0.05
 313431244, -5.045, 0.552, 0, 0.05, -5.023, 0.564, 0.002, 0.05
 313631164, -5.049, 0.549, -0.001, 0.05, -5.045, 0.552, 0, 0.05
 313831084, -5.056, 0.538, -0.001, 0.05, -5.049, 0.549, -0.001, 0.05
 314031004, -5.077, 0.503, 0, 0.05, -5.056, 0.538, -0.001, 0.05
 314230924, -5.095, 0.467, 0, 0.05, -5.077, 0.503, 0, 0.05
 314430844, -5.1, 0.446, -0.001, 0.05, -5.095, 0.467, 0, 0.05
 314630764, -5.097, 0.433, -0.002, 0.05, -5.1, 0.446, -0.001, 0.05
 314830684, -5.093, 0.416, -0.002, 0.05, -5.097, 0.433, -0.002, 0.05
 315031437, -5.084, 0.397, -0.003, 0.05, -5.093, 0.416, -0.002, 0.05
 315231357, -5.066, 0.381, -0.003, 0.05, -5.084, 0.397, -0.003, 0.05
 315431277, -5.052, 0.367, -0.001, 0.05, -5.066, 0.381, -0.003, 0.05
 315631197, -5.046, 0.353, -0.001, 0.05, -5.052, 0.367, -0.001, 0.05
 315831117, -5.039, 0.343, -0.001, 0.05, -5.046, 0.353, -0.001, 0.05
 316031037, -5.024, 0.334, 0, 0.05, -5.039, 0.343, -0.001, 0.05
 316230957, -5.017, 0.329, 0, 0.05, -5.024, 0.334, 0, 0.05
