TimeUS,COFN,COFE,CNe,CEe,POFN,POFE,PNe,PEe
 230310336, 0.0002738178, 0.01469717, 0.01110146, -0.01192653, -0.07238203, 0.001712111, 0.01198891, -0.01182129
 230500609, -0.0001641165, 0.01084559, 0.01112606, -0.01193436, 0.0002738178, 0.01469717, 0.01110146, -0.01192653
 230700616, -0.005673518, 0.006166994, 0.01113984, -0.01192514, -0.0001641165, 0.01084559, 0.01112606, -0.01193436
 230900604, -0.002987694, -0.007063445, 0.01092089, -0.01169797, -0.005673518, 0.006166994, 0.01113984, -0.01192514
 231100626, 0.02003008, -0.09446119, 0.01114437, -0.01345252, -0.002987694, -0.007063445, 0.01092089, -0.01169797
 231320583, 0.004395462, -0.02847495, 0.011207, -0.01213887, 0.02003008, -0.09446119, 0.01114437, -0.01345252
 231520607, -0.02367561, -0.008525279, 0.0111674, -0.01185302, 0.004395462, -0.02847495, 0.011207, -0.01213887
 231720601, -0.04591146, 0.02893152, 0.01140121, -0.01190666, -0.02367561, -0.008525279, 0.0111674, -0.01185302
 231900622, -0.01579245, 0.006955278, 0.0112257, -0.01195949, -0.04591146, 0.02893152, 0.01140121, -0.01190666
 232120592, 0.00621531, 0.005596307, 0.01122473, -0.01199634, -0.01579245, 0.006955278, 0.0112257, -0.01195949
 232320604, 0.005596397, 0.00320276, 0.0115549, -0.01234176, 0.00621531, 0.005596307, 0.01122473, -0.01199634
 232520597, -0.01288659, 0.00707864, 0.01133932, -0.01208617, 0.005596397, 0.00320276, 0.0115549, -0.01234176
 232720597, -0.05548988, 0.002555499, 0.01176895, -0.01197829, -0.01288659, 0.00707864, 0.01133932, -0.01208617
 232920606, 0.003060824, 0.005044361, 0.01116404, -0.01192115, -0.05548988, 0.002555499, 0.01176895, -0.01197829
 233120594, -0.006780223, 0.008479045, 0.01116566, -0.01192133, 0.003060824, 0.005044361, 0.01116404, -0.01192115
 233320632, -0.01807377, 0.02044531, 0.01121979, -0.01198102, -0.006780223, 0.008479045, 0.01116566, -0.01192133
 233520584, -0.0007844744, 0.01538169, 0.01115592, -0.01194652, -0.01807377, 0.02044531, 0.01121979, -0.01198102
 233700644, 0.01191248, 0.0194471, 0.0109668, -0.01174939, -0.0007844744, 0.01538169, 0.01115592, -0.01194652
 233920593, 0.1629201, 0.03234679, 0.01539566, -0.01236051, 0.01191248, 0.0194471, 0.0109668, -0.01174939
 234120618, 0.04195787, 0.03782261, 0.01160034, -0.01233937, 0.1629201, 0.03234679, 0.01539566, -0.01236051
 234320640, 0.008918217, 0.02097624, 0.01091655, -0.01172187, 0.04195787, 0.03782261, 0.01160034, -0.01233937
 234520606, 0.01177861, 0.01724186, 0.01111059, -0.01188196, 0.008918217, 0.02097624, 0.01091655, -0.01172187
 234720648, 0.1081349, 0.08316455, 0.01303348, -0.01330367, 0.01177861, 0.01724186, 0.01111059, -0.01188196
 234920626, 0.0275189, 0.0114632, 0.01129577, -0.01192573, 0.1081349, 0.08316455, 0.01303348, -0.01330367
 235100643, 0.02125283, -0.04939166, 0.01124785, -0.01234075, 0.0275189, 0.0114632, 0.01129577, -0.01192573
 235320590, -0.0237167, 0.01943735, 0.0112771, -0.01196293, 0.02125283, -0.04939166, 0.01124785, -0.01234075
 235500630, 0.02292032, -0.006987639, 0.01126904, -0.01190349, -0.0237167, 0.01943735, 0.0112771, -0.01196293
 235720633, 0.008684638, -0.0008357367, 0.01118491, -0.0118909, 0.02292032, -0.006987639, 0.01126904, -0.01190349
 235920602, 0.001797704, 0.003773727, 0.01142315, -0.01216007, 0.008684638, -0.0008357367, 0.01118491, -0.0118909
 236120634, 0.004032425, 0.003886634, 0.01121977, -0.01193719, 0.001797704, 0.003773727, 0.01142315, -0.01216007
 236320636, 0.01474924, 0.06779729, 0.01118772, -0.01275218, 0.004032425, 0.003886634, 0.01121977, -0.01193719
 236500630, -0.01008003, 0.03903006, 0.01119319, -0.01217138, 0.01474924, 0.06779729, 0.01118772, -0.01275218
 236720622, -0.01450303, 0.01090663, 0.0108481, -0.01151238, -0.01008003, 0.03903006, 0.01119319, -0.01217138
 236920665, -0.02300834, 0.002734766, 0.01121259, -0.0118215, -0.01450303, 0.01090663, 0.0108481, -0.01151238
 237120618, -0.02909615, 0.07719555, 0.01106726, -0.01270692, -0.02300834, 0.002734766, 0.01121259, -0.0118215
 237320619, 0.05613709, -0.05263988, 0.01194935, -0.01256125, -0.02909615, 0.07719555, 0.01106726, -0.01270692
 237520615, 0.01369979, 0.004299262, 0.01128245, -0.01195638, 0.05613709, -0.05263988, 0.01194935, -0.01256125
 237720635, 0.09990083, 0.004961229, 0.01288266, -0.01185835, 0.01369979, 0.004299262, 0.01128245, -0.01195638
 237900618, 0.03121675, 0.07307275, 0.01128727, -0.01286041, 0.09990083, 0.004961229, 0.01288266, -0.01185835
 238120627, -0.0003970705, 0.01090162, 0.01118283, -0.01189195, 0.03121675, 0.07307275, 0.01128727, -0.01286041
 238320618, -0.003895432, 0.009888033, 0.01118844, -0.01189392, -0.0003970705, 0.01090162, 0.01118283, -0.01189195
 238520634, -0.01420887, 0.0008798166, 0.01122433, -0.01187837, -0.003895432, 0.009888033, 0.01118844, -0.01189392
 238720641, 0.001397286, 0.004404978, 0.01118858, -0.01187969, -0.01420887, 0.0008798166, 0.01122433, -0.01187837
 238900665, -0.003913439, 0.008128229, 0.01118941, -0.0118904, 0.001397286, 0.004404978, 0.01118858, -0.01187969
 239100657, 0.003169624, 0.003450446, 0.01134133, -0.01204067, -0.003913439, 0.008128229, 0.01118941, -0.0118904
 239300639, 0.02328186, 0.009479073, 0.0112461, -0.01184617, 0.003169624, 0.003450446, 0.01134133, -0.01204067
 239520595, 0.02792373, 0.01065715, 0.01132347, -0.01189851, 0.02328186, 0.009479073, 0.0112461, -0.01184617
 239720576, 0.003970194, -0.001025884, 0.01118861, -0.01187553, 0.02792373, 0.01065715, 0.01132347, -0.01189851
 239920608, -0.008592422, 0.0142191, 0.01139567, -0.012108, 0.003970194, -0.001025884, 0.01118861, -0.01187553
 240120642, -0.01894075, 0.1313522, 0.01126212, -0.01480786, -0.008592422, 0.0142191, 0.01139567, -0.012108
 240320632, -0.02378129, 0.0745714, 0.01168542, -0.0132388, -0.01894075, 0.1313522, 0.01126212, -0.01480786
 240520634, 0.0009871133, -0.002094968, 0.01110477, -0.0117774, -0.02378129, 0.0745714, 0.01168542, -0.0132388
 240700683, -0.008054627, 0.01042601, 0.01105987, -0.01173725, 0.0009871133, -0.002094968, 0.01110477, -0.0117774
 240920620, -0.003206859, -0.007439602, 0.01091959, -0.01158388, -0.008054627, 0.01042601, 0.01105987, -0.01173725
 241120611, -0.04338445, 0.009102627, 0.01150311, -0.01183564, -0.003206859, -0.007439602, 0.01091959, -0.01158388
 241300606, -0.02863815, 0.01745816, 0.01134498, -0.01191478, -0.04338445, 0.009102627, 0.01150311, -0.01183564
 241520600, -0.06310847, 0.02761173, 0.01194794, -0.01201721, -0.02863815, 0.01745816, 0.01134498, -0.01191478
 241720593, 0.0834541, 0.02798036, 0.01242983, -0.01208132, -0.06310847, 0.02761173, 0.01194794, -0.01201721
 241900636, -0.008973086, 0.02536021, 0.01135773, -0.0121397, 0.0834541, 0.02798036, 0.01242983, -0.01208132
 242120638, -0.02084375, 0.02898538, 0.0113224, -0.01205349, -0.008973086, 0.02536021, 0.01135773, -0.0121397
 242320643, -0.01025633, 0.04979638, 0.01122821, -0.01234007, -0.02084375, 0.02898538, 0.0113224, -0.01205349
 242520592, 0.02229008, 0.02428985, 0.01113931, -0.01182192, -0.01025633, 0.04979638, 0.01122821, -0.01234007
 242720612, 0.03311408, -0.04589735, 0.01151243, -0.01235167, 0.02229008, 0.02428985, 0.01113931, -0.01182192
 242920581, -0.03624976, 0.06271698, 0.01170605, -0.01282153, 0.03311408, -0.04589735, 0.01151243, -0.01235167
 243120628, -0.03706876, 0.00736584, 0.01170757, -0.01213816, -0.03624976, 0.06271698, 0.01170605, -0.01282153
 243320640, -0.0377772, 0.001557898, 0.011536, -0.01191275, -0.03706876, 0.00736584, 0.01170757, -0.01213816
 243520599, -0.02096103, -0.06081616, 0.01128992, -0.01257595, -0.0377772, 0.001557898, 0.011536, -0.01191275
 243700655, -0.009155113, -0.02737811, 0.01102316, -0.0117824, -0.02096103, -0.06081616, 0.01128992, -0.01257595
 243900627, -0.0151201, 0.05377508, 0.01119663, -0.01232804, -0.009155113, -0.02737811, 0.01102316, -0.0117824
 244120658, -0.009915012, 0.04947465, 0.01113583, -0.01223921, -0.0151201, 0.05377508, 0.01119663, -0.01232804
 244320590, -0.003733075, 0.04871451, 0.01116125, -0.01241643, -0.009915012, 0.04947465, 0.01113583, -0.01223921
 244520592, -0.03437329, 0.4034865, 0.01125269, -0.02930096, -0.003733075, 0.04871451, 0.01116125, -0.01241643
 244700643, -0.5429834, 0.3285876, 0.03669796, -0.0247412, -0.03437329, 0.4034865, 0.01125269, -0.02930096
 244920604, -1.165258, 0.6072533, 0.07143872, -0.03967049, -0.5429834, 0.3285876, 0.03669796, -0.0247412
 245120617, -2.280147, 0.8009467, 0.130823, -0.04953175, -1.165258, 0.6072533, 0.07143872, -0.03967049
 245320624, -2.614617, 1.087712, 0.1458492, -0.06412166, -2.280147, 0.8009467, 0.130823, -0.04953175
 245520597, -2.296216, 1.321136, 0.1266016, -0.07586177, -2.614617, 1.087712, 0.1458492, -0.06412166
 245720613, -1.870881, 1.364457, 0.1031368, -0.07810149, -2.296216, 1.321136, 0.1266016, -0.07586177
 245920668, -1.465225, 0.8817017, 0.082204, -0.0554829, -1.870881, 1.364457, 0.1031368, -0.07810149
 246140639, -1.167743, 0.3318975, 0.06756803, -0.0360325, -1.465225, 0.8817017, 0.082204, -0.0554829
 246320650, -0.890079, -0.203922, 0.05433886, -0.0352391, -1.167743, 0.3318975, 0.06756803, -0.0360325
 246520604, -0.3977943, -0.7159199, 0.03602221, -0.05171124, -0.890079, -0.203922, 0.05433886, -0.0352391
 246720613, 0.1985721, -0.8771076, 0.03392378, -0.05771868, -0.3977943, -0.7159199, 0.03602221, -0.05171124
 246920607, 0.5826702, -0.9059488, 0.04600392, -0.05935473, 0.1985721, -0.8771076, 0.03392378, -0.05771868
 247120626, 0.7252128, -0.6778066, 0.05322261, -0.05248884, 0.5826702, -0.9059488, 0.04600392, -0.05935473
 247320633, 0.4878648, -0.4810961, 0.0471712, -0.04815558, 0.7252128, -0.6778066, 0.05322261, -0.05248884
 247520630, 0.05897783, -0.4580439, 0.04225899, -0.04985716, 0.4878648, -0.4810961, 0.0471712, -0.04815558
 247720639, -0.3559371, -0.3221571, 0.04772853, -0.05034398, 0.05897783, -0.4580439, 0.04225899, -0.04985716
 247920615, -0.5805039, -0.2058689, 0.05438172, -0.05105236, -0.3559371, -0.3221571, 0.04772853, -0.05034398
 248120604, -0.5678359, -0.2724549, 0.0562739, -0.05506018, -0.5805039, -0.2058689, 0.05438172, -0.05105236
 248340645, -0.5917195, -0.4465635, 0.06163834, -0.06394548, -0.5678359, -0.2724549, 0.0562739, -0.05506018
 248540631, -0.5866446, -0.6764057, 0.06654721, -0.07446472, -0.5917195, -0.4465635, 0.06163834, -0.06394548
 248740625, -0.365713, -0.8427673, 0.06676294, -0.0825741, -0.5866446, -0.6764057, 0.06654721, -0.07446472
 248920602, -0.1792322, -1.056216, 0.07514054, -0.0970875, -0.365713, -0.8427673, 0.06676294, -0.0825741
 249140673, -0.1709447, -1.269915, 0.08379463, -0.1102291, -0.1792322, -1.056216, 0.07514054, -0.0970875
 249320627, 0.1544233, -1.203062, 0.08882207, -0.1121293, -0.1709447, -1.269915, 0.08379463, -0.1102291
 249520638, 0.2143645, -1.158744, 0.09585607, -0.1162049, 0.1544233, -1.203062, 0.08882207, -0.1121293
 249740597, 0.1215814, -1.221582, 0.100194, -0.1222259, 0.2143645, -1.158744, 0.09585607, -0.1162049
 249920598, 0.002493091, -1.300264, 0.100913, -0.1259329, 0.1215814, -1.221582, 0.100194, -0.1222259
 250140649, 0.02107201, -1.384557, 0.1001176, -0.127711, 0.002493091, -1.300264, 0.100913, -0.1259329
 250340631, -0.03017746, -1.764968, 0.09474262, -0.1360946, 0.02107201, -1.384557, 0.1001176, -0.127711
 250540608, -0.065277, -2.011294, 0.09018073, -0.1413817, -0.03017746, -1.764968, 0.09474262, -0.1360946
 250740606, -0.04465291, -2.3174, 0.08467945, -0.1488406, -0.065277, -2.011294, 0.09018073, -0.1413817
 250920630, -0.05079878, -2.721094, 0.08436626, -0.1647131, -0.04465291, -2.3174, 0.08467945, -0.1488406
 251140666, -0.1570123, -2.97081, 0.09120801, -0.1790045, -0.05079878, -2.721094, 0.08436626, -0.1647131
 251340622, -0.09990567, -3.131415, 0.1105555, -0.1964213, -0.1570123, -2.97081, 0.09120801, -0.1790045
 251520652, -0.05802886, -2.955721, 0.1269372, -0.2011881, -0.09990567, -3.131415, 0.1105555, -0.1964213
 251720637, 0.02263581, -2.594262, 0.1554291, -0.2085247, -0.05802886, -2.955721, 0.1269372, -0.2011881
 251940634, 0.0348492, -2.174427, 0.1849335, -0.2182046, 0.02263581, -2.594262, 0.1554291, -0.2085247
 252140657, 0.1475006, -1.979337, 0.2185247, -0.2404385, 0.0348492, -2.174427, 0.1849335, -0.2182046
 252320623, 0.3759016, -2.29777, 0.2385112, -0.2646649, 0.1475006, -1.979337, 0.2185247, -0.2404385
 252520602, 0.2480609, -2.592034, 0.2721024, -0.3060419, 0.3759016, -2.29777, 0.2385112, -0.2646649
 252720618, 0.325386, -2.068835, 0.3131532, -0.3343845, 0.2480609, -2.592034, 0.2721024, -0.3060419
 252920629, -0.04812562, -2.3621, 0.3430596, -0.3655405, 0.325386, -2.068835, 0.3131532, -0.3343845
 253120672, -0.1497396, -2.033038, 0.3811493, -0.3976607, -0.04812562, -2.3621, 0.3430596, -0.3655405
 253340622, -0.7717686, -2.084831, 0.4254516, -0.4361774, -0.1497396, -2.033038, 0.3811493, -0.3976607
 253540615, -0.9414922, -1.688773, 0.4527645, -0.4566173, -0.7717686, -2.084831, 0.4254516, -0.4361774
 253740646, -0.8918524, -1.421093, 0.4649058, -0.4763426, -0.9414922, -1.688773, 0.4527645, -0.4566173
 253940607, -0.8781065, -1.962845, 0.4839557, -0.5114316, -0.8918524, -1.421093, 0.4649058, -0.4763426
 254140630, -0.9373241, -1.865708, 0.5108567, -0.5379504, -0.8781065, -1.962845, 0.4839557, -0.5114316
 254340641, -0.829047, -1.518389, 0.5365275, -0.5581473, -0.9373241, -1.865708, 0.5108567, -0.5379504
 254540624, -0.9980248, -1.426913, 0.5557912, -0.5751876, -0.829047, -1.518389, 0.5365275, -0.5581473
 254740655, -0.6717777, -1.348449, 0.5818937, -0.601647, -0.9980248, -1.426913, 0.5557912, -0.5751876
 254940695, -1.072053, -0.8261785, 0.6084417, -0.6249257, -0.6717777, -1.348449, 0.5818937, -0.601647
 255140682, -1.182685, -1.174398, 0.6278531, -0.6441742, -1.072053, -0.8261785, 0.6084417, -0.6249257
 255340629, -0.5942436, -1.042638, 0.6566288, -0.6755238, -1.182685, -1.174398, 0.6278531, -0.6441742
 255540607, -0.3334637, -1.465339, 0.681818, -0.7039519, -0.5942436, -1.042638, 0.6566288, -0.6755238
 255740624, -0.9580957, -1.36984, 0.6989368, -0.7204965, -0.3334637, -1.465339, 0.681818, -0.7039519
 255940618, -1.052531, -1.217848, 0.7268887, -0.7508928, -0.9580957, -1.36984, 0.6989368, -0.7204965
 256140668, -0.2415539, -0.1940535, 0.757172, -0.7787628, -1.052531, -1.217848, 0.7268887, -0.7508928
 256340685, -1.603706, -0.08439278, 0.7864012, -0.8024959, -0.2415539, -0.1940535, 0.757172, -0.7787628
 256520654, -0.7416776, -0.6728151, 0.8021038, -0.8243514, -1.603706, -0.08439278, 0.7864012, -0.8024959
 256740648, -1.024777, -0.5615439, 0.8290626, -0.854165, -0.7416776, -0.6728151, 0.8021038, -0.8243514
 256940660, -1.958465, -2.01626, 0.8530593, -0.8850754, -1.024777, -0.5615439, 0.8290626, -0.854165
 257140666, -0.1600497, 0.1554296, 0.8619391, -0.8963616, -1.958465, -2.01626, 0.8530593, -0.8850754
 257320652, -1.733063, -1.808751, 0.8753762, -0.9188724, -0.1600497, 0.1554296, 0.8619391, -0.8963616
 257540679, -1.829337, -1.389561, 0.8800297, -0.9245976, -1.733063, -1.808751, 0.8753762, -0.9188724
 257740662, -1.013586, -0.3437013, 0.8773627, -0.9279535, -1.829337, -1.389561, 0.8800297, -0.9245976
 257940677, -3.755779, -2.063553, 0.8943575, -0.9412612, -1.013586, -0.3437013, 0.8773627, -0.9279535
 258140698, -1.697783, 1.784766, 0.8780138, -0.939645, -3.755779, -2.063553, 0.8943575, -0.9412612
 258340719, -1.460921, -1.158471, 0.876249, -0.9336354, -1.697783, 1.784766, 0.8780138, -0.939645
 258540674, -1.682922, -1.194229, 0.8763431, -0.9330632, -1.460921, -1.158471, 0.876249, -0.9336354
 258740656, -1.973651, -0.7270555, 0.8784685, -0.933043, -1.682922, -1.194229, 0.8763431, -0.9330632
 258940681, -1.293993, 1.109759, 0.8765426, -0.9312725, -1.973651, -0.7270555, 0.8784685, -0.933043
 259140670, -2.244983, 0.4244588, 0.8789822, -0.9318027, -1.293993, 1.109759, 0.8765426, -0.9312725
 259321233, -2.654108, -0.009038112, 0.8818972, -0.9328306, -2.244983, 0.4244588, 0.8789822, -0.9318027
 259540669, -2.559284, 0.06502882, 0.8847319, -0.9308307, -2.654108, -0.009038112, 0.8818972, -0.9328306
 259740678, -2.298838, 1.025113, 0.8817993, -0.930454, -2.559284, 0.06502882, 0.8847319, -0.9308307
 259921225, -2.26902, 1.545245, 0.8789791, -0.9325685, -2.298838, 1.025113, 0.8817993, -0.930454
 260140730, -0.3193744, 1.982644, 0.8722352, -0.9323654, -2.26902, 1.545245, 0.8789791, -0.9325685
 260340681, -2.720692, -0.7721433, 0.8816121, -0.9265866, -0.3193744, 1.982644, 0.8722352, -0.9323654
 260540657, -1.977103, -0.5688564, 0.8806848, -0.9239091, -2.720692, -0.7721433, 0.8816121, -0.9265866
 260721228, -0.4660505, 0.8808635, 0.8762754, -0.9251667, -1.977103, -0.5688564, 0.8806848, -0.9239091
 260940651, -0.5302368, 0.7025071, 0.8738541, -0.9226288, -0.4660505, 0.8808635, 0.8762754, -0.9251667
 261140677, -0.5554824, 0.869804, 0.8731843, -0.9245349, -0.5302368, 0.7025071, 0.8738541, -0.9226288
 261340649, -2.111474, 1.403406, 0.8789238, -0.925588, -0.5554824, 0.869804, 0.8731843, -0.9245349
 261540637, -3.18776, -0.03227306, 0.8887187, -0.9187691, -2.111474, 1.403406, 0.8789238, -0.925588
 261740673, -0.5854654, 0.5926116, 0.8794662, -0.9218728, -3.18776, -0.03227306, 0.8887187, -0.9187691
 261921232, -0.94065, 2.399602, 0.8828168, -0.9311832, -0.5854654, 0.5926116, 0.8794662, -0.9218728
 262140695, -1.956782, -0.02183186, 0.8872049, -0.9202591, -0.94065, 2.399602, 0.8828168, -0.9311832
 262340655, -1.464611, 0.5579727, 0.8864805, -0.9187987, -1.956782, -0.02183186, 0.8872049, -0.9202591
 262540657, -1.39346, 1.062237, 0.8873767, -0.9209422, -1.464611, 0.5579727, 0.8864805, -0.9187987
 262740657, -1.957133, -0.05957457, 0.8875868, -0.9209079, -1.39346, 1.062237, 0.8873767, -0.9209422
 262940649, -1.918244, 0.9705542, 0.8857224, -0.9223046, -1.957133, -0.05957457, 0.8875868, -0.9209079
 263140684, -1.988264, 0.9445956, 0.8847389, -0.9237974, -1.918244, 0.9705542, 0.8857224, -0.9223046
 263321217, -1.895274, 1.470679, 0.8805658, -0.9325444, -1.988264, 0.9445956, 0.8847389, -0.9237974
 263521176, -1.786087, 1.571885, 0.876894, -0.9332785, -1.895274, 1.470679, 0.8805658, -0.9325444
 263721210, -1.575958, 1.709677, 0.8770965, -0.9336427, -1.786087, 1.571885, 0.876894, -0.9332785
 263921334, -0.5191822, 0.9915605, 0.8759021, -0.9328771, -1.575958, 1.709677, 0.8770965, -0.9336427
 264140695, -0.338824, 1.375292, 0.8754953, -0.931196, -0.5191822, 0.9915605, 0.8759021, -0.9328771
 264321177, 0.5782268, 2.039315, 0.877423, -0.9330019, -0.338824, 1.375292, 0.8754953, -0.931196
 264521229, -0.7861552, 1.037752, 0.8779375, -0.9289737, 0.5782268, 2.039315, 0.877423, -0.9330019
 264721226, -1.215965, 0.4986508, 0.8781948, -0.9295927, -0.7861552, 1.037752, 0.8779375, -0.9289737
 264921202, -0.9605363, 0.6690608, 0.8801947, -0.9328111, -1.215965, 0.4986508, 0.8781948, -0.9295927
 265121188, -0.9603198, 0.6177551, 0.8794781, -0.927487, -0.9605363, 0.6690608, 0.8801947, -0.9328111
 265321249, -0.7415804, 0.2432376, 0.8804751, -0.9226541, -0.9603198, 0.6177551, 0.8794781, -0.927487
 265521192, -0.8292995, 0.2690307, 0.8836434, -0.9235212, -0.7415804, 0.2432376, 0.8804751, -0.9226541
 265721338, -1.025312, 0.1385771, 0.8842202, -0.9198586, -0.8292995, 0.2690307, 0.8836434, -0.9235212
 265921223, -1.686842, -0.1699984, 0.8865195, -0.9155784, -1.025312, 0.1385771, 0.8842202, -0.9198586
 266140709, -0.5838108, 1.712248, 0.8863171, -0.9210122, -1.686842, -0.1699984, 0.8865195, -0.9155784
 266321208, -1.77271, -0.02352679, 0.8912246, -0.9182714, -0.5838108, 1.712248, 0.8863171, -0.9210122
 266521200, -2.450807, 0.02556428, 0.8968346, -0.914393, -1.77271, -0.02352679, 0.8912246, -0.9182714
 266721217, -1.346921, 1.383202, 0.894335, -0.9156508, -2.450807, 0.02556428, 0.8968346, -0.914393
 266921191, -1.222464, 1.297972, 0.8963265, -0.9175626, -1.346921, 1.383202, 0.894335, -0.9156508
 267121310, -1.260591, 1.332189, 0.8943395, -0.9165239, -1.222464, 1.297972, 0.8963265, -0.9175626
 267340970, -0.8748869, 1.780756, 0.8856201, -0.9189927, -1.260591, 1.332189, 0.8943395, -0.9165239
 267540753, -2.213658, 2.969127, 0.8919863, -0.9219221, -0.8748869, 1.780756, 0.8856201, -0.9189927
 267721289, -0.9579427, -1.151318, 0.8817812, -0.9187682, -2.213658, 2.969127, 0.8919863, -0.9219221
 267940774, -0.5593994, 1.47712, 0.8797877, -0.9182842, -0.9579427, -1.151318, 0.8817812, -0.9187682
 268140844, 0.5356536, -0.8844271, 0.8791517, -0.9108423, -0.5593994, 1.47712, 0.8797877, -0.9182842
 268340780, -0.6256726, 3.686779, 0.8817365, -0.9270798, 0.5356536, -0.8844271, 0.8791517, -0.9108423
 268540770, 0.7213678, 2.155167, 0.8828555, -0.918745, -0.6256726, 3.686779, 0.8817365, -0.9270798
 268740776, -1.536291, 2.588016, 0.8846025, -0.9242924, 0.7213678, 2.155167, 0.8828555, -0.918745
 268940759, -0.4781015, 0.3354206, 0.8918593, -0.913988, -1.536291, 2.588016, 0.8846025, -0.9242924
 269140981, -0.4418722, 0.2152473, 0.8939451, -0.9117174, -0.4781015, 0.3354206, 0.8918593, -0.913988
 269340767, -0.2533752, 0.1407768, 0.8921055, -0.9119735, -0.4418722, 0.2152473, 0.8939451, -0.9117174
 269540763, -0.9705282, 1.779143, 0.8909322, -0.9170167, -0.2533752, 0.1407768, 0.8921055, -0.9119735
 269720773, -2.260756, -0.6163293, 0.8974292, -0.9120612, -0.9705282, 1.779143, 0.8909322, -0.9170167
 269940747, -2.466357, 0.700883, 0.8990445, -0.912216, -2.260756, -0.6163293, 0.8974292, -0.9120612
 270160774, -0.5786549, -0.9351962, 0.888232, -0.9126992, -2.466357, 0.700883, 0.8990445, -0.912216
 270340779, 0.5772544, 2.540659, 0.8865743, -0.9168966, -0.5786549, -0.9351962, 0.888232, -0.9126992
 270540779, 2.920259, -0.2970361, 0.8990286, -0.9074861, 0.5772544, 2.540659, 0.8865743, -0.9168966
 270740762, 0.3564581, 2.136272, 0.8897221, -0.9139051, 2.920259, -0.2970361, 0.8990286, -0.9074861
 270940980, -1.617544, -1.01922, 0.8941634, -0.9042203, 0.3564581, 2.136272, 0.8897221, -0.9139051
 271140865, -1.609919, -1.034215, 0.8905643, -0.9028552, -1.617544, -1.01922, 0.8941634, -0.9042203
 271340776, 0.7164927, 0.3678759, 0.8875285, -0.9023037, -1.609919, -1.034215, 0.8905643, -0.9028552
 271521012, -1.421311, 1.221482, 0.8849694, -0.9035793, 0.7164927, 0.3678759, 0.8875285, -0.9023037
 271720782, -1.279127, 1.179262, 0.8806283, -0.9048078, -1.421311, 1.221482, 0.8849694, -0.9035793
 271920857, -0.9671578, -0.6485612, 0.878341, -0.8997611, -1.279127, 1.179262, 0.8806283, -0.9048078
 272140854, 0.5799953, 0.5024298, 0.7380876, -1.007441, -0.9671578, -0.6485612, 0.878341, -0.8997611
 272320766, -0.8359209, 0.1979032, 0.5254241, -1.126982, 0.5799953, 0.5024298, 0.7380876, -1.007441
 272540842, -0.9755951, -0.2822618, 0.2438026, -1.210996, -0.8359209, 0.1979032, 0.5254241, -1.126982
 272720853, -0.4602808, -0.2220562, -0.04777574, -1.225178, -0.9755951, -0.2822618, 0.2438026, -1.210996
 272940851, -0.6355942, -0.1212884, -0.3310441, -1.16595, -0.4602808, -0.2220562, -0.04777574, -1.225178
 273120852, -0.6923344, -0.04530401, -0.5139686, -1.08531, -0.6355942, -0.1212884, -0.3310441, -1.16595
 273320851, -2.207933, -0.01974137, -0.6700646, -0.9818386, -0.6923344, -0.04530401, -0.5139686, -1.08531
 273520844, -0.4183146, 0.1572975, -0.664805, -0.958523, -2.207933, -0.01974137, -0.6700646, -0.9818386
 273720762, -0.4964822, 0.1790967, -0.653063, -0.9431818, -0.4183146, 0.1572975, -0.664805, -0.958523
 273920780, -1.04549, 0.3721024, -0.6365029, -0.9225975, -0.4964822, 0.1790967, -0.653063, -0.9431818
 274140859, 0.6368077, -0.821077, -0.6183299, -0.9034429, -1.04549, 0.3721024, -0.6365029, -0.9225975
 274320783, 1.745612, 0.359614, -0.6189655, -0.8842375, 0.6368077, -0.821077, -0.6183299, -0.9034429
 274520850, -0.6697994, -0.2870037, -0.5973345, -0.8660097, 1.745612, 0.359614, -0.6189655, -0.8842375
 274740762, -1.027479, -0.2120947, -0.587293, -0.8428664, -0.6697994, -0.2870037, -0.5973345, -0.8660097
 274920769, -1.735569, 0.06433544, -0.5785305, -0.8323207, -1.027479, -0.2120947, -0.587293, -0.8428664
 275140846, -2.044436, 0.2602084, -0.5644347, -0.8160142, -1.735569, 0.06433544, -0.5785305, -0.8323207
 275320756, -3.33901, 0.8441746, -0.5483311, -0.8047004, -2.044436, 0.2602084, -0.5644347, -0.8160142
 275540806, -3.829991, -0.9296666, -0.5358359, -0.7829752, -3.33901, 0.8441746, -0.5483311, -0.8047004
 275720986, -4.665182, -0.03145515, -0.5344559, -0.7674884, -3.829991, -0.9296666, -0.5358359, -0.7829752
 275920778, -3.32076, 0.7073752, -0.5037001, -0.7400452, -4.665182, -0.03145515, -0.5344559, -0.7674884
 276141011, -2.759608, 1.054019, -0.4874077, -0.7165909, -3.32076, 0.7073752, -0.5037001, -0.7400452
 276340970, -2.377264, 0.3608952, -0.4757152, -0.6981748, -2.759608, 1.054019, -0.4874077, -0.7165909
 276540776, -2.200278, 0.3424018, -0.464988, -0.6770452, -2.377264, 0.3608952, -0.4757152, -0.6981748
 276720783, -1.833148, 0.6645924, -0.4509911, -0.6599915, -2.200278, 0.3424018, -0.464988, -0.6770452
 276941285, -1.698571, 0.565062, -0.4148156, -0.6513054, -1.833148, 0.6645924, -0.4509911, -0.6599915
 277141191, -1.701393, 0.5602786, -0.3812947, -0.6534002, -1.698571, 0.565062, -0.4148156, -0.6513054
 277341182, -0.7007437, 0.2300979, -0.3214551, -0.6576163, -1.701393, 0.5602786, -0.3812947, -0.6534002
 277520806, -1.091251, -0.3177122, -0.2686791, -0.6655462, -0.7007437, 0.2300979, -0.3214551, -0.6576163
 277720777, -1.022165, -0.2370115, -0.1666808, -0.6763811, -1.091251, -0.3177122, -0.2686791, -0.6655462
 277920849, -1.210612, 1.067318, -0.04190456, -0.6784511, -1.022165, -0.2370115, -0.1666808, -0.6763811
 278141376, -1.068253, -1.480845, 0.08321496, -0.6582186, -1.210612, 1.067318, -0.04190456, -0.6784511
 278341211, -1.369588, -0.3777799, 0.185379, -0.6221351, -1.068253, -1.480845, 0.08321496, -0.6582186
 278541189, -1.216092, -0.7702178, 0.2860057, -0.5698451, -1.369588, -0.3777799, 0.185379, -0.6221351
 278741185, -1.275523, -2.375207, 0.3535351, -0.5378624, -1.216092, -0.7702178, 0.2860057, -0.5698451
 278941217, -1.89089, -2.241729, 0.4020394, -0.5021253, -1.275523, -2.375207, 0.3535351, -0.5378624
 279141210, -1.636362, -2.335014, 0.4254339, -0.4814722, -1.89089, -2.241729, 0.4020394, -0.5021253
 279341193, -0.008855655, -2.488842, 0.4362403, -0.463862, -1.636362, -2.335014, 0.4254339, -0.4814722
 279541219, -1.181839, -3.813064, 0.4527531, -0.4756946, -0.008855655, -2.488842, 0.4362403, -0.463862
 279741195, -0.7810006, -3.442357, 0.4556101, -0.4659328, -1.181839, -3.813064, 0.4527531, -0.4756946
 279941335, -0.8046367, -3.659428, 0.4543484, -0.4665589, -0.7810006, -3.442357, 0.4556101, -0.4659328
 280120987, -1.15225, -5.578257, 0.4542839, -0.5105547, -0.8046367, -3.659428, 0.4543484, -0.4665589
 280341489, -1.188624, -5.423449, 0.453078, -0.514069, -1.15225, -5.578257, 0.4542839, -0.5105547
 280541176, -1.228817, -5.579251, 0.4554782, -0.5249681, -1.188624, -5.423449, 0.453078, -0.514069
 280741188, -1.320667, -5.194837, 0.455639, -0.5184, -1.228817, -5.579251, 0.4554782, -0.5249681
 280941207, 0.167715, -4.823898, 0.4501961, -0.506173, -1.320667, -5.194837, 0.455639, -0.5184
 281141212, 0.1059082, -4.975865, 0.4527449, -0.5084369, 0.167715, -4.823898, 0.4501961, -0.506173
 281341187, -0.6966209, -6.491995, 0.4523084, -0.5498658, 0.1059082, -4.975865, 0.4527449, -0.5084369
 281541229, -0.3763856, -7.062485, 0.4528384, -0.5684868, -0.6966209, -6.491995, 0.4523084, -0.5498658
 281741312, -0.01465248, -6.536389, 0.4522991, -0.5509265, -0.3763856, -7.062485, 0.4528384, -0.5684868
 281941192, 0.05091963, -6.724435, 0.4567133, -0.5537041, -0.01465248, -6.536389, 0.4522991, -0.5509265
 282160775, -0.1039272, -7.665067, 0.4573759, -0.5823971, 0.05091963, -6.724435, 0.4567133, -0.5537041
 282341221, -1.680986, -8.898125, 0.4628591, -0.6250944, -0.1039272, -7.665067, 0.4573759, -0.5823971
 282541186, -1.552153, -8.804646, 0.458337, -0.6247934, -1.680986, -8.898125, 0.4628591, -0.6250944
 282721147, -0.575461, -7.980706, 0.44793, -0.5978844, -1.552153, -8.804646, 0.458337, -0.6247934
 282941456, -0.5052606, -8.212164, 0.4489258, -0.6052571, -0.575461, -7.980706, 0.44793, -0.5978844
 283141460, -0.6496955, -8.142308, 0.4507972, -0.6065862, -0.5052606, -8.212164, 0.4489258, -0.6052571
 283321170, -0.5219268, -8.51303, 0.4515578, -0.6179824, -0.6496955, -8.142308, 0.4507972, -0.6065862
 283521156, -0.6552387, -8.601647, 0.4499162, -0.6241449, -0.5219268, -8.51303, 0.4515578, -0.6179824
 283721298, -0.5499086, -8.734254, 0.4481462, -0.6275486, -0.6552387, -8.601647, 0.4499162, -0.6241449
 283921156, -0.4972966, -8.545197, 0.4433917, -0.6184674, -0.5499086, -8.734254, 0.4481462, -0.6275486
 284141426, -0.7707849, -10.52035, 0.4388128, -0.6939913, -0.4972966, -8.545197, 0.4433917, -0.6184674
 284321154, -0.1005595, -9.464985, 0.4372487, -0.6522298, -0.7707849, -10.52035, 0.4388128, -0.6939913
 284521153, -0.2429764, -9.362361, 0.4324601, -0.6429409, -0.1005595, -9.464985, 0.4372487, -0.6522298
 284721158, -1.416396, -9.795511, 0.4372334, -0.654723, -0.2429764, -9.362361, 0.4324601, -0.6429409
 284921466, -1.411918, -9.746348, 0.4317197, -0.6535147, -1.416396, -9.795511, 0.4372334, -0.654723
 285121473, -1.419225, -9.88026, 0.4299294, -0.6561351, -1.411918, -9.746348, 0.4317197, -0.6535147
 285321473, -1.285337, -10.05923, 0.429341, -0.6591355, -1.419225, -9.88026, 0.4299294, -0.6561351
 285521594, -0.08917728, -10.48691, 0.421021, -0.6736271, -1.285337, -10.05923, 0.429341, -0.6591355
 285721446, -0.0674004, -10.38904, 0.4172751, -0.6668571, -0.08917728, -10.48691, 0.421021, -0.6736271
 285921470, 0.03040688, -10.31719, 0.4155008, -0.6640447, -0.0674004, -10.38904, 0.4172751, -0.6668571
 286141480, -0.6957673, -11.38074, 0.4113459, -0.7061828, 0.03040688, -10.31719, 0.4155008, -0.6640447
 286341504, -1.189215, -9.738523, 0.4128303, -0.6430171, -0.6957673, -11.38074, 0.4113459, -0.7061828
 286541479, -1.147723, -9.61844, 0.4105258, -0.6378312, -1.189215, -9.738523, 0.4128303, -0.6430171
 286721473, -0.4800755, -9.048165, 0.40303, -0.6162767, -1.147723, -9.61844, 0.4105258, -0.6378312
 286921447, -0.4882305, -9.064168, 0.3983147, -0.6124678, -0.4800755, -9.048165, 0.40303, -0.6162767
 287141631, -0.3606689, -9.170141, 0.3963445, -0.6131935, -0.4882305, -9.064168, 0.3983147, -0.6124678
 287321505, -0.3937984, -9.30477, 0.3961048, -0.6169308, -0.3606689, -9.170141, 0.3963445, -0.6131935
 287521469, 0.5663587, -10.7058, 0.3972965, -0.6685795, -0.3937984, -9.30477, 0.3961048, -0.6169308
 287721459, 0.372017, -10.6717, 0.396711, -0.6661255, 0.5663587, -10.7058, 0.3972965, -0.6685795
 287921445, 0.4168677, -10.56402, 0.3955482, -0.6647756, 0.372017, -10.6717, 0.396711, -0.6661255
 288141515, -0.9108194, -10.92807, 0.3943597, -0.6814304, 0.4168677, -10.56402, 0.3955482, -0.6647756
 288341482, 0.1181095, -9.99586, 0.3915257, -0.6428867, -0.9108194, -10.92807, 0.3943597, -0.6814304
 288521445, 0.1484726, -9.781326, 0.3920107, -0.6314401, 0.1181095, -9.99586, 0.3915257, -0.6428867
 288721462, 0.2858923, -9.790137, 0.3958499, -0.629223, 0.1484726, -9.781326, 0.3920107, -0.6314401
 288941627, 0.3384156, -9.717953, 0.4005615, -0.622296, 0.2858923, -9.790137, 0.3958499, -0.629223
 289121630, 0.1579177, -9.258126, 0.4031287, -0.6001208, 0.3384156, -9.717953, 0.4005615, -0.622296
 289321453, 0.02887348, -9.403713, 0.4049853, -0.6061698, 0.1579177, -9.258126, 0.4031287, -0.6001208
 289521484, -1.328147, -9.764937, 0.4101093, -0.6186295, 0.02887348, -9.403713, 0.4049853, -0.6061698
 289721466, -1.111002, -9.653503, 0.4053063, -0.6118866, -1.328147, -9.764937, 0.4101093, -0.6186295
 289921436, -1.133235, -9.547864, 0.405106, -0.6042318, -1.111002, -9.653503, 0.4053063, -0.6118866
 290141472, 0.5448549, -8.990176, 0.3972262, -0.5836161, -1.133235, -9.547864, 0.405106, -0.6042318
 290321505, -0.9439102, -9.430231, 0.3995964, -0.5996714, 0.5448549, -8.990176, 0.3972262, -0.5836161
 290521457, -0.8442593, -9.57432, 0.394978, -0.6084701, -0.9439102, -9.430231, 0.3995964, -0.5996714
 290721473, -0.8614444, -9.776263, 0.3908629, -0.6212496, -0.8442593, -9.57432, 0.394978, -0.6084701
 290921599, -0.03338551, -10.07582, 0.3848709, -0.6369943, -0.8614444, -9.776263, 0.3908629, -0.6212496
 291141525, -0.1654007, -10.26357, 0.3824242, -0.6440621, -0.03338551, -10.07582, 0.3848709, -0.6369943
 291321463, -0.06383884, -10.16348, 0.3835405, -0.6409529, -0.1654007, -10.26357, 0.3824242, -0.6440621
 291541476, 0.9064366, -10.5014, 0.3835554, -0.6564902, -0.06383884, -10.16348, 0.3835405, -0.6409529
 291741486, 0.4200219, -9.415483, 0.3826227, -0.6139082, 0.9064366, -10.5014, 0.3835554, -0.6564902
 291921453, 0.2429293, -9.308185, 0.3797401, -0.6125292, 0.4200219, -9.415483, 0.3826227, -0.6139082
 292141480, -0.7419804, -9.759574, 0.3868486, -0.6313428, 0.2429293, -9.308185, 0.3797401, -0.6125292
 292321461, 0.5512825, -9.60966, 0.3887981, -0.623144, -0.7419804, -9.759574, 0.3868486, -0.6313428
 292521617, 0.5171739, -9.726159, 0.3950445, -0.625174, 0.5512825, -9.60966, 0.3887981, -0.623144
 292741464, 0.5425051, -9.874434, 0.4000924, -0.6280275, 0.5171739, -9.726159, 0.3950445, -0.625174
 292941636, -0.7518098, -11.27933, 0.4009877, -0.6819477, 0.5425051, -9.874434, 0.4000924, -0.6280275
 293121473, -0.3936318, -10.32516, 0.4009455, -0.6434667, -0.7518098, -11.27933, 0.4009877, -0.6819477
 293321472, -0.5174901, -10.26159, 0.3951333, -0.64534, -0.3936318, -10.32516, 0.4009455, -0.6434667
 293541470, -0.4194077, -9.775616, 0.4004216, -0.6232386, -0.5174901, -10.26159, 0.3951333, -0.64534
 293741505, -1.066831, -10.52834, 0.4037464, -0.6527525, -0.4194077, -9.775616, 0.4004216, -0.6232386
 293921460, 0.08808017, -8.814253, 0.3999282, -0.582347, -1.066831, -10.52834, 0.4037464, -0.6527525
 294141482, 0.06677553, -8.894935, 0.3986729, -0.5893581, 0.08808017, -8.814253, 0.3999282, -0.582347
 294341631, 0.04927617, -8.651462, 0.3917491, -0.5822452, 0.06677553, -8.894935, 0.3986729, -0.5893581
 294501729, -0.5303488, -10.54117, 0.3861861, -0.6583118, 0.04927617, -8.651462, 0.3917491, -0.5822452
 294701989, -0.515744, -10.62455, 0.3895748, -0.6620393, -0.5303488, -10.54117, 0.3861861, -0.6583118
 294901716, -0.5626166, -10.75979, 0.3896462, -0.6674876, -0.515744, -10.62455, 0.3895748, -0.6620393
 295101751, -0.5248047, -10.95849, 0.3905968, -0.6774958, -0.5626166, -10.75979, 0.3896462, -0.6674876
 295301762, -0.5480676, -11.03371, 0.3928364, -0.6821605, -0.5248047, -10.95849, 0.3905968, -0.6774958
 295501732, -0.5587927, -10.89097, 0.3922638, -0.6776986, -0.5480676, -11.03371, 0.3928364, -0.6821605
 295701743, -0.5658362, -10.60121, 0.3962941, -0.6638336, -0.5587927, -10.89097, 0.3922638, -0.6776986
 295901752, -0.439043, -10.67151, 0.4039671, -0.6661114, -0.5658362, -10.60121, 0.3962941, -0.6638336
 296141643, -0.3773602, -10.49447, 0.4073355, -0.6555365, -0.439043, -10.67151, 0.4039671, -0.6661114
 296302045, 0.4796648, -9.903417, 0.4062409, -0.6323218, -0.3773602, -10.49447, 0.4073355, -0.6555365
 296501895, 0.471844, -9.972623, 0.4092351, -0.6359345, 0.4796648, -9.903417, 0.4062409, -0.6323218
 296701782, 0.3316171, -9.427238, 0.4117363, -0.6128574, 0.471844, -9.972623, 0.4092351, -0.6359345
 296901745, 0.1887523, -9.596468, 0.4096215, -0.6183562, 0.3316171, -9.427238, 0.4117363, -0.6128574
 297101764, 0.1511114, -9.688938, 0.4064731, -0.6248564, 0.1887523, -9.596468, 0.4096215, -0.6183562
 297301776, -0.3391069, -11.28399, 0.4058914, -0.6894724, 0.1511114, -9.688938, 0.4064731, -0.6248564
 297501727, -0.1185654, -11.21308, 0.4057291, -0.685594, -0.3391069, -11.28399, 0.4058914, -0.6894724
 297701747, -0.1125671, -11.04029, 0.4016107, -0.6807525, -0.1185654, -11.21308, 0.4057291, -0.685594
 297901719, -0.06606875, -11.02236, 0.4036534, -0.6809, -0.1125671, -11.04029, 0.4016107, -0.6807525
 298101884, 0.7536892, -10.00605, 0.4042926, -0.6412948, -0.06606875, -11.02236, 0.4036534, -0.6809
 298301940, 0.6582426, -10.01283, 0.4058727, -0.6438787, 0.7536892, -10.00605, 0.4042926, -0.6412948
 298501748, 0.6859906, -10.00143, 0.4084877, -0.6412444, 0.6582426, -10.01283, 0.4058727, -0.6438787
 298701848, -0.4049935, -10.75291, 0.4043717, -0.6707351, 0.6859906, -10.00143, 0.4084877, -0.6412444
 298901722, -0.3541582, -10.64039, 0.3999953, -0.6641749, -0.4049935, -10.75291, 0.4043717, -0.6707351
 299101755, -0.364765, -10.17392, 0.3963417, -0.6475627, -0.3541582, -10.64039, 0.3999953, -0.6641749
 299301848, 0.04191692, -7.745366, 0.3948557, -0.5578179, -0.364765, -10.17392, 0.3963417, -0.6475627
 299501737, -0.2763149, -7.987484, 0.3951405, -0.5654166, 0.04191692, -7.745366, 0.3948557, -0.5578179
 299701762, -0.4608119, -7.695278, 0.3916181, -0.5565834, -0.2763149, -7.987484, 0.3951405, -0.5654166
 299901742, -0.4839496, -7.559799, 0.3827913, -0.5579119, -0.4608119, -7.695278, 0.3916181, -0.5565834
 300121480, -0.4597694, -6.422752, 0.3703237, -0.5287349, -0.4839496, -7.559799, 0.3827913, -0.5579119
 300301734, -1.679255, -6.005906, 0.3596536, -0.5284377, -0.4597694, -6.422752, 0.3703237, -0.5287349
 300502022, -1.99283, -5.79475, 0.3280711, -0.5429798, -1.679255, -6.005906, 0.3596536, -0.5284377
 300701878, -2.466114, -4.622307, 0.2851401, -0.5420559, -1.99283, -5.79475, 0.3280711, -0.5429798
 300901727, -2.782076, -4.3697, 0.2374538, -0.5629347, -2.466114, -4.622307, 0.2851401, -0.5420559
 301101870, -3.220591, -3.737722, 0.1541344, -0.5872693, -2.782076, -4.3697, 0.2374538, -0.5629347
 301301732, -3.780121, -2.936607, 0.04869056, -0.6030571, -3.220591, -3.737722, 0.1541344, -0.5872693
 301501780, -2.821047, -1.91364, -0.01859979, -0.5830342, -3.780121, -2.936607, 0.04869056, -0.6030571
 301701751, -3.177605, -1.353773, -0.1313392, -0.5708257, -2.821047, -1.91364, -0.01859979, -0.5830342
 301901931, -3.493003, -0.7188511, -0.2293671, -0.5460306, -3.177605, -1.353773, -0.1313392, -0.5708257
 302101771, -3.463504, -0.01917152, -0.2838038, -0.5199253, -3.493003, -0.7188511, -0.2293671, -0.5460306
 302301728, -3.492229, 0.2546187, -0.3461583, -0.4902986, -3.463504, -0.01917152, -0.2838038, -0.5199253
 302501746, -3.773433, 0.2866026, -0.3984673, -0.4626118, -3.492229, 0.2546187, -0.3461583, -0.4902986
 302701844, -5.282835, -0.5841596, -0.4650155, -0.4385626, -3.773433, 0.2866026, -0.3984673, -0.4626118
 302901721, -5.134253, -1.168006, -0.4776737, -0.429242, -5.282835, -0.5841596, -0.4650155, -0.4385626
 303101759, -5.228505, -0.881485, -0.4924693, -0.4187193, -5.134253, -1.168006, -0.4776737, -0.429242
 303301734, -5.35368, -0.8598644, -0.5041618, -0.4146965, -5.228505, -0.881485, -0.4924693, -0.4187193
 303501839, -6.362463, 0.2351089, -0.5379577, -0.4129069, -5.35368, -0.8598644, -0.5041618, -0.4146965
 303701958, -6.383762, 0.03755274, -0.5411634, -0.4178827, -6.362463, 0.2351089, -0.5379577, -0.4129069
 303901723, -6.47968, 0.01136183, -0.5422212, -0.4247485, -6.383762, 0.03755274, -0.5411634, -0.4178827
 304101866, -6.52533, -0.1741028, -0.5437421, -0.4322827, -6.47968, 0.01136183, -0.5422212, -0.4247485
 304301742, -6.561563, -0.2221154, -0.5446345, -0.435782, -6.52533, -0.1741028, -0.5437421, -0.4322827
 304501721, -6.714926, -0.1271551, -0.5487187, -0.4406964, -6.561563, -0.2221154, -0.5446345, -0.435782
 304702141, -7.362239, 0.7118387, -0.5684602, -0.4479323, -6.714926, -0.1271551, -0.5487187, -0.4406964
 304901721, -8.613397, 0.115101, -0.6117213, -0.4475719, -7.362239, 0.7118387, -0.5684602, -0.4479323
 305101763, -8.724228, 0.2079043, -0.6175681, -0.4497297, -8.613397, 0.115101, -0.6117213, -0.4475719
 305301738, -8.883038, 0.2351598, -0.6249501, -0.4534473, -8.724228, 0.2079043, -0.6175681, -0.4497297
 305501940, -8.944461, 0.2874133, -0.627506, -0.4553884, -8.883038, 0.2351598, -0.6249501, -0.4534473
 305701766, -9.178673, 0.1104249, -0.6342696, -0.4639138, -8.944461, 0.2874133, -0.627506, -0.4553884
 305901746, -9.375343, 0.09091184, -0.6391344, -0.4693699, -9.178673, 0.1104249, -0.6342696, -0.4639138
 306101769, -10.6179, -0.5987199, -0.683817, -0.4727047, -9.375343, 0.09091184, -0.6391344, -0.4693699
 306301748, -10.58506, -0.7080571, -0.6819903, -0.474691, -10.6179, -0.5987199, -0.683817, -0.4727047
 306521442, -10.63476, -0.6079656, -0.6873521, -0.4711032, -10.58506, -0.7080571, -0.6819903, -0.474691
 306701736, -10.46816, -0.5661679, -0.6796038, -0.4689748, -10.63476, -0.6079656, -0.6873521, -0.4711032
 306901747, -9.671509, 0.1259065, -0.6498024, -0.4657067, -10.46816, -0.5661679, -0.6796038, -0.4689748
 307101774, -9.583849, 0.1990399, -0.6479927, -0.4652836, -9.671509, 0.1259065, -0.6498024, -0.4657067
 307301949, -9.653466, 0.1557054, -0.6485854, -0.4613531, -9.583849, 0.1990399, -0.6479927, -0.4652836
 307501769, -10.64634, 0.0216212, -0.6899142, -0.4544627, -9.653466, 0.1557054, -0.6485854, -0.4613531
 307701746, -10.55417, 0.1043866, -0.6867226, -0.4477304, -10.64634, 0.0216212, -0.6899142, -0.4544627
 307901710, -10.28756, 0.3570462, -0.6786922, -0.4383717, -10.55417, 0.1043866, -0.6867226, -0.4477304
 308101769, -9.160861, 0.7655697, -0.639172, -0.4330302, -10.28756, 0.3570462, -0.6786922, -0.4383717
 308301728, -9.025187, -0.489246, -0.63291, -0.4282236, -9.160861, 0.7655697, -0.639172, -0.4330302
 308501733, -9.304741, -0.4070102, -0.6441321, -0.4261414, -9.025187, -0.489246, -0.63291, -0.4282236
 308701738, -9.408047, -0.5737146, -0.6415057, -0.4325218, -9.304741, -0.4070102, -0.6441321, -0.4261414
 308921609, -9.816092, -0.12794, -0.6533933, -0.4339325, -9.408047, -0.5737146, -0.6415057, -0.4325218
 309101947, -11.51377, -0.1138882, -0.7139462, -0.445026, -9.816092, -0.12794, -0.6533933, -0.4339325
 309301740, -11.44632, -0.1263612, -0.7102557, -0.4439681, -11.51377, -0.1138882, -0.7139462, -0.445026
 309501782, -11.25771, 0.1945049, -0.700558, -0.4459125, -11.44632, -0.1263612, -0.7102557, -0.4439681
 309701770, -11.2949, 0.3043947, -0.6999868, -0.4494112, -11.25771, 0.1945049, -0.700558, -0.4459125
 309901737, -11.09801, 0.2827795, -0.6919072, -0.4423721, -11.2949, 0.3043947, -0.6999868, -0.4494112
 310101752, -11.13848, 0.3627598, -0.6927252, -0.4453984, -11.09801, 0.2827795, -0.6919072, -0.4423721
 310301771, -10.45348, 0.9276107, -0.6630906, -0.4511167, -11.13848, 0.3627598, -0.6927252, -0.4453984
 310501721, -10.46776, 0.9013725, -0.6628232, -0.4487882, -10.45348, 0.9276107, -0.6630906, -0.4511167
 310701757, -10.45631, 0.8393162, -0.6644769, -0.4418684, -10.46776, 0.9013725, -0.6628232, -0.4487882
 310901968, -11.47375, 0.1457358, -0.7031699, -0.4364275, -10.45631, 0.8393162, -0.6644769, -0.4418684
 311101768, -11.29399, -0.03631975, -0.6956002, -0.4328434, -11.47375, 0.1457358, -0.7031699, -0.4364275
 311301736, -11.14857, -0.09708561, -0.6903062, -0.4307843, -11.29399, -0.03631975, -0.6956002, -0.4328434
 311501736, -10.24379, -0.7072264, -0.6555447, -0.4218087, -11.14857, -0.09708561, -0.6903062, -0.4307843
 311701863, -9.047036, -0.5638561, -0.6101138, -0.4178587, -10.24379, -0.7072264, -0.6555447, -0.4218087
 311901725, -9.002126, -0.4067921, -0.6093762, -0.4139338, -9.047036, -0.5638561, -0.6101138, -0.4178587
 312121487, -8.738943, -0.3838593, -0.5981064, -0.4103529, -9.002126, -0.4067921, -0.6093762, -0.4139338
 312301772, -7.481552, -0.02504378, -0.5553533, -0.405956, -8.738943, -0.3838593, -0.5981064, -0.4103529
 312501778, -7.32967, 0.05424844, -0.5566867, -0.3998029, -7.481552, -0.02504378, -0.5553533, -0.405956
 312701947, -6.936615, 0.2191916, -0.550359, -0.3851943, -7.32967, 0.05424844, -0.5566867, -0.3998029
 312901762, -5.281503, 0.8739232, -0.5140922, -0.3681107, -6.936615, 0.2191916, -0.550359, -0.3851943
 313102143, -4.731791, 1.116951, -0.5149562, -0.3497072, -5.281503, 0.8739232, -0.5140922, -0.3681107
 313301736, -4.546867, 1.526724, -0.5363318, -0.3134094, -4.731791, 1.116951, -0.5149562, -0.3497072
 313501737, -4.252935, 1.959184, -0.5596469, -0.260407, -4.546867, 1.526724, -0.5363318, -0.3134094
 313701805, -3.606462, 2.664926, -0.5765204, -0.2110612, -4.252935, 1.959184, -0.5596469, -0.260407
 313901730, -3.004609, 3.230417, -0.6046106, -0.116691, -3.606462, 2.664926, -0.5765204, -0.2110612
 314101749, -2.242109, 3.769171, -0.6189451, 0.006694753, -3.004609, 3.230417, -0.6046106, -0.116691
 314301772, -0.7484796, 4.020096, -0.6005874, 0.1241926, -2.242109, 3.769171, -0.6189451, 0.006694753
 314501911, -0.1134914, 4.021029, -0.5730532, 0.2108307, -0.7484796, 4.020096, -0.6005874, 0.1241926
 314701741, 0.5523819, 4.000508, -0.5360349, 0.3049125, -0.1134914, 4.021029, -0.5730532, 0.2108307
 314901710, 0.8091606, 4.053964, -0.4940791, 0.3771278, 0.5523819, 4.000508, -0.5360349, 0.3049125
 315101863, -1.158576, 3.678339, -0.4645388, 0.4106115, 0.8091606, 4.053964, -0.4940791, 0.3771278
 315301736, -0.8003914, 3.927047, -0.4388363, 0.4467539, -1.158576, 3.678339, -0.4645388, 0.4106115
 315501718, -0.7604156, 4.057732, -0.4223171, 0.4687893, -0.8003914, 3.927047, -0.4388363, 0.4467539
 315701771, -0.5073152, 4.652357, -0.4079635, 0.4955827, -0.7604156, 4.057732, -0.4223171, 0.4687893
 315901708, -0.4286274, 4.69585, -0.4050368, 0.5004907, -0.5073152, 4.652357, -0.4079635, 0.4955827
 316101751, -0.3560887, 4.790227, -0.4090787, 0.5056705, -0.4286274, 4.69585, -0.4050368, 0.5004907
 316301950, 0.3253299, 5.644882, -0.4178995, 0.5280826, -0.3560887, 4.790227, -0.4090787, 0.5056705
 316501727, -0.08678663, 5.924308, -0.4267929, 0.5329656, 0.3253299, 5.644882, -0.4178995, 0.5280826
 316721460, -0.09880605, 6.056819, -0.4377521, 0.530866, -0.08678663, 5.924308, -0.4267929, 0.5329656
 316901722, -0.156638, 6.297764, -0.4470308, 0.5356526, -0.09880605, 6.056819, -0.4377521, 0.530866
 317101761, 0.3151155, 7.672414, -0.4520056, 0.5783317, -0.156638, 6.297764, -0.4470308, 0.5356526
 317302114, 0.3851641, 7.809911, -0.4577201, 0.5863526, 0.3151155, 7.672414, -0.4520056, 0.5783317
 317501739, 0.3003128, 8.025016, -0.4604617, 0.5961296, 0.3851641, 7.809911, -0.4577201, 0.5863526
 317701500, -0.06567986, 8.752342, -0.4623021, 0.6242629, 0.3003128, 8.025016, -0.4604617, 0.5961296
 317901489, -0.08470199, 8.90814, -0.4636221, 0.6321356, -0.06567986, 8.752342, -0.4623021, 0.6242629
 318121477, -0.08693877, 8.975942, -0.4642487, 0.635952, -0.08470199, 8.90814, -0.4636221, 0.6321356
 318301478, -0.1501337, 9.22129, -0.4675595, 0.6498907, -0.08693877, 8.975942, -0.4642487, 0.635952
 318501521, -0.7714779, 10.2788, -0.4690152, 0.6884599, -0.1501337, 9.22129, -0.4675595, 0.6498907
 318701488, -0.6856683, 10.28109, -0.4689314, 0.6900247, -0.7714779, 10.2788, -0.4690152, 0.6884599
 318921452, -0.783347, 10.45885, -0.467642, 0.6947494, -0.6856683, 10.28109, -0.4689314, 0.6900247
 319101498, -0.5529297, 11.063, -0.4658488, 0.7147547, -0.783347, 10.45885, -0.467642, 0.6947494
 319301501, -0.5026172, 11.1781, -0.4670549, 0.7160156, -0.5529297, 11.063, -0.4658488, 0.7147547
 319501474, -0.688349, 11.29, -0.4619474, 0.7216707, -0.5026172, 11.1781, -0.4670549, 0.7160156
 319701483, -0.5465529, 10.98251, -0.4603656, 0.7072796, -0.688349, 11.29, -0.4619474, 0.7216707
 319901626, 0.6834869, 9.676708, -0.4621126, 0.6544422, -0.5465529, 10.98251, -0.4603656, 0.7072796
 320101495, 0.7236419, 9.659417, -0.4546624, 0.6557401, 0.6834869, 9.676708, -0.4621126, 0.6544422
 320301483, 0.734853, 9.708426, -0.4601172, 0.6560927, 0.7236419, 9.659417, -0.4546624, 0.6557401
 320501491, 0.3102307, 11.07302, -0.4556606, 0.7084514, 0.734853, 9.708426, -0.4601172, 0.6560927
 320701497, 0.1946538, 11.00863, -0.4583675, 0.7051869, 0.3102307, 11.07302, -0.4556606, 0.7084514
 320901478, 0.2075917, 10.97231, -0.4565205, 0.7051629, 0.1946538, 11.00863, -0.4583675, 0.7051869
 321101495, -0.6845568, 11.09816, -0.4584493, 0.7092849, 0.2075917, 10.97231, -0.4565205, 0.7051629
 321301471, -0.1781286, 8.985978, -0.4557541, 0.6300894, -0.6845568, 11.09816, -0.4584493, 0.7092849
 321501643, -0.1440323, 9.251418, -0.4556664, 0.6366453, -0.1781286, 8.985978, -0.4557541, 0.6300894
 321701623, -0.06617563, 9.268132, -0.4532606, 0.63164, -0.1440323, 9.251418, -0.4556664, 0.6366453
 321901498, 0.8220991, 10.19929, -0.4538656, 0.6666554, -0.06617563, 9.268132, -0.4532606, 0.63164
 322101482, 0.7214659, 10.23441, -0.4488703, 0.6668976, 0.8220991, 10.19929, -0.4538656, 0.6666554
 322301498, 0.6954312, 10.15523, -0.4463837, 0.6633085, 0.7214659, 10.23441, -0.4488703, 0.6668976
 322501482, -0.5440701, 10.34194, -0.4379176, 0.6700795, 0.6954312, 10.15523, -0.4463837, 0.6633085
 322701494, -0.5636503, 10.20526, -0.4321406, 0.6643499, -0.5440701, 10.34194, -0.4379176, 0.6700795
 322901481, -0.3878616, 10.09742, -0.4315881, 0.6581361, -0.5636503, 10.20526, -0.4321406, 0.6643499
 323101492, -0.3302272, 10.05866, -0.4252734, 0.6600137, -0.3878616, 10.09742, -0.4315881, 0.6581361
 323301486, 0.03352854, 10.05367, -0.4235422, 0.6597062, -0.3302272, 10.05866, -0.4252734, 0.6600137
 323501608, 0.107288, 10.21464, -0.4214655, 0.6652201, 0.03352854, 10.05367, -0.4235422, 0.6597062
 323701479, 0.05886385, 10.25699, -0.4222803, 0.668152, 0.107288, 10.21464, -0.4214655, 0.6652201
 323901479, 0.3759787, 10.16093, -0.4241781, 0.6644616, 0.05886385, 10.25699, -0.4222803, 0.668152
 324101498, 0.3109583, 10.38426, -0.4306736, 0.6730465, 0.3759787, 10.16093, -0.4241781, 0.6644616
 324301481, 0.3056774, 10.44937, -0.4367628, 0.6733662, 0.3109583, 10.38426, -0.4306736, 0.6730465
 324501478, 0.7955659, 10.73527, -0.4376467, 0.6825614, 0.3056774, 10.44937, -0.4367628, 0.6733662
 324701498, 0.4068326, 11.38401, -0.4357551, 0.7051114, 0.7955659, 10.73527, -0.4376467, 0.6825614
 324901463, 0.5416947, 11.16581, -0.4304568, 0.6982802, 0.4068326, 11.38401, -0.4357551, 0.7051114
 325101501, 0.5472288, 10.90531, -0.4254387, 0.6871665, 0.5416947, 11.16581, -0.4304568, 0.6982802
 325301640, 0.206828, 10.38893, -0.4255315, 0.6633345, 0.5472288, 10.90531, -0.4254387, 0.6871665
 325501478, 0.3520258, 10.38036, -0.4212116, 0.6642836, 0.206828, 10.38893, -0.4255315, 0.6633345
 325701649, 0.43578, 10.4127, -0.4205574, 0.6667776, 0.3520258, 10.38036, -0.4212116, 0.6642836
 325901485, 0.3640642, 11.33383, -0.4179576, 0.706323, 0.43578, 10.4127, -0.4205574, 0.6667776
 326101496, 0.37833, 11.22171, -0.4165378, 0.7013264, 0.3640642, 11.33383, -0.4179576, 0.706323
 326301474, 0.2677644, 11.10428, -0.4139843, 0.6975221, 0.37833, 11.22171, -0.4165378, 0.7013264
 326501480, 0.4562814, 11.1289, -0.4175009, 0.6996439, 0.2677644, 11.10428, -0.4139843, 0.6975221
 326701493, 0.2907715, 9.216959, -0.4153151, 0.6283267, 0.4562814, 11.1289, -0.4175009, 0.6996439
 326901484, 0.267875, 9.342962, -0.4180691, 0.6321875, 0.2907715, 9.216959, -0.4153151, 0.6283267
 327101627, 0.1741493, 9.507932, -0.4239163, 0.6384712, 0.267875, 9.342962, -0.4180691, 0.6321875
 327301491, -0.2105109, 9.798173, -0.4215806, 0.64798, 0.1741493, 9.507932, -0.4239163, 0.6384712
 327501486, 0.01992999, 9.852298, -0.4209892, 0.6504751, -0.2105109, 9.798173, -0.4215806, 0.64798
 327701484, 0.07387824, 9.877707, -0.4206863, 0.6502551, 0.01992999, 9.852298, -0.4209892, 0.6504751
 327901487, 1.257024, 10.13093, -0.4271908, 0.6585545, 0.07387824, 9.877707, -0.4206863, 0.6502551
 328101489, 0.6099961, 10.68399, -0.4236791, 0.6786435, 1.257024, 10.13093, -0.4271908, 0.6585545
 328301480, 0.6560153, 10.77345, -0.4239012, 0.6815461, 0.6099961, 10.68399, -0.4236791, 0.6786435
 328501486, 0.5944017, 10.65638, -0.4233776, 0.6768299, 0.6560153, 10.77345, -0.4239012, 0.6815461
 328701503, 0.1310132, 10.24548, -0.4254144, 0.6621322, 0.5944017, 10.65638, -0.4233776, 0.6768299
 328901617, 0.1991913, 10.28582, -0.4281942, 0.6662305, 0.1310132, 10.24548, -0.4254144, 0.6621322
 329101495, 0.1192812, 10.39774, -0.4284283, 0.6709501, 0.1991913, 10.28582, -0.4281942, 0.6662305
 329301483, -0.09058736, 10.6973, -0.4282096, 0.6832478, 0.1192812, 10.39774, -0.4284283, 0.6709501
 329501466, -0.129704, 10.57157, -0.4291299, 0.6772181, -0.09058736, 10.6973, -0.4282096, 0.6832478
 329701492, -0.1621071, 10.47852, -0.4282432, 0.6741837, -0.129704, 10.57157, -0.4291299, 0.6772181
 329901630, -0.5385223, 10.45843, -0.4267986, 0.6733132, -0.1621071, 10.47852, -0.4282432, 0.6741837
 330121504, -0.3286183, 9.412233, -0.4289369, 0.6309643, -0.5385223, 10.45843, -0.4267986, 0.6733132
 330301477, 0.07564371, 9.616621, -0.4266595, 0.6377767, -0.3286183, 9.412233, -0.4289369, 0.6309643
 330501507, 0.01774902, 9.597528, -0.421695, 0.6346748, 0.07564371, 9.616621, -0.4266595, 0.6377767
 330701640, 0.2079968, 10.03668, -0.4221565, 0.6498477, 0.01774902, 9.597528, -0.421695, 0.6346748
 330901505, 0.2212204, 10.09385, -0.4229594, 0.648106, 0.2079968, 10.03668, -0.4221565, 0.6498477
 331101496, 0.02155379, 10.17373, -0.421509, 0.6506673, 0.2212204, 10.09385, -0.4229594, 0.648106
 331301478, -0.2123989, 10.63946, -0.422711, 0.6718686, 0.02155379, 10.17373, -0.421509, 0.6506673
 331501462, 0.1943422, 9.957904, -0.4216998, 0.6504119, -0.2123989, 10.63946, -0.422711, 0.6718686
 331701488, 0.2148466, 10.11297, -0.4218893, 0.6608239, 0.1943422, 9.957904, -0.4216998, 0.6504119
 331901464, 0.1510052, 10.1894, -0.4242587, 0.6637228, 0.2148466, 10.11297, -0.4218893, 0.6608239
 332081487, -0.506954, 10.51004, -0.428886, 0.6766578, 0.1510052, 10.1894, -0.4242587, 0.6637228
 332301480, -0.4421871, 10.65267, -0.4347242, 0.6836535, -0.506954, 10.51004, -0.428886, 0.6766578
 332501603, -0.4153437, 10.78293, -0.437604, 0.6880623, -0.4421871, 10.65267, -0.4347242, 0.6836535
 332701468, 0.7587541, 11.00768, -0.4432994, 0.6919643, -0.4153437, 10.78293, -0.437604, 0.6880623
 332901458, 0.6605798, 10.98099, -0.4427302, 0.690031, 0.7587541, 11.00768, -0.4432994, 0.6919643
 333101494, 0.6590776, 10.86966, -0.4406841, 0.6846932, 0.6605798, 10.98099, -0.4427302, 0.690031
 333301449, 0.6228372, 10.59024, -0.4366455, 0.6739377, 0.6590776, 10.86966, -0.4406841, 0.6846932
 333501455, -0.3895738, 10.27931, -0.4302774, 0.6630486, 0.6228372, 10.59024, -0.4366455, 0.6739377
 333701486, -0.2820906, 10.26277, -0.4262339, 0.6631634, -0.3895738, 10.27931, -0.4302774, 0.6630486
 333901452, -0.2614023, 10.08274, -0.4254782, 0.6565874, -0.2820906, 10.26277, -0.4262339, 0.6631634
 334101657, 0.3442359, 9.421556, -0.425487, 0.6325537, -0.2614023, 10.08274, -0.4254782, 0.6565874
 334301595, 0.2998962, 9.433683, -0.428371, 0.6327945, 0.3442359, 9.421556, -0.425487, 0.6325537
 334501452, 0.250294, 9.28617, -0.429939, 0.624672, 0.2998962, 9.433683, -0.428371, 0.6327945
 334701448, 0.7380992, 8.894869, -0.4331346, 0.6100254, 0.250294, 9.28617, -0.429939, 0.624672
 334901468, 0.3047079, 9.250716, -0.432937, 0.6272059, 0.7380992, 8.894869, -0.4331346, 0.6100254
 335101555, 0.2917502, 8.966538, -0.433468, 0.621457, 0.3047079, 9.250716, -0.432937, 0.6272059
 335301456, 0.319074, 8.781079, -0.4314211, 0.6149352, 0.2917502, 8.966538, -0.433468, 0.621457
 335501465, -0.2162829, 6.254379, -0.4311815, 0.531329, 0.319074, 8.781079, -0.4314211, 0.6149352
 335701480, -0.2248384, 6.078811, -0.4319349, 0.5277829, -0.2162829, 6.254379, -0.4311815, 0.531329
 335901457, -0.2329675, 5.899844, -0.4341636, 0.5239165, -0.2248384, 6.078811, -0.4319349, 0.5277829
 336121496, -0.0003513071, 5.164118, -0.4324569, 0.503917, -0.2329675, 5.899844, -0.4341636, 0.5239165
 336301473, 0.5003652, 4.966233, -0.4351092, 0.4996266, -0.0003513071, 5.164118, -0.4324569, 0.503917
 336501468, 0.4679217, 4.517785, -0.4319188, 0.4918469, 0.5003652, 4.966233, -0.4351092, 0.4996266
 336701470, 0.204894, 2.669881, -0.4310347, 0.4632492, 0.4679217, 4.517785, -0.4319188, 0.4918469
 336901478, 0.09502374, 2.595436, -0.4267693, 0.4661116, 0.204894, 2.669881, -0.4310347, 0.4632492
 337101477, 0.06682079, 2.47369, -0.4239483, 0.4710508, 0.09502374, 2.595436, -0.4267693, 0.4661116
 337301463, -0.04083512, 2.37874, -0.4259911, 0.4726688, 0.06682079, 2.47369, -0.4239483, 0.4710508
 337501461, 0.7279845, 1.438473, -0.4313802, 0.4678422, -0.04083512, 2.37874, -0.4259911, 0.4726688
 337721607, 0.6577976, 0.8904546, -0.4354457, 0.4660033, 0.7279845, 1.438473, -0.4313802, 0.4678422
 337901611, 1.033407, -0.4482745, -0.4400248, 0.4646571, 0.6577976, 0.8904546, -0.4354457, 0.4660033
 338101474, 0.3218304, -0.01863905, -0.4428943, 0.4695318, 1.033407, -0.4482745, -0.4400248, 0.4646571
 338301645, -0.7210031, 0.04479638, -0.4504715, 0.4718174, 0.3218304, -0.01863905, -0.4428943, 0.4695318
 338501462, -0.5754466, -0.09637785, -0.458302, 0.4752178, -0.7210031, 0.04479638, -0.4504715, 0.4718174
 338701487, -0.67941, -0.1912827, -0.4654826, 0.4799998, -0.5754466, -0.09637785, -0.458302, 0.4752178
