TimeUS,gpSA,gpHA,gpVA
 76668203, 0.227, 1.279, 1.374
 76850037, 0.406, 1.279, 1.375
 77050024, 0.438, 1.28, 1.375
 77250088, 0.309, 1.28, 1.375
 77450046, 0.359, 1.281, 1.375
 77650064, 0.432, 1.281, 1.376
 77870034, 0.296, 1.281, 1.376
 78050010, 0.331, 1.281, 1.376
 78270093, 0.361, 1.282, 1.376
 78470023, 0.319, 1.282, 1.376
 78650026, 0.295, 1.282, 1.377
 78870062, 0.351, 1.282, 1.377
 79070027, 0.26, 1.282, 1.377
 79270124, 0.378, 1.282, 1.377
 79470031, 0.405, 1.282, 1.377
 79670067, 0.394, 1.283, 1.377
 79850058, 0.441, 1.283, 1.378
 80050044, 0.35, 1.283, 1.378
 80270065, 0.343, 1.283, 1.378
 80470049, 0.351, 1.283, 1.378
 80670066, 0.328, 1.283, 1.378
 80870170, 0.257, 1.283, 1.378
 81070104, 0.321, 1.283, 1.378
 81270070, 0.41, 1.284, 1.379
 81470068, 0.317, 1.284, 1.379
 81670075, 0.334, 1.284, 1.379
 81870051, 0.34, 1.285, 1.379
 82070069, 0.312, 1.286, 1.38
 82270068, 0.411, 1.289, 1.382
 82470041, 0.317, 1.289, 1.383
 82650108, 0.302, 1.287, 1.386
 82870119, 0.339, 1.285, 1.383
 83070049, 0.295, 1.281, 1.376
 83270064, 0.379, 1.281, 1.378
 83470098, 0.363, 1.281, 1.379
 83670054, 0.371, 1.282, 1.382
 83870156, 0.378, 1.282, 1.384
 84070062, 0.391, 1.283, 1.387
 84270101, 0.381, 1.284, 1.385
 84470098, 0.373, 1.285, 1.388
 84670089, 0.358, 1.286, 1.387
 84870111, 0.351, 1.286, 1.389
 85070132, 0.329, 1.287, 1.392
 85250096, 0.303, 1.288, 1.393
 85470107, 0.288, 1.289, 1.397
 85670104, 0.242, 1.289, 1.397
 85870125, 0.232, 1.288, 1.396
 86070122, 0.191, 1.286, 1.393
 86270116, 0.203, 1.284, 1.392
 86470130, 0.172, 1.282, 1.388
 86670116, 0.173, 1.28, 1.384
 86870156, 0.165, 1.277, 1.378
 87070113, 0.194, 1.277, 1.377
 87270126, 0.193, 1.278, 1.377
 87470093, 0.194, 1.279, 1.376
 87670090, 0.193, 1.281, 1.376
 87870120, 0.195, 1.279, 1.375
 88070175, 0.237, 1.273, 1.377
 88270146, 0.203, 1.267, 1.375
 88470150, 0.207, 1.267, 1.375
 88670099, 0.238, 1.266, 1.377
 88870145, 0.255, 1.267, 1.379
 89070102, 0.283, 1.27, 1.382
 89270317, 0.247, 1.269, 1.384
 89470094, 0.267, 1.267, 1.384
 89670098, 0.274, 1.269, 1.387
 89870130, 0.24, 1.269, 1.388
 90070126, 0.27, 1.27, 1.39
 90270150, 0.241, 1.271, 1.391
 90470092, 0.22, 1.271, 1.389
 90670064, 0.227, 1.271, 1.389
 90870147, 0.215, 1.271, 1.39
 91070082, 0.275, 1.272, 1.394
 91270188, 0.254, 1.271, 1.397
 91470220, 0.313, 1.267, 1.401
 91670218, 0.267, 1.261, 1.406
 91870263, 0.268, 1.256, 1.411
 92070199, 0.257, 1.253, 1.415
 92270238, 0.231, 1.252, 1.417
 92470214, 0.261, 1.252, 1.418
 92670203, 0.256, 1.252, 1.416
 92870234, 0.231, 1.251, 1.415
 93070212, 0.243, 1.249, 1.415
 93270277, 0.203, 1.247, 1.416
 93470337, 0.199, 1.242, 1.414
 93670349, 0.203, 1.24, 1.412
 93870300, 0.191, 1.237, 1.408
 94070254, 0.23, 1.235, 1.407
 94270234, 0.223, 1.233, 1.406
 94470292, 0.278, 1.233, 1.407
 94670225, 0.261, 1.237, 1.409
 94870257, 0.219, 1.237, 1.41
 95070216, 0.329, 1.235, 1.412
 95270224, 0.349, 1.232, 1.412
 95490684, 0.339, 1.233, 1.413
 95670249, 0.364, 1.233, 1.414
 95870227, 0.299, 1.232, 1.413
 96070210, 0.348, 1.232, 1.413
 96270228, 0.376, 1.233, 1.412
 96470280, 0.333, 1.233, 1.412
 96670192, 0.386, 1.235, 1.412
 96870212, 0.407, 1.236, 1.412
 97070218, 0.432, 1.238, 1.411
 97270403, 0.43, 1.24, 1.411
 97470223, 0.416, 1.241, 1.413
 97670333, 0.415, 1.243, 1.415
 97870215, 0.438, 1.245, 1.417
 98070252, 0.304, 1.247, 1.42
 98270244, 0.318, 1.25, 1.424
 98470215, 0.405, 1.252, 1.428
 98670215, 0.279, 1.256, 1.434
 98870231, 0.354, 1.259, 1.439
 99070355, 0.438, 1.263, 1.445
 99270237, 0.362, 1.266, 1.451
 99470203, 0.339, 1.27, 1.457
 99670384, 0.483, 1.274, 1.463
 99870231, 0.444, 1.277, 1.468
 100070191, 0.481, 1.281, 1.473
 100270237, 0.449, 1.284, 1.477
 100470256, 0.489, 1.287, 1.479
 100670218, 0.46, 1.291, 1.482
 100870269, 0.415, 1.293, 1.484
 101070197, 0.317, 1.295, 1.487
 101270243, 0.339, 1.297, 1.489
 101470218, 0.249, 1.298, 1.492
 101670211, 0.292, 1.298, 1.493
 101870384, 0.325, 1.295, 1.492
 102070247, 0.287, 1.29, 1.49
 102270232, 0.237, 1.286, 1.489
 102470196, 0.179, 1.281, 1.487
 102670244, 0.216, 1.278, 1.485
 102870304, 0.211, 1.275, 1.484
 103070280, 0.211, 1.272, 1.483
 103270221, 0.21, 1.27, 1.481
 103470258, 0.266, 1.267, 1.479
 103670246, 0.295, 1.265, 1.477
 103870355, 0.329, 1.262, 1.474
 104070214, 0.268, 1.259, 1.471
 104270233, 0.287, 1.257, 1.47
 104470202, 0.198, 1.254, 1.468
 104670253, 0.24, 1.251, 1.467
 104870236, 0.244, 1.249, 1.468
 105070218, 0.325, 1.245, 1.467
 105270229, 0.209, 1.242, 1.466
 105490703, 0.207, 1.239, 1.465
 105690700, 0.241, 1.237, 1.465
 105870286, 0.214, 1.235, 1.465
 106070336, 0.276, 1.233, 1.464
 106270253, 0.304, 1.231, 1.464
 106470248, 0.3, 1.231, 1.465
 106670274, 0.346, 1.231, 1.465
 106870237, 0.387, 1.232, 1.466
 107070221, 0.385, 1.232, 1.465
 107270231, 0.361, 1.232, 1.465
 107470222, 0.415, 1.233, 1.466
 107670210, 0.349, 1.234, 1.467
 107870224, 0.26, 1.235, 1.468
 108070338, 0.29, 1.237, 1.469
 108270402, 0.3, 1.237, 1.471
 108470211, 0.353, 1.238, 1.472
 108670215, 0.352, 1.239, 1.473
 108870269, 0.324, 1.24, 1.472
 109070248, 0.334, 1.241, 1.473
 109270248, 0.297, 1.24, 1.473
 109470197, 0.375, 1.24, 1.475
 109670218, 0.337, 1.239, 1.476
 109870272, 0.325, 1.237, 1.478
 110070255, 0.332, 1.234, 1.478
 110270358, 0.322, 1.231, 1.477
 110470225, 0.219, 1.229, 1.477
 110670254, 0.273, 1.226, 1.476
 110870227, 0.216, 1.224, 1.476
 111070185, 0.33, 1.223, 1.478
 111270231, 0.345, 1.223, 1.479
 111490781, 0.331, 1.222, 1.481
 111670293, 0.366, 1.222, 1.485
 111870374, 0.367, 1.222, 1.489
 112070195, 0.429, 1.223, 1.494
 112270400, 0.392, 1.226, 1.499
 112470217, 0.263, 1.228, 1.504
 112670215, 0.248, 1.227, 1.502
 112870275, 0.233, 1.226, 1.502
 113070240, 0.269, 1.226, 1.505
 113270239, 0.288, 1.227, 1.508
 113470205, 0.296, 1.228, 1.508
 113690777, 0.35, 1.229, 1.506
 113870291, 0.349, 1.228, 1.5
 114070199, 0.335, 1.228, 1.5
 114270226, 0.411, 1.23, 1.5
 114470382, 0.431, 1.231, 1.499
 114730235, 0.3, 1.577, 1.655
 114870232, 0.189, 1.572, 1.647
 115070200, 0.201, 1.565, 1.64
 115270269, 0.205, 1.556, 1.629
 115470356, 0.256, 1.548, 1.619
 115690710, 0.296, 1.54, 1.612
 115870281, 0.322, 1.533, 1.604
 116070213, 0.343, 1.527, 1.599
 116290800, 0.219, 1.521, 1.594
 116470340, 0.21, 1.515, 1.592
 116710222, 0.239, 1.508, 1.588
 116870238, 0.34, 1.501, 1.582
 117070218, 0.425, 1.497, 1.581
 117270367, 0.431, 1.493, 1.578
 117490783, 0.419, 1.489, 1.575
 117670209, 0.438, 1.486, 1.573
 117870237, 0.366, 1.482, 1.568
 118070215, 0.318, 1.478, 1.563
 118270230, 0.278, 1.474, 1.56
 118470205, 0.337, 1.469, 1.555
 118670328, 0.376, 1.463, 1.551
 118870215, 0.357, 1.457, 1.546
 119070402, 0.378, 1.454, 1.543
 119270232, 0.388, 1.451, 1.541
 119470204, 0.498, 1.45, 1.54
 119670221, 0.441, 1.448, 1.54
 119870225, 0.457, 1.447, 1.538
 120070213, 0.453, 1.446, 1.538
 120270239, 0.398, 1.446, 1.538
 120470213, 0.421, 1.446, 1.539
 120670344, 0.412, 1.443, 1.536
 120870359, 0.384, 1.44, 1.533
 121070253, 0.378, 1.438, 1.531
 121270290, 0.403, 1.437, 1.529
 121470204, 0.484, 1.437, 1.529
 121670231, 0.517, 1.438, 1.529
 121870273, 0.383, 1.437, 1.529
 122070185, 0.417, 1.437, 1.528
 122270237, 0.413, 1.435, 1.528
 122490401, 0.323, 1.434, 1.527
 122690227, 0.231, 1.433, 1.527
 122870355, 0.291, 1.431, 1.525
 123070222, 0.394, 1.43, 1.524
 123270240, 0.375, 1.427, 1.521
 123490267, 0.405, 1.425, 1.518
 123670220, 0.416, 1.424, 1.516
 123870230, 0.411, 1.424, 1.516
 124070244, 0.411, 1.424, 1.515
 124270245, 0.355, 1.423, 1.515
 124470355, 0.314, 1.423, 1.515
 124670263, 0.421, 1.421, 1.514
 124870356, 0.426, 1.418, 1.51
 125070212, 0.37, 1.414, 1.506
 125270233, 0.279, 1.41, 1.502
 125470248, 0.298, 1.406, 1.499
 125690272, 0.236, 1.403, 1.498
 125890244, 0.234, 1.399, 1.495
 126070200, 0.359, 1.395, 1.493
 126270407, 0.326, 1.391, 1.49
 126470207, 0.341, 1.386, 1.486
 126670223, 0.352, 1.384, 1.483
 126870301, 0.268, 1.382, 1.481
 127070367, 0.384, 1.38, 1.478
 127270236, 0.278, 1.377, 1.474
 127470219, 0.207, 1.373, 1.47
 127670252, 0.395, 1.37, 1.464
 127870243, 0.367, 1.363, 1.452
 128070251, 0.366, 1.357, 1.441
 128270258, 0.267, 1.35, 1.429
 128470247, 0.282, 1.347, 1.424
 128670198, 0.316, 1.346, 1.422
 128870237, 0.239, 1.343, 1.414
 129070385, 0.253, 1.34, 1.409
 129270214, 0.249, 1.338, 1.405
 129470207, 0.167, 1.336, 1.402
 129670210, 0.259, 1.333, 1.396
 129870396, 0.274, 1.33, 1.391
 130070217, 0.319, 1.326, 1.384
 130270233, 0.314, 1.32, 1.377
 130470188, 0.321, 1.313, 1.371
 130670254, 0.333, 1.307, 1.368
 130870268, 0.303, 1.299, 1.363
 131070210, 0.275, 1.292, 1.359
 131270423, 0.293, 1.286, 1.357
 131470287, 0.21, 1.279, 1.354
 131670247, 0.256, 1.277, 1.354
 131870207, 0.276, 1.275, 1.355
 132070253, 0.308, 1.274, 1.357
 132270231, 0.322, 1.271, 1.357
 132470201, 0.353, 1.267, 1.357
 132670251, 0.33, 1.265, 1.358
 132870234, 0.337, 1.262, 1.358
 133070211, 0.36, 1.259, 1.36
 133270368, 0.294, 1.257, 1.361
 133470406, 0.267, 1.256, 1.363
 133670268, 0.327, 1.256, 1.366
 133870230, 0.34, 1.257, 1.37
 134070221, 0.456, 1.258, 1.375
 134270271, 0.298, 1.261, 1.38
 134470231, 0.446, 1.263, 1.386
 134670198, 0.309, 1.266, 1.393
 134870273, 0.318, 1.268, 1.399
 135070215, 0.336, 1.271, 1.406
 135270386, 0.395, 1.272, 1.411
 135490227, 0.404, 1.275, 1.416
 135670267, 0.443, 1.277, 1.421
 135890350, 0.426, 1.28, 1.425
 136090234, 0.359, 1.283, 1.429
 136290268, 0.458, 1.287, 1.433
 136490279, 0.369, 1.291, 1.436
 136690256, 0.5100001, 1.295, 1.44
 136870216, 0.335, 1.3, 1.442
 137070390, 0.418, 1.304, 1.445
 137270238, 0.315, 1.308, 1.447
 137490253, 0.426, 1.311, 1.449
 137690207, 0.47, 1.315, 1.451
 137890427, 0.332, 1.318, 1.45
 138070280, 0.381, 1.319, 1.449
 138270240, 0.276, 1.319, 1.447
 138470220, 0.325, 1.32, 1.445
 138670262, 0.31, 1.321, 1.444
 138890264, 0.352, 1.322, 1.443
 139070231, 0.332, 1.322, 1.441
 139270274, 0.4, 1.323, 1.44
 139490271, 0.383, 1.324, 1.439
 139690230, 0.375, 1.326, 1.438
 139870265, 0.404, 1.327, 1.438
 140090423, 0.353, 1.329, 1.437
 140290245, 0.223, 1.331, 1.437
 140490376, 0.342, 1.332, 1.436
 140690230, 0.347, 1.333, 1.435
 140890271, 0.387, 1.333, 1.433
 141070220, 0.319, 1.334, 1.432
 141290253, 0.321, 1.334, 1.431
 141490246, 0.341, 1.334, 1.43
 141670338, 0.346, 1.336, 1.43
 141870226, 0.33, 1.337, 1.429
 142070193, 0.34, 1.338, 1.429
 142270301, 0.37, 1.339, 1.429
 142470414, 0.331, 1.34, 1.429
 142670215, 0.353, 1.341, 1.429
 142870265, 0.303, 1.341, 1.43
 143070221, 0.31, 1.342, 1.43
 143290245, 0.281, 1.341, 1.429
 143490230, 0.342, 1.341, 1.429
 143670250, 0.345, 1.342, 1.43
 143890265, 0.308, 1.342, 1.43
 144070194, 0.355, 1.342, 1.432
 144290382, 0.336, 1.341, 1.432
 144490306, 0.316, 1.34, 1.433
 144670214, 0.325, 1.339, 1.434
 144870248, 0.298, 1.337, 1.432
 145070217, 0.291, 1.333, 1.429
 145270256, 0.289, 1.329, 1.425
 145470207, 0.302, 1.326, 1.423
 145670213, 0.287, 1.324, 1.421
 145870356, 0.24, 1.314, 1.412
 146090269, 0.281, 1.309, 1.409
 146290383, 0.3, 1.307, 1.408
 146470189, 0.31, 1.304, 1.407
 146670258, 0.302, 1.302, 1.407
 146870300, 0.274, 1.299, 1.405
 147070222, 0.288, 1.297, 1.405
 147270240, 0.279, 1.294, 1.404
 147490267, 0.254, 1.29, 1.4
 147670214, 0.279, 1.287, 1.398
 147870260, 0.271, 1.283, 1.394
 148070362, 0.268, 1.278, 1.391
 148270244, 0.284, 1.275, 1.39
 148490355, 0.268, 1.271, 1.387
 148670212, 0.274, 1.267, 1.384
 148870294, 0.264, 1.263, 1.381
 149070266, 0.273, 1.26, 1.38
 149270229, 0.282, 1.257, 1.38
 149470211, 0.282, 1.255, 1.38
 149670243, 0.294, 1.254, 1.38
 149870239, 0.266, 1.251, 1.379
 150070330, 0.282, 1.248, 1.379
 150270292, 0.275, 1.245, 1.38
 150470207, 0.278, 1.243, 1.38
 150670232, 0.278, 1.239, 1.378
 150870236, 0.277, 1.235, 1.377
 151070294, 0.282, 1.232, 1.376
 151270286, 0.267, 1.229, 1.374
 151470249, 0.277, 1.227, 1.374
 151690275, 0.321, 1.227, 1.376
 151870224, 0.261, 1.225, 1.374
 152070192, 0.315, 1.223, 1.376
 152270359, 0.321, 1.224, 1.379
 152470248, 0.292, 1.223, 1.381
 152670211, 0.3, 1.222, 1.386
 152870235, 0.277, 1.221, 1.39
 153070204, 0.286, 1.221, 1.394
 153270380, 0.291, 1.22, 1.397
 153490294, 0.292, 1.219, 1.401
 153670195, 0.305, 1.219, 1.403
 153870254, 0.279, 1.218, 1.404
 154070216, 0.3, 1.217, 1.404
 154270367, 0.286, 1.217, 1.405
 154490242, 0.283, 1.216, 1.403
 154670261, 0.313, 1.216, 1.403
 154870229, 0.3, 1.216, 1.405
 155070241, 0.297, 1.216, 1.408
 155270275, 0.292, 1.216, 1.412
 155470206, 0.281, 1.214, 1.414
 155670193, 0.301, 1.214, 1.415
 155870226, 0.3, 1.214, 1.416
 156090263, 0.31, 1.213, 1.417
 156270226, 0.299, 1.212, 1.419
 156490250, 0.303, 1.211, 1.421
 156670251, 0.28, 1.209, 1.422
 156870283, 0.254, 1.206, 1.419
 157070214, 0.334, 1.206, 1.422
 157270262, 0.317, 1.207, 1.421
 157470254, 0.275, 1.206, 1.418
 157670219, 0.327, 1.206, 1.419
 157870232, 0.252, 1.203, 1.414
 158070225, 0.327, 1.202, 1.413
 158270222, 0.311, 1.201, 1.41
 158490393, 0.313, 1.201, 1.408
 158690236, 0.342, 1.201, 1.409
 158890406, 0.336, 1.202, 1.41
 159090225, 0.34, 1.203, 1.413
 159270237, 0.297, 1.203, 1.414
 159490227, 0.3, 1.203, 1.414
 159690262, 0.31, 1.204, 1.415
 159890237, 0.314, 1.204, 1.412
 160090210, 0.316, 1.204, 1.409
 160290264, 0.277, 1.202, 1.405
 160490372, 0.25, 1.197, 1.398
 160670252, 0.27, 1.193, 1.395
 160870258, 0.258, 1.187, 1.389
 161070199, 0.237, 1.181, 1.382
 161270212, 0.233, 1.174, 1.375
 161470207, 0.28, 1.17, 1.373
 161670239, 0.266, 1.168, 1.371
 161870241, 0.23, 1.162, 1.366
 162470415, 0.309, 1.153, 1.359
 162670327, 0.326, 1.153, 1.359
 162870225, 0.291, 1.153, 1.355
 163070556, 0.267, 1.151, 1.352
 163270555, 0.275, 1.148, 1.351
 163470490, 0.27, 1.146, 1.349
 163670489, 0.264, 1.144, 1.35
 163870569, 0.253, 1.141, 1.35
 164070559, 0.31, 1.141, 1.349
 164270711, 0.271, 1.14, 1.346
 164470333, 0.268, 1.139, 1.344
 164670371, 0.244, 1.135, 1.34
 164870424, 0.258, 1.132, 1.336
 165070367, 0.261, 1.129, 1.334
 165270408, 0.281, 1.127, 1.332
 165470368, 0.308, 1.128, 1.33
 165670367, 0.292, 1.128, 1.327
 165870404, 0.244, 1.127, 1.321
 166070420, 0.304, 1.127, 1.318
 166290430, 0.323, 1.128, 1.314
 166470369, 0.28, 1.129, 1.312
 166670367, 0.29, 1.128, 1.31
 166870412, 0.288, 1.127, 1.311
 167070367, 0.394, 1.129, 1.314
 167270391, 0.346, 1.134, 1.315
 167470404, 0.331, 1.136, 1.315
 167670406, 0.401, 1.137, 1.316
 167870445, 0.42, 1.139, 1.317
 168070368, 0.402, 1.14, 1.316
 168270411, 0.302, 1.137, 1.311
 168470421, 0.456, 1.138, 1.31
 168670386, 0.337, 1.138, 1.312
 168870395, 0.23, 1.139, 1.311
 169070425, 0.197, 1.142, 1.312
 169270428, 0.228, 1.146, 1.313
 169470401, 0.233, 1.152, 1.316
 169670430, 0.301, 1.157, 1.321
 169870413, 0.328, 1.161, 1.325
 170070404, 0.362, 1.164, 1.328
 170270407, 0.343, 1.166, 1.331
 170470388, 0.404, 1.169, 1.334
 170670388, 0.355, 1.17, 1.337
 170870401, 0.388, 1.172, 1.341
 171070428, 0.412, 1.177, 1.343
 171270432, 0.404, 1.18, 1.345
 171490445, 0.454, 1.184, 1.35
 171670368, 0.447, 1.189, 1.353
 171870376, 0.395, 1.192, 1.35
 172070395, 0.375, 1.193, 1.343
 172270399, 0.374, 1.193, 1.339
 172470385, 0.305, 1.19, 1.33
 172670411, 0.609, 1.194, 1.334
 172870399, 0.686, 1.208, 1.34
 173070402, 0.36, 1.212, 1.336
 173270447, 0.375, 1.209, 1.334
 173490430, 0.483, 1.21, 1.335
 173690439, 0.321, 1.208, 1.334
 173870401, 0.311, 1.203, 1.329
 174070357, 0.361, 1.2, 1.328
 174270406, 0.305, 1.194, 1.327
 174490386, 0.318, 1.189, 1.327
 174670375, 0.359, 1.187, 1.329
 174870437, 0.396, 1.187, 1.331
 175070438, 0.391, 1.188, 1.336
 175270469, 0.422, 1.19, 1.34
 175490416, 0.406, 1.191, 1.346
 175670369, 0.413, 1.193, 1.352
 175870389, 0.408, 1.194, 1.356
 176070399, 0.403, 1.195, 1.358
 176290365, 0.4, 1.196, 1.358
 176470367, 0.413, 1.198, 1.359
 176670391, 0.399, 1.199, 1.361
 176870431, 0.411, 1.201, 1.364
 177070382, 0.462, 1.204, 1.372
 177270391, 0.422, 1.207, 1.379
 177490387, 0.437, 1.209, 1.382
 177690378, 0.414, 1.208, 1.378
 177890431, 0.344, 1.204, 1.374
 178070383, 0.429, 1.203, 1.373
 178290400, 0.423, 1.203, 1.372
 178490403, 0.37, 1.202, 1.372
 178690376, 0.373, 1.201, 1.375
 178890405, 0.39, 1.201, 1.377
 179090372, 0.474, 1.203, 1.383
 179270819, 0.482, 1.207, 1.389
 179490384, 0.478, 1.211, 1.394
 179690366, 0.444, 1.214, 1.399
 179870810, 0.394, 1.214, 1.402
 180070808, 0.411, 1.214, 1.406
 180270841, 0.384, 1.214, 1.405
 180470942, 0.407, 1.214, 1.403
 180670701, 0.39, 1.213, 1.402
 180870940, 0.353, 1.209, 1.403
 181070715, 0.333, 1.207, 1.405
 181270841, 0.315, 1.204, 1.41
 181470893, 0.471, 1.205, 1.416
 181670958, 0.355, 1.207, 1.418
 181870798, 0.366, 1.207, 1.416
 182070918, 0.399, 1.206, 1.417
 182270956, 0.386, 1.208, 1.415
 182470805, 0.419, 1.209, 1.414
 182670916, 0.306, 1.205, 1.412
 182870832, 0.452, 1.205, 1.414
 183070706, 0.421, 1.208, 1.418
 183270930, 0.379, 1.21, 1.422
 183490389, 0.396, 1.212, 1.422
 183670939, 0.297, 1.209, 1.42
 183870936, 0.394, 1.208, 1.415
 184070927, 0.424, 1.208, 1.413
 184270814, 0.427, 1.21, 1.412
 184470920, 0.435, 1.211, 1.412
 184670705, 0.462, 1.213, 1.416
 184870806, 0.424, 1.217, 1.42
 185070935, 0.458, 1.219, 1.424
 185270819, 0.374, 1.22, 1.422
 185470716, 0.49, 1.222, 1.426
 185670916, 0.415, 1.224, 1.429
 185870984, 0.381, 1.224, 1.429
 186070794, 0.427, 1.225, 1.433
 186270962, 0.363, 1.228, 1.438
 186490391, 0.413, 1.23, 1.442
 186690373, 0.412, 1.234, 1.447
 186870940, 0.379, 1.237, 1.453
 187070705, 0.35, 1.239, 1.454
 187270831, 0.331, 1.239, 1.453
 187470921, 0.297, 1.239, 1.451
 187690369, 0.424, 1.241, 1.453
 187870934, 0.389, 1.244, 1.454
 188070892, 0.386, 1.247, 1.46
 188270816, 0.39, 1.251, 1.465
 188490370, 0.367, 1.254, 1.473
 188690400, 0.381, 1.257, 1.479
 188890394, 0.39, 1.261, 1.483
 189090409, 0.361, 1.263, 1.487
 189290437, 0.364, 1.264, 1.488
 189490396, 0.281, 1.264, 1.487
 189670715, 0.335, 1.265, 1.486
 189890378, 0.312, 1.267, 1.489
 190070926, 0.243, 1.269, 1.493
 190270860, 0.33, 1.271, 1.498
 190470925, 0.333, 1.273, 1.505
 190670801, 0.345, 1.275, 1.512
 190870722, 0.274, 1.277, 1.516
 191070913, 0.39, 1.278, 1.522
 191270957, 0.299, 1.277, 1.526
 191470806, 0.309, 1.279, 1.53
 191670914, 0.293, 1.281, 1.535
 191890389, 0.315, 1.282, 1.537
 192090396, 0.275, 1.28, 1.541
 192270932, 0.318, 1.281, 1.546
 192490429, 0.279, 1.279, 1.546
 192670801, 0.276, 1.279, 1.548
 192870957, 0.399, 1.281, 1.55
 193090359, 0.363, 1.283, 1.551
 193290399, 0.388, 1.284, 1.551
 193490373, 0.365, 1.284, 1.553
 193670693, 0.249, 1.282, 1.552
 193870810, 0.406, 1.281, 1.547
 194070916, 0.291, 1.28, 1.544
 194270925, 0.304, 1.279, 1.541
 194470710, 0.351, 1.277, 1.535
 194670923, 0.29, 1.274, 1.529
 194870932, 0.363, 1.271, 1.523
 195070815, 0.214, 1.268, 1.517
 195270936, 0.338, 1.264, 1.511
 195490383, 0.316, 1.262, 1.507
 195670695, 0.315, 1.261, 1.504
 195870891, 0.327, 1.258, 1.499
 196070675, 0.373, 1.256, 1.495
 196270943, 0.315, 1.254, 1.491
 196470923, 0.23, 1.252, 1.486
 196690380, 0.283, 1.25, 1.482
 196870708, 0.332, 1.248, 1.478
 197070860, 0.39, 1.246, 1.474
 197270700, 0.277, 1.244, 1.47
 197470794, 0.288, 1.242, 1.466
 197670922, 0.295, 1.24, 1.461
 197870699, 0.3, 1.237, 1.456
 198070681, 0.377, 1.235, 1.452
 198270918, 0.298, 1.233, 1.448
 198470936, 0.307, 1.23, 1.444
 198670701, 0.334, 1.228, 1.44
 198870948, 0.289, 1.225, 1.436
 199070675, 0.33, 1.223, 1.432
 199270375, 0.35, 1.221, 1.428
 199470361, 0.286, 1.219, 1.425
 199670368, 0.303, 1.217, 1.421
 199890363, 0.324, 1.214, 1.417
 200070381, 0.369, 1.212, 1.413
 200270441, 0.291, 1.21, 1.41
 200470421, 0.35, 1.208, 1.406
 200670382, 0.214, 1.207, 1.403
 200870392, 0.309, 1.205, 1.4
 201070382, 0.378, 1.205, 1.399
 201270399, 0.335, 1.203, 1.396
 201490356, 0.299, 1.202, 1.393
 201670377, 0.375, 1.201, 1.391
 201870386, 0.288, 1.2, 1.389
 202070396, 0.353, 1.199, 1.387
 202270392, 0.313, 1.198, 1.385
 202470345, 0.373, 1.197, 1.384
 202670388, 0.223, 1.197, 1.383
 202870385, 0.329, 1.196, 1.382
 203070334, 0.338, 1.196, 1.381
 203270364, 0.286, 1.196, 1.381
 203470335, 0.308, 1.196, 1.38
 203670367, 0.265, 1.195, 1.379
 203870405, 0.339, 1.195, 1.377
 204070339, 0.326, 1.194, 1.376
 204270373, 0.23, 1.194, 1.375
 204470355, 0.337, 1.193, 1.374
 204670389, 0.348, 1.193, 1.374
 204870347, 0.334, 1.193, 1.373
 205070354, 0.311, 1.193, 1.372
 205270391, 0.333, 1.192, 1.371
 205470351, 0.294, 1.192, 1.37
 205670351, 0.294, 1.191, 1.368
 205870309, 0.256, 1.191, 1.367
 206070312, 0.334, 1.191, 1.366
 206270325, 0.367, 1.19, 1.364
 206470307, 0.324, 1.19, 1.363
 206670292, 0.27, 1.19, 1.363
 206870347, 0.357, 1.189, 1.362
 207070300, 0.333, 1.19, 1.362
 207270318, 0.316, 1.189, 1.361
 207490652, 0.252, 1.189, 1.361
 207670282, 0.333, 1.188, 1.36
 207870321, 0.239, 1.188, 1.359
 208070281, 0.236, 1.188, 1.359
 208270285, 0.304, 1.187, 1.358
 208470300, 0.242, 1.187, 1.357
 208670286, 0.381, 1.187, 1.357
 208870329, 0.386, 1.186, 1.356
 209070303, 0.37, 1.186, 1.356
 209270370, 0.322, 1.186, 1.356
 209470273, 0.305, 1.186, 1.355
 209670301, 0.271, 1.186, 1.355
 209890666, 0.31, 1.186, 1.355
 210070283, 0.28, 1.186, 1.354
 210270313, 0.375, 1.186, 1.354
 210470302, 0.35, 1.186, 1.353
 210670313, 0.365, 1.186, 1.353
 210870311, 0.308, 1.186, 1.353
 211070324, 0.388, 1.185, 1.352
 211270305, 0.369, 1.185, 1.351
 211470307, 0.332, 1.185, 1.351
 211670284, 0.269, 1.185, 1.35
 211870310, 0.336, 1.184, 1.349
 212070284, 0.306, 1.184, 1.349
 212270312, 0.373, 1.184, 1.348
 212470278, 0.323, 1.184, 1.347
 212670300, 0.391, 1.184, 1.346
 212870343, 0.391, 1.184, 1.346
 213070323, 0.314, 1.183, 1.345
 213270298, 0.217, 1.183, 1.344
 213490755, 0.257, 1.183, 1.343
 213670289, 0.271, 1.182, 1.342
 213870303, 0.38, 1.182, 1.341
 214070301, 0.309, 1.182, 1.341
 214270321, 0.386, 1.182, 1.341
 214470290, 0.305, 1.182, 1.34
 214670337, 0.324, 1.182, 1.34
 214870311, 0.318, 1.181, 1.338
 215070297, 0.37, 1.181, 1.338
 215270364, 0.301, 1.18, 1.337
 215470272, 0.225, 1.18, 1.336
 215670300, 0.266, 1.18, 1.336
 215890662, 0.305, 1.179, 1.335
 216070299, 0.305, 1.179, 1.335
 216270310, 0.348, 1.178, 1.334
 216470344, 0.319, 1.177, 1.332
 216670298, 0.385, 1.177, 1.331
 216870286, 0.294, 1.176, 1.33
 217070300, 0.337, 1.176, 1.329
 217270318, 0.349, 1.175, 1.328
 217470298, 0.352, 1.175, 1.328
 217670320, 0.328, 1.175, 1.328
 217870295, 0.391, 1.175, 1.328
 218070292, 0.329, 1.175, 1.328
 218270367, 0.396, 1.175, 1.328
 218470283, 0.304, 1.175, 1.328
 218670291, 0.375, 1.176, 1.329
 218870300, 0.395, 1.176, 1.329
 219070277, 0.215, 1.176, 1.329
 219270299, 0.304, 1.176, 1.329
 219490648, 0.314, 1.176, 1.329
 219670302, 0.306, 1.176, 1.329
 219870311, 0.293, 1.176, 1.328
 220090659, 0.306, 1.176, 1.328
 220270283, 0.309, 1.176, 1.328
 220470301, 0.361, 1.176, 1.328
