TimeUS,CGpN,CGpE,CGpD,CGpe,PGpN,PGpE,PGpD,PGpe
 115810837, -0.059, -0.037, -0.022, 1.545, 0.003, -0.033, 0.045, 1.545
 116010748, 0.024, 0.034, -0.003, 1.546, -0.059, -0.037, -0.022, 1.545
 116210854, -0.055, 0.101, -0.066, 1.546, 0.024, 0.034, -0.003, 1.546
 116410757, -0.057, 0.059, -0.027, 1.545, -0.055, 0.101, -0.066, 1.546
 116610756, -0.013, 0.019, -0.005, 1.545, -0.057, 0.059, -0.027, 1.545
 116810838, 0.063, -0.174, 0.04, 1.545, -0.013, 0.019, -0.005, 1.545
 117010706, -0.057, -0.024, -0.128, 1.544, 0.063, -0.174, 0.04, 1.545
 117210734, 0, -0.01, -0.06, 1.544, -0.057, -0.024, -0.128, 1.544
 117410747, -0.046, 0.037, 0.03, 1.544, 0, -0.01, -0.06, 1.544
 117610765, -0.029, 0.004, 0.023, 1.544, -0.046, 0.037, 0.03, 1.544
 117810742, -0.016, 0.178, -0.089, 1.544, -0.029, 0.004, 0.023, 1.544
 118010866, -0.029, 0.075, 0.029, 1.544, -0.016, 0.178, -0.089, 1.544
 118210746, 0.052, -0.007, 0.035, 1.543, -0.029, 0.075, 0.029, 1.544
 118410757, 0.011, -0.096, -0.021, 1.543, 0.052, -0.007, 0.035, 1.543
 118610774, -0.096, 0.058, -0.116, 1.542, 0.011, -0.096, -0.021, 1.543
 118810757, -0.041, 0.059, -0.161, 1.542, -0.096, 0.058, -0.116, 1.542
 119010748, 0.034, -0.054, -0.072, 1.542, -0.041, 0.059, -0.161, 1.542
 119210751, -0.033, 0.081, -0.12, 1.542, 0.034, -0.054, -0.072, 1.542
 119410838, 0.031, -0.078, -0.066, 1.541, -0.033, 0.081, -0.12, 1.542
 119610802, -0.037, -0.053, -0.111, 1.54, 0.031, -0.078, -0.066, 1.541
 119810870, -0.044, 0.029, -0.071, 1.54, -0.037, -0.053, -0.111, 1.54
 120010953, -0.033, 0.058, -0.071, 1.54, -0.044, 0.029, -0.071, 1.54
 120210750, -0.048, -0.024, -0.153, 1.539, -0.033, 0.058, -0.071, 1.54
 120410756, 0.07600001, -0.118, -0.119, 1.539, -0.048, -0.024, -0.153, 1.539
 120610845, -0.038, -0.07600001, -0.024, 1.538, 0.07600001, -0.118, -0.119, 1.539
 120810769, -0.04, -0.07, -0.067, 1.537, -0.038, -0.07600001, -0.024, 1.538
 121010859, -0.021, -0.012, -0.094, 1.537, -0.04, -0.07, -0.067, 1.537
 121210758, -0.02, -0.104, -0.056, 1.537, -0.021, -0.012, -0.094, 1.537
 121410760, 0.003, -0.047, -0.109, 1.537, -0.02, -0.104, -0.056, 1.537
 121590758, -0.047, 0.009000001, -0.111, 1.537, 0.003, -0.047, -0.109, 1.537
 121810768, -0.045, -0.009000001, -0.147, 1.537, -0.047, 0.009000001, -0.111, 1.537
 122010745, -0.02, -0.005, -0.023, 1.537, -0.045, -0.009000001, -0.147, 1.537
 122210759, -0.038, -0.002, -0.139, 1.536, -0.02, -0.005, -0.023, 1.537
 122410773, -0.028, -0.037, -0.078, 1.537, -0.038, -0.002, -0.139, 1.536
 122610838, 0, -0.042, 0.005, 1.537, -0.028, -0.037, -0.078, 1.537
 122810768, -0.019, -0.036, -0.062, 1.537, 0, -0.042, 0.005, 1.537
 123010751, 0.037, 0.066, 0.02, 1.537, -0.019, -0.036, -0.062, 1.537
 123210836, 0.01, 0.097, -0.059, 1.537, 0.037, 0.066, 0.02, 1.537
 123410776, 0.001, 0.004, -0.049, 1.536, 0.01, 0.097, -0.059, 1.537
 123610759, -0.038, -0.06500001, 0.005, 1.536, 0.001, 0.004, -0.049, 1.536
 123810774, 0.009000001, -0.064, 0.03, 1.536, -0.038, -0.06500001, 0.005, 1.536
 124010748, -0.024, 0.079, -0.056, 1.536, 0.009000001, -0.064, 0.03, 1.536
 124210938, -0.026, 0.025, -0.008, 1.535, -0.024, 0.079, -0.056, 1.536
 124410757, -0.032, -0.057, -0.032, 1.535, -0.026, 0.025, -0.008, 1.535
 124610777, -0.012, 0.041, 0.064, 1.535, -0.032, -0.057, -0.032, 1.535
 124810755, 0.01, 0.019, -0.06900001, 1.535, -0.012, 0.041, 0.064, 1.535
 125010757, 0.06500001, -0.08800001, 0.052, 1.535, 0.01, 0.019, -0.06900001, 1.535
 125210865, 0.02, 0.007, -0.02, 1.535, 0.06500001, -0.08800001, 0.052, 1.535
 125430766, 0.015, -0.049, -0.035, 1.535, 0.02, 0.007, -0.02, 1.535
 125610758, 0.023, -0.035, -0.05, 1.535, 0.015, -0.049, -0.035, 1.535
 125810774, -0.096, 0.094, -0.094, 1.535, 0.023, -0.035, -0.05, 1.535
 126010764, -0.002, 0.078, -0.017, 1.535, -0.096, 0.094, -0.094, 1.535
 126210771, 0.012, 0, 0.012, 1.534, -0.002, 0.078, -0.017, 1.535
 126410747, -0.004, -0.059, -0.042, 1.535, 0.012, 0, 0.012, 1.534
 126610776, -0.068, -0.019, -0.103, 1.535, -0.004, -0.059, -0.042, 1.535
 126810857, -0.004, 0.033, -0.033, 1.535, -0.068, -0.019, -0.103, 1.535
 127010886, 0.018, 0.005, 0.025, 1.535, -0.004, 0.033, -0.033, 1.535
 127210865, 0.007, 0.055, -0.031, 1.535, 0.018, 0.005, 0.025, 1.535
 127410775, -0.006, -0.028, 0.028, 1.535, 0.007, 0.055, -0.031, 1.535
 127610838, 0.041, -0.025, -0.021, 1.535, -0.006, -0.028, 0.028, 1.535
 127810837, -0.028, -0.046, -0.008, 1.535, 0.041, -0.025, -0.021, 1.535
 128010852, 0.034, -0.024, -0.006, 1.535, -0.028, -0.046, -0.008, 1.535
 128210849, -0.03, -0.117, -0.09500001, 1.535, 0.034, -0.024, -0.006, 1.535
 128411088, -0.014, -0.436, -0.217, 1.535, -0.03, -0.117, -0.09500001, 1.535
 128610801, 0.001, -0.345, -0.396, 1.535, -0.014, -0.436, -0.217, 1.535
 128810885, 0.064, -0.932, -0.28, 1.533, 0.001, -0.345, -0.396, 1.535
 129010893, 0.115, -1.016, -0.365, 1.533, 0.064, -0.932, -0.28, 1.533
 129210853, 0.367, -1.352, -0.549, 1.533, 0.115, -1.016, -0.365, 1.533
 129410881, 0.482, -1.703, -0.396, 1.534, 0.367, -1.352, -0.549, 1.533
 129610879, 0.529, -1.514, -0.392, 1.531, 0.482, -1.703, -0.396, 1.534
 129810849, 0.6670001, -2.057, -0.226, 1.529, 0.529, -1.514, -0.392, 1.531
 130010768, 0.9590001, -2.083, -0.112, 1.526, 0.6670001, -2.057, -0.226, 1.529
 130210868, 0.6070001, -1.873, -0.311, 1.522, 0.9590001, -2.083, -0.112, 1.526
 130410804, 0.743, -1.841, 0.049, 1.517, 0.6070001, -1.873, -0.311, 1.522
 130610894, 0.511, -1.881, -0.217, 1.513, 0.743, -1.841, 0.049, 1.517
 130810843, 0.341, -2.063, -0.028, 1.508, 0.511, -1.881, -0.217, 1.513
 131010773, 0.288, -2.154, -0.146, 1.505, 0.341, -2.063, -0.028, 1.508
 131210768, 0.133, -2.284, -0.287, 1.501, 0.288, -2.154, -0.146, 1.505
 131410777, 0.052, -2.3, -0.166, 1.496, 0.133, -2.284, -0.287, 1.501
 131610863, 0.221, -2.588, -0.169, 1.492, 0.052, -2.3, -0.166, 1.496
 131810778, 0.07600001, -2.718, -0.261, 1.49, 0.221, -2.588, -0.169, 1.492
 132010859, 0.271, -2.924, -0.026, 1.481, 0.07600001, -2.718, -0.261, 1.49
 132210843, 0.222, -2.863, -0.062, 1.475, 0.271, -2.924, -0.026, 1.481
 132410874, 0.481, -2.937, -0.074, 1.472, 0.222, -2.863, -0.062, 1.475
 132610871, 0.488, -2.708, -0.213, 1.47, 0.481, -2.937, -0.074, 1.472
 132810757, 0.568, -2.536, -0.267, 1.465, 0.488, -2.708, -0.213, 1.47
 133010859, 0.47, -2.414, -0.273, 1.456, 0.568, -2.536, -0.267, 1.465
 133210838, 0.649, -2.445, -0.31, 1.451, 0.47, -2.414, -0.273, 1.456
 133410856, 0.249, -1.991, -0.149, 1.449, 0.649, -2.445, -0.31, 1.451
 133610892, 0.347, -2.149, -0.283, 1.444, 0.249, -1.991, -0.149, 1.449
 133810857, -0.109, -1.783, -0.276, 1.438, 0.347, -2.149, -0.283, 1.444
 134010760, -0.414, -1.86, -0.2, 1.431, -0.109, -1.783, -0.276, 1.438
 134210899, -0.767, -1.904, -0.257, 1.421, -0.414, -1.86, -0.2, 1.431
 134410850, -1.375, -1.582, -0.282, 1.415, -0.767, -1.904, -0.257, 1.421
 134610859, -1.333, -1.826, -0.319, 1.409, -1.375, -1.582, -0.282, 1.415
 134810772, -1.79, -1.65, -0.169, 1.405, -1.333, -1.826, -0.319, 1.409
 135010745, -1.979, -1.49, -0.258, 1.403, -1.79, -1.65, -0.169, 1.405
 135210841, -2.106, -1.609, -0.219, 1.396, -1.979, -1.49, -0.258, 1.403
 135410836, -2.673, -1.175, -0.388, 1.392, -2.106, -1.609, -0.219, 1.396
 135610864, -2.578, -1.523, -0.038, 1.385, -2.673, -1.175, -0.388, 1.392
 135810849, -2.934, -1.272, -0.242, 1.382, -2.578, -1.523, -0.038, 1.385
 136010898, -3.057, -1.191, -0.289, 1.38, -2.934, -1.272, -0.242, 1.382
 136210860, -3.242, -1.001, -0.115, 1.375, -3.057, -1.191, -0.289, 1.38
 136410842, -3.424, -0.7220001, -0.314, 1.372, -3.242, -1.001, -0.115, 1.375
 136610802, -3.664, -0.52, -0.291, 1.366, -3.424, -0.7220001, -0.314, 1.372
 136810957, -3.758, -0.334, -0.176, 1.36, -3.664, -0.52, -0.291, 1.366
 137010781, -3.981, 0.012, -0.225, 1.356, -3.758, -0.334, -0.176, 1.36
 137210848, -4.017, -0.151, -0.181, 1.353, -3.981, 0.012, -0.225, 1.356
 137410836, -4.037, 0.117, -0.116, 1.352, -4.017, -0.151, -0.181, 1.353
 137610870, -4.229, 0.331, 0.028, 1.35, -4.037, 0.117, -0.116, 1.352
 137810888, -4.364, 0.476, -0.04, 1.344, -4.229, 0.331, 0.028, 1.35
 138010758, -4.439, 0.818, -0.123, 1.341, -4.364, 0.476, -0.04, 1.344
 138210778, -4.253, 0.578, -0.236, 1.339, -4.439, 0.818, -0.123, 1.341
 138410770, -4.323, 0.887, -0.082, 1.337, -4.253, 0.578, -0.236, 1.339
 138610770, -3.975, 0.711, -0.225, 1.336, -4.323, 0.887, -0.082, 1.337
 138810839, -3.645, 0.572, -0.226, 1.333, -3.975, 0.711, -0.225, 1.336
 139010873, -3.246, 0.416, -0.119, 1.33, -3.645, 0.572, -0.226, 1.333
 139210848, -3.032, 0.61, -0.133, 1.327, -3.246, 0.416, -0.119, 1.33
 139410852, -2.663, 0.637, -0.115, 1.325, -3.032, 0.61, -0.133, 1.327
 139610895, -2.34, 0.555, -0.124, 1.319, -2.663, 0.637, -0.115, 1.325
 139810770, -2.083, 0.521, -0.252, 1.315, -2.34, 0.555, -0.124, 1.319
 140010748, -1.949, 0.569, -0.169, 1.313, -2.083, 0.521, -0.252, 1.315
 140210773, -1.781, 0.528, -0.195, 1.312, -1.949, 0.569, -0.169, 1.313
 140410762, -1.943, 0.59, -0.145, 1.308, -1.781, 0.528, -0.195, 1.312
 140610840, -1.899, 0.493, -0.459, 1.308, -1.943, 0.59, -0.145, 1.308
 140810858, -1.799, 0.609, -0.096, 1.306, -1.899, 0.493, -0.459, 1.308
 141010987, -1.655, 0.324, -0.236, 1.304, -1.799, 0.609, -0.096, 1.306
 141210859, -1.683, 0.418, -0.19, 1.301, -1.655, 0.324, -0.236, 1.304
 141410884, -1.506, 0.482, -0.343, 1.299, -1.683, 0.418, -0.19, 1.301
 141610868, -1.311, 0.441, -0.54, 1.296, -1.506, 0.482, -0.343, 1.299
 141810917, -1.434, 0.646, -0.15, 1.296, -1.311, 0.441, -0.54, 1.296
 142011136, -1.081, 0.48, -0.329, 1.298, -1.434, 0.646, -0.15, 1.296
 142210938, -0.788, 0.448, -0.318, 1.3, -1.081, 0.48, -0.329, 1.298
 142410938, -0.754, 0.482, -0.376, 1.303, -0.788, 0.448, -0.318, 1.3
 142610941, -0.274, 0.294, -0.29, 1.305, -0.754, 0.482, -0.376, 1.303
 142810920, -0.467, 0.496, -0.292, 1.306, -0.274, 0.294, -0.29, 1.305
 143010950, -0.157, 0.044, -0.3, 1.307, -0.467, 0.496, -0.292, 1.306
 143211143, -0.26, 0.366, -0.359, 1.308, -0.157, 0.044, -0.3, 1.307
 143410941, -0.277, 0.338, -0.253, 1.309, -0.26, 0.366, -0.359, 1.308
 143610955, 0.043, -0.028, -0.354, 1.312, -0.277, 0.338, -0.253, 1.309
 143810925, -0.326, 0.528, -0.6210001, 1.316, 0.043, -0.028, -0.354, 1.312
 144010957, -0.167, 0.153, -0.27, 1.315, -0.326, 0.528, -0.6210001, 1.316
 144210947, -0.118, 0.103, -0.226, 1.312, -0.167, 0.153, -0.27, 1.315
 144410934, 0.006, 0.08000001, -0.283, 1.313, -0.118, 0.103, -0.226, 1.312
 144610932, -0.209, -0.04, -0.271, 1.312, 0.006, 0.08000001, -0.283, 1.313
 144810922, -0.034, -0.192, -0.119, 1.312, -0.209, -0.04, -0.271, 1.312
 145011182, -0.286, 0.031, -0.213, 1.313, -0.034, -0.192, -0.119, 1.312
 145211128, -0.136, -0.178, -0.102, 1.312, -0.286, 0.031, -0.213, 1.313
 145410940, -0.071, -0.163, 0.007, 1.309, -0.136, -0.178, -0.102, 1.312
 145610945, -0.055, -0.16, -0.166, 1.308, -0.071, -0.163, 0.007, 1.309
 145810936, 0.048, -0.21, 0.067, 1.309, -0.055, -0.16, -0.166, 1.308
 146010891, 0.018, -0.235, 0.034, 1.311, 0.048, -0.21, 0.067, 1.309
 146211145, 0.048, -0.145, 0.058, 1.313, 0.018, -0.235, 0.034, 1.311
 146410930, 0.072, -0.154, 0.124, 1.314, 0.048, -0.145, 0.058, 1.313
 146610949, 0.053, -0.048, 0.022, 1.315, 0.072, -0.154, 0.124, 1.314
 146811148, 0.016, -0.056, 0.035, 1.317, 0.053, -0.048, 0.022, 1.315
 147010950, 0.039, -0.004, 0.117, 1.319, 0.016, -0.056, 0.035, 1.317
 147210952, -0.056, 0.159, 0.101, 1.322, 0.039, -0.004, 0.117, 1.319
 147410937, 0.014, 0.098, 0.009000001, 1.326, -0.056, 0.159, 0.101, 1.322
 147610948, -0.022, 0.093, 0.146, 1.329, 0.014, 0.098, 0.009000001, 1.326
 147810935, -0.043, 0.114, 0.053, 1.333, -0.022, 0.093, 0.146, 1.329
 148010917, -0.07, 0.07600001, 0.008, 1.336, -0.043, 0.114, 0.053, 1.333
 148210944, -0.016, 0.045, -0.094, 1.34, -0.07, 0.07600001, 0.008, 1.336
 148410944, 0.013, 0.064, -0.037, 1.343, -0.016, 0.045, -0.094, 1.34
 148611177, 0.02, 0.027, 0.06900001, 1.346, 0.013, 0.064, -0.037, 1.343
 148810921, 0.039, -0.041, 0.027, 1.348, 0.02, 0.027, 0.06900001, 1.346
 149010947, 0.007, -0.081, 0.195, 1.348, 0.039, -0.041, 0.027, 1.348
 149210934, 0.022, 0.023, 0.06900001, 1.347, 0.007, -0.081, 0.195, 1.348
 149411130, 0.07, -0.044, 0.042, 1.346, 0.022, 0.023, 0.06900001, 1.347
 149610943, 0.033, 0.041, 0.149, 1.349, 0.07, -0.044, 0.042, 1.346
 149810941, 0.039, -0.005, 0.105, 1.352, 0.033, 0.041, 0.149, 1.349
 150010948, 0.078, 0.003, 0.089, 1.354, 0.039, -0.005, 0.105, 1.352
 150210929, 0.08400001, -0.042, 0.066, 1.353, 0.078, 0.003, 0.089, 1.354
 150411195, 0.041, 0.001, 0.094, 1.35, 0.08400001, -0.042, 0.066, 1.353
 150610951, 0.04, 0.023, 0.018, 1.346, 0.041, 0.001, 0.094, 1.35
 150810930, -0.023, 0.041, -0.038, 1.345, 0.04, 0.023, 0.018, 1.346
 151010934, -0.026, 0.039, 0.016, 1.345, -0.023, 0.041, -0.038, 1.345
 151210926, -0.06900001, 0.152, 0.014, 1.345, -0.026, 0.039, 0.016, 1.345
 151410939, -0.051, 0.056, 0.1, 1.346, -0.06900001, 0.152, 0.014, 1.345
 151610917, -0.018, 0.074, 0.098, 1.347, -0.051, 0.056, 0.1, 1.346
 151810920, -0.035, 0.079, 0.117, 1.348, -0.018, 0.074, 0.098, 1.347
 152010939, -0.07300001, 0.13, 0.03, 1.348, -0.035, 0.079, 0.117, 1.348
 152211152, -0.016, 0.062, -0.039, 1.346, -0.07300001, 0.13, 0.03, 1.348
 152410942, -0.066, 0.14, 0.046, 1.346, -0.016, 0.062, -0.039, 1.346
 152610942, -0.033, 0.062, 0.01, 1.346, -0.066, 0.14, 0.046, 1.346
 152810924, -0.07300001, 0.097, 0.041, 1.347, -0.033, 0.062, 0.01, 1.346
 153010941, 0.014, -0.029, -0.078, 1.348, -0.07300001, 0.097, 0.041, 1.347
 153210937, -0.015, -0.053, -0.004, 1.349, 0.014, -0.029, -0.078, 1.348
 153410918, 0.062, -0.05, 0.022, 1.35, -0.015, -0.053, -0.004, 1.349
 153611139, 0.026, 0.059, -0.031, 1.349, 0.062, -0.05, 0.022, 1.35
 153810921, 0.064, -0.052, -0.023, 1.348, 0.026, 0.059, -0.031, 1.349
 154011178, 0.022, 0.081, 0.124, 1.348, 0.064, -0.052, -0.023, 1.348
 154210928, 0.061, 0.049, 0.04, 1.348, 0.022, 0.081, 0.124, 1.348
 154410947, 0.002, 0.125, 0.093, 1.347, 0.061, 0.049, 0.04, 1.348
 154611160, -0.028, 0.121, -0.058, 1.347, 0.002, 0.125, 0.093, 1.347
 154810928, -0.04, 0.154, 0.047, 1.347, -0.028, 0.121, -0.058, 1.347
 155010961, -0.027, 0.102, 0.048, 1.346, -0.04, 0.154, 0.047, 1.347
 155210918, -0.06, 0.119, -0.003, 1.345, -0.027, 0.102, 0.048, 1.346
 155410917, -0.053, 0.15, 0.011, 1.344, -0.06, 0.119, -0.003, 1.345
 155610979, -0.085, 0.142, 0.015, 1.344, -0.053, 0.15, 0.011, 1.344
 155811148, -0.046, 0.123, -0.024, 1.343, -0.085, 0.142, 0.015, 1.344
 156010972, 0.052, 0.105, 0.005, 1.343, -0.046, 0.123, -0.024, 1.343
 156210929, 0.032, 0.053, -0.028, 1.343, 0.052, 0.105, 0.005, 1.343
 156410947, 0.062, 0.027, -0.068, 1.343, 0.032, 0.053, -0.028, 1.343
 156610930, 0.184, 0.054, -0.061, 1.343, 0.062, 0.027, -0.068, 1.343
 156810954, 0.125, -0.033, -0.094, 1.343, 0.184, 0.054, -0.061, 1.343
 157010921, 0.261, 0.09100001, -0.148, 1.341, 0.125, -0.033, -0.094, 1.343
 157210912, 0.12, 0.33, -0.137, 1.338, 0.261, 0.09100001, -0.148, 1.341
 157410921, 0.089, 0.231, -0.147, 1.336, 0.12, 0.33, -0.137, 1.338
 157611169, 0.01, 0.233, -0.062, 1.335, 0.089, 0.231, -0.147, 1.336
 157811131, 0.08000001, 0.214, -0.07600001, 1.336, 0.01, 0.233, -0.062, 1.335
 158010939, 0.04, 0.071, 0.007, 1.336, 0.08000001, 0.214, -0.07600001, 1.336
 158210928, -0.054, 0.079, 0.012, 1.333, 0.04, 0.071, 0.007, 1.336
 158410928, -0.115, 0.159, 0.045, 1.329, -0.054, 0.079, 0.012, 1.333
 158610933, -0.15, 0.081, 0.05, 1.322, -0.115, 0.159, 0.045, 1.329
 158811135, -0.11, 0.024, 0.055, 1.314, -0.15, 0.081, 0.05, 1.322
 159010895, -0.138, -0.009000001, 0.024, 1.308, -0.11, 0.024, 0.055, 1.314
 159210939, -0.096, 0.008, 0.007, 1.305, -0.138, -0.009000001, 0.024, 1.308
 159411143, -0.106, -0.19, -0.042, 1.303, -0.096, 0.008, 0.007, 1.305
 159610959, -0.114, -0.261, -0.053, 1.3, -0.106, -0.19, -0.042, 1.303
 159810941, -0.053, -0.373, -0.09900001, 1.297, -0.114, -0.261, -0.053, 1.3
 160010921, -0.106, -0.37, -0.058, 1.294, -0.053, -0.373, -0.09900001, 1.297
 160210948, -0.06500001, -0.224, 0.038, 1.292, -0.106, -0.37, -0.058, 1.294
 160410923, -0.04, -0.203, 0.024, 1.291, -0.06500001, -0.224, 0.038, 1.292
 160590952, -0.068, -0.174, 0.001, 1.29, -0.04, -0.203, 0.024, 1.291
 160810929, -0.032, -0.224, 0.056, 1.288, -0.068, -0.174, 0.001, 1.29
 161010937, -0.029, -0.233, -0.118, 1.285, -0.032, -0.224, 0.056, 1.288
 161211150, -0.062, -0.212, 0.038, 1.282, -0.029, -0.233, -0.118, 1.285
 161410935, -0.025, -0.333, -0.027, 1.28, -0.062, -0.212, 0.038, 1.282
 161610991, -0.037, -0.246, 0.031, 1.279, -0.025, -0.333, -0.027, 1.28
 161810942, -0.06500001, -0.157, -0.12, 1.279, -0.037, -0.246, 0.031, 1.279
 162011152, -0.034, 0.09200001, 0.002, 1.278, -0.06500001, -0.157, -0.12, 1.279
 162210941, 0.013, 0.167, -0.062, 1.278, -0.034, 0.09200001, 0.002, 1.278
 162410934, 0.052, 0.121, 0.043, 1.278, 0.013, 0.167, -0.062, 1.278
 162610946, -0.019, 0.185, -0.011, 1.279, 0.052, 0.121, 0.043, 1.278
 162810952, 0.086, 0.164, -0.039, 1.279, -0.019, 0.185, -0.011, 1.279
 163011213, -0.015, 0.249, -0.059, 1.279, 0.086, 0.164, -0.039, 1.279
 163210913, -0.032, 0.169, -0.046, 1.28, -0.015, 0.249, -0.059, 1.279
 163410923, -0.025, 0.144, -0.053, 1.282, -0.032, 0.169, -0.046, 1.28
 163610949, -0.019, 0.07, -0.07, 1.283, -0.025, 0.144, -0.053, 1.282
 163810944, -0.072, 0.066, -0.056, 1.285, -0.019, 0.07, -0.07, 1.283
 164010948, -0.043, 0.093, -0.106, 1.287, -0.072, 0.066, -0.056, 1.285
 164210954, -0.046, 0.08400001, -0.033, 1.286, -0.043, 0.093, -0.106, 1.287
 164410929, -0.046, 0.09900001, -0.052, 1.285, -0.046, 0.08400001, -0.033, 1.286
 164610963, -0.046, 0.197, -0.166, 1.285, -0.046, 0.09900001, -0.052, 1.285
 164811150, -0.09500001, 0.247, -0.136, 1.285, -0.046, 0.197, -0.166, 1.285
 165010884, 0.015, 0.15, 0.032, 1.285, -0.09500001, 0.247, -0.136, 1.285
 165210942, 0.002, 0.101, -0.034, 1.285, 0.015, 0.15, 0.032, 1.285
 165410942, 0.026, -0.017, -0.033, 1.285, 0.002, 0.101, -0.034, 1.285
 165610925, 0.031, 0.07700001, -0.138, 1.286, 0.026, -0.017, -0.033, 1.285
 165810936, 0.06900001, 0.027, 0.07600001, 1.286, 0.031, 0.07700001, -0.138, 1.286
 166010948, 0.008, -0.051, 0.026, 1.285, 0.06900001, 0.027, 0.07600001, 1.286
 166211132, 0.07700001, 0.049, 0.029, 1.284, 0.008, -0.051, 0.026, 1.285
 166410938, 0.093, 0.144, -0.04, 1.282, 0.07700001, 0.049, 0.029, 1.284
 166611170, 0.081, 0.113, -0.067, 1.28, 0.093, 0.144, -0.04, 1.282
 166810922, 0.083, 0.21, 0.008, 1.277, 0.081, 0.113, -0.067, 1.28
 167010943, 0.037, 0.055, -0.023, 1.275, 0.083, 0.21, 0.008, 1.277
 167211135, 0.068, 0.078, -0.09100001, 1.276, 0.037, 0.055, -0.023, 1.275
 167410930, 0.061, 0.048, -0.017, 1.278, 0.068, 0.078, -0.09100001, 1.276
 167610945, 0.03, -0.013, -0.014, 1.281, 0.061, 0.048, -0.017, 1.278
 167810905, -0.066, -0.097, 0.031, 1.284, 0.03, -0.013, -0.014, 1.281
 168010945, 0.01, -0.044, 0.015, 1.284, -0.066, -0.097, 0.031, 1.284
 168210936, -0.05, -0.059, -0.034, 1.281, 0.01, -0.044, 0.015, 1.284
 168411142, -0.112, 0.015, 0.079, 1.281, -0.05, -0.059, -0.034, 1.281
 168610954, -0.045, 0.016, 0.031, 1.28, -0.112, 0.015, 0.079, 1.281
 168810957, -0.081, 0.047, 0.071, 1.282, -0.045, 0.016, 0.031, 1.28
 169010932, -0.108, 0.213, -0.011, 1.285, -0.081, 0.047, 0.071, 1.282
 169210938, -0.005, 0.128, -0.019, 1.287, -0.108, 0.213, -0.011, 1.285
 169410930, -0.063, 0.252, -0.102, 1.289, -0.005, 0.128, -0.019, 1.287
 169610920, -0.049, 0.179, -0.153, 1.29, -0.063, 0.252, -0.102, 1.289
 169810915, -0.043, 0.12, -0.138, 1.29, -0.049, 0.179, -0.153, 1.29
 170010915, -0.09, -0.002, -0.212, 1.291, -0.043, 0.12, -0.138, 1.29
 170211148, -0.072, -0.011, 0.012, 1.291, -0.09, -0.002, -0.212, 1.291
 170411130, -0.003, -0.211, 0.053, 1.291, -0.072, -0.011, 0.012, 1.291
 170610958, 0.008, -0.137, -0.004, 1.292, -0.003, -0.211, 0.053, 1.291
 170810928, 0.044, -0.09200001, 0.106, 1.293, 0.008, -0.137, -0.004, 1.292
 171010949, 0.057, -0.187, 0.071, 1.294, 0.044, -0.09200001, 0.106, 1.293
 171210922, 0.045, -0.056, 0.027, 1.295, 0.057, -0.187, 0.071, 1.294
 171411159, 0.116, 0.12, -0.064, 1.297, 0.045, -0.056, 0.027, 1.295
 171610944, 0.129, 0.08000001, -0.139, 1.3, 0.116, 0.12, -0.064, 1.297
 171810937, 0.127, 0.064, -0.121, 1.302, 0.129, 0.08000001, -0.139, 1.3
 172011117, 0.086, 0.034, -0.162, 1.299, 0.127, 0.064, -0.121, 1.302
 172210910, 0.08400001, -0.063, -0.093, 1.295, 0.086, 0.034, -0.162, 1.299
 172410940, -0.015, -0.12, 0.036, 1.292, 0.08400001, -0.063, -0.093, 1.295
 172610934, -0.011, -0.149, 0.04, 1.292, -0.015, -0.12, 0.036, 1.292
 172810927, 0.013, -0.114, -0.054, 1.294, -0.011, -0.149, 0.04, 1.292
 173010939, -0.014, -0.081, -0.04, 1.298, 0.013, -0.114, -0.054, 1.294
 173210934, -0.06900001, 0.004, -0.054, 1.3, -0.014, -0.081, -0.04, 1.298
 173410948, -0.033, 0.026, -0.002, 1.302, -0.06900001, 0.004, -0.054, 1.3
 173590951, -0.022, 0.023, -0.129, 1.305, -0.033, 0.026, -0.002, 1.302
 173811150, 0.037, -0.022, -0.051, 1.308, -0.022, 0.023, -0.129, 1.305
 174010906, -0.005, 0.108, -0.057, 1.31, 0.037, -0.022, -0.051, 1.308
 174210937, 0.045, 0.02, -0.035, 1.312, -0.005, 0.108, -0.057, 1.31
 174410943, 0.037, 0.021, -0.027, 1.313, 0.045, 0.02, -0.035, 1.312
 174611157, -0.017, 0.087, -0.029, 1.312, 0.037, 0.021, -0.027, 1.313
 174810931, -0.054, 0.063, -0.053, 1.311, -0.017, 0.087, -0.029, 1.312
 175010974, -0.037, -0.048, -0.01, 1.31, -0.054, 0.063, -0.053, 1.311
 175191136, -0.061, 0.026, 0.01, 1.31, -0.037, -0.048, -0.01, 1.31
 175410939, -0.002, -0.021, -0.053, 1.31, -0.061, 0.026, 0.01, 1.31
 175611234, 0.024, -0.072, -0.013, 1.31, -0.002, -0.021, -0.053, 1.31
 175810936, 0.03, 0.004, 0.06500001, 1.311, 0.024, -0.072, -0.013, 1.31
 176010966, 0.006, 0.078, -0.006, 1.312, 0.03, 0.004, 0.06500001, 1.311
 176190946, 0.026, 0.033, 0.03, 1.315, 0.006, 0.078, -0.006, 1.312
 176410934, 0.038, -0.055, -0.033, 1.318, 0.026, 0.033, 0.03, 1.315
 176610953, 0.009000001, 0.036, 0.102, 1.32, 0.038, -0.055, -0.033, 1.318
 176810925, 0.039, -0.064, 0.062, 1.322, 0.009000001, 0.036, 0.102, 1.32
 177010924, 0.036, -0.028, 0.082, 1.325, 0.039, -0.064, 0.062, 1.322
 177210913, 0.039, 0.015, -0.082, 1.327, 0.036, -0.028, 0.082, 1.325
 177411152, 0.004, -0.026, -0.006, 1.328, 0.039, 0.015, -0.082, 1.327
 177610954, 0.064, -0.074, -0.044, 1.33, 0.004, -0.026, -0.006, 1.328
 177810935, 0.008, -0.051, 0.094, 1.331, 0.064, -0.074, -0.044, 1.33
 178010933, 0.036, -0.03, -0.049, 1.333, 0.008, -0.051, 0.094, 1.331
 178210916, 0.028, 0.052, -0.047, 1.333, 0.036, -0.03, -0.049, 1.333
 178410940, 0.021, 0.05, 0.021, 1.333, 0.028, 0.052, -0.047, 1.333
 178610948, -0.009000001, 0.082, -0.027, 1.332, 0.021, 0.05, 0.021, 1.333
 178811125, 0.013, 0.094, -0.082, 1.332, -0.009000001, 0.082, -0.027, 1.332
 179010936, 0.01, 0.1, -0.09100001, 1.332, 0.013, 0.094, -0.082, 1.332
 179211152, -0.045, 0.087, -0.072, 1.331, 0.01, 0.1, -0.09100001, 1.332
 179410935, 0.031, -0.004, -0.08400001, 1.331, -0.045, 0.087, -0.072, 1.331
 179610945, -0.009000001, 0.07600001, -0.07600001, 1.331, 0.031, -0.004, -0.08400001, 1.331
 179811134, 0.011, 0.144, 0.021, 1.331, -0.009000001, 0.07600001, -0.07600001, 1.331
 180010921, -0.074, -0.015, 0.07700001, 1.33, 0.011, 0.144, 0.021, 1.331
 180210937, -0.049, -0.006, 0.132, 1.331, -0.074, -0.015, 0.07700001, 1.33
 180410944, -0.09, 0.06900001, -0.055, 1.331, -0.049, -0.006, 0.132, 1.331
 180610947, -0.09, -0.059, 0.09900001, 1.33, -0.09, 0.06900001, -0.055, 1.331
 180810937, -0.074, -0.007, 0.026, 1.33, -0.09, -0.059, 0.09900001, 1.33
 181011125, -0.119, 0.008, 0.01, 1.331, -0.074, -0.007, 0.026, 1.33
 181210932, -0.031, -0.015, 0.018, 1.332, -0.119, 0.008, 0.01, 1.331
 181410921, 0.013, -0.028, -0.024, 1.333, -0.031, -0.015, 0.018, 1.332
 181610965, -0.026, -0.03, -0.067, 1.333, 0.013, -0.028, -0.024, 1.333
 181810926, 0.022, -0.025, -0.085, 1.334, -0.026, -0.03, -0.067, 1.333
 182010966, 0.035, 0.047, 0.015, 1.333, 0.022, -0.025, -0.085, 1.334
 182210929, 0.055, 0.013, 0.053, 1.333, 0.035, 0.047, 0.015, 1.333
 182410951, 0.059, -0.012, 0.001, 1.333, 0.055, 0.013, 0.053, 1.333
 182610937, 0.029, 0.048, 0.05, 1.333, 0.059, -0.012, 0.001, 1.333
 182811157, -0.026, 0.024, 0.106, 1.334, 0.029, 0.048, 0.05, 1.333
 183011129, -0.01, -0.063, 0.103, 1.336, -0.026, 0.024, 0.106, 1.334
 183210918, 0.066, 0.067, -0.01, 1.338, -0.01, -0.063, 0.103, 1.336
 183410913, 0.052, 0.003, -0.048, 1.34, 0.066, 0.067, -0.01, 1.338
 183610950, 0.098, -0.048, 0.014, 1.342, 0.052, 0.003, -0.048, 1.34
 183810933, 0.09900001, -0.06900001, 0.053, 1.343, 0.098, -0.048, 0.014, 1.342
 183990938, 0.09500001, -0.058, -0.005, 1.345, 0.09900001, -0.06900001, 0.053, 1.343
 184210946, 0.093, -0.041, 0.061, 1.347, 0.09500001, -0.058, -0.005, 1.345
 184410933, 0.055, 0.017, -0.038, 1.348, 0.093, -0.041, 0.061, 1.347
 184611160, 0.064, -0.002, 0.025, 1.35, 0.055, 0.017, -0.038, 1.348
 184810937, 0.028, 0.049, 0.04, 1.35, 0.064, -0.002, 0.025, 1.35
 185010957, 0.071, 0.012, 0.007, 1.35, 0.028, 0.049, 0.04, 1.35
 185210959, 0.109, -0.043, -0.038, 1.349, 0.071, 0.012, 0.007, 1.35
 185410942, 0.11, 0.02, -0.047, 1.35, 0.109, -0.043, -0.038, 1.349
 185610965, 0.113, -0.059, 0.04, 1.352, 0.11, 0.02, -0.047, 1.35
 185810912, 0.097, -0.056, 0.033, 1.353, 0.113, -0.059, 0.04, 1.352
 186010966, 0.063, -0.038, -0.009000001, 1.352, 0.097, -0.056, 0.033, 1.353
 186210944, -0.023, 0.057, 0.026, 1.352, 0.063, -0.038, -0.009000001, 1.352
 186411149, -0.043, 0.027, -0.021, 1.352, -0.023, 0.057, 0.026, 1.352
 186610951, -0.046, 0.101, -0.042, 1.352, -0.043, 0.027, -0.021, 1.352
 186810937, -0.046, 0.005, 0.017, 1.352, -0.046, 0.101, -0.042, 1.352
 187010952, -0.119, 0.021, 0.019, 1.352, -0.046, 0.005, 0.017, 1.352
 187211120, -0.081, -0.032, 0.021, 1.352, -0.119, 0.021, 0.019, 1.352
 187410924, -0.104, -0.07300001, 0.068, 1.352, -0.081, -0.032, 0.021, 1.352
 187610941, -0.137, -0.121, 0.06500001, 1.352, -0.104, -0.07300001, 0.068, 1.352
 187810954, -0.173, -0.09200001, 0.014, 1.353, -0.137, -0.121, 0.06500001, 1.352
 188010950, -0.143, -0.066, 0.048, 1.353, -0.173, -0.09200001, 0.014, 1.353
 188211207, -0.089, -0.047, 0.071, 1.354, -0.143, -0.066, 0.048, 1.353
 188410919, -0.07700001, 0.006, -0.008, 1.355, -0.089, -0.047, 0.071, 1.354
 188610944, -0.03, -0.07300001, 0.041, 1.356, -0.07700001, 0.006, -0.008, 1.355
 188810938, 0.018, 0.123, -0.034, 1.358, -0.03, -0.07300001, 0.041, 1.356
 189010947, 0.116, -0.038, -0.057, 1.358, 0.018, 0.123, -0.034, 1.358
 189210950, 0.09, 0.055, -0.17, 1.359, 0.116, -0.038, -0.057, 1.358
 189410931, 0.027, 0.111, -0.04, 1.361, 0.09, 0.055, -0.17, 1.359
 189610948, 0.01, 0.09900001, -0.09, 1.361, 0.027, 0.111, -0.04, 1.361
 189810921, -0.013, 0.09, -0.159, 1.361, 0.01, 0.09900001, -0.09, 1.361
 190011127, -0.048, 0.011, -0.09, 1.361, -0.013, 0.09, -0.159, 1.361
 190210937, -0.038, 0.032, -0.078, 1.361, -0.048, 0.011, -0.09, 1.361
 190410945, -0.018, -0.019, -0.048, 1.362, -0.038, 0.032, -0.078, 1.361
 190610944, -0.047, 0.06500001, -0.006, 1.361, -0.018, -0.019, -0.048, 1.362
 190810917, 0.024, 0.037, 0.036, 1.36, -0.047, 0.06500001, -0.006, 1.361
 191010883, 0.051, -0.007, -0.002, 1.359, 0.024, 0.037, 0.036, 1.36
 191210927, 0.046, 0.013, -0.04, 1.357, 0.051, -0.007, -0.002, 1.359
 191411133, 0.08800001, 0.024, -0.055, 1.356, 0.046, 0.013, -0.04, 1.357
 191610941, 0.114, 0.012, -0.103, 1.354, 0.08800001, 0.024, -0.055, 1.356
 191811161, 0.089, -0.09100001, -0.039, 1.354, 0.114, 0.012, -0.103, 1.354
 192010958, 0.134, -0.086, -0.09100001, 1.354, 0.089, -0.09100001, -0.039, 1.354
 192210935, 0.154, -0.115, -0.07600001, 1.354, 0.134, -0.086, -0.09100001, 1.354
 192411147, 0.142, -0.09, -0.03, 1.356, 0.154, -0.115, -0.07600001, 1.354
 192610946, 0.139, -0.098, -0.075, 1.358, 0.142, -0.09, -0.03, 1.356
 192810934, 0.118, -0.082, -0.085, 1.36, 0.139, -0.098, -0.075, 1.358
 193010955, 0.071, -0.115, 0.043, 1.362, 0.118, -0.082, -0.085, 1.36
 193210940, 0.017, -0.023, -0.114, 1.364, 0.071, -0.115, 0.043, 1.362
 193410925, -0.024, -0.075, 0.008, 1.365, 0.017, -0.023, -0.114, 1.364
 193611167, -0.067, -0.09500001, 0.058, 1.366, -0.024, -0.075, 0.008, 1.365
 193810915, -0.11, -0.002, 0.011, 1.365, -0.067, -0.09500001, 0.058, 1.366
 194010893, -0.135, 0.018, 0.03, 1.365, -0.11, -0.002, 0.011, 1.365
 194210901, -0.148, 0.125, -0.006, 1.364, -0.135, 0.018, 0.03, 1.365
 194410945, -0.144, 0.14, -0.087, 1.363, -0.148, 0.125, -0.006, 1.364
 194610949, -0.117, 0.202, -0.082, 1.363, -0.144, 0.14, -0.087, 1.363
 194810946, -0.071, 0.048, -0.046, 1.362, -0.117, 0.202, -0.082, 1.363
 195010960, -0.015, 0.254, -0.072, 1.361, -0.071, 0.048, -0.046, 1.362
 195210951, -0.005, 0.19, 0.042, 1.36, -0.015, 0.254, -0.072, 1.361
 195411155, -0.002, 0.211, 0.016, 1.359, -0.005, 0.19, 0.042, 1.36
 195611155, -0.05, 0.214, -0.012, 1.357, -0.002, 0.211, 0.016, 1.359
 195810947, 0.025, 0.139, 0.042, 1.356, -0.05, 0.214, -0.012, 1.357
 196010940, 0.031, 0.107, -0.024, 1.356, 0.025, 0.139, 0.042, 1.356
 196210937, -0.027, 0.158, -0.004, 1.356, 0.031, 0.107, -0.024, 1.356
 196410943, 0.001, 0.201, 0.008, 1.355, -0.027, 0.158, -0.004, 1.356
 196611157, 0.078, 0.074, 0.024, 1.354, 0.001, 0.201, 0.008, 1.355
 196810934, 0.052, 0.041, 0.053, 1.353, 0.078, 0.074, 0.024, 1.354
 197010910, 0.033, 0.104, 0.024, 1.353, 0.052, 0.041, 0.053, 1.353
 197211159, 0.039, 0.037, 0.098, 1.352, 0.033, 0.104, 0.024, 1.353
 197410920, 0.013, 0.13, -0.022, 1.351, 0.039, 0.037, 0.098, 1.352
 197610949, -0.011, 0.024, 0.103, 1.351, 0.013, 0.13, -0.022, 1.351
 197810933, -0.114, 0.173, -0.039, 1.352, -0.011, 0.024, 0.103, 1.351
 198010967, 0.028, 0.057, -0.018, 1.353, -0.114, 0.173, -0.039, 1.352
 198210927, -0.001, 0.007, 0.046, 1.354, 0.028, 0.057, -0.018, 1.353
 198410926, -0.025, -0.005, -0.082, 1.354, -0.001, 0.007, 0.046, 1.354
 198610944, 0.004, -0.09500001, -0.037, 1.354, -0.025, -0.005, -0.082, 1.354
 198810941, 0.033, -0.117, -0.049, 1.354, 0.004, -0.09500001, -0.037, 1.354
 199011179, 0.105, -0.176, 0.052, 1.355, 0.033, -0.117, -0.049, 1.354
 199210944, 0.145, -0.137, -0.044, 1.356, 0.105, -0.176, 0.052, 1.355
 199410916, 0.129, -0.096, 0.024, 1.357, 0.145, -0.137, -0.044, 1.356
 199610942, 0.082, -0.139, -0.007, 1.358, 0.129, -0.096, 0.024, 1.357
 199811128, 0.067, -0.154, 0.015, 1.359, 0.082, -0.139, -0.007, 1.358
 200010958, -0.021, -0.134, -0.024, 1.36, 0.067, -0.154, 0.015, 1.359
 200210941, -0.006, -0.12, 0.054, 1.36, -0.021, -0.134, -0.024, 1.36
 200410923, -0.044, -0.049, 0.017, 1.359, -0.006, -0.12, 0.054, 1.36
 200610965, 0.007, 0.019, -0.059, 1.359, -0.044, -0.049, 0.017, 1.359
 200811192, 0.008, -0.006, 0.027, 1.359, 0.007, 0.019, -0.059, 1.359
 201010966, 0.024, 0.007, 0.06, 1.359, 0.008, -0.006, 0.027, 1.359
 201210933, 0.02, -0.106, -0.043, 1.358, 0.024, 0.007, 0.06, 1.359
 201410961, 0.07300001, -0.009000001, 0.026, 1.357, 0.02, -0.106, -0.043, 1.358
 201610950, -0.002, 0.014, -0.071, 1.357, 0.07300001, -0.009000001, 0.026, 1.357
 201810955, 0.045, -0.027, 0.06, 1.357, -0.002, 0.014, -0.071, 1.357
 202010949, -0.023, 0.056, -0.036, 1.357, 0.045, -0.027, 0.06, 1.357
 202190944, 0.028, -0.036, 0.089, 1.358, -0.023, 0.056, -0.036, 1.357
 202410950, 0.055, -0.032, -0.111, 1.357, 0.028, -0.036, 0.089, 1.358
 202611164, -0.027, 0.037, 0.01, 1.357, 0.055, -0.032, -0.111, 1.357
 202810927, 0.026, -0.12, 0.061, 1.357, -0.027, 0.037, 0.01, 1.357
 203010956, 0.007, 0.005, -0.058, 1.357, 0.026, -0.12, 0.061, 1.357
 203210929, -0.053, 0.045, 0.001, 1.356, 0.007, 0.005, -0.058, 1.357
 203410935, -0.03, 0.106, -0.027, 1.356, -0.053, 0.045, 0.001, 1.356
 203610949, -0.024, 0.042, -0.02, 1.356, -0.03, 0.106, -0.027, 1.356
 203810936, -0.07, 0.168, 0.023, 1.356, -0.024, 0.042, -0.02, 1.356
 204011097, -0.042, 0.166, -0.036, 1.356, -0.07, 0.168, 0.023, 1.356
 204210957, -0.09, 0.09100001, 0.008, 1.356, -0.042, 0.166, -0.036, 1.356
 204411151, -0.032, 0.026, 0.025, 1.356, -0.09, 0.09100001, 0.008, 1.356
 204610950, -0.002, 0.042, -0.001, 1.355, -0.032, 0.026, 0.025, 1.356
 204810944, -0.038, 0.029, 0.044, 1.354, -0.002, 0.042, -0.001, 1.355
 205011163, -0.03, 0.058, 0.006, 1.354, -0.038, 0.029, 0.044, 1.354
 205210932, -0.029, 0.054, -0.006, 1.353, -0.03, 0.058, 0.006, 1.354
 205410938, -0.053, 0.064, -0.016, 1.353, -0.029, 0.054, -0.006, 1.353
 205610950, -0.023, 0.09, -0.054, 1.352, -0.053, 0.064, -0.016, 1.353
 205810934, -0.054, -0.017, -0.027, 1.352, -0.023, 0.09, -0.054, 1.352
 206010952, -0.055, 0.046, -0.016, 1.352, -0.054, -0.017, -0.027, 1.352
 206211151, -0.029, 0.012, 0.024, 1.351, -0.055, 0.046, -0.016, 1.352
 206410912, -0.022, 0.054, -0.025, 1.35, -0.029, 0.012, 0.024, 1.351
 206610933, 0.055, -0.023, 0.062, 1.349, -0.022, 0.054, -0.025, 1.35
 206810937, -0.014, 0.008, -0.015, 1.349, 0.055, -0.023, 0.062, 1.349
 207010954, -0.049, -0.056, 0.047, 1.348, -0.014, 0.008, -0.015, 1.349
 207210950, -0.0035, 0, -0.036, 1.348, -0.049, -0.056, 0.047, 1.348
 207410942, -0.0035, 0, 0.09900001, 1.348, -0.0035, 0, -0.036, 1.348
 207610964, -0.0035, 0, 0.007, 1.347, -0.0035, 0, 0.09900001, 1.348
 207810933, -0.0035, 0, -0.032, 1.346, -0.0035, 0, 0.007, 1.347
 208011182, -0.0035, 0, 0.043, 1.346, -0.0035, 0, -0.032, 1.346
 208211135, -0.0035, 0, 0.064, 1.345, -0.0035, 0, 0.043, 1.346
 208410921, -0.0035, 0, 0.027, 1.345, -0.0035, 0, 0.064, 1.345
 208610946, -0.0035, 0, 0.058, 1.344, -0.0035, 0, 0.027, 1.345
 208810936, -0.0035, 0, -0.09500001, 1.344, -0.0035, 0, 0.058, 1.344
 209010914, -0.0035, 0, 0.002, 1.344, -0.0035, 0, -0.09500001, 1.344
 209211137, -0.0035, 0, 0.016, 1.343, -0.0035, 0, 0.002, 1.344
 209410947, -0.0035, 0, -0.032, 1.343, -0.0035, 0, 0.016, 1.343
 209610967, -0.0035, 0, 0.037, 1.343, -0.0035, 0, -0.032, 1.343
 209811147, -0.0035, 0, 0.009000001, 1.342, -0.0035, 0, 0.037, 1.343
 210010959, -0.0035, 0, 0.028, 1.342, -0.0035, 0, 0.009000001, 1.342
 210210948, -0.0035, 0, -0.027, 1.342, -0.0035, 0, 0.028, 1.342
 210410935, -0.0035, 0, 0.025, 1.341, -0.0035, 0, -0.027, 1.342
 210610948, -0.0035, 0, 0.049, 1.338, -0.0035, 0, 0.025, 1.341
 210810925, -0.0035, 0, 0.074, 1.337, -0.0035, 0, 0.049, 1.338
 211010921, -0.0035, 0, 0.07700001, 1.336, -0.0035, 0, 0.074, 1.337
 211210933, -0.0035, 0, 0.119, 1.335, -0.0035, 0, 0.07700001, 1.336
 211410945, -0.0035, 0, -0.001, 1.335, -0.0035, 0, 0.119, 1.335
 211611159, -0.0035, 0, -0.031, 1.334, -0.0035, 0, -0.001, 1.335
 211810915, -0.0035, 0, 0.039, 1.334, -0.0035, 0, -0.031, 1.334
 212010951, -0.0035, 0, 0.056, 1.334, -0.0035, 0, 0.039, 1.334
 212210935, -0.0035, 0, -0.123, 1.333, -0.0035, 0, 0.056, 1.334
 212411119, -0.0035, 0, -0.04, 1.332, -0.0035, 0, -0.123, 1.333
 212610947, -0.0035, 0, -0.001, 1.33, -0.0035, 0, -0.04, 1.332
 212810936, -0.0035, 0, 0.055, 1.329, -0.0035, 0, -0.001, 1.33
 213010926, -0.0035, 0, 0.003, 1.328, -0.0035, 0, 0.055, 1.329
 213210944, -0.0035, 0, 0.192, 1.326, -0.0035, 0, 0.003, 1.328
 213411205, -0.0035, 0, 0.006, 1.326, -0.0035, 0, 0.192, 1.326
 213610956, -0.0035, 0, 0.126, 1.326, -0.0035, 0, 0.006, 1.326
 213810941, -0.0035, 0, 0.114, 1.328, -0.0035, 0, 0.126, 1.326
 214010928, -0.0035, 0, -0.017, 1.329, -0.0035, 0, 0.114, 1.328
 214210918, -0.0035, 0, 0.011, 1.329, -0.0035, 0, -0.017, 1.329
 214410923, -0.0035, 0, -0.024, 1.33, -0.0035, 0, 0.011, 1.329
 214610947, -0.0035, 0, -0.042, 1.331, -0.0035, 0, -0.024, 1.33
 214810927, -0.0035, 0, -0.132, 1.332, -0.0035, 0, -0.042, 1.331
 215010928, -0.0035, 0, 0.014, 1.333, -0.0035, 0, -0.132, 1.332
 215211148, -0.0035, 0, -0.066, 1.334, -0.0035, 0, 0.014, 1.333
 215410939, -0.0035, 0, 0.028, 1.335, -0.0035, 0, -0.066, 1.334
 215610954, -0.0035, 0, 0.09900001, 1.336, -0.0035, 0, 0.028, 1.335
 215810934, -0.0035, 0, 0.032, 1.337, -0.0035, 0, 0.09900001, 1.336
 216010928, -0.0035, 0, 0.098, 1.337, -0.0035, 0, 0.032, 1.337
 216210915, -0.0035, 0, 0.135, 1.337, -0.0035, 0, 0.098, 1.337
 216410925, -0.0035, 0, 0.07, 1.338, -0.0035, 0, 0.135, 1.337
 216611153, -0.0035, 0, 0.023, 1.339, -0.0035, 0, 0.07, 1.338
 216810939, -0.0035, 0, -0.005, 1.339, -0.0035, 0, 0.023, 1.339
 217011210, -0.0035, 0, -0.114, 1.339, -0.0035, 0, -0.005, 1.339
 217210949, -0.0035, 0, -0.023, 1.34, -0.0035, 0, -0.114, 1.339
 217410909, -0.0035, 0, -0.029, 1.341, -0.0035, 0, -0.023, 1.34
 217611150, -0.0035, 0, 0.003, 1.343, -0.0035, 0, -0.029, 1.341
 217810917, -0.0035, 0, 0.051, 1.344, -0.0035, 0, 0.003, 1.343
 218010884, -0.0035, 0, 0.08800001, 1.344, -0.0035, 0, 0.051, 1.344
 218210928, -0.0035, 0, -0.001, 1.342, -0.0035, 0, 0.08800001, 1.344
 218410938, -0.0035, 0, 0.043, 1.34, -0.0035, 0, -0.001, 1.342
 218610957, -0.0035, 0, 0.107, 1.338, -0.0035, 0, 0.043, 1.34
 218811144, -0.0035, 0, 0.03, 1.337, -0.0035, 0, 0.107, 1.338
 219010924, -0.0035, 0, 0.016, 1.335, -0.0035, 0, 0.03, 1.337
 219210910, -0.0035, 0, 0.027, 1.333, -0.0035, 0, 0.016, 1.335
 219410914, -0.0035, 0, -0.002, 1.333, -0.0035, 0, 0.027, 1.333
 219610955, -0.0035, 0, -0.029, 1.334, -0.0035, 0, -0.002, 1.333
 219810947, -0.0035, 0, 0.072, 1.334, -0.0035, 0, -0.029, 1.334
 220010916, -0.0035, 0, 0.056, 1.334, -0.0035, 0, 0.072, 1.334
 220210931, -0.0035, 0, 0.045, 1.335, -0.0035, 0, 0.056, 1.334
 220410940, -0.0035, 0, 0.057, 1.336, -0.0035, 0, 0.045, 1.335
 220611177, -0.0035, 0, 0.166, 1.338, -0.0035, 0, 0.057, 1.336
 220811119, -0.0035, 0, 0.101, 1.34, -0.0035, 0, 0.166, 1.338
 221010896, -0.0035, 0, 0.08400001, 1.342, -0.0035, 0, 0.101, 1.34
 221210932, -0.0035, 0, 0.205, 1.343, -0.0035, 0, 0.08400001, 1.342
 221410914, -0.0035, 0, 0.154, 1.343, -0.0035, 0, 0.205, 1.343
 221610929, -0.0035, 0, 0.204, 1.344, -0.0035, 0, 0.154, 1.343
 221811156, -0.0035, 0, 0.08400001, 1.344, -0.0035, 0, 0.204, 1.344
 222010891, -0.0035, 0, -0.046, 1.345, -0.0035, 0, 0.08400001, 1.344
 222210934, -0.0035, 0, -0.087, 1.345, -0.0035, 0, -0.046, 1.345
 222411152, -0.0035, 0, 0.09900001, 1.345, -0.0035, 0, -0.087, 1.345
 222610945, -0.0035, 0, 0.056, 1.344, -0.0035, 0, 0.09900001, 1.345
 222810929, -0.0035, 0, 0.043, 1.344, -0.0035, 0, 0.056, 1.344
 223010955, -0.0035, 0, 0.064, 1.345, -0.0035, 0, 0.043, 1.344
 223210940, -0.0035, 0, 0.013, 1.344, -0.0035, 0, 0.064, 1.345
 223410931, -0.0035, 0, -0.012, 1.343, -0.0035, 0, 0.013, 1.344
 223610949, -0.0035, 0, -0.012, 1.341, -0.0035, 0, -0.012, 1.343
 223810939, -0.0035, 0, -0.013, 1.34, -0.0035, 0, -0.012, 1.341
 224010936, 7.023, -1.417, -0.055, 1.338, -0.0035, 0, -0.013, 1.34
 224211144, 7.269001, -1.522, -0.022, 1.336, 7.023, -1.417, -0.055, 1.338
 224410921, 7.278, -1.478, -0.029, 1.336, 7.269001, -1.522, -0.022, 1.336
 224610938, 7.409, -1.647, 0.047, 1.336, 7.278, -1.478, -0.029, 1.336
 224810933, 7.525001, -1.76, -0.102, 1.338, 7.409, -1.647, 0.047, 1.336
 225010763, 7.22, -1.607, -0.097, 1.339, 7.525001, -1.76, -0.102, 1.338
 225210752, 7.192, -1.662, 0.074, 1.339, 7.22, -1.607, -0.097, 1.339
 225410761, 7.013, -1.657, 0.175, 1.337, 7.192, -1.662, 0.074, 1.339
 225610849, 6.696, -1.598, 0.288, 1.335, 7.013, -1.657, 0.175, 1.337
 225810774, 6.414001, -1.297, 0.228, 1.332, 6.696, -1.598, 0.288, 1.335
 226010869, 6.095, -1.14, 0.393, 1.328, 6.414001, -1.297, 0.228, 1.332
 226210778, 5.719, -1.046, 0.341, 1.321, 6.095, -1.14, 0.393, 1.328
 226410746, 5.358, -0.763, 0.453, 1.318, 5.719, -1.046, 0.341, 1.321
 226610764, 5.033, -0.577, 0.448, 1.318, 5.358, -0.763, 0.453, 1.318
 226810748, 4.748, -0.36, 0.399, 1.321, 5.033, -0.577, 0.448, 1.318
 227010766, 4.699, -0.436, 0.359, 1.322, 4.748, -0.36, 0.399, 1.321
 227210848, 4.487, -0.378, 0.043, 1.323, 4.699, -0.436, 0.359, 1.322
 227410850, 4.451, -0.548, 0.171, 1.325, 4.487, -0.378, 0.043, 1.323
 227610959, 4.184, -0.7960001, 0.09, 1.328, 4.451, -0.548, 0.171, 1.325
 227811150, 4.02, -0.648, 0.176, 1.328, 4.184, -0.7960001, 0.09, 1.328
 228010929, 3.672, -0.74, 0.176, 1.325, 4.02, -0.648, 0.176, 1.328
 228210922, 3.436, -0.768, 0.07600001, 1.32, 3.672, -0.74, 0.176, 1.325
 228410938, 2.765, -0.393, -0.196, 1.316, 3.436, -0.768, 0.07600001, 1.32
 228610950, 2.344, -0.244, -0.166, 1.31, 2.765, -0.393, -0.196, 1.316
 228810944, 1.803, -0.07600001, -0.153, 1.308, 2.344, -0.244, -0.166, 1.31
 229010898, 1.21, 0.203, -0.283, 1.307, 1.803, -0.07600001, -0.153, 1.308
 229211140, 0.961, 0.26, -0.394, 1.305, 1.21, 0.203, -0.283, 1.307
 229410950, 0.32, 0.657, -0.358, 1.304, 0.961, 0.26, -0.394, 1.305
 229611172, -0.016, 0.399, -0.145, 1.305, 0.32, 0.657, -0.358, 1.304
 229810940, -0.466, 0.5840001, 0.024, 1.304, -0.016, 0.399, -0.145, 1.305
 230010947, -0.973, 0.708, -0.044, 1.302, -0.466, 0.5840001, 0.024, 1.304
 230211145, -1.407, 0.608, 0.211, 1.299, -0.973, 0.708, -0.044, 1.302
 230410935, -1.838, 0.692, -0.102, 1.298, -1.407, 0.608, 0.211, 1.299
 230610936, -2.241, 0.761, -0.083, 1.298, -1.838, 0.692, -0.102, 1.298
 230810939, -2.576, 0.767, -0.097, 1.298, -2.241, 0.761, -0.083, 1.298
 231010955, -3.16, 1.16, -0.112, 1.295, -2.576, 0.767, -0.097, 1.298
 231210938, -3.555, 1.013, -0.123, 1.291, -3.16, 1.16, -0.112, 1.295
 231411151, -3.917, 0.994, -0.045, 1.288, -3.555, 1.013, -0.123, 1.291
 231610939, -4.437, 1.049, 0.147, 1.285, -3.917, 0.994, -0.045, 1.288
 231810922, -4.796, 1.156, -0.029, 1.286, -4.437, 1.049, 0.147, 1.285
 232010918, -5.437, 1.423, 0.136, 1.287, -4.796, 1.156, -0.029, 1.286
 232210923, -5.677, 1.678, 0.06900001, 1.286, -5.437, 1.423, 0.136, 1.287
 232410921, -5.942, 1.901, -0.028, 1.285, -5.677, 1.678, 0.06900001, 1.286
 232610959, -6.29, 2.228, 0.124, 1.283, -5.942, 1.901, -0.028, 1.285
 232810945, -6.307, 2.341, 0.079, 1.281, -6.29, 2.228, 0.124, 1.283
 233010945, -6.143, 2.562, 0.015, 1.28, -6.307, 2.341, 0.079, 1.281
 233211148, -5.764, 2.439, -0.057, 1.281, -6.143, 2.562, 0.015, 1.28
 233411132, -5.449, 2.292, 0.019, 1.281, -5.764, 2.439, -0.057, 1.281
 233610915, -5.341, 2.525, 0.228, 1.28, -5.449, 2.292, 0.019, 1.281
 233810920, -4.945, 1.823, 0.321, 1.28, -5.341, 2.525, 0.228, 1.28
 234010923, -4.796, 1.955, 0.253, 1.278, -4.945, 1.823, 0.321, 1.28
 234210936, -4.944, 1.563, 0.09200001, 1.276, -4.796, 1.955, 0.253, 1.278
 234411158, -4.448, 1.454, 0.324, 1.276, -4.944, 1.563, 0.09200001, 1.276
 234630945, -4.742, 1.583, 0.283, 1.275, -4.448, 1.454, 0.324, 1.276
 234810956, -4.957, 1.537, 0.009000001, 1.273, -4.742, 1.583, 0.283, 1.275
 235011188, -4.843, 1.256, 0.22, 1.273, -4.957, 1.537, 0.009000001, 1.273
 235210939, -4.94, 1.278, 0.04, 1.273, -4.843, 1.256, 0.22, 1.273
 235410937, -4.832, 1.467, 0.017, 1.269, -4.94, 1.278, 0.04, 1.273
 235610972, -4.747, 1.431, -0.046, 1.261, -4.832, 1.467, 0.017, 1.269
 235810910, -4.356, 1.334, -0.128, 1.256, -4.747, 1.431, -0.046, 1.261
 236010959, -3.978, 1.489, -0.206, 1.254, -4.356, 1.334, -0.128, 1.256
 236210914, -3.727, 1.208, -0.024, 1.253, -3.978, 1.489, -0.206, 1.254
 236410938, -3.582, 1.075, -0.019, 1.257, -3.727, 1.208, -0.024, 1.253
 236610960, -3.738, 0.92, -0.057, 1.259, -3.582, 1.075, -0.019, 1.257
 236811147, -3.676, 0.723, -0.094, 1.26, -3.738, 0.92, -0.057, 1.259
 237010933, -3.705, 0.614, -0.055, 1.26, -3.676, 0.723, -0.094, 1.26
 237210932, -3.424, 0.48, -0.103, 1.26, -3.705, 0.614, -0.055, 1.26
 237410928, -3.343, 0.646, -0.045, 1.259, -3.424, 0.48, -0.103, 1.26
 237611150, -3.078, 0.493, -0.115, 1.256, -3.343, 0.646, -0.045, 1.259
 237810940, -2.801, 0.6020001, -0.064, 1.255, -3.078, 0.493, -0.115, 1.256
 238010944, -2.5, 0.6160001, 0.004, 1.254, -2.801, 0.6020001, -0.064, 1.255
 238210950, -2.049, 0.543, -0.035, 1.252, -2.5, 0.6160001, 0.004, 1.254
 238410940, -1.511, 0.407, 0.13, 1.249, -2.049, 0.543, -0.035, 1.252
 238611227, -1.035, 0.303, 0.14, 1.248, -1.511, 0.407, 0.13, 1.249
 238830901, -0.719, 0.332, 0.079, 1.246, -1.035, 0.303, 0.14, 1.248
 239010924, -0.574, 0.324, -0.02, 1.244, -0.719, 0.332, 0.079, 1.246
 239210938, -0.448, 0.118, 0.191, 1.245, -0.574, 0.324, -0.02, 1.244
 239430898, -0.368, 0.049, 0.057, 1.247, -0.448, 0.118, 0.191, 1.245
 239610950, -0.332, 0.063, -0.097, 1.247, -0.368, 0.049, 0.057, 1.247
 239810942, -0.298, 0.08400001, -0.136, 1.248, -0.332, 0.063, -0.097, 1.247
 240010920, -0.355, 0.225, -0.28, 1.252, -0.298, 0.08400001, -0.136, 1.248
 240210938, -0.262, 0.056, -0.152, 1.253, -0.355, 0.225, -0.28, 1.252
 240411152, -0.309, 0.479, -0.24, 1.256, -0.262, 0.056, -0.152, 1.253
 240610953, -0.216, 0.604, -0.098, 1.259, -0.309, 0.479, -0.24, 1.256
 240810926, -0.133, 0.8050001, -0.132, 1.259, -0.216, 0.604, -0.098, 1.259
 241010891, -0.045, 0.9310001, -0.053, 1.256, -0.133, 0.8050001, -0.132, 1.259
 241210934, 0.157, 1.197, -0.08800001, 1.257, -0.045, 0.9310001, -0.053, 1.256
 241410941, 0.177, 1.253, 0.038, 1.26, 0.157, 1.197, -0.08800001, 1.257
 241610948, 0.238, 1.239, 0.014, 1.263, 0.177, 1.253, 0.038, 1.26
 241811145, 0.142, 1.101, -0.057, 1.267, 0.238, 1.239, 0.014, 1.263
 242010926, -0.002, 1.134, -0.189, 1.27, 0.142, 1.101, -0.057, 1.267
 242211169, 0.105, 1.118, -0.145, 1.272, -0.002, 1.134, -0.189, 1.27
 242410939, 0.087, 1.091, -0.138, 1.273, 0.105, 1.118, -0.145, 1.272
 242610935, 0.009000001, 1.012, -0.071, 1.277, 0.087, 1.091, -0.138, 1.273
 242811138, 0.01, 1.169, -0.11, 1.282, 0.009000001, 1.012, -0.071, 1.277
 243010909, -0.113, 1.289, -0.145, 1.285, 0.01, 1.169, -0.11, 1.282
 243210943, -0.031, 1.093, -0.056, 1.285, -0.113, 1.289, -0.145, 1.285
 243410934, -0.104, 0.98, -0.093, 1.287, -0.031, 1.093, -0.056, 1.285
 243610934, -0.054, 0.942, -0.09900001, 1.29, -0.104, 0.98, -0.093, 1.287
 243810946, -0.049, 0.756, 0.018, 1.293, -0.054, 0.942, -0.09900001, 1.29
 244011192, -0.132, 0.723, 0.102, 1.292, -0.049, 0.756, 0.018, 1.293
 244210939, -0.217, 0.837, -0.016, 1.29, -0.132, 0.723, 0.102, 1.292
 244410962, -0.251, 0.883, 0.153, 1.286, -0.217, 0.837, -0.016, 1.29
 244610946, -0.44, 0.85, 0.071, 1.279, -0.251, 0.883, 0.153, 1.286
 244810910, -0.631, 1.034, -0.058, 1.275, -0.44, 0.85, 0.071, 1.279
 245010950, -0.716, 0.9400001, -0.053, 1.271, -0.631, 1.034, -0.058, 1.275
 245210982, -0.91, 0.896, -0.03, 1.269, -0.716, 0.9400001, -0.053, 1.271
 245430921, -1.076, 0.896, 0.07300001, 1.269, -0.91, 0.896, -0.03, 1.269
 245610962, -1.171, 0.9400001, 0.209, 1.269, -1.076, 0.896, 0.07300001, 1.269
 245811148, -1.235, 0.937, 0.061, 1.271, -1.171, 0.9400001, 0.209, 1.269
 246011165, -1.315, 1.019, 0.024, 1.276, -1.235, 0.937, 0.061, 1.271
 246210942, -1.269, 0.808, 0.064, 1.28, -1.315, 1.019, 0.024, 1.276
 246410941, -1.175, 0.7820001, 0.086, 1.283, -1.269, 0.808, 0.064, 1.28
 246610948, -1.095, 0.6850001, 0.034, 1.286, -1.175, 0.7820001, 0.086, 1.283
 246810937, -1.031, 0.7, 0.14, 1.289, -1.095, 0.6850001, 0.034, 1.286
 247011172, -0.864, 0.588, 0.097, 1.292, -1.031, 0.7, 0.14, 1.289
 247210925, -0.772, 0.399, 0.103, 1.295, -0.864, 0.588, 0.097, 1.292
 247410941, -0.612, 0.475, 0.282, 1.298, -0.772, 0.399, 0.103, 1.295
 247611172, -0.6350001, 0.475, 0.141, 1.299, -0.612, 0.475, 0.282, 1.298
 247810934, -0.536, 0.637, 0.09200001, 1.3, -0.6350001, 0.475, 0.141, 1.299
 248010932, -0.605, 0.772, 0.173, 1.295, -0.536, 0.637, 0.09200001, 1.3
 248210943, -0.582, 0.752, 0.117, 1.294, -0.605, 0.772, 0.173, 1.295
 248410944, -0.531, 0.9960001, -0.038, 1.295, -0.582, 0.752, 0.117, 1.294
 248610950, -0.508, 0.9110001, 0.051, 1.293, -0.531, 0.9960001, -0.038, 1.295
 248810912, -0.514, 1.083, 0.048, 1.29, -0.508, 0.9110001, 0.051, 1.293
 249010947, -0.684, 1.218, -0.018, 1.285, -0.514, 1.083, 0.048, 1.29
 249210932, -0.654, 1.299, -0.027, 1.28, -0.684, 1.218, -0.018, 1.285
 249430929, -0.772, 1.367, -0.036, 1.275, -0.654, 1.299, -0.027, 1.28
 249630931, -0.851, 1.27, -0.102, 1.273, -0.772, 1.367, -0.036, 1.275
 249810939, -0.8330001, 1.006, -0.022, 1.273, -0.851, 1.27, -0.102, 1.273
 250010951, -0.909, 1.196, -0.103, 1.273, -0.8330001, 1.006, -0.022, 1.273
 250211140, -1.067, 1.126, -0.098, 1.272, -0.909, 1.196, -0.103, 1.273
 250410921, -0.891, 1.171, -0.06500001, 1.27, -1.067, 1.126, -0.098, 1.272
 250610968, -0.864, 1.178, -0.041, 1.268, -0.891, 1.171, -0.06500001, 1.27
 250810942, -0.9390001, 1.064, -0.177, 1.268, -0.864, 1.178, -0.041, 1.268
 251010933, -0.957, 0.9860001, -0.166, 1.269, -0.9390001, 1.064, -0.177, 1.268
 251211194, -0.978, 0.904, -0.064, 1.269, -0.957, 0.9860001, -0.166, 1.269
 251430931, -1.017, 0.489, 0.004, 1.27, -0.978, 0.904, -0.064, 1.269
 251610935, -1.046, 0.354, 0.064, 1.27, -1.017, 0.489, 0.004, 1.27
 251810922, -0.975, 0.317, 0.227, 1.272, -1.046, 0.354, 0.064, 1.27
 252010920, -0.998, 0.269, 0.061, 1.272, -0.975, 0.317, 0.227, 1.272
 252210935, -0.9480001, 0.285, 0.009000001, 1.269, -0.998, 0.269, 0.061, 1.272
 252410936, -0.878, 0.305, -0.028, 1.268, -0.9480001, 0.285, 0.009000001, 1.269
 252610947, -0.821, 0.32, 0.116, 1.265, -0.878, 0.305, -0.028, 1.268
 252810944, -0.779, 0.293, -0.09200001, 1.259, -0.821, 0.32, 0.116, 1.265
 253010914, -0.715, 0.191, -0.121, 1.254, -0.779, 0.293, -0.09200001, 1.259
 253210944, -0.5790001, 0.14, -0.033, 1.249, -0.715, 0.191, -0.121, 1.254
 253410938, -0.479, -0.007, -0.018, 1.243, -0.5790001, 0.14, -0.033, 1.249
 253690935, -0.503, 0.116, 0.006, 1.575, -0.479, -0.007, -0.018, 1.243
 253810911, -0.413, -0.028, -0.054, 1.567, -0.503, 0.116, 0.006, 1.575
 254010964, -0.271, -0.061, 0.007, 1.558, -0.413, -0.028, -0.054, 1.567
 254210941, -0.336, -0.001, -0.032, 1.549, -0.271, -0.061, 0.007, 1.558
 254411143, -0.283, 0.06500001, 0.037, 1.54, -0.336, -0.001, -0.032, 1.549
 254610952, -0.267, 0.093, 0.102, 1.533, -0.283, 0.06500001, 0.037, 1.54
 254811154, -0.364, 0.331, -0.052, 1.527, -0.267, 0.093, 0.102, 1.533
 255010954, -0.183, 0.381, 0.013, 1.52, -0.364, 0.331, -0.052, 1.527
 255210941, -0.202, 0.319, 0.027, 1.513, -0.183, 0.381, 0.013, 1.52
 255430919, -0.16, 0.495, 0.035, 1.507, -0.202, 0.319, 0.027, 1.513
 255650964, -0.228, 0.324, 0.08400001, 1.501, -0.16, 0.495, 0.035, 1.507
 255810924, -0.188, 0.512, 0.033, 1.497, -0.228, 0.324, 0.08400001, 1.501
 256010960, -0.3, 0.609, 0.015, 1.491, -0.188, 0.512, 0.033, 1.497
 256210937, -0.5330001, 0.7460001, -0.08000001, 1.487, -0.3, 0.609, 0.015, 1.491
 256431154, -0.497, 0.774, -0.071, 1.483, -0.5330001, 0.7460001, -0.08000001, 1.487
 256611170, -0.623, 0.74, -0.089, 1.479, -0.497, 0.774, -0.071, 1.483
 256810929, -0.608, 0.388, -0.06500001, 1.475, -0.623, 0.74, -0.089, 1.479
 257010927, -0.661, 0.001, -0.098, 1.471, -0.608, 0.388, -0.06500001, 1.475
 257210938, -0.694, -0.126, -0.053, 1.467, -0.661, 0.001, -0.098, 1.471
 257430915, -0.725, -0.078, -0.027, 1.464, -0.694, -0.126, -0.053, 1.467
 257610935, -0.678, -0.189, -0.03, 1.462, -0.725, -0.078, -0.027, 1.464
 257810929, -0.725, 0.001, -0.08000001, 1.459, -0.678, -0.189, -0.03, 1.462
 258010949, -0.726, 0.121, -0.006, 1.457, -0.725, 0.001, -0.08000001, 1.459
 258210942, -0.629, -0.086, -0.067, 1.454, -0.726, 0.121, -0.006, 1.457
 258411154, -0.6810001, -0.116, 0.025, 1.451, -0.629, -0.086, -0.067, 1.454
 258611154, -0.587, -0.146, 0.178, 1.447, -0.6810001, -0.116, 0.025, 1.451
 258810909, -0.617, -0.068, 0.151, 1.441, -0.587, -0.146, 0.178, 1.447
 259010911, -0.642, -0.349, 0.319, 1.438, -0.617, -0.068, 0.151, 1.441
 259210944, -0.536, -0.443, 0.39, 1.436, -0.642, -0.349, 0.319, 1.438
 259410944, -0.578, -0.256, 0.26, 1.434, -0.536, -0.443, 0.39, 1.436
 259630937, -0.428, -0.448, 0.456, 1.429, -0.578, -0.256, 0.26, 1.434
 259830931, -0.129, -0.364, 0.522, 1.424, -0.428, -0.448, 0.456, 1.429
 260010901, -0.279, -0.07, 0.832, 1.418, -0.129, -0.364, 0.522, 1.424
 260211148, -0.223, 0.048, 0.705, 1.411, -0.279, -0.07, 0.832, 1.418
 260430927, -0.075, 0.233, 1.014, 1.408, -0.223, 0.048, 0.705, 1.411
 260630921, -0.13, 0.258, 1.084, 1.401, -0.075, 0.233, 1.014, 1.408
 260810933, -0.214, 0.7600001, 0.657, 1.392, -0.13, 0.258, 1.084, 1.401
 261010911, -0.441, 0.7730001, 0.72, 1.383, -0.214, 0.7600001, 0.657, 1.392
 261210928, -0.151, 0.09100001, 1.042, 1.376, -0.441, 0.7730001, 0.72, 1.383
 261410942, -0.299, 0.377, 0.817, 1.371, -0.151, 0.09100001, 1.042, 1.376
 261610949, -0.374, 0.438, 0.97, 1.368, -0.299, 0.377, 0.817, 1.371
 261810952, -0.354, 0.714, 0.6670001, 1.362, -0.374, 0.438, 0.97, 1.368
 262011198, -0.336, 0.211, 0.633, 1.359, -0.354, 0.714, 0.6670001, 1.362
 262210946, -0.269, 0.13, 0.725, 1.356, -0.336, 0.211, 0.633, 1.359
 262410926, -0.278, 0.22, 0.506, 1.352, -0.269, 0.13, 0.725, 1.356
 262610953, -0.304, 0.163, 0.654, 1.35, -0.278, 0.22, 0.506, 1.352
 262811137, -0.227, 0.166, 0.802, 1.35, -0.304, 0.163, 0.654, 1.35
 263010957, -0.133, 0.239, 0.659, 1.347, -0.227, 0.166, 0.802, 1.35
 263210931, -0.004, 0.154, 0.7550001, 1.343, -0.133, 0.239, 0.659, 1.347
 263430933, -0.086, 0.114, 0.684, 1.338, -0.004, 0.154, 0.7550001, 1.343
 263631134, 0.147, 0.129, 0.337, 1.332, -0.086, 0.114, 0.684, 1.338
 263811192, 0.102, -0.16, 0.19, 1.328, 0.147, 0.129, 0.337, 1.332
 264010934, -0.019, 0.046, -0.052, 1.323, 0.102, -0.16, 0.19, 1.328
 264231134, 0.044, -0.037, 0.136, 1.318, -0.019, 0.046, -0.052, 1.323
 264430915, 0.034, -0.032, 0.022, 1.315, 0.044, -0.037, 0.136, 1.318
 264610958, -0.015, -0.044, -0.058, 1.311, 0.034, -0.032, 0.022, 1.315
 264810940, -0.005, 0.003, -0.018, 1.308, -0.015, -0.044, -0.058, 1.311
 265010893, -0.034, -0.052, -0.004, 1.305, -0.005, 0.003, -0.018, 1.308
 265210902, 0.008, -0.007, -0.021, 1.302, -0.034, -0.052, -0.004, 1.305
 265410856, -0.005, 0.018, -0.034, 1.3, 0.008, -0.007, -0.021, 1.302
 265610879, 0.048, -0.032, 0.05, 1.297, -0.005, 0.018, -0.034, 1.3
 265810912, 0.093, -0.094, 0.06500001, 1.296, 0.048, -0.032, 0.05, 1.297
 266010891, 0.022, 0.022, -0.003, 1.294, 0.093, -0.094, 0.06500001, 1.296
 266230759, 0.038, -0.089, 0.014, 1.292, 0.022, 0.022, -0.003, 1.294
 266410889, 0.036, -0.049, 0.002, 1.29, 0.038, -0.089, 0.014, 1.292
 266630853, 0.046, 0.013, 0.075, 1.289, 0.036, -0.049, 0.002, 1.29
 266810754, 0.012, -0.028, 0.071, 1.288, 0.046, 0.013, 0.075, 1.289
 267010777, -0.022, -0.03, 0.002, 1.286, 0.012, -0.028, 0.071, 1.288
 267210747, 0.015, -0.045, -0.027, 1.284, -0.022, -0.03, 0.002, 1.286
 267410751, 0.072, -0.074, 0.016, 1.282, 0.015, -0.045, -0.027, 1.284
 267610851, -0.017, -0.044, -0.075, 1.279, 0.072, -0.074, 0.016, 1.282
 267830722, -0.029, -0.022, 0.026, 1.277, -0.017, -0.044, -0.075, 1.279
 268010810, -0.02, 0.021, 0.044, 1.275, -0.029, -0.022, 0.026, 1.277
 268210763, 0.078, -0.157, 0.082, 1.274, -0.02, 0.021, 0.044, 1.275
 268410756, -0.013, -0.027, -0.117, 1.273, 0.078, -0.157, 0.082, 1.274
 268610773, -0.009000001, -0.033, 0.055, 1.272, -0.013, -0.027, -0.117, 1.273
 268810748, 0.021, -0.027, 0.047, 1.27, -0.009000001, -0.033, 0.055, 1.272
 269030769, 0.034, 0.009000001, 0.079, 1.269, 0.021, -0.027, 0.047, 1.27
 269210776, -0.02, 0.034, 0.003, 1.268, 0.034, 0.009000001, 0.079, 1.269
 269430738, 0.008, -0.114, 0.03, 1.267, -0.02, 0.034, 0.003, 1.268
 269610754, 0.064, -0.041, 0.074, 1.266, 0.008, -0.114, 0.03, 1.267
 269810752, 0.027, -0.046, 0.007, 1.266, 0.064, -0.041, 0.074, 1.266
 270010755, -0.015, 0.044, 0.038, 1.266, 0.027, -0.046, 0.007, 1.266
 270210761, -0.059, 0.09, -0.034, 1.265, -0.015, 0.044, 0.038, 1.266
 270410771, -0.026, -0.01, -0.074, 1.264, -0.059, 0.09, -0.034, 1.265
 270610765, -0.04, 0.053, -0.017, 1.263, -0.026, -0.01, -0.074, 1.264
 270810775, 0.023, -0.057, 0.009000001, 1.263, -0.04, 0.053, -0.017, 1.263
 271010736, -0.022, -0.003, 0.026, 1.262, 0.023, -0.057, 0.009000001, 1.263
 271210863, 0.018, -0.02, 0.009000001, 1.261, -0.022, -0.003, 0.026, 1.262
 271410750, 0.016, 0, 0.062, 1.259, 0.018, -0.02, 0.009000001, 1.261
 271610844, -0.044, -0.022, -0.008, 1.257, 0.016, 0, 0.062, 1.259
 271810752, -0.018, 0.054, -0.049, 1.256, -0.044, -0.022, -0.008, 1.257
 272010844, -0.042, 0.012, -0.008, 1.254, -0.018, 0.054, -0.049, 1.256
 272210862, 0.03, -0.002, -0.032, 1.252, -0.042, 0.012, -0.008, 1.254
 272410839, -0.028, -0.043, 0.03, 1.251, 0.03, -0.002, -0.032, 1.252
 272610765, -0.03, -0.006, -0.009000001, 1.249, -0.028, -0.043, 0.03, 1.251
 272810778, -0.007, -0.004, 0.029, 1.249, -0.03, -0.006, -0.009000001, 1.249
 273010841, 0.033, -0.027, 0.103, 1.249, -0.007, -0.004, 0.029, 1.249
 273210853, -0.048, 0.058, -0.014, 1.249, 0.033, -0.027, 0.103, 1.249
 273410760, 0.003, -0.06500001, -0.032, 1.25, -0.048, 0.058, -0.014, 1.249
 273610839, 0.024, -0.06, 0.055, 1.25, 0.003, -0.06500001, -0.032, 1.25
 273810757, -0.105, 0.031, -0.071, 1.25, 0.024, -0.06, 0.055, 1.25
 274010801, 0.015, -0.035, -0.029, 1.251, -0.105, 0.031, -0.071, 1.25
 274210738, 0.025, -0.033, 0.019, 1.252, 0.015, -0.035, -0.029, 1.251
 274410776, 0.023, -0.052, 0.01, 1.252, 0.025, -0.033, 0.019, 1.252
 274610751, -0.003, 0.03, 0.019, 1.253, 0.023, -0.052, 0.01, 1.252
 274810778, -0.016, 0.031, 0.032, 1.254, -0.003, 0.03, 0.019, 1.253
 275010754, -0.035, 0.026, 0.06900001, 1.254, -0.016, 0.031, 0.032, 1.254
 275230759, 0.011, -0.001, 0.044, 1.252, -0.035, 0.026, 0.06900001, 1.254
 275430726, 0.075, -0.011, -0.035, 1.252, 0.011, -0.001, 0.044, 1.252
 275610774, 0.129, 0.023, -0.09200001, 1.25, 0.075, -0.011, -0.035, 1.252
 275810750, -0.014, 0.093, -0.046, 1.25, 0.129, 0.023, -0.09200001, 1.25
 276010776, 0.097, 0.089, -0.174, 1.249, -0.014, 0.093, -0.046, 1.25
 276210736, 0.07700001, -0.001, -0.044, 1.248, 0.097, 0.089, -0.174, 1.249
 276410769, 0.043, -0.148, -0.057, 1.246, 0.07700001, -0.001, -0.044, 1.248
 276610778, -0.103, 0.284, -0.01, 1.246, 0.043, -0.148, -0.057, 1.246
 276810745, -0.016, 0.219, 0.024, 1.248, -0.103, 0.284, -0.01, 1.246
 277010755, -0.004, -0.002, 0.075, 1.249, -0.016, 0.219, 0.024, 1.248
 277210723, 0.15, -0.17, 0.251, 1.251, -0.004, -0.002, 0.075, 1.249
 277410737, -0.16, -0.177, 0.192, 1.253, 0.15, -0.17, 0.251, 1.251
 277610748, -0.06900001, 0.032, 0.347, 1.257, -0.16, -0.177, 0.192, 1.253
 277810718, 0.052, 0.01, -0.124, 1.262, -0.06900001, 0.032, 0.347, 1.257
 278010750, -0.05, 0.14, -0.042, 1.267, 0.052, 0.01, -0.124, 1.262
 278210735, 0.034, 0.02, 0.082, 1.273, -0.05, 0.14, -0.042, 1.267
 278410775, -0.052, 0.055, -0.064, 1.28, 0.034, 0.02, 0.082, 1.273
 278610735, 0.058, 0.064, 0.015, 1.287, -0.052, 0.055, -0.064, 1.28
 278810735, 0.04, 0.08000001, -0.002, 1.293, 0.058, 0.064, 0.015, 1.287
 279010742, 0.038, 0.013, -0.016, 1.299, 0.04, 0.08000001, -0.002, 1.293
 279231175, 0.032, -0.011, 0.028, 1.305, 0.038, 0.013, -0.016, 1.299
 279410722, -0.035, 0.059, 0.005, 1.311, 0.032, -0.011, 0.028, 1.305
 279631190, 0, 0.116, 0.009000001, 1.317, -0.035, 0.059, 0.005, 1.311
 279831167, 0.019, 0.03, 0.052, 1.323, 0, 0.116, 0.009000001, 1.317
 280031361, 0.007, 0.014, -0.005, 1.329, 0.019, 0.03, 0.052, 1.323
 280210765, -0.022, -0.026, 0.07, 1.335, 0.007, 0.014, -0.005, 1.329
 280431189, 0.022, 0.049, -0.036, 1.342, -0.022, -0.026, 0.07, 1.335
 280631161, 0.06500001, -0.047, 0.034, 1.349, 0.022, 0.049, -0.036, 1.342
