TimeUS,CGpN,CGpE,CGpD,CGpe,PGpN,PGpE,PGpD,PGpe
 230310336, -0.054, 0.014, 0.01, 1.514, -0.033, 0.071, -0.07, 1.514
 230500609, -0.058, 0.028, 0.054, 1.514, -0.054, 0.014, 0.01, 1.514
 230700616, 0.023, 0.029, 0.127, 1.514, -0.058, 0.028, 0.054, 1.514
 230900604, 0.038, -0.056, -0.001, 1.515, 0.023, 0.029, 0.127, 1.514
 231100626, 0.109, -0.128, -0.011, 1.515, 0.038, -0.056, -0.001, 1.515
 231320583, -0.055, -0.038, 0.07700001, 1.516, 0.109, -0.128, -0.011, 1.515
 231520607, -0.046, 0.06, -0.046, 1.516, -0.055, -0.038, 0.07700001, 1.516
 231720601, -0.011, 0.023, 0.037, 1.517, -0.046, 0.06, -0.046, 1.516
 231900622, -0.018, -0.055, 0.016, 1.517, -0.011, 0.023, 0.037, 1.517
 232120592, 0.049, -0.011, 0.053, 1.518, -0.018, -0.055, 0.016, 1.517
 232320604, -0.066, 0.041, 0.009000001, 1.519, 0.049, -0.011, 0.053, 1.518
 232520597, -0.009000001, 0.005, 0.05, 1.52, -0.066, 0.041, 0.009000001, 1.519
 232720597, 0.067, -0.038, -0.049, 1.521, -0.009000001, 0.005, 0.05, 1.52
 232920606, -0.03, 0.019, -0.005, 1.522, 0.067, -0.038, -0.049, 1.521
 233120594, 0.06, -0.07, -0.108, 1.522, -0.03, 0.019, -0.005, 1.522
 233320632, 0.036, -0.043, -0.079, 1.522, 0.06, -0.07, -0.108, 1.522
 233520584, -0.023, -0.024, 0.036, 1.523, 0.036, -0.043, -0.079, 1.522
 233700644, 0.004, 0.027, -0.07300001, 1.524, -0.023, -0.024, 0.036, 1.523
 233920593, 0.09500001, -0.107, 0.052, 1.524, 0.004, 0.027, -0.07300001, 1.524
 234120618, 0.009000001, 0.064, -0.013, 1.525, 0.09500001, -0.107, 0.052, 1.524
 234320640, -0.033, -0.007, 0.015, 1.526, 0.009000001, 0.064, -0.013, 1.525
 234520606, 0.072, -0.085, -0.002, 1.527, -0.033, -0.007, 0.015, 1.526
 234720648, -0.054, 0.066, 0.07, 1.527, 0.072, -0.085, -0.002, 1.527
 234920626, 0.03, -0.066, -0.05, 1.527, -0.054, 0.066, 0.07, 1.527
 235100643, -0.042, 0.026, -0.066, 1.528, 0.03, -0.066, -0.05, 1.527
 235320590, -0.021, 0.056, 0.019, 1.528, -0.042, 0.026, -0.066, 1.528
 235500630, -0.027, 0.07700001, -0.122, 1.528, -0.021, 0.056, 0.019, 1.528
 235720633, -0.038, 0.053, -0.086, 1.528, -0.027, 0.07700001, -0.122, 1.528
 235920602, 0.056, 0.005, -0.096, 1.529, -0.038, 0.053, -0.086, 1.528
 236120634, 0.002, -0.035, -0.022, 1.529, 0.056, 0.005, -0.096, 1.529
 236320636, 0.01, -0.005, -0.072, 1.528, 0.002, -0.035, -0.022, 1.529
 236500630, 0.014, 0.002, -0.07600001, 1.528, 0.01, -0.005, -0.072, 1.528
 236720622, -0.041, 0.023, -0.005, 1.527, 0.014, 0.002, -0.07600001, 1.528
 236920665, 0.029, -0.068, -0.033, 1.526, -0.041, 0.023, -0.005, 1.527
 237120618, 0.078, -0.013, -0.023, 1.526, 0.029, -0.068, -0.033, 1.526
 237320619, 0.014, 0.011, 0.031, 1.525, 0.078, -0.013, -0.023, 1.526
 237520615, -0.03, 0.024, -0.038, 1.524, 0.014, 0.011, 0.031, 1.525
 237720635, -0.012, 0.059, 0.036, 1.523, -0.03, 0.024, -0.038, 1.524
 237900618, 0.019, 0.033, 0.01, 1.523, -0.012, 0.059, 0.036, 1.523
 238120627, 0.042, -0.031, -0.06, 1.522, 0.019, 0.033, 0.01, 1.523
 238320618, 0.02, -0.05, -0.08000001, 1.521, 0.042, -0.031, -0.06, 1.522
 238520634, 0.006, 0.002, -0.01, 1.521, 0.02, -0.05, -0.08000001, 1.521
 238720641, 0.06900001, -0.109, -0.035, 1.521, 0.006, 0.002, -0.01, 1.521
 238900665, 0.09200001, -0.059, -0.017, 1.521, 0.06900001, -0.109, -0.035, 1.521
 239100657, -0.002, 0.033, -0.18, 1.521, 0.09200001, -0.059, -0.017, 1.521
 239300639, -0.049, 0.017, -0.11, 1.521, -0.002, 0.033, -0.18, 1.521
 239520595, -0.061, 0.02, -0.042, 1.521, -0.049, 0.017, -0.11, 1.521
 239720576, -0.064, 0.01, -0.027, 1.52, -0.061, 0.02, -0.042, 1.521
 239920608, -0.061, 0.051, 0.018, 1.52, -0.064, 0.01, -0.027, 1.52
 240120642, -0.001, 0.045, -0.134, 1.52, -0.061, 0.051, 0.018, 1.52
 240320632, 0.025, -0.044, -0.028, 1.52, -0.001, 0.045, -0.134, 1.52
 240520634, 0.042, 0.009000001, -0.075, 1.52, 0.025, -0.044, -0.028, 1.52
 240700683, 0.003, -0.028, -0.07700001, 1.519, 0.042, 0.009000001, -0.075, 1.52
 240920620, -0.003, 0.015, -0.127, 1.519, 0.003, -0.028, -0.07700001, 1.519
 241120611, 0.05, -0.054, -0.026, 1.519, -0.003, 0.015, -0.127, 1.519
 241300606, -0.014, 0.043, 0.049, 1.519, 0.05, -0.054, -0.026, 1.519
 241520600, 0.07, -0.138, -0.038, 1.52, -0.014, 0.043, 0.049, 1.519
 241720593, 0.053, -0.054, -0.005, 1.52, 0.07, -0.138, -0.038, 1.52
 241900636, 0.017, -0.041, -0.08000001, 1.52, 0.053, -0.054, -0.005, 1.52
 242120638, 0.028, -0.07300001, 0.02, 1.52, 0.017, -0.041, -0.08000001, 1.52
 242320643, 0.006, 0.052, 0.102, 1.519, 0.028, -0.07300001, 0.02, 1.52
 242520592, 0.022, -0.016, -0.011, 1.519, 0.006, 0.052, 0.102, 1.519
 242720612, 0.009000001, -0.039, -0.018, 1.519, 0.022, -0.016, -0.011, 1.519
 242920581, -0.067, 0.142, -0.032, 1.52, 0.009000001, -0.039, -0.018, 1.519
 243120628, 0.037, 0.022, 0.015, 1.52, -0.067, 0.142, -0.032, 1.52
 243320640, -0.022, 0.104, 0.016, 1.52, 0.037, 0.022, 0.015, 1.52
 243520599, 0.02, -0.031, 0.056, 1.519, -0.022, 0.104, 0.016, 1.52
 243700655, 0.002, -0.024, -0.001, 1.52, 0.02, -0.031, 0.056, 1.519
 243900627, -0.017, -0.042, 0.109, 1.52, 0.002, -0.024, -0.001, 1.52
 244120658, -0.017, 0.07700001, 0.047, 1.521, -0.017, -0.042, 0.109, 1.52
 244320590, 0.038, -0.012, -0.029, 1.521, -0.017, 0.07700001, 0.047, 1.521
 244520592, 0.037, 0.026, -0.13, 1.521, 0.038, -0.012, -0.029, 1.521
 244700643, 0.33, -0.048, -0.182, 1.52, 0.037, 0.026, -0.13, 1.521
 244920604, 0.523, 0.163, -0.192, 1.519, 0.33, -0.048, -0.182, 1.52
 245120617, 0.604, 0.417, -0.191, 1.518, 0.523, 0.163, -0.192, 1.519
 245320624, 0.739, 0.293, -0.045, 1.485, 0.604, 0.417, -0.191, 1.518
 245520597, 0.906, 0.248, -0.302, 1.475, 0.739, 0.293, -0.045, 1.485
 245720613, 0.689, 0.447, -0.121, 1.463, 0.906, 0.248, -0.302, 1.475
 245920668, 0.711, 0.152, -0.09, 1.455, 0.689, 0.447, -0.121, 1.463
 246140639, 0.48, 0.019, -0.193, 1.446, 0.711, 0.152, -0.09, 1.455
 246320650, 0.221, -0.334, -0.153, 1.433, 0.48, 0.019, -0.193, 1.446
 246520604, -0.008, -0.499, -0.156, 1.417, 0.221, -0.334, -0.153, 1.433
 246720613, -0.274, -0.553, -0.293, 1.412, -0.008, -0.499, -0.156, 1.417
 246920607, -0.331, -0.393, -0.385, 1.406, -0.274, -0.553, -0.293, 1.412
 247120626, -0.278, -0.587, -0.306, 1.38, -0.331, -0.393, -0.385, 1.406
 247320633, -0.106, -0.385, -0.305, 1.368, -0.278, -0.587, -0.306, 1.38
 247520630, 0.199, -0.199, -0.259, 1.364, -0.106, -0.385, -0.305, 1.368
 247720639, 0.249, -0.235, -0.316, 1.355, 0.199, -0.199, -0.259, 1.364
 247920615, 0.678, -0.448, -0.636, 1.353, 0.249, -0.235, -0.316, 1.355
 248120604, 0.492, -0.561, -0.687, 1.352, 0.678, -0.448, -0.636, 1.353
 248340645, 0.47, -0.432, -0.8240001, 1.35, 0.492, -0.561, -0.687, 1.352
 248540631, 0.377, -0.803, -0.7730001, 1.348, 0.47, -0.432, -0.8240001, 1.35
 248740625, 0.222, -1.108, -0.684, 1.345, 0.377, -0.803, -0.7730001, 1.348
 248920602, 0.194, -1.127, -1.002, 1.342, 0.222, -1.108, -0.684, 1.345
 249140673, -0.011, -0.941, -0.712, 1.341, 0.194, -1.127, -1.002, 1.342
 249320627, -0.175, -1.07, -0.8150001, 1.339, -0.011, -0.941, -0.712, 1.341
 249520638, 0.01, -1.183, -0.812, 1.337, -0.175, -1.07, -0.8150001, 1.339
 249740597, -0.04, -1.125, -0.452, 1.333, 0.01, -1.183, -0.812, 1.337
 249920598, -0.032, -1.207, -0.158, 1.331, -0.04, -1.125, -0.452, 1.333
 250140649, -0.013, -1.516, 0.243, 1.328, -0.032, -1.207, -0.158, 1.331
 250340631, 0.201, -1.563, 0.361, 1.324, -0.013, -1.516, 0.243, 1.328
 250540608, 0.245, -1.933, 0.683, 1.32, 0.201, -1.563, 0.361, 1.324
 250740606, 0.07300001, -2.16, 0.336, 1.313, 0.245, -1.933, 0.683, 1.32
 250920630, 0.133, -2.377, -0.465, 1.306, 0.07300001, -2.16, 0.336, 1.313
 251140666, -0.041, -2.532, -1.559, 1.301, 0.133, -2.377, -0.465, 1.306
 251340622, 0.104, -2.552, -2.452, 1.299, -0.041, -2.532, -1.559, 1.301
 251520652, 0.021, -2.506, -2.826, 1.299, 0.104, -2.552, -2.452, 1.299
 251720637, -0.068, -2.484, -2.757, 1.298, 0.021, -2.506, -2.826, 1.299
 251940634, 0.021, -2.278, -2.405, 1.298, -0.068, -2.484, -2.757, 1.298
 252140657, 0.183, -2.337, -2.906, 1.298, 0.021, -2.278, -2.405, 1.298
 252320623, 0.265, -2.736, -3.412, 1.297, 0.183, -2.337, -2.906, 1.298
 252520602, 0.455, -2.553, -3.812, 1.295, 0.265, -2.736, -3.412, 1.297
 252720618, 0.509, -2.401, -4.003, 1.295, 0.455, -2.553, -3.812, 1.295
 252920629, 0.549, -2.429, -4.039, 1.295, 0.509, -2.401, -4.003, 1.295
 253120672, 0.817, -2.162, -3.389, 1.293, 0.549, -2.429, -4.039, 1.295
 253340622, 0.8570001, -2.342, -2.754, 1.288, 0.817, -2.162, -3.389, 1.293
 253540615, 0.863, -2.627, -2.327, 1.283, 0.8570001, -2.342, -2.754, 1.288
 253740646, 0.969, -2.45, -2.427, 1.279, 0.863, -2.627, -2.327, 1.283
 253940607, 0.8750001, -2.387, -2.376, 1.279, 0.969, -2.45, -2.427, 1.279
 254140630, 0.9170001, -2.345, -2.466, 1.279, 0.8750001, -2.387, -2.376, 1.279
 254340641, 0.83, -2.425, -2.453, 1.28, 0.9170001, -2.345, -2.466, 1.279
 254540624, 0.934, -2.115, -2.513, 1.282, 0.83, -2.425, -2.453, 1.28
 254740655, 0.775, -2.113, -2.446, 1.283, 0.934, -2.115, -2.513, 1.282
 254940695, 0.818, -1.965, -2.764, 1.284, 0.775, -2.113, -2.446, 1.283
 255140682, 0.809, -1.907, -2.546, 1.282, 0.818, -1.965, -2.764, 1.284
 255340629, 0.8800001, -1.926, -2.485, 1.282, 0.809, -1.907, -2.546, 1.282
 255540607, 0.748, -1.538, -2.578, 1.28, 0.8800001, -1.926, -2.485, 1.282
 255740624, 0.8330001, -1.636, -2.547, 1.277, 0.748, -1.538, -2.578, 1.28
 255940618, 0.929, -1.706, -2.557, 1.274, 0.8330001, -1.636, -2.547, 1.277
 256140668, 0.951, -1.73, -2.667, 1.272, 0.929, -1.706, -2.557, 1.274
 256340685, 0.9440001, -1.532, -2.547, 1.27, 0.951, -1.73, -2.667, 1.272
 256520654, 0.9450001, -1.487, -2.44, 1.268, 0.9440001, -1.532, -2.547, 1.27
 256740648, 0.906, -1.467, -2.512, 1.264, 0.9450001, -1.487, -2.44, 1.268
 256940660, 1.078, -1.54, -1.984, 1.261, 0.906, -1.467, -2.512, 1.264
 257140666, 0.883, -1.31, -1.368, 1.257, 1.078, -1.54, -1.984, 1.261
 257320652, 0.987, -1.428, -0.825, 1.255, 0.883, -1.31, -1.368, 1.257
 257540679, 1.09, -1.289, -0.341, 1.252, 0.987, -1.428, -0.825, 1.255
 257740662, 1.1, -1.219, -0.192, 1.243, 1.09, -1.289, -0.341, 1.252
 257940677, 1.026, -1.055, 0.008, 1.241, 1.1, -1.219, -0.192, 1.243
 258140698, 1.07, -0.997, -0.025, 1.238, 1.026, -1.055, 0.008, 1.241
 258340719, 1.078, -0.72, 0.098, 1.238, 1.07, -0.997, -0.025, 1.238
 258540674, 1.07, -0.712, 0.075, 1.235, 1.078, -0.72, 0.098, 1.238
 258740656, 0.9670001, -0.379, 0.036, 1.226, 1.07, -0.712, 0.075, 1.235
 258940681, 1.025, -0.191, -0.022, 1.22, 0.9670001, -0.379, 0.036, 1.226
 259140670, 1.042, -0.186, -0.017, 1.215, 1.025, -0.191, -0.022, 1.22
 259321233, 1.134, -0.162, 0.017, 1.21, 1.042, -0.186, -0.017, 1.215
 259540669, 1.215, -0.058, -0.017, 1.209, 1.134, -0.162, 0.017, 1.21
 259740678, 1.099, -0.055, 0.02, 1.209, 1.215, -0.058, -0.017, 1.209
 259921225, 1.106, -0.08800001, 0.165, 1.21, 1.099, -0.055, 0.02, 1.209
 260140730, 1.258, -0.338, 0.026, 1.214, 1.106, -0.08800001, 0.165, 1.21
 260340681, 1.219, -0.353, 0.102, 1.218, 1.258, -0.338, 0.026, 1.214
 260540657, 1.078, -0.287, 0.06500001, 1.221, 1.219, -0.353, 0.102, 1.218
 260721228, 1.168, -0.295, -0.005, 1.223, 1.078, -0.287, 0.06500001, 1.221
 260940651, 1.088, -0.304, 0.07300001, 1.224, 1.168, -0.295, -0.005, 1.223
 261140677, 1.041, -0.208, -0.008, 1.223, 1.088, -0.304, 0.07300001, 1.224
 261340649, 1.186, -0.237, -0.016, 1.224, 1.041, -0.208, -0.008, 1.223
 261540637, 1.154, -0.139, -0.07300001, 1.223, 1.186, -0.237, -0.016, 1.224
 261740673, 1.213, -0.157, 0.015, 1.22, 1.154, -0.139, -0.07300001, 1.223
 261921232, 1.281, -0.275, -0.036, 1.221, 1.213, -0.157, 0.015, 1.22
 262140695, 1.213, -0.189, 0.023, 1.219, 1.281, -0.275, -0.036, 1.221
 262340655, 1.12, -0.107, 0.001, 1.216, 1.213, -0.189, 0.023, 1.219
 262540657, 1.123, -0.075, -0.042, 1.213, 1.12, -0.107, 0.001, 1.216
 262740657, 1.169, -0.096, -0.001, 1.209, 1.123, -0.075, -0.042, 1.213
 262940649, 0.946, 0.014, 0.014, 1.205, 1.169, -0.096, -0.001, 1.209
 263140684, 0.835, 0.127, 0.014, 1.2, 0.946, 0.014, 0.014, 1.205
 263321217, 0.8790001, 0.063, 0.135, 1.193, 0.835, 0.127, 0.014, 1.2
 263521176, 0.8, 0.161, 0.017, 1.182, 0.8790001, 0.063, 0.135, 1.193
 263721210, 0.768, 0.117, -0.11, 1.171, 0.8, 0.161, 0.017, 1.182
 263921334, 0.6760001, 0.09, -0.025, 1.165, 0.768, 0.117, -0.11, 1.171
 264140695, 0.567, 0.198, 0.028, 1.16, 0.6760001, 0.09, -0.025, 1.165
 264321177, 0.531, 0.264, 0.026, 1.158, 0.567, 0.198, 0.028, 1.16
 264521229, 0.419, 0.239, -0.006, 1.155, 0.531, 0.264, 0.026, 1.158
 264721226, 0.363, 0.269, -0.081, 1.152, 0.419, 0.239, -0.006, 1.155
 264921202, 0.339, 0.338, -0.037, 1.148, 0.363, 0.269, -0.081, 1.152
 265121188, 0.374, 0.422, -0.003, 1.143, 0.339, 0.338, -0.037, 1.148
 265321249, 0.406, 0.5100001, -0.074, 1.135, 0.374, 0.422, -0.003, 1.143
 265521192, 0.472, 0.476, -0.04, 1.131, 0.406, 0.5100001, -0.074, 1.135
 265721338, 0.477, 0.674, 0.06500001, 1.127, 0.472, 0.476, -0.04, 1.131
 265921223, 0.575, 0.724, 0.03, 1.122, 0.477, 0.674, 0.06500001, 1.127
 266140709, 0.622, 0.6760001, 0.005, 1.118, 0.575, 0.724, 0.03, 1.122
 266321208, 0.7820001, 0.809, -0.052, 1.116, 0.622, 0.6760001, 0.005, 1.118
 266521200, 0.7460001, 0.763, 0.024, 1.115, 0.7820001, 0.809, -0.052, 1.116
 266721217, 0.9450001, 0.802, 0.013, 1.114, 0.7460001, 0.763, 0.024, 1.115
 266921191, 0.96, 0.7600001, -0.017, 1.114, 0.9450001, 0.802, 0.013, 1.114
 267121310, 0.997, 0.659, 0.027, 1.114, 0.96, 0.7600001, -0.017, 1.114
 267340970, 0.8930001, 0.7820001, 0.053, 1.114, 0.997, 0.659, 0.027, 1.114
 267540753, 0.826, 0.614, 0.071, 1.114, 0.8930001, 0.7820001, 0.053, 1.114
 267721289, 0.8470001, 0.516, -0.004, 1.115, 0.826, 0.614, 0.071, 1.114
 267940774, 0.461, 0.598, 0.033, 1.113, 0.8470001, 0.516, -0.004, 1.115
 268140844, 0.356, 0.652, -0.002, 1.112, 0.461, 0.598, 0.033, 1.113
 268340780, 0.172, 0.669, -0.08800001, 1.112, 0.356, 0.652, -0.002, 1.112
 268540770, 0.301, 0.522, -0.209, 1.111, 0.172, 0.669, -0.08800001, 1.112
 268740776, 0.214, 0.5100001, -0.227, 1.11, 0.301, 0.522, -0.209, 1.111
 268940759, 0.287, 0.403, -0.217, 1.111, 0.214, 0.5100001, -0.227, 1.11
 269140981, 0.181, 0.197, -0.063, 1.112, 0.287, 0.403, -0.217, 1.111
 269340767, 0.227, 0.162, -0.07600001, 1.113, 0.181, 0.197, -0.063, 1.112
 269540763, 0.267, 0.075, 0.042, 1.113, 0.227, 0.162, -0.07600001, 1.113
 269720773, 0.011, 0.018, 0.097, 1.111, 0.267, 0.075, 0.042, 1.113
 269940747, -0.002, -0.012, 0.017, 1.113, 0.011, 0.018, 0.097, 1.111
 270160774, 0.08400001, -0.082, 0.015, 1.112, -0.002, -0.012, 0.017, 1.113
 270340779, -0.006, 0.032, 0.07300001, 1.11, 0.08400001, -0.082, 0.015, 1.112
 270540779, -0.193, 0.04, 0.197, 1.11, -0.006, 0.032, 0.07300001, 1.11
 270740762, -0.155, 0.027, 0.068, 1.111, -0.193, 0.04, 0.197, 1.11
 270940980, -0.131, 0.007, 0.09100001, 1.112, -0.155, 0.027, 0.068, 1.111
 271140865, -0.13, -0.016, 0.169, 1.11, -0.131, 0.007, 0.09100001, 1.112
 271340776, -0.196, -0.128, 0.231, 1.109, -0.13, -0.016, 0.169, 1.11
 271521012, -0.202, -0.226, 0.186, 1.112, -0.196, -0.128, 0.231, 1.109
 271720782, -0.275, -0.375, 0.346, 1.114, -0.202, -0.226, 0.186, 1.112
 271920857, -0.406, -0.181, 0.371, 1.116, -0.275, -0.375, 0.346, 1.114
 272140854, -0.612, -0.41, 0.456, 1.118, -0.406, -0.181, 0.371, 1.116
 272320766, -0.392, -0.407, 0.535, 1.12, -0.612, -0.41, 0.456, 1.118
 272540842, -0.9300001, -0.38, 0.919, 1.12, -0.392, -0.407, 0.535, 1.12
 272720853, -1.085, -0.467, 0.9220001, 1.114, -0.9300001, -0.38, 0.919, 1.12
 272940851, -1.079, -0.238, 1.093, 1.109, -1.085, -0.467, 0.9220001, 1.114
 273120852, -1.3, -0.35, 1.351, 1.107, -1.079, -0.238, 1.093, 1.109
 273320851, -1.35, -0.364, 1.339, 1.098, -1.3, -0.35, 1.351, 1.107
 273520844, -1.14, -0.015, 1.465, 1.086, -1.35, -0.364, 1.339, 1.098
 273720762, -0.984, 0.116, 1.42, 1.078, -1.14, -0.015, 1.465, 1.086
 273920780, -1.012, 0.464, 1.539, 1.066, -0.984, 0.116, 1.42, 1.078
 274140859, -1.028, 0.725, 1.421, 1.063, -1.012, 0.464, 1.539, 1.066
 274320783, -1.128, 0.43, 1.582, 1.056, -1.028, 0.725, 1.421, 1.063
 274520850, -1.623, 0.227, 1.803, 1.053, -1.128, 0.43, 1.582, 1.056
 274740762, -1.859, 0.027, 1.798, 1.053, -1.623, 0.227, 1.803, 1.053
 274920769, -2.173, -0.361, 1.827, 1.052, -1.859, 0.027, 1.798, 1.053
 275140846, -2.481, -0.7590001, 1.765, 1.051, -2.173, -0.361, 1.827, 1.052
 275320756, -2.57, -0.915, 1.718, 1.045, -2.481, -0.7590001, 1.765, 1.051
 275540806, -2.694, -0.992, 1.71, 1.045, -2.57, -0.915, 1.718, 1.045
 275720986, -2.465, -1.069, 1.691, 1.048, -2.694, -0.992, 1.71, 1.045
 275920778, -2.257, -1.033, 1.409, 1.048, -2.465, -1.069, 1.691, 1.048
 276141011, -2.21, -0.785, 1.444, 1.051, -2.257, -1.033, 1.409, 1.048
 276340970, -2.194, -0.669, 1.504, 1.052, -2.21, -0.785, 1.444, 1.051
 276540776, -1.988, -0.484, 1.698, 1.057, -2.194, -0.669, 1.504, 1.052
 276720783, -1.566, -0.408, 1.386, 1.058, -1.988, -0.484, 1.698, 1.057
 276941285, -1.433, -0.28, 1.398, 1.058, -1.566, -0.408, 1.386, 1.058
 277141191, -1.32, -0.252, 1.224, 1.061, -1.433, -0.28, 1.398, 1.058
 277341182, -1.055, -0.386, 1.248, 1.063, -1.32, -0.252, 1.224, 1.061
 277520806, -1.054, -0.434, 1.225, 1.067, -1.055, -0.386, 1.248, 1.063
 277720777, -1.074, -0.673, 1.524, 1.069, -1.054, -0.434, 1.225, 1.067
 277920849, -1.403, -1.027, 1.421, 1.07, -1.074, -0.673, 1.524, 1.069
 278141376, -1.085, -1.538, 1.375, 1.072, -1.403, -1.027, 1.421, 1.07
 278341211, -0.8940001, -1.764, 0.993, 1.075, -1.085, -1.538, 1.375, 1.072
 278541189, -0.605, -2.045, 0.446, 1.076, -0.8940001, -1.764, 0.993, 1.075
 278741185, -0.177, -2.508, 0.353, 1.079, -0.605, -2.045, 0.446, 1.076
 278941217, 0.229, -2.824, 0.313, 1.08, -0.177, -2.508, 0.353, 1.079
 279141210, 0.405, -3.176, 0.173, 1.081, 0.229, -2.824, 0.313, 1.08
 279341193, 0.6390001, -3.378, -0.028, 1.082, 0.405, -3.176, 0.173, 1.081
 279541219, 0.721, -3.718, -0.1, 1.083, 0.6390001, -3.378, -0.028, 1.082
 279741195, 0.6850001, -3.993, -0.302, 1.084, 0.721, -3.718, -0.1, 1.083
 279941335, 0.614, -4.349, -0.127, 1.086, 0.6850001, -3.993, -0.302, 1.084
 280120987, 0.485, -4.646, -0.257, 1.087, 0.614, -4.349, -0.127, 1.086
 280341489, 0.276, -4.93, -0.209, 1.086, 0.485, -4.646, -0.257, 1.087
 280541176, 0.232, -5.359, -0.141, 1.085, 0.276, -4.93, -0.209, 1.086
 280741188, 0.089, -5.705, -0.107, 1.085, 0.232, -5.359, -0.141, 1.085
 280941207, -0.141, -6.108, 0.066, 1.086, 0.089, -5.705, -0.107, 1.085
 281141212, -0.108, -6.651, 0.074, 1.086, -0.141, -6.108, 0.066, 1.086
 281341187, -0.09100001, -7.122, -0.047, 1.087, -0.108, -6.651, 0.074, 1.086
 281541229, 0.071, -7.574, 0.049, 1.084, -0.09100001, -7.122, -0.047, 1.087
 281741312, 0.102, -8.101001, 0.054, 1.082, 0.071, -7.574, 0.049, 1.084
 281941192, -0.047, -8.405001, -0.05, 1.083, 0.102, -8.101001, 0.054, 1.082
 282160775, -0.038, -8.676001, 0.01, 1.084, -0.047, -8.405001, -0.05, 1.083
 282341221, -0.145, -9.038, -0.086, 1.083, -0.038, -8.676001, 0.01, 1.084
 282541186, 0.041, -9.360001, 0.025, 1.082, -0.145, -9.038, -0.086, 1.083
 282721147, -0.09900001, -9.52, 0.006, 1.082, 0.041, -9.360001, 0.025, 1.082
 282941456, 0.038, -9.696, -0.023, 1.081, -0.09900001, -9.52, 0.006, 1.082
 283141460, 0.027, -9.935, 0.051, 1.079, 0.038, -9.696, -0.023, 1.081
 283321170, -0.066, -9.945001, -0.165, 1.078, 0.027, -9.935, 0.051, 1.079
 283521156, -0.171, -9.795, -0.06500001, 1.078, -0.066, -9.945001, -0.165, 1.078
 283721298, -0.023, -9.927, 0.004, 1.078, -0.171, -9.795, -0.06500001, 1.078
 283921156, 0.011, -9.893001, -0.038, 1.079, -0.023, -9.927, 0.004, 1.078
 284141426, 0.009000001, -9.807, 0.183, 1.079, 0.011, -9.893001, -0.038, 1.079
 284321154, 0.027, -9.737, 0.281, 1.08, 0.009000001, -9.807, 0.183, 1.079
 284521153, 0.054, -9.688001, 0.119, 1.078, 0.027, -9.737, 0.281, 1.08
 284721158, -0.057, -9.881001, 0.393, 1.076, 0.054, -9.688001, 0.119, 1.078
 284921466, 0.079, -10.041, 0.411, 1.079, -0.057, -9.881001, 0.393, 1.076
 285121473, -0.038, -9.982, 0.289, 1.079, 0.079, -10.041, 0.411, 1.079
 285321473, -0.009000001, -9.996, 0.397, 1.078, -0.038, -9.982, 0.289, 1.079
 285521594, 0.001, -10.246, 0.207, 1.079, -0.009000001, -9.996, 0.397, 1.078
 285721446, -0.014, -10.051, 0.034, 1.08, 0.001, -10.246, 0.207, 1.079
 285921470, -0.005, -9.915001, -0.015, 1.08, -0.014, -10.051, 0.034, 1.08
 286141480, -0.02, -9.869, 0.18, 1.081, -0.005, -9.915001, -0.015, 1.08
 286341504, 0.118, -9.905001, 0.201, 1.082, -0.02, -9.869, 0.18, 1.081
 286541479, -0.011, -9.733001, 0.587, 1.084, 0.118, -9.905001, 0.201, 1.082
 286721473, -0.043, -10.02, 0.325, 1.085, -0.011, -9.733001, 0.587, 1.084
 286921447, 0.057, -10.124, 0.265, 1.086, -0.043, -10.02, 0.325, 1.085
 287141631, 0.023, -10.264, 0.164, 1.086, 0.057, -10.124, 0.265, 1.086
 287321505, 0.17, -10.424, 0.017, 1.085, 0.023, -10.264, 0.164, 1.086
 287521469, 0.246, -10.455, 0.131, 1.083, 0.17, -10.424, 0.017, 1.085
 287721459, 0.314, -10.653, -0.028, 1.082, 0.246, -10.455, 0.131, 1.083
 287921445, 0.136, -10.314, -0.078, 1.082, 0.314, -10.653, -0.028, 1.082
 288141515, 0.07300001, -10.081, -0.012, 1.079, 0.136, -10.314, -0.078, 1.082
 288341482, 0.09900001, -10.067, 0.156, 1.077, 0.07300001, -10.081, -0.012, 1.079
 288521445, 0.003, -9.891001, 0.164, 1.076, 0.09900001, -10.067, 0.156, 1.077
 288721462, 0.07300001, -9.907001, 0.216, 1.076, 0.003, -9.891001, 0.164, 1.076
 288941627, 0.268, -9.735001, 0.161, 1.076, 0.07300001, -9.907001, 0.216, 1.076
 289121630, 0.184, -9.610001, 0.234, 1.077, 0.268, -9.735001, 0.161, 1.076
 289321453, 0.262, -9.847, 0.261, 1.075, 0.184, -9.610001, 0.234, 1.077
 289521484, 0.238, -9.602, 0.169, 1.073, 0.262, -9.847, 0.261, 1.075
 289721466, 0.208, -9.571, 0.136, 1.07, 0.238, -9.602, 0.169, 1.073
 289921436, 0.134, -9.812, 0.12, 1.068, 0.208, -9.571, 0.136, 1.07
 290141472, -0.018, -9.733001, 0.153, 1.063, 0.134, -9.812, 0.12, 1.068
 290321505, -0.245, -9.903001, 0.137, 1.06, -0.018, -9.733001, 0.153, 1.063
 290521457, -0.101, -10.02, -0.014, 1.058, -0.245, -9.903001, 0.137, 1.06
 290721473, -0.253, -10.16, -0.017, 1.057, -0.101, -10.02, -0.014, 1.058
 290921599, -0.252, -10.254, -0.107, 1.056, -0.253, -10.16, -0.017, 1.057
 291141525, -0.295, -10.3, -0.163, 1.056, -0.252, -10.254, -0.107, 1.056
 291321463, -0.378, -10.222, -0.18, 1.055, -0.295, -10.3, -0.163, 1.056
 291541476, -0.604, -10.039, -0.183, 1.054, -0.378, -10.222, -0.18, 1.055
 291741486, -0.332, -10.076, -0.059, 1.054, -0.604, -10.039, -0.183, 1.054
 291921453, -0.329, -9.991, -0.074, 1.054, -0.332, -10.076, -0.059, 1.054
 292141480, -0.058, -9.8, 0.008, 1.054, -0.329, -9.991, -0.074, 1.054
 292321461, 0.142, -9.96, 0.111, 1.054, -0.058, -9.8, 0.008, 1.054
 292521617, 0.199, -9.952001, -0.024, 1.054, 0.142, -9.96, 0.111, 1.054
 292741464, 0.213, -9.972, -0.06500001, 1.051, 0.199, -9.952001, -0.024, 1.054
 292941636, 0.265, -10.052, 0.055, 1.048, 0.213, -9.972, -0.06500001, 1.051
 293121473, 0.223, -10.015, -0.114, 1.047, 0.265, -10.052, 0.055, 1.048
 293321472, 0.321, -9.762, -0.123, 1.047, 0.223, -10.015, -0.114, 1.047
 293541470, 0.227, -9.899, -0.115, 1.047, 0.321, -9.762, -0.123, 1.047
 293741505, 0.196, -9.639001, 0.08000001, 1.047, 0.227, -9.899, -0.115, 1.047
 293921460, 0.151, -9.768001, 0.124, 1.047, 0.196, -9.639001, 0.08000001, 1.047
 294141482, 0.098, -10.066, 0.185, 1.045, 0.151, -9.768001, 0.124, 1.047
 294341631, 0.104, -10.286, 0.268, 1.426, 0.098, -10.066, 0.185, 1.045
 294501729, -0.083, -10.279, -0.013, 1.418, 0.104, -10.286, 0.268, 1.426
 294701989, -0.062, -10.497, 0.019, 1.404, -0.083, -10.279, -0.013, 1.418
 294901716, -0.177, -10.527, -0.211, 1.392, -0.062, -10.497, 0.019, 1.404
 295101751, -0.211, -10.411, -0.19, 1.386, -0.177, -10.527, -0.211, 1.392
 295301762, -0.265, -10.166, -0.267, 1.382, -0.211, -10.411, -0.19, 1.386
 295501732, -0.148, -9.989, -0.337, 1.374, -0.265, -10.166, -0.267, 1.382
 295701743, -0.185, -9.799001, -0.153, 1.368, -0.148, -9.989, -0.337, 1.374
 295901752, -0.06, -9.952001, -0.078, 1.364, -0.185, -9.799001, -0.153, 1.368
 296141643, 0.017, -9.822001, 0.136, 1.357, -0.06, -9.952001, -0.078, 1.364
 296302045, 0.107, -9.921, 0.123, 1.35, 0.017, -9.822001, 0.136, 1.357
 296501895, 0.242, -10.114, 0.14, 1.344, 0.107, -9.921, 0.123, 1.35
 296701782, 0.163, -10.067, 0.127, 1.335, 0.242, -10.114, 0.14, 1.344
 296901745, 0.241, -10.318, 0.177, 1.325, 0.163, -10.067, 0.127, 1.335
 297101764, 0.128, -10.133, -0.053, 1.314, 0.241, -10.318, 0.177, 1.325
 297301776, -0.07, -10.164, -0.109, 1.305, 0.128, -10.133, -0.053, 1.314
 297501727, -0.057, -10.05, -0.27, 1.297, -0.07, -10.164, -0.109, 1.305
 297701747, -0.079, -9.811001, -0.116, 1.286, -0.057, -10.05, -0.27, 1.297
 297901719, -0.053, -9.631001, -0.192, 1.279, -0.079, -9.811001, -0.116, 1.286
 298101884, -0.059, -9.280001, 0.066, 1.275, -0.053, -9.631001, -0.192, 1.279
 298301940, -0.013, -9.039001, 0.187, 1.273, -0.059, -9.280001, 0.066, 1.275
 298501748, 0.143, -8.892, 0.241, 1.267, -0.013, -9.039001, 0.187, 1.273
 298701848, 0.107, -8.651, 0.234, 1.26, 0.143, -8.892, 0.241, 1.267
 298901722, 0.124, -8.373, 0.079, 1.256, 0.107, -8.651, 0.234, 1.26
 299101755, -0.026, -7.904, 0.146, 1.253, 0.124, -8.373, 0.079, 1.256
 299301848, -0.06900001, -7.175, -0.068, 1.255, -0.026, -7.904, 0.146, 1.253
 299501737, -0.064, -6.756001, 0.053, 1.254, -0.06900001, -7.175, -0.068, 1.255
 299701762, -0.049, -6.38, 0.161, 1.254, -0.064, -6.756001, 0.053, 1.254
 299901742, -0.079, -5.967, 0.096, 1.254, -0.049, -6.38, 0.161, 1.254
 300121480, -0.104, -5.521, 0.081, 1.256, -0.079, -5.967, 0.096, 1.254
 300301734, -0.152, -5.154, 0.05, 1.257, -0.104, -5.521, 0.081, 1.256
 300502022, -0.413, -4.865, 0.025, 1.257, -0.152, -5.154, 0.05, 1.257
 300701878, -0.5, -4.315, 0.021, 1.257, -0.413, -4.865, 0.025, 1.257
 300901727, -0.774, -3.969, -0.008, 1.257, -0.5, -4.315, 0.021, 1.257
 301101870, -0.9950001, -3.592, -0.144, 1.258, -0.774, -3.969, -0.008, 1.257
 301301732, -1.609, -2.866, -0.274, 1.258, -0.9950001, -3.592, -0.144, 1.258
 301501780, -2.135, -2.472, -0.37, 1.253, -1.609, -2.866, -0.274, 1.258
 301701751, -2.727, -2.131, -0.218, 1.242, -2.135, -2.472, -0.37, 1.253
 301901931, -3.289, -1.595, -0.282, 1.236, -2.727, -2.131, -0.218, 1.242
 302101771, -3.945, -1.151, -0.1, 1.233, -3.289, -1.595, -0.282, 1.236
 302301728, -4.311, -0.881, -0.227, 1.229, -3.945, -1.151, -0.1, 1.233
 302501746, -4.81, -0.494, -0.174, 1.219, -4.311, -0.881, -0.227, 1.229
 302701844, -4.873, -0.226, -0.242, 1.206, -4.81, -0.494, -0.174, 1.219
 302901721, -5.348, 0.026, -0.305, 1.2, -4.873, -0.226, -0.242, 1.206
 303101759, -5.603, 0.229, -0.283, 1.185, -5.348, 0.026, -0.305, 1.2
 303301734, -5.926, 0.347, -0.307, 1.169, -5.603, 0.229, -0.283, 1.185
 303501839, -6.267, 0.388, -0.353, 1.155, -5.926, 0.347, -0.307, 1.169
 303701958, -6.579, 0.406, -0.238, 1.146, -6.267, 0.388, -0.353, 1.155
 303901723, -6.923, 0.604, -0.411, 1.143, -6.579, 0.406, -0.238, 1.146
 304101866, -7.345, 0.284, -0.203, 1.137, -6.923, 0.604, -0.411, 1.143
 304301742, -7.797, 0.128, -0.311, 1.13, -7.345, 0.284, -0.203, 1.137
 304501721, -8.348001, 0.119, -0.429, 1.13, -7.797, 0.128, -0.311, 1.13
 304702141, -8.643001, 0.032, -0.346, 1.12, -8.348001, 0.119, -0.429, 1.13
 304901721, -8.908, 0.052, -0.334, 1.111, -8.643001, 0.032, -0.346, 1.12
 305101763, -9.324, 0.008, -0.38, 1.094, -8.908, 0.052, -0.334, 1.111
 305301738, -9.471001, 0.043, -0.2, 1.079, -9.324, 0.008, -0.38, 1.094
 305501940, -9.593, 0.167, -0.178, 1.067, -9.471001, 0.043, -0.2, 1.079
 305701766, -9.756001, 0.158, -0.142, 1.054, -9.593, 0.167, -0.178, 1.067
 305901746, -9.868, 0.24, 0.106, 1.042, -9.756001, 0.158, -0.142, 1.054
 306101769, -9.956, 0.24, -0.122, 1.031, -9.868, 0.24, 0.106, 1.042
 306301748, -9.721001, 0.134, -0.036, 1.021, -9.956, 0.24, -0.122, 1.031
 306521442, -9.695001, 0.044, -0.04, 1.012, -9.721001, 0.134, -0.036, 1.021
 306701736, -9.610001, 0.079, 0.144, 1.004, -9.695001, 0.044, -0.04, 1.012
 306901747, -9.763, -0.001, 0.145, 0.9990001, -9.610001, 0.079, 0.144, 1.004
 307101774, -9.637, -0.015, 0.112, 0.993, -9.763, -0.001, 0.145, 0.9990001
 307301949, -9.799001, 0.118, 0.322, 0.988, -9.637, -0.015, 0.112, 0.993
 307501769, -9.594001, 0.219, 0.329, 0.9850001, -9.799001, 0.118, 0.322, 0.988
 307701746, -9.915001, 0.198, 0.178, 0.983, -9.594001, 0.219, 0.329, 0.9850001
 307901710, -9.884001, 0.573, 0.158, 0.9810001, -9.915001, 0.198, 0.178, 0.983
 308101769, -10.125, 0.454, 0.312, 0.979, -9.884001, 0.573, 0.158, 0.9810001
 308301728, -10.185, 0.379, 0.428, 0.9760001, -10.125, 0.454, 0.312, 0.979
 308501733, -10.29, 0.442, 0.234, 0.974, -10.185, 0.379, 0.428, 0.9760001
 308701738, -10.385, 0.25, 0.207, 0.9710001, -10.29, 0.442, 0.234, 0.974
 308921609, -10.402, 0.1, 0.221, 0.97, -10.385, 0.25, 0.207, 0.9710001
 309101947, -10.156, -0.116, 0.083, 0.9680001, -10.402, 0.1, 0.221, 0.97
 309301740, -10.047, -0.237, -0.112, 0.969, -10.156, -0.116, 0.083, 0.9680001
 309501782, -9.966001, -0.303, 0.18, 0.969, -10.047, -0.237, -0.112, 0.969
 309701770, -9.901, -0.423, 0.191, 0.9670001, -9.966001, -0.303, 0.18, 0.969
 309901737, -9.794001, -0.578, 0.149, 0.966, -9.901, -0.423, 0.191, 0.9670001
 310101752, -9.715, -0.561, 0.15, 0.9680001, -9.794001, -0.578, 0.149, 0.966
 310301771, -9.717, -0.359, 0.128, 0.966, -9.715, -0.561, 0.15, 0.9680001
 310501721, -9.717, -0.395, 0.239, 0.966, -9.717, -0.359, 0.128, 0.966
 310701757, -9.428, -0.153, 0.143, 0.966, -9.717, -0.395, 0.239, 0.966
 310901968, -9.360001, -0.02, 0.103, 0.9680001, -9.428, -0.153, 0.143, 0.966
 311101768, -9.096001, 0.064, 0.113, 0.964, -9.360001, -0.02, 0.103, 0.9680001
 311301736, -8.752001, 0.041, 0.204, 0.9590001, -9.096001, 0.064, 0.113, 0.964
 311501736, -8.42, 0.105, 0.232, 0.955, -8.752001, 0.041, 0.204, 0.9590001
 311701863, -7.955, 0.048, 0.09, 0.9530001, -8.42, 0.105, 0.232, 0.955
 311901725, -7.51, 0.041, 0.054, 0.952, -7.955, 0.048, 0.09, 0.9530001
 312121487, -7.228, 0, 0.16, 0.9490001, -7.51, 0.041, 0.054, 0.952
 312301772, -6.487, 0.19, 0.114, 0.946, -7.228, 0, 0.16, 0.9490001
 312501778, -5.907, 0.212, 0.127, 0.943, -6.487, 0.19, 0.114, 0.946
 312701947, -5.432, 0.257, 0.161, 0.9400001, -5.907, 0.212, 0.127, 0.943
 312901762, -4.985, 0.268, 0.098, 0.937, -5.432, 0.257, 0.161, 0.9400001
 313102143, -4.536, 0.414, 0.17, 0.9350001, -4.985, 0.268, 0.098, 0.937
 313301736, -4.243, 0.503, -0.022, 0.933, -4.536, 0.414, 0.17, 0.9350001
 313501737, -4.026, 0.697, -0.029, 0.9310001, -4.243, 0.503, -0.022, 0.933
 313701805, -3.779, 1.023, 0.029, 0.928, -4.026, 0.697, -0.029, 0.9310001
 313901730, -3.448, 1.412, -0.152, 0.9250001, -3.779, 1.023, 0.029, 0.928
 314101749, -3.074, 2.035, -0.174, 0.9220001, -3.448, 1.412, -0.152, 0.9250001
 314301772, -2.581, 2.494, -0.192, 0.919, -3.074, 2.035, -0.174, 0.9220001
 314501911, -1.898, 3.048, -0.21, 0.913, -2.581, 2.494, -0.192, 0.919
 314701741, -1.287, 3.617, -0.221, 0.909, -1.898, 3.048, -0.21, 0.913
 314901710, -0.715, 4.003, -0.186, 0.909, -1.287, 3.617, -0.221, 0.909
 315101863, -0.074, 4.327, -0.203, 0.904, -0.715, 4.003, -0.186, 0.909
 315301736, 0.374, 4.511, -0.248, 0.8940001, -0.074, 4.327, -0.203, 0.904
 315501718, 0.425, 4.915, -0.405, 0.8850001, 0.374, 4.511, -0.248, 0.8940001
 315701771, 0.575, 5.149, -0.373, 0.8800001, 0.425, 4.915, -0.405, 0.8850001
 315901708, 0.452, 5.567, -0.32, 0.881, 0.575, 5.149, -0.373, 0.8800001
 316101751, 0.353, 6.108, -0.343, 0.876, 0.452, 5.567, -0.32, 0.881
 316301950, 0.07, 6.592, -0.183, 0.874, 0.353, 6.108, -0.343, 0.876
 316501727, -0.264, 7.190001, -0.199, 0.873, 0.07, 6.592, -0.183, 0.874
 316721460, -0.06500001, 7.609, -0.403, 0.872, -0.264, 7.190001, -0.199, 0.873
 316901722, -0.162, 7.997, -0.362, 0.872, -0.06500001, 7.609, -0.403, 0.872
 317101761, -0.089, 8.319, -0.372, 0.8750001, -0.162, 7.997, -0.362, 0.872
 317302114, -0.101, 8.601001, -0.253, 0.8790001, -0.089, 8.319, -0.372, 0.8750001
 317501739, 0.068, 8.780001, -0.281, 0.8850001, -0.101, 8.601001, -0.253, 0.8790001
 317701500, 0.004, 9.13, -0.291, 0.8890001, 0.068, 8.780001, -0.281, 0.8850001
 317901489, 0.198, 9.224, -0.182, 0.8940001, 0.004, 9.13, -0.291, 0.8890001
 318121477, 0.324, 9.377001, -0.227, 0.899, 0.198, 9.224, -0.182, 0.8940001
 318301478, 0.229, 9.652, -0.296, 0.9020001, 0.324, 9.377001, -0.227, 0.899
 318501521, 0.242, 9.85, -0.07300001, 0.905, 0.229, 9.652, -0.296, 0.9020001
 318701488, 0.05, 9.863001, 0.029, 0.906, 0.242, 9.85, -0.07300001, 0.905
 318921452, 0.259, 9.844001, 0.128, 0.91, 0.05, 9.863001, 0.029, 0.906
 319101498, 0.334, 9.89, 0.028, 0.9110001, 0.259, 9.844001, 0.128, 0.91
 319301501, 0.322, 9.905001, 0.068, 0.914, 0.334, 9.89, 0.028, 0.9110001
 319501474, 0.174, 9.993, 0.08400001, 0.9120001, 0.322, 9.905001, 0.068, 0.914
 319701483, 0.296, 9.946, -0.075, 0.91, 0.174, 9.993, 0.08400001, 0.9120001
 319901626, 0.363, 9.856001, 0.037, 0.91, 0.296, 9.946, -0.075, 0.91
 320101495, 0.25, 9.963, -0.012, 0.913, 0.363, 9.856001, 0.037, 0.91
 320301483, 0.217, 10.129, 0.208, 0.915, 0.25, 9.963, -0.012, 0.913
 320501491, 0.179, 10.051, 0.133, 0.914, 0.217, 10.129, 0.208, 0.915
 320701497, 0.07600001, 9.975, 0.333, 0.913, 0.179, 10.051, 0.133, 0.914
 320901478, -0.109, 10.156, 0.263, 0.913, 0.07600001, 9.975, 0.333, 0.913
 321101495, 0.008, 10.184, 0.23, 0.913, -0.109, 10.156, 0.263, 0.913
 321301471, -0.005, 10.206, 0.184, 0.914, 0.008, 10.184, 0.23, 0.913
 321501643, 0.09200001, 10.119, 0.222, 0.914, -0.005, 10.206, 0.184, 0.914
 321701623, 0.059, 10.3, 0.049, 0.9110001, 0.09200001, 10.119, 0.222, 0.914
 321901498, -0.017, 10.15, -0.006, 0.9070001, 0.059, 10.3, 0.049, 0.9110001
 322101482, 0.067, 9.934, -0.014, 0.904, -0.017, 10.15, -0.006, 0.9070001
 322301498, 0.046, 10.14, 0.059, 0.905, 0.067, 9.934, -0.014, 0.904
 322501482, 0.068, 9.922001, 0.102, 0.906, 0.046, 10.14, 0.059, 0.905
 322701494, 0.044, 9.875, 0.19, 0.9080001, 0.068, 9.922001, 0.102, 0.906
 322901481, 0.059, 9.974001, 0.196, 0.913, 0.044, 9.875, 0.19, 0.9080001
 323101492, 0.027, 10.079, 0.463, 0.913, 0.059, 9.974001, 0.196, 0.913
 323301486, 0.051, 10.165, 0.257, 0.913, 0.027, 10.079, 0.463, 0.913
 323501608, 0.013, 10.342, 0.204, 0.914, 0.051, 10.165, 0.257, 0.913
 323701479, 0.152, 10.266, 0.071, 0.915, 0.013, 10.342, 0.204, 0.914
 323901479, 0.09200001, 10.246, -0.139, 0.9120001, 0.152, 10.266, 0.071, 0.915
 324101498, 0.014, 10.343, -0.128, 0.9160001, 0.09200001, 10.246, -0.139, 0.9120001
 324301481, -0.035, 10.247, -0.147, 0.923, 0.014, 10.343, -0.128, 0.9160001
 324501478, -0.046, 10.109, -0.085, 0.9310001, -0.035, 10.247, -0.147, 0.923
 324701498, -0.155, 10.154, -0.116, 0.9400001, -0.046, 10.109, -0.085, 0.9310001
 324901463, -0.296, 10.15, -0.111, 0.95, -0.155, 10.154, -0.116, 0.9400001
 325101501, -0.16, 9.816001, 0.02, 0.9580001, -0.296, 10.15, -0.111, 0.95
 325301640, -0.141, 9.943001, 0.129, 0.965, -0.16, 9.816001, 0.02, 0.9580001
 325501478, -0.116, 9.754001, 0.018, 0.9720001, -0.141, 9.943001, 0.129, 0.965
 325701649, -0.178, 9.673, 0.06900001, 0.978, -0.116, 9.754001, 0.018, 0.9720001
 325901485, -0.02, 9.736, 0.09500001, 0.984, -0.178, 9.673, 0.06900001, 0.978
 326101496, -0.089, 9.718, 0.056, 0.9810001, -0.02, 9.736, 0.09500001, 0.984
 326301474, 0.09200001, 9.538, 0.117, 0.975, -0.089, 9.718, 0.056, 0.9810001
 326501480, 0.06, 9.679001, 0.225, 0.979, 0.09200001, 9.538, 0.117, 0.975
 326701493, 0.079, 9.763, -0.004, 0.987, 0.06, 9.679001, 0.225, 0.979
 326901484, 0.007, 9.860001, 0.046, 0.9910001, 0.079, 9.763, -0.004, 0.987
 327101627, -0.046, 10.072, 0.05, 0.993, 0.007, 9.860001, 0.046, 0.9910001
 327301491, -0.007, 10.076, -0.167, 0.987, -0.046, 10.072, 0.05, 0.993
 327501486, -0.052, 10.086, -0.033, 0.9770001, -0.007, 10.076, -0.167, 0.987
 327701484, -0.109, 10.083, -0.13, 0.975, -0.052, 10.086, -0.033, 0.9770001
 327901487, 0.082, 9.972, -0.019, 0.9760001, -0.109, 10.083, -0.13, 0.975
 328101489, 0.064, 9.981001, -0.169, 0.97, 0.082, 9.972, -0.019, 0.9760001
 328301480, 0.02, 10.021, -0.213, 0.9710001, 0.064, 9.981001, -0.169, 0.97
 328501486, 0.082, 9.857, -0.19, 0.9580001, 0.02, 10.021, -0.213, 0.9710001
 328701503, 0.001, 10.154, -0.112, 0.9450001, 0.082, 9.857, -0.19, 0.9580001
 328901617, -0.023, 9.823001, -0.167, 0.934, 0.001, 10.154, -0.112, 0.9450001
 329101495, -0.104, 9.871, -0.052, 0.923, -0.023, 9.823001, -0.167, 0.934
 329301483, -0.021, 9.913, 0.041, 0.9220001, -0.104, 9.871, -0.052, 0.923
 329501466, 0.136, 9.658, 0.012, 0.9170001, -0.021, 9.913, 0.041, 0.9220001
 329701492, 0.007, 9.428, 0.098, 0.913, 0.136, 9.658, 0.012, 0.9170001
 329901630, 0.045, 9.555, -0.039, 0.909, 0.007, 9.428, 0.098, 0.913
 330121504, -0.053, 9.739, 0.126, 0.9020001, 0.045, 9.555, -0.039, 0.909
 330301477, -0.016, 9.938001, -0.016, 0.897, -0.053, 9.739, 0.126, 0.9020001
 330501507, -0.123, 10.088, 0.106, 0.896, -0.016, 9.938001, -0.016, 0.897
 330701640, -0.022, 9.988001, -0.191, 0.897, -0.123, 10.088, 0.106, 0.896
 330901505, -0.038, 10.22, -0.115, 0.9, -0.022, 9.988001, -0.191, 0.897
 331101496, 0.053, 10.198, -0.08400001, 0.9030001, -0.038, 10.22, -0.115, 0.9
 331301478, 0.16, 10.025, -0.022, 0.904, 0.053, 10.198, -0.08400001, 0.9030001
 331501462, 0.227, 10.227, 0.021, 0.906, 0.16, 10.025, -0.022, 0.904
 331701488, 0.116, 10.289, -0.246, 0.909, 0.227, 10.227, 0.021, 0.906
 331901464, 0.09200001, 10.115, -0.153, 0.914, 0.116, 10.289, -0.246, 0.909
 332081487, -0.046, 10.222, 0.027, 0.913, 0.09200001, 10.115, -0.153, 0.914
 332301480, 0.112, 10.051, -0.13, 0.909, -0.046, 10.222, 0.027, 0.913
 332501603, 0.043, 10.013, -0.117, 0.9070001, 0.112, 10.051, -0.13, 0.909
 332701468, -0.038, 9.867001, -0.113, 0.9080001, 0.043, 10.013, -0.117, 0.9070001
 332901458, -0.039, 9.574, -0.018, 0.909, -0.038, 9.867001, -0.113, 0.9080001
 333101494, -0.066, 9.440001, -0.111, 0.909, -0.039, 9.574, -0.018, 0.909
 333301449, 0.019, 9.009001, 0.036, 0.913, -0.066, 9.440001, -0.111, 0.909
 333501455, -0.141, 8.954, 0.157, 0.9110001, 0.019, 9.009001, 0.036, 0.913
 333701486, -0.06500001, 8.929001, 0.201, 0.899, -0.141, 8.954, 0.157, 0.9110001
 333901452, 0.002, 8.607, 0.133, 0.8980001, -0.06500001, 8.929001, 0.201, 0.899
 334101657, 0.05, 8.315001, -0.058, 0.896, 0.002, 8.607, 0.133, 0.8980001
 334301595, 0.334, 7.829, 0.249, 0.9, 0.05, 8.315001, -0.058, 0.896
 334501452, 0.358, 7.574, 0.19, 0.9070001, 0.334, 7.829, 0.249, 0.9
 334701448, 0.178, 7.088, 0.309, 0.9120001, 0.358, 7.574, 0.19, 0.9070001
 334901468, -0.016, 6.979001, 0.168, 0.914, 0.178, 7.088, 0.309, 0.9120001
 335101555, -0.016, 6.453, 0.08800001, 0.915, -0.016, 6.979001, 0.168, 0.914
 335301456, -0.177, 6.104, -0.02, 0.91, -0.016, 6.453, 0.08800001, 0.915
 335501465, -0.239, 5.6, 0.118, 0.9070001, -0.177, 6.104, -0.02, 0.91
 335701480, -0.18, 5.219, -0.041, 0.905, -0.239, 5.6, 0.118, 0.9070001
 335901457, -0.09200001, 4.532, 0.066, 0.9070001, -0.18, 5.219, -0.041, 0.905
 336121496, -0.17, 4.138, -0.071, 0.9080001, -0.09200001, 4.532, 0.066, 0.9070001
 336301473, -0.146, 3.793, -0.087, 0.9080001, -0.17, 4.138, -0.071, 0.9080001
 336501468, 0.051, 3.098, -0.223, 0.91, -0.146, 3.793, -0.087, 0.9080001
 336701470, -0.139, 2.665, -0.293, 0.905, 0.051, 3.098, -0.223, 0.91
 336901478, 0.007, 2.378, -0.226, 0.8980001, -0.139, 2.665, -0.293, 0.905
 337101477, 0.198, 1.759, -0.341, 0.9, 0.007, 2.378, -0.226, 0.8980001
 337301463, 0.053, 1.392, -0.284, 0.9020001, 0.198, 1.759, -0.341, 0.9
 337501461, 0.361, 1.038, -0.398, 0.899, 0.053, 1.392, -0.284, 0.9020001
 337721607, 0.158, 0.7410001, -0.336, 0.8890001, 0.361, 1.038, -0.398, 0.899
 337901611, -0.06500001, 0.648, -0.376, 0.8840001, 0.158, 0.7410001, -0.336, 0.8890001
 338101474, 0.166, 0.067, -0.441, 0.8790001, -0.06500001, 0.648, -0.376, 0.8840001
 338301645, -0.004, -0.135, -0.369, 0.8800001, 0.166, 0.067, -0.441, 0.8790001
 338501462, -0.253, 0.085, -0.518, 0.886, -0.004, -0.135, -0.369, 0.8800001
 338701487, -0.187, -0.251, -0.597, 0.8840001, -0.253, 0.085, -0.518, 0.886
