TimeUS,gpSA,gpHA,gpVA
 21338593, 0.25, 1.018, 1.484
 21518693, 0.28, 1.015, 1.48
 21738559, 0.282, 1.013, 1.476
 21938646, 0.28, 1.011, 1.472
 22138577, 0.25, 1.008, 1.469
 22338607, 0.254, 1.006, 1.465
 22538604, 0.27, 1.004, 1.461
 22738588, 0.283, 1.001, 1.458
 22938596, 0.253, 0.9990001, 1.454
 23138811, 0.228, 0.997, 1.451
 23338701, 0.192, 0.9950001, 1.448
 23538615, 0.262, 0.993, 1.444
 23738615, 0.271, 0.9910001, 1.441
 23938593, 0.259, 0.989, 1.438
 24118608, 0.251, 0.987, 1.435
 24338598, 0.259, 0.9850001, 1.432
 24538621, 0.23, 0.983, 1.429
 24738592, 0.264, 0.9820001, 1.427
 24938621, 0.213, 0.9810001, 1.425
 25138703, 0.237, 0.979, 1.422
 25338614, 0.241, 0.9770001, 1.42
 25538520, 0.219, 0.9760001, 1.417
 25738503, 0.266, 0.974, 1.415
 25938524, 0.281, 0.973, 1.413
 26138505, 0.289, 0.9720001, 1.412
 26338516, 0.27, 0.9710001, 1.41
 26538538, 0.24, 0.969, 1.407
 26738537, 0.225, 0.9680001, 1.406
 26938562, 0.233, 0.9670001, 1.403
 27138521, 0.268, 0.965, 1.401
 27338537, 0.258, 0.9630001, 1.398
 27538542, 0.197, 0.961, 1.396
 27738526, 0.258, 0.96, 1.394
 27938527, 0.265, 0.9590001, 1.392
 28138501, 0.217, 0.957, 1.389
 28338546, 0.295, 0.956, 1.388
 28538540, 0.227, 0.955, 1.386
 28738540, 0.243, 0.9540001, 1.385
 28938492, 0.196, 0.9530001, 1.383
 29198506, 0.239, 0.952, 1.382
 29318529, 0.255, 0.951, 1.381
 29538499, 0.26, 0.95, 1.38
 29738513, 0.235, 0.9490001, 1.378
 29938517, 0.274, 0.9490001, 1.377
 30138486, 0.267, 0.9480001, 1.375
 30338475, 0.29, 0.947, 1.374
 30538491, 0.26, 0.946, 1.373
 30738449, 0.239, 0.9450001, 1.372
 30938431, 0.258, 0.9450001, 1.37
 31138437, 0.228, 0.9440001, 1.369
 31338463, 0.26, 0.943, 1.368
 31538509, 0.2, 0.942, 1.367
 31738468, 0.298, 0.942, 1.366
 31938458, 0.271, 0.941, 1.365
 32138490, 0.252, 0.9400001, 1.364
 32338518, 0.239, 0.9390001, 1.363
 32538490, 0.28, 0.938, 1.361
 32738462, 0.238, 0.937, 1.36
 32938469, 0.255, 0.936, 1.358
 33138469, 0.24, 0.9350001, 1.356
 33338470, 0.291, 0.9350001, 1.356
 33538509, 0.246, 0.934, 1.355
 33738467, 0.302, 0.934, 1.354
 33938481, 0.268, 0.933, 1.353
 34138491, 0.26, 0.932, 1.352
 34338470, 0.252, 0.932, 1.351
 34518505, 0.213, 0.9310001, 1.35
 34738451, 0.264, 0.9310001, 1.349
 34938517, 0.245, 0.9300001, 1.349
 35138541, 0.248, 0.929, 1.348
 35338547, 0.225, 0.929, 1.347
 35538535, 0.248, 0.928, 1.346
 35738559, 0.273, 0.928, 1.346
 35938542, 0.235, 0.928, 1.345
 36138511, 0.302, 0.927, 1.345
 36338515, 0.253, 0.927, 1.344
 36538523, 0.246, 0.927, 1.344
 36738529, 0.296, 0.9260001, 1.343
 36938544, 0.296, 0.9260001, 1.343
 37138508, 0.233, 0.9250001, 1.341
 37338547, 0.21, 0.924, 1.34
 37558574, 0.291, 0.924, 1.339
 37738571, 0.253, 0.923, 1.339
 37938530, 0.263, 0.923, 1.338
 38138523, 0.29, 0.9220001, 1.338
 38338549, 0.295, 0.9220001, 1.337
 38538561, 0.247, 0.9210001, 1.337
 38738566, 0.309, 0.9220001, 1.338
 38938554, 0.276, 0.923, 1.341
 39138559, 0.32, 0.923, 1.343
 39338541, 0.334, 0.9250001, 1.348
 39558573, 0.329, 0.928, 1.353
 39738523, 0.33, 0.9300001, 1.359
 39938571, 0.34, 0.933, 1.364
 40138546, 0.304, 0.9350001, 1.368
 40338545, 0.317, 0.937, 1.373
 40538554, 0.265, 0.9390001, 1.38
 40738531, 0.246, 0.942, 1.388
 40938561, 0.266, 0.9440001, 1.393
 41138560, 0.364, 0.9450001, 1.399
 41338580, 0.365, 0.9480001, 1.406
 41538562, 0.38, 0.951, 1.412
 41738562, 0.421, 0.955, 1.421
 41938532, 0.343, 0.96, 1.429
 42138549, 0.317, 0.9630001, 1.436
 42338555, 0.375, 0.965, 1.441
 42538564, 0.414, 0.9670001, 1.448
 42738551, 0.382, 0.97, 1.453
 42938547, 0.387, 0.9720001, 1.457
 43138570, 0.38, 0.973, 1.463
 43338589, 0.38, 0.975, 1.469
 43538600, 0.372, 0.978, 1.474
 43738597, 0.396, 0.98, 1.482
 43938603, 0.399, 0.983, 1.491
 44138696, 0.397, 0.9850001, 1.499
 44338584, 0.39, 0.987, 1.507
 44538604, 0.371, 0.988, 1.513
 44738607, 0.364, 0.989, 1.518
 44938683, 0.358, 0.9910001, 1.524
 45138605, 0.331, 0.993, 1.53
 45338589, 0.291, 0.994, 1.532
 45538614, 0.261, 0.9960001, 1.536
 45738576, 0.243, 0.998, 1.539
 45938591, 0.208, 1, 1.542
 46138574, 0.187, 1.001, 1.544
 46338613, 0.23, 1.003, 1.547
 46538708, 0.185, 1.004, 1.547
 46738702, 0.291, 1.006, 1.553
 46938600, 0.3, 1.012, 1.563
 47138599, 0.22, 1.017, 1.568
 47338583, 0.211, 1.016, 1.567
 47538602, 0.199, 1.016, 1.572
 47738587, 0.294, 1.017, 1.575
 47938572, 0.217, 1.017, 1.576
 48138597, 0.187, 1.017, 1.577
 48338803, 0.245, 1.017, 1.58
 48538705, 0.231, 1.018, 1.58
 48738570, 0.265, 1.019, 1.583
 48938595, 0.208, 1.019, 1.583
 49138600, 0.201, 1.018, 1.583
 49338593, 0.259, 1.018, 1.586
 49538701, 0.214, 1.019, 1.588
 49738570, 0.267, 1.018, 1.591
 49938590, 0.195, 1.018, 1.589
 50138589, 0.203, 1.017, 1.586
 50338617, 0.198, 1.016, 1.584
 50538587, 0.199, 1.015, 1.583
 50738597, 0.291, 1.015, 1.587
 50938610, 0.219, 1.018, 1.592
 51138602, 0.308, 1.02, 1.599
 51338583, 0.212, 1.023, 1.605
 51538595, 0.199, 1.024, 1.607
 51738603, 0.204, 1.024, 1.612
 51938604, 0.275, 1.025, 1.617
 52138701, 0.276, 1.028, 1.622
 52338574, 0.224, 1.03, 1.629
 52538685, 0.213, 1.03, 1.628
 52738592, 0.352, 1.032, 1.635
 52938607, 0.259, 1.036, 1.642
 53138576, 0.233, 1.038, 1.647
 53338605, 0.383, 1.042, 1.657
 53538614, 0.227, 1.047, 1.658
 53738591, 0.209, 1.046, 1.655
 53938619, 0.184, 1.044, 1.65
 54138607, 0.174, 1.042, 1.645
 54338603, 0.223, 1.041, 1.645
 54558618, 0.206, 1.04, 1.642
 54738589, 0.234, 1.04, 1.641
 54938590, 0.258, 1.041, 1.642
 55138613, 0.221, 1.042, 1.643
 55338587, 0.224, 1.043, 1.645
 55538601, 0.199, 1.044, 1.643
 55738692, 0.221, 1.044, 1.642
 55938724, 0.245, 1.045, 1.642
 56138591, 0.235, 1.044, 1.64
 56338581, 0.204, 1.045, 1.64
 56538608, 0.205, 1.045, 1.642
 56738697, 0.226, 1.045, 1.643
 56938600, 0.196, 1.044, 1.641
 57138605, 0.173, 1.043, 1.64
 57338601, 0.211, 1.042, 1.641
 57538711, 0.285, 1.043, 1.642
 57738588, 0.296, 1.045, 1.643
 57938567, 0.291, 1.048, 1.644
 58138591, 0.293, 1.05, 1.645
 58338592, 0.28, 1.052, 1.646
 58538596, 0.265, 1.054, 1.647
 58738572, 0.312, 1.056, 1.647
 58938619, 0.232, 1.056, 1.644
 59138592, 0.241, 1.055, 1.641
 59338706, 0.243, 1.053, 1.638
 59538612, 0.255, 1.052, 1.636
 59738612, 0.266, 1.052, 1.635
 59938589, 0.282, 1.051, 1.633
 60138592, 0.26, 1.051, 1.631
 60338584, 0.318, 1.051, 1.632
 60538589, 0.313, 1.052, 1.632
 60738573, 0.327, 1.052, 1.631
 60938622, 0.333, 1.053, 1.634
 61138697, 0.266, 1.053, 1.633
 61338601, 0.277, 1.052, 1.633
 61538607, 0.264, 1.051, 1.634
 61738582, 0.285, 1.051, 1.636
 61938597, 0.269, 1.05, 1.635
 62138587, 0.291, 1.049, 1.635
 62338581, 0.296, 1.049, 1.637
 62538609, 0.315, 1.051, 1.637
 62738601, 0.322, 1.052, 1.641
 62938653, 0.33, 1.053, 1.643
 63138603, 0.281, 1.054, 1.644
 63338589, 0.298, 1.055, 1.649
 63538680, 0.309, 1.058, 1.654
 63738595, 0.304, 1.059, 1.659
 63938598, 0.302, 1.06, 1.663
 64138575, 0.338, 1.06, 1.665
 64338598, 0.369, 1.061, 1.668
 64538604, 0.35, 1.063, 1.67
 64738694, 0.357, 1.065, 1.675
 64938587, 0.351, 1.066, 1.679
 65138617, 0.326, 1.067, 1.683
 65338584, 0.363, 1.068, 1.688
 65538606, 0.334, 1.069, 1.691
 65738590, 0.343, 1.071, 1.695
 65938589, 0.247, 1.071, 1.691
 66138621, 0.235, 1.068, 1.687
 66338605, 0.291, 1.069, 1.692
 66538702, 0.249, 1.07, 1.693
 66738598, 0.297, 1.07, 1.696
 66938594, 0.314, 1.073, 1.702
 67138575, 0.229, 1.073, 1.698
 67338619, 0.245, 1.072, 1.697
 67538603, 0.282, 1.073, 1.697
 67738581, 0.385, 1.076, 1.703
 67938576, 0.228, 1.075, 1.696
 68138598, 0.258, 1.072, 1.693
 68338695, 0.278, 1.07, 1.692
 68538620, 0.251, 1.069, 1.689
 68738597, 0.287, 1.068, 1.688
 68938608, 0.285, 1.068, 1.688
 69138585, 0.265, 1.067, 1.686
 69338619, 0.292, 1.067, 1.686
 69538592, 0.298, 1.068, 1.686
 69738595, 0.315, 1.069, 1.689
 69938608, 0.281, 1.069, 1.692
 70138691, 0.351, 1.071, 1.697
 70338606, 0.463, 1.075, 1.707
 70538592, 0.289, 1.078, 1.708
 70738602, 0.317, 1.077, 1.706
 70938591, 0.232, 1.074, 1.698
 71138610, 0.224, 1.069, 1.691
 71338590, 0.264, 1.067, 1.69
 71538616, 0.228, 1.065, 1.69
 71738593, 0.192, 1.064, 1.69
 71938622, 0.215, 1.062, 1.689
 72141692, 0.229, 1.061, 1.691
 72341501, 0.27, 1.06, 1.693
 72541962, 0.272, 1.059, 1.693
 72741537, 0.283, 1.058, 1.693
 72941498, 0.343, 1.058, 1.696
 73141533, 0.343, 1.059, 1.7
 73341486, 0.35, 1.06, 1.705
 73541523, 0.341, 1.062, 1.709
 73741546, 0.344, 1.063, 1.712
 73941688, 0.324, 1.064, 1.709
 74141534, 0.316, 1.064, 1.709
 74341532, 0.337, 1.065, 1.71
 74541525, 0.276, 1.064, 1.709
 74741538, 0.386, 1.065, 1.714
 74941529, 0.349, 1.067, 1.715
 75161254, 0.268, 1.067, 1.713
 75341504, 0.237, 1.065, 1.707
 75541565, 0.249, 1.063, 1.703
 75741735, 0.235, 1.062, 1.702
 75941555, 0.262, 1.061, 1.7
 76141530, 0.243, 1.06, 1.697
 76341516, 0.293, 1.061, 1.701
 76541562, 0.195, 1.06, 1.699
 76741934, 0.339, 1.061, 1.702
 76941507, 0.328, 1.063, 1.705
 77141563, 0.338, 1.065, 1.711
 77341543, 0.335, 1.067, 1.717
 77541753, 0.299, 1.069, 1.72
 77741509, 0.295, 1.07, 1.722
 77941524, 0.247, 1.069, 1.719
 78141502, 0.239, 1.068, 1.715
 78341498, 0.202, 1.064, 1.709
 78561230, 0.238, 1.063, 1.704
 78741495, 0.283, 1.062, 1.703
 78941577, 0.28, 1.062, 1.702
 79141568, 0.207, 1.059, 1.694
 79341693, 0.272, 1.059, 1.694
 79541527, 0.223, 1.058, 1.69
 79741533, 0.227, 1.056, 1.683
 79941501, 0.181, 1.052, 1.674
 80141501, 0.196, 1.049, 1.671
 80341530, 0.206, 1.047, 1.669
 80541589, 0.245, 1.044, 1.665
 80741492, 0.427, 1.047, 1.67
 80941928, 0.308, 1.052, 1.673
 81141695, 0.319, 1.052, 1.676
 81341520, 0.288, 1.053, 1.678
 81541554, 0.285, 1.054, 1.683
 81741493, 0.23, 1.056, 1.682
 81941504, 0.272, 1.056, 1.684
 82141545, 0.232, 1.056, 1.68
 82341505, 0.211, 1.055, 1.675
 82541532, 0.215, 1.053, 1.672
 82741532, 0.203, 1.052, 1.67
 82941689, 0.194, 1.05, 1.664
 83141501, 0.195, 1.048, 1.658
 83341572, 0.195, 1.046, 1.654
 83541551, 0.186, 1.044, 1.648
 83741497, 0.212, 1.043, 1.645
 83941566, 0.179, 1.042, 1.641
 84141503, 0.177, 1.04, 1.637
 84341493, 0.175, 1.038, 1.633
 84541560, 0.173, 1.036, 1.628
 84741766, 0.17, 1.034, 1.624
 84941537, 0.193, 1.032, 1.622
 85141846, 0.167, 1.03, 1.617
 85341530, 0.253, 1.031, 1.619
 85541536, 0.145, 1.03, 1.614
 85741529, 0.215, 1.029, 1.614
 85941553, 0.145, 1.027, 1.609
 86141506, 0.147, 1.023, 1.605
 86341549, 0.225, 1.022, 1.605
 86541788, 0.217, 1.023, 1.606
 86741507, 0.196, 1.023, 1.606
 86941527, 0.2, 1.021, 1.605
 87141559, 0.194, 1.02, 1.604
 87341500, 0.261, 1.019, 1.602
 87541561, 0.223, 1.017, 1.6
 87741566, 0.228, 1.016, 1.598
 87941501, 0.302, 1.016, 1.599
 88161270, 0.227, 1.014, 1.598
 88341726, 0.26, 1.013, 1.598
 88541527, 0.253, 1.012, 1.597
 88741532, 0.22, 1.01, 1.596
 88941537, 0.242, 1.008, 1.595
 89141501, 0.213, 1.005, 1.591
 89341952, 0.256, 1.003, 1.588
 89541558, 0.236, 1.001, 1.585
 89741512, 0.255, 1, 1.582
 89941539, 0.231, 0.998, 1.578
 90141731, 0.233, 0.9960001, 1.574
 90341515, 0.277, 0.9950001, 1.572
 90541607, 0.243, 0.994, 1.569
 90741532, 0.24, 0.992, 1.566
 90941556, 0.27, 0.992, 1.564
 91141537, 0.214, 0.9900001, 1.561
 91341535, 0.22, 0.989, 1.559
 91541528, 0.212, 0.988, 1.557
 91741554, 0.263, 0.9860001, 1.555
 91941737, 0.215, 0.9850001, 1.552
 92141561, 0.219, 0.983, 1.55
 92341541, 0.243, 0.983, 1.548
 92541589, 0.214, 0.9820001, 1.545
 92741497, 0.223, 0.9810001, 1.544
 92941503, 0.217, 0.98, 1.542
 93141536, 0.232, 0.979, 1.54
 93341498, 0.235, 0.978, 1.539
 93541957, 0.218, 0.978, 1.538
 93741779, 0.223, 0.9760001, 1.537
 93941539, 0.251, 0.9760001, 1.537
 94141498, 0.256, 0.9760001, 1.537
 94341533, 0.252, 0.9760001, 1.538
 94541520, 0.228, 0.9770001, 1.537
 94741516, 0.223, 0.9770001, 1.537
 94941532, 0.235, 0.978, 1.536
 95161228, 0.219, 0.9770001, 1.532
 95341556, 0.27, 0.979, 1.534
 95541776, 0.212, 0.979, 1.533
 95741502, 0.219, 0.979, 1.532
 95941499, 0.203, 0.978, 1.529
 96141532, 0.201, 0.9760001, 1.528
 96341502, 0.241, 0.9760001, 1.529
 96541524, 0.252, 0.9760001, 1.53
 96741561, 0.257, 0.9770001, 1.531
 96941502, 0.258, 0.9770001, 1.532
 97141500, 0.254, 0.9770001, 1.531
 97341729, 0.268, 0.978, 1.53
 97541519, 0.28, 0.978, 1.529
 97741721, 0.342, 0.98, 1.531
 97941522, 0.318, 0.9820001, 1.533
 98141537, 0.361, 0.984, 1.536
 98341539, 0.354, 0.987, 1.54
 98541554, 0.292, 0.989, 1.544
 98761228, 0.309, 0.9900001, 1.548
 98961241, 0.285, 0.9910001, 1.55
 99141724, 0.258, 0.9900001, 1.551
 99341515, 0.248, 0.9900001, 1.549
 99541554, 0.252, 0.989, 1.549
 99741584, 0.271, 0.989, 1.549
 99941500, 0.272, 0.9900001, 1.552
 100141498, 0.304, 0.9910001, 1.555
 100361238, 0.335, 0.993, 1.562
 100541525, 0.335, 0.9960001, 1.568
 100741510, 0.354, 0.998, 1.574
 100941797, 0.31, 1, 1.577
 101141575, 0.326, 1, 1.578
 101341504, 0.376, 1.002, 1.584
 101541558, 0.281, 1.004, 1.583
 101741494, 0.368, 1.005, 1.588
 101941805, 0.333, 1.006, 1.593
 102141537, 0.326, 1.008, 1.599
 102341510, 0.259, 1.01, 1.602
 102541530, 0.311, 1.011, 1.599
 102741726, 0.379, 1.013, 1.6
 102941521, 0.413, 1.017, 1.609
 103141519, 0.347, 1.02, 1.614
 103341544, 0.34, 1.02, 1.614
 103541543, 0.284, 1.019, 1.609
 103761247, 0.281, 1.018, 1.606
 103961234, 0.283, 1.017, 1.607
 104141504, 0.266, 1.016, 1.608
 104341519, 0.279, 1.016, 1.612
 104541752, 0.247, 1.015, 1.611
 104741508, 0.294, 1.015, 1.613
 104941502, 0.283, 1.016, 1.615
 105141572, 0.281, 1.016, 1.616
 105361210, 0.317, 1.017, 1.618
 105541514, 0.291, 1.018, 1.62
 105741531, 0.289, 1.018, 1.621
 105941508, 0.262, 1.019, 1.621
 106141820, 0.228, 1.02, 1.621
 106341724, 0.212, 1.02, 1.619
 106541578, 0.196, 1.019, 1.615
 106741571, 0.233, 1.018, 1.612
 106941525, 0.228, 1.018, 1.609
 107141508, 0.248, 1.017, 1.609
 107341502, 0.296, 1.016, 1.61
 107541555, 0.246, 1.016, 1.61
 107741568, 0.271, 1.016, 1.611
 107941502, 0.183, 1.014, 1.604
 108161242, 0.216, 1.013, 1.602
 108361219, 0.222, 1.012, 1.6
 108541515, 0.219, 1.011, 1.598
 108761238, 0.219, 1.009, 1.593
 108941616, 0.238, 1.008, 1.589
 109141537, 0.188, 1.006, 1.584
 109341553, 0.207, 1.005, 1.581
 109541574, 0.202, 1.004, 1.576
 109741510, 0.225, 1.002, 1.573
 109941716, 0.218, 1.001, 1.571
 110141532, 0.231, 1, 1.567
 110341938, 0.296, 1, 1.565
 110541615, 0.331, 1.001, 1.564
 110741522, 0.336, 1.003, 1.565
 110941501, 0.348, 1.006, 1.569
 111141532, 0.335, 1.007, 1.572
 111341538, 0.34, 1.009, 1.576
 111541521, 0.327, 1.011, 1.579
 111741764, 0.329, 1.013, 1.583
 111941530, 0.393, 1.016, 1.592
 112141497, 0.319, 1.019, 1.599
 112361233, 0.386, 1.022, 1.606
 112541563, 0.288, 1.023, 1.604
 112741503, 0.322, 1.023, 1.608
 112941529, 0.319, 1.024, 1.609
 113141572, 0.291, 1.024, 1.611
 113341509, 0.289, 1.025, 1.614
 113541724, 0.262, 1.024, 1.614
 113741535, 0.274, 1.024, 1.614
 113941510, 0.267, 1.024, 1.613
 114141559, 0.257, 1.022, 1.609
 114341595, 0.291, 1.023, 1.611
 114561271, 0.287, 1.024, 1.615
 114741494, 0.334, 1.026, 1.622
 114941539, 0.314, 1.028, 1.628
 115141505, 0.298, 1.03, 1.634
 115361247, 0.333, 1.032, 1.64
 115541555, 0.338, 1.035, 1.645
 115741502, 0.337, 1.038, 1.65
 115941508, 0.328, 1.04, 1.653
 116141548, 0.319, 1.042, 1.653
 116341506, 0.363, 1.044, 1.656
 116541537, 0.355, 1.047, 1.657
 116741528, 0.478, 1.051, 1.666
 116941507, 0.251, 1.054, 1.66
 117141691, 0.262, 1.053, 1.655
 117341530, 0.262, 1.052, 1.653
 117541558, 0.266, 1.051, 1.65
 117741506, 0.295, 1.051, 1.651
 117941529, 0.286, 1.051, 1.652
 118161230, 0.276, 1.05, 1.653
 118361233, 0.295, 1.05, 1.654
 118541552, 0.298, 1.049, 1.655
 118741820, 0.295, 1.049, 1.657
 118941696, 0.302, 1.048, 1.657
 119141530, 0.245, 1.047, 1.657
 119341537, 0.292, 1.047, 1.659
 119541521, 0.256, 1.047, 1.659
 119741598, 0.245, 1.048, 1.661
 119941495, 0.276, 1.048, 1.661
 120141496, 0.327, 1.049, 1.661
 120341532, 0.203, 1.05, 1.662
 120541516, 0.222, 1.05, 1.661
 120741740, 0.301, 1.051, 1.664
 120941572, 0.221, 1.052, 1.667
 121141499, 0.2, 1.052, 1.67
 121361213, 0.202, 1.053, 1.673
 121541552, 0.218, 1.053, 1.674
 121741506, 0.231, 1.054, 1.675
 121941501, 0.202, 1.054, 1.673
 122141582, 0.181, 1.053, 1.672
 122341522, 0.209, 1.053, 1.672
 122541722, 0.195, 1.052, 1.671
 122741550, 0.22, 1.051, 1.671
 122941725, 0.214, 1.05, 1.67
 123141508, 0.232, 1.049, 1.67
 123341529, 0.207, 1.048, 1.672
 123541577, 0.175, 1.048, 1.673
 123741496, 0.173, 1.047, 1.674
 123941536, 0.193, 1.046, 1.676
 124141506, 0.162, 1.046, 1.677
 124341698, 0.2, 1.045, 1.678
 124541554, 0.184, 1.043, 1.676
 124741539, 0.193, 1.041, 1.673
 124941504, 0.177, 1.039, 1.668
 125141566, 0.174, 1.036, 1.663
 125341501, 0.243, 1.036, 1.664
 125541517, 0.201, 1.036, 1.664
 125761260, 0.232, 1.036, 1.664
 125941535, 0.193, 1.035, 1.662
 126141731, 0.172, 1.033, 1.658
 126341529, 0.221, 1.033, 1.657
 126541571, 0.26, 1.033, 1.657
 126741496, 0.241, 1.033, 1.656
 126941547, 0.295, 1.034, 1.657
 127141838, 0.275, 1.035, 1.656
 127341574, 0.308, 1.035, 1.656
 127541553, 0.262, 1.036, 1.657
 127741537, 0.309, 1.038, 1.661
 127941690, 0.243, 1.038, 1.662
 128141536, 0.206, 1.038, 1.662
 128361217, 0.286, 1.038, 1.663
 128561194, 0.235, 1.039, 1.663
 128741525, 0.185, 1.039, 1.663
 128941584, 0.321, 1.039, 1.665
 129141512, 0.309, 1.04, 1.666
 129341537, 0.27, 1.041, 1.669
 129541601, 0.372, 1.042, 1.671
 129741721, 0.262, 1.043, 1.673
 129941528, 0.405, 1.047, 1.682
 130141548, 0.235, 1.052, 1.682
 130341503, 0.253, 1.052, 1.685
 130561242, 0.314, 1.052, 1.685
 130741549, 0.327, 1.053, 1.692
 130941491, 0.241, 1.055, 1.691
 131161237, 0.222, 1.053, 1.688
 131341823, 0.232, 1.052, 1.685
 131541718, 0.18, 1.05, 1.682
 131741541, 0.185, 1.049, 1.678
 131941546, 0.241, 1.047, 1.675
 132141496, 0.204, 1.046, 1.672
 132341534, 0.196, 1.044, 1.668
 132541551, 0.277, 1.043, 1.666
 132741544, 0.251, 1.042, 1.665
 132941536, 0.202, 1.041, 1.664
 133141546, 0.198, 1.041, 1.664
 133341692, 0.192, 1.04, 1.663
 133541590, 0.212, 1.039, 1.659
 133741536, 0.232, 1.038, 1.657
 133941510, 0.26, 1.039, 1.657
 134141519, 0.289, 1.04, 1.657
 134341537, 0.34, 1.042, 1.66
 134541573, 0.264, 1.043, 1.659
 134741532, 0.333, 1.044, 1.661
 134941551, 0.229, 1.045, 1.663
 135161206, 0.235, 1.045, 1.663
 135341546, 0.228, 1.045, 1.665
 135541945, 0.24, 1.046, 1.666
 135741557, 0.206, 1.046, 1.667
 135941564, 0.223, 1.047, 1.667
 136141542, 0.229, 1.048, 1.668
 136361236, 0.234, 1.049, 1.67
 136541592, 0.236, 1.05, 1.673
 136741531, 0.209, 1.05, 1.675
 136941690, 0.235, 1.051, 1.677
 137141599, 0.209, 1.051, 1.678
 137341537, 0.347, 1.053, 1.683
 137541535, 0.257, 1.056, 1.689
 137741531, 0.316, 1.058, 1.694
 137941534, 0.221, 1.059, 1.692
 138161229, 0.207, 1.056, 1.689
 138341568, 0.281, 1.056, 1.69
 138541556, 0.237, 1.056, 1.689
 138741709, 0.242, 1.056, 1.688
 138941534, 0.233, 1.056, 1.687
 139141549, 0.334, 1.057, 1.69
 139341492, 0.276, 1.06, 1.696
 139541598, 0.257, 1.064, 1.703
 139741823, 0.266, 1.066, 1.708
 139941523, 0.314, 1.068, 1.715
 140141534, 0.237, 1.07, 1.718
 140341536, 0.236, 1.071, 1.724
 140561252, 0.233, 1.071, 1.729
 140741533, 0.355, 1.072, 1.733
 140961244, 0.209, 1.073, 1.733
 141141500, 0.213, 1.073, 1.733
 141341522, 0.268, 1.074, 1.736
 141561252, 0.204, 1.074, 1.73
 141741500, 0.215, 1.072, 1.727
 141941573, 0.195, 1.071, 1.724
 142141568, 0.225, 1.07, 1.721
 142361231, 0.198, 1.069, 1.718
 142541555, 0.17, 1.067, 1.711
 142741534, 0.204, 1.066, 1.707
 142941497, 0.177, 1.065, 1.701
 143141561, 0.166, 1.063, 1.694
 143341571, 0.18, 1.062, 1.689
 143541512, 0.155, 1.061, 1.685
 143741492, 0.169, 1.058, 1.677
 143941845, 0.218, 1.055, 1.671
 144141685, 0.189, 1.051, 1.661
 144341503, 0.243, 1.05, 1.659
 144541598, 0.229, 1.049, 1.657
 144741504, 0.277, 1.049, 1.657
 144941498, 0.27, 1.05, 1.659
 145141526, 0.29, 1.052, 1.663
 145341499, 0.257, 1.054, 1.668
 145541516, 0.315, 1.056, 1.674
 145761289, 0.232, 1.059, 1.68
 145941686, 0.283, 1.061, 1.688
 146141525, 0.258, 1.064, 1.696
 146341520, 0.225, 1.066, 1.704
 146541524, 0.207, 1.068, 1.711
 146741557, 0.208, 1.069, 1.718
 146941575, 0.225, 1.071, 1.725
 147141492, 0.213, 1.072, 1.733
 147341507, 0.271, 1.075, 1.741
 147541565, 0.288, 1.077, 1.749
 147741699, 0.235, 1.079, 1.757
 147941518, 0.26, 1.081, 1.762
 148161231, 0.26, 1.082, 1.762
 148361294, 0.255, 1.083, 1.764
 148541526, 0.237, 1.084, 1.765
 148741535, 0.306, 1.086, 1.769
 148941507, 0.259, 1.088, 1.772
 149161232, 0.264, 1.09, 1.773
 149341540, 0.259, 1.092, 1.775
 149541713, 0.218, 1.094, 1.777
 149741494, 0.251, 1.096, 1.782
 149941521, 0.196, 1.096, 1.778
 150141505, 0.203, 1.095, 1.778
 150341498, 0.2, 1.093, 1.774
 150561246, 0.171, 1.091, 1.769
 150761282, 0.203, 1.09, 1.767
 150961237, 0.198, 1.089, 1.764
 151161267, 0.165, 1.088, 1.761
 151361214, 0.195, 1.087, 1.761
 151541512, 0.195, 1.086, 1.76
 151761279, 0.221, 1.085, 1.758
 151941536, 0.172, 1.083, 1.756
 152141494, 0.18, 1.082, 1.751
 152341846, 0.193, 1.079, 1.745
 152541270, 0.184, 1.076, 1.737
 152741245, 0.214, 1.074, 1.733
 152941224, 0.193, 1.072, 1.728
 153141260, 0.2, 1.071, 1.725
 153341238, 0.231, 1.07, 1.723
 153541268, 0.23, 1.07, 1.722
 153741262, 0.22, 1.07, 1.723
 153941257, 0.225, 1.07, 1.725
 154141220, 0.22, 1.07, 1.728
 154341249, 0.221, 1.069, 1.727
 154541265, 0.196, 1.067, 1.726
 154741234, 0.2, 1.066, 1.726
 154941290, 0.192, 1.063, 1.725
 155141257, 0.185, 1.059, 1.718
 155341249, 0.179, 1.054, 1.713
 155541266, 0.184, 1.051, 1.712
 155761217, 0.238, 1.049, 1.712
 155941254, 0.183, 1.047, 1.711
 156141232, 0.181, 1.045, 1.71
 156341216, 0.187, 1.043, 1.71
 156541267, 0.188, 1.041, 1.706
 156741284, 0.226, 1.039, 1.704
 156941256, 0.217, 1.037, 1.701
 157141235, 0.179, 1.034, 1.696
 157341236, 0.187, 1.033, 1.696
 157601515, 0.182, 1.417, 1.841
 157741245, 0.2, 1.408, 1.836
 157941217, 0.179, 1.397, 1.828
 158141248, 0.182, 1.387, 1.823
 158361271, 0.191, 1.378, 1.819
 158561240, 0.186, 1.37, 1.814
 158741235, 0.187, 1.361, 1.808
 158941275, 0.18, 1.352, 1.8
 159141231, 0.179, 1.342, 1.79
 159341243, 0.203, 1.334, 1.783
 159581250, 0.197, 1.326, 1.777
 159741218, 0.242, 1.321, 1.773
 159941239, 0.233, 1.315, 1.77
 160141314, 0.242, 1.309, 1.767
 160361266, 0.22, 1.305, 1.768
 160541242, 0.215, 1.3, 1.765
 160741371, 0.246, 1.294, 1.761
 160941237, 0.214, 1.288, 1.756
 161141228, 0.202, 1.282, 1.752
 161341226, 0.182, 1.275, 1.746
 161541265, 0.164, 1.267, 1.739
 161741208, 0.183, 1.26, 1.736
 161941210, 0.164, 1.253, 1.732
 162141301, 0.187, 1.246, 1.727
 162341251, 0.297, 1.244, 1.73
 162541270, 0.169, 1.239, 1.724
 162741253, 0.218, 1.235, 1.72
 162941235, 0.172, 1.229, 1.713
 163141205, 0.157, 1.222, 1.707
 163341225, 0.177, 1.218, 1.707
 163541262, 0.163, 1.211, 1.701
 163741242, 0.184, 1.206, 1.698
 163941279, 0.168, 1.203, 1.696
 164141238, 0.166, 1.2, 1.693
 164341240, 0.215, 1.199, 1.695
 164541276, 0.263, 1.2, 1.699
 164741237, 0.25, 1.201, 1.702
 164941417, 0.196, 1.199, 1.694
 165141243, 0.254, 1.197, 1.687
 165341263, 0.345, 1.198, 1.686
 165541243, 0.247, 1.199, 1.681
 165741290, 0.278, 1.199, 1.68
 165941207, 0.227, 1.199, 1.678
 166141300, 0.231, 1.198, 1.676
 166341254, 0.234, 1.197, 1.675
 166541277, 0.228, 1.195, 1.672
 166741250, 0.245, 1.195, 1.672
 166941238, 0.352, 1.198, 1.677
 167141248, 0.222, 1.198, 1.675
 167341212, 0.371, 1.2, 1.681
 167541292, 0.231, 1.202, 1.679
 167741252, 0.283, 1.202, 1.681
 167941274, 0.27, 1.202, 1.681
 168143685, 0.283, 1.202, 1.682
 168343604, 0.252, 1.202, 1.682
 168543609, 0.241, 1.199, 1.68
 168743576, 0.248, 1.198, 1.68
 168943579, 0.223, 1.197, 1.678
 169143605, 0.233, 1.196, 1.678
 169343606, 0.253, 1.196, 1.681
 169543704, 0.238, 1.196, 1.682
 169743592, 0.235, 1.197, 1.686
 169943585, 0.233, 1.198, 1.69
 170143580, 0.229, 1.197, 1.692
 170343617, 0.226, 1.197, 1.697
 170543605, 0.287, 1.199, 1.702
 170743581, 0.302, 1.202, 1.709
 170943568, 0.277, 1.204, 1.716
 171143603, 0.257, 1.206, 1.722
 171343616, 0.249, 1.206, 1.724
 171543613, 0.164, 1.204, 1.717
 171743589, 0.221, 1.201, 1.715
 171943572, 0.164, 1.197, 1.71
 172143588, 0.212, 1.194, 1.709
 172343692, 0.187, 1.191, 1.706
 172543595, 0.173, 1.188, 1.7
 172743599, 0.207, 1.184, 1.698
 172943586, 0.201, 1.181, 1.697
 173143616, 0.188, 1.177, 1.694
 173343602, 0.213, 1.176, 1.695
 173543600, 0.174, 1.175, 1.697
 173743577, 0.208, 1.173, 1.699
 173943579, 0.186, 1.169, 1.694
 174143590, 0.203, 1.165, 1.689
 174343591, 0.227, 1.165, 1.692
 174564013, 0.175, 1.165, 1.691
 174743579, 0.202, 1.164, 1.69
 174943615, 0.173, 1.163, 1.688
 175143572, 0.217, 1.162, 1.688
 175343616, 0.26, 1.163, 1.691
 175543605, 0.235, 1.164, 1.694
 175743607, 0.257, 1.165, 1.699
 175943593, 0.282, 1.167, 1.704
 176143573, 0.28, 1.17, 1.709
 176343609, 0.285, 1.172, 1.715
 176543827, 0.228, 1.174, 1.72
 176743690, 0.297, 1.176, 1.726
 176943582, 0.254, 1.178, 1.731
 177143604, 0.237, 1.179, 1.735
 177343595, 0.244, 1.18, 1.734
 177543599, 0.217, 1.18, 1.732
 177743593, 0.276, 1.18, 1.734
 177943605, 0.277, 1.182, 1.736
 178143606, 0.27, 1.183, 1.738
 178343581, 0.267, 1.185, 1.741
 178543709, 0.231, 1.185, 1.744
 178743590, 0.288, 1.186, 1.748
 178943570, 0.247, 1.187, 1.751
 179143593, 0.228, 1.186, 1.752
 179343596, 0.241, 1.185, 1.754
 179543613, 0.239, 1.184, 1.755
 179743582, 0.233, 1.184, 1.755
 179943593, 0.251, 1.184, 1.756
 180143602, 0.245, 1.182, 1.755
 180343683, 0.261, 1.182, 1.754
 180543599, 0.243, 1.182, 1.753
 180743607, 0.268, 1.182, 1.753
 180943590, 0.227, 1.182, 1.753
 181143588, 0.258, 1.182, 1.754
 181343582, 0.245, 1.181, 1.756
 181543610, 0.234, 1.18, 1.758
 181743607, 0.256, 1.18, 1.763
 181943583, 0.196, 1.177, 1.759
 182143609, 0.17, 1.17, 1.753
 182343603, 0.204, 1.166, 1.751
 182543597, 0.196, 1.162, 1.747
 182743577, 0.191, 1.157, 1.744
 182943582, 0.202, 1.154, 1.741
 183143594, 0.183, 1.15, 1.738
 183343586, 0.217, 1.148, 1.736
 183543611, 0.195, 1.145, 1.728
 183743603, 0.229, 1.144, 1.724
 183943609, 0.233, 1.144, 1.721
 184143578, 0.277, 1.144, 1.718
 184343588, 0.397, 1.148, 1.724
 184543595, 0.236, 1.151, 1.72
 184743583, 0.249, 1.15, 1.717
 184943688, 0.239, 1.148, 1.713
 185143595, 0.216, 1.146, 1.709
 185343601, 0.25, 1.144, 1.707
 185543618, 0.247, 1.142, 1.705
 185743619, 0.268, 1.14, 1.704
 185943586, 0.275, 1.139, 1.702
 186143584, 0.272, 1.136, 1.7
 186343601, 0.266, 1.134, 1.699
 186543604, 0.269, 1.132, 1.696
 186743574, 0.279, 1.129, 1.694
 186943606, 0.284, 1.128, 1.694
 187143582, 0.19, 1.122, 1.683
 187343609, 0.263, 1.118, 1.681
 187543683, 0.266, 1.115, 1.677
 187743583, 0.274, 1.114, 1.676
 187943600, 0.251, 1.112, 1.675
 188143589, 0.272, 1.112, 1.676
 188343595, 0.353, 1.113, 1.681
 188543583, 0.275, 1.117, 1.684
 188743588, 0.414, 1.12, 1.69
 188943592, 0.211, 1.121, 1.685
 189143694, 0.208, 1.118, 1.68
 189343689, 0.224, 1.116, 1.678
 189543604, 0.208, 1.113, 1.675
 189743578, 0.205, 1.11, 1.672
 189943591, 0.2, 1.106, 1.668
 190143597, 0.197, 1.102, 1.662
 190343585, 0.278, 1.101, 1.663
 190543610, 0.265, 1.1, 1.662
 190743594, 0.259, 1.099, 1.661
 190943605, 0.277, 1.098, 1.661
 191143685, 0.292, 1.098, 1.659
 191343595, 0.302, 1.097, 1.659
 191543602, 0.315, 1.097, 1.659
 191743591, 0.331, 1.097, 1.66
 191943570, 0.326, 1.097, 1.661
 192143580, 0.356, 1.097, 1.662
 192343584, 0.327, 1.097, 1.664
 192543612, 0.331, 1.097, 1.666
 192743614, 0.369, 1.099, 1.669
 192943618, 0.324, 1.101, 1.673
 193143591, 0.312, 1.101, 1.676
 193343645, 0.329, 1.102, 1.679
 193543603, 0.335, 1.103, 1.683
 193743568, 0.298, 1.104, 1.686
 193943574, 0.307, 1.104, 1.688
 194143585, 0.314, 1.103, 1.69
 194343599, 0.32, 1.102, 1.691
 194543595, 0.338, 1.103, 1.693
 194743616, 0.317, 1.103, 1.694
 194943580, 0.357, 1.103, 1.696
 195143599, 0.313, 1.104, 1.697
 195343592, 0.342, 1.104, 1.7
 195543618, 0.317, 1.105, 1.703
 195743571, 0.359, 1.106, 1.706
 195943578, 0.332, 1.107, 1.71
 196143597, 0.328, 1.107, 1.712
 196343606, 0.362, 1.108, 1.715
 196543693, 0.342, 1.109, 1.716
 196743569, 0.343, 1.11, 1.717
 196943580, 0.347, 1.111, 1.717
 197143578, 0.372, 1.112, 1.718
 197343616, 0.368, 1.112, 1.719
 197543701, 0.361, 1.114, 1.72
 197743581, 0.339, 1.114, 1.721
 197943595, 0.31, 1.115, 1.722
 198143599, 0.301, 1.115, 1.723
 198343697, 0.336, 1.116, 1.727
 198543607, 0.242, 1.114, 1.723
 198743575, 0.327, 1.113, 1.727
 198943571, 0.272, 1.113, 1.727
 199143602, 0.282, 1.111, 1.728
 199343600, 0.335, 1.11, 1.729
 199543607, 0.283, 1.109, 1.73
 199743595, 0.301, 1.107, 1.731
 199943612, 0.278, 1.105, 1.732
 200143691, 0.258, 1.102, 1.732
 200343578, 0.29, 1.101, 1.734
 200543607, 0.26, 1.098, 1.734
 200743597, 0.307, 1.096, 1.735
 200943580, 0.285, 1.094, 1.733
 201143596, 0.239, 1.091, 1.73
 201343613, 0.24, 1.087, 1.726
 201543603, 0.235, 1.083, 1.721
 201743681, 0.294, 1.08, 1.717
 201943618, 0.334, 1.079, 1.717
 202143576, 0.34, 1.078, 1.718
 202343616, 0.376, 1.078, 1.72
 202543592, 0.382, 1.079, 1.723
 202743619, 0.358, 1.08, 1.728
 202943582, 0.35, 1.082, 1.733
 203143587, 0.356, 1.084, 1.739
 203343587, 0.333, 1.088, 1.745
 203543605, 0.302, 1.09, 1.75
 203743682, 0.294, 1.089, 1.75
 203943585, 0.286, 1.089, 1.749
 204143598, 0.292, 1.088, 1.748
 204343588, 0.388, 1.089, 1.75
 204543592, 0.35, 1.09, 1.75
 204743569, 0.294, 1.09, 1.748
 204943601, 0.299, 1.09, 1.746
 205143597, 0.289, 1.089, 1.744
 205343602, 0.356, 1.09, 1.745
 205543703, 0.29, 1.09, 1.745
 205743599, 0.327, 1.091, 1.748
 205943692, 0.351, 1.093, 1.753
 206143604, 0.366, 1.094, 1.757
 206343590, 0.325, 1.096, 1.763
 206543595, 0.31, 1.097, 1.768
 206743578, 0.352, 1.098, 1.772
 206943597, 0.314, 1.098, 1.775
 207143602, 0.306, 1.099, 1.778
 207343686, 0.301, 1.1, 1.781
 207543611, 0.317, 1.1, 1.784
 207743572, 0.349, 1.101, 1.788
 207943571, 0.344, 1.103, 1.79
 208143588, 0.353, 1.104, 1.792
 208364000, 0.377, 1.107, 1.796
 208543591, 0.402, 1.11, 1.802
 208743576, 0.378, 1.114, 1.809
 208943619, 0.395, 1.118, 1.816
 209143645, 0.373, 1.121, 1.821
 209343616, 0.31, 1.123, 1.823
 209543601, 0.266, 1.122, 1.821
 209743606, 0.271, 1.119, 1.818
 209943584, 0.294, 1.117, 1.815
 210143830, 0.241, 1.115, 1.811
 210343572, 0.251, 1.113, 1.809
 210543595, 0.229, 1.112, 1.807
 210743594, 0.313, 1.111, 1.807
 210943616, 0.274, 1.111, 1.806
 211143577, 0.233, 1.111, 1.802
 211343578, 0.306, 1.111, 1.8
 211543595, 0.242, 1.11, 1.796
 211743575, 0.282, 1.109, 1.794
 211943582, 0.267, 1.109, 1.791
 212143595, 0.267, 1.107, 1.786
 212343599, 0.291, 1.107, 1.783
 212543597, 0.257, 1.106, 1.78
 212743616, 0.247, 1.105, 1.776
 212943569, 0.249, 1.105, 1.772
 213143599, 0.271, 1.103, 1.768
 213343575, 0.297, 1.102, 1.767
 213543607, 0.243, 1.1, 1.762
 213743585, 0.285, 1.099, 1.761
 213943572, 0.243, 1.098, 1.759
 214143587, 0.254, 1.096, 1.757
 214343805, 0.265, 1.095, 1.759
 214543707, 0.239, 1.094, 1.757
 214743575, 0.425, 1.096, 1.762
 214943578, 0.283, 1.099, 1.76
 215143618, 0.243, 1.097, 1.755
 215343602, 0.328, 1.097, 1.755
 215543589, 0.303, 1.097, 1.753
 215743592, 0.313, 1.097, 1.754
 215943579, 0.339, 1.099, 1.754
 216143610, 0.343, 1.101, 1.754
 216343711, 0.335, 1.103, 1.755
 216543608, 0.254, 1.102, 1.753
 216743606, 0.313, 1.101, 1.751
 216943578, 0.3, 1.102, 1.753
 217143579, 0.295, 1.103, 1.754
 217343578, 0.31, 1.103, 1.756
 217543603, 0.264, 1.103, 1.757
 217743592, 0.314, 1.103, 1.759
 217943599, 0.28, 1.103, 1.759
 218143622, 0.256, 1.103, 1.759
 218343589, 0.248, 1.102, 1.754
 218543687, 0.232, 1.1, 1.749
 218743568, 0.265, 1.099, 1.745
 218943594, 0.38, 1.1, 1.747
 219143589, 0.284, 1.101, 1.742
 219343604, 0.236, 1.099, 1.735
 219543601, 0.201, 1.096, 1.73
 219743584, 0.212, 1.093, 1.725
 219943621, 0.258, 1.091, 1.721
 220143593, 0.268, 1.089, 1.717
 220363598, 0.317, 1.089, 1.715
 220543587, 0.287, 1.088, 1.711
 220743571, 0.289, 1.088, 1.71
 220943580, 0.323, 1.089, 1.71
 221143566, 0.283, 1.089, 1.709
 221343594, 0.344, 1.09, 1.71
 221543764, 0.32, 1.091, 1.709
 221743982, 0.33, 1.091, 1.709
 221943740, 0.332, 1.092, 1.711
 222143755, 0.295, 1.092, 1.713
 222343750, 0.353, 1.093, 1.715
 222543770, 0.287, 1.094, 1.716
 222743985, 0.31, 1.093, 1.717
 222943521, 0.237, 1.094, 1.718
 223143532, 0.267, 1.094, 1.717
 223343550, 0.333, 1.095, 1.719
 223543572, 0.327, 1.094, 1.714
 223743533, 0.437, 1.095, 1.719
 223943547, 0.37, 1.097, 1.718
 224143577, 0.338, 1.095, 1.713
 224343583, 0.39, 1.094, 1.714
 224543582, 0.418, 1.096, 1.719
 224743563, 0.413, 1.098, 1.723
 224943571, 0.441, 1.101, 1.728
 225143589, 0.342, 1.101, 1.726
 225343686, 0.364, 1.101, 1.728
 225543584, 0.376, 1.102, 1.726
 225743568, 0.31, 1.1, 1.724
 225943559, 0.188, 1.094, 1.71
 226143581, 0.179, 1.086, 1.697
 226363593, 0.323, 1.085, 1.696
 226543747, 0.207, 1.083, 1.689
 226743744, 0.287, 1.081, 1.687
 226943992, 0.275, 1.081, 1.685
 227143962, 0.254, 1.08, 1.68
 227343733, 0.367, 1.083, 1.682
 227543760, 0.21, 1.081, 1.675
 227743746, 0.227, 1.077, 1.669
 227943750, 0.342, 1.077, 1.67
 228143742, 0.308, 1.078, 1.673
 228363767, 0.267, 1.08, 1.676
 228563787, 0.231, 1.083, 1.681
 228763987, 0.314, 1.084, 1.685
 228963741, 0.352, 1.086, 1.69
 229163750, 0.356, 1.088, 1.696
 229343729, 0.393, 1.09, 1.702
 229543749, 0.324, 1.094, 1.708
 229743752, 0.423, 1.098, 1.715
 229963738, 0.444, 1.103, 1.722
 230163744, 0.409, 1.106, 1.728
 230343752, 0.335, 1.108, 1.73
 230543769, 0.307, 1.107, 1.725
 230743770, 0.445, 1.109, 1.729
 230943744, 0.359, 1.111, 1.729
 231143985, 0.27, 1.111, 1.727
 231343735, 0.383, 1.111, 1.727
 231543749, 0.331, 1.111, 1.726
 231743734, 0.269, 1.111, 1.728
 231943747, 0.294, 1.111, 1.729
 232143745, 0.269, 1.111, 1.73
 232363959, 0.265, 1.112, 1.731
 232543980, 0.196, 1.109, 1.724
 232743764, 0.272, 1.106, 1.723
 232943756, 0.351, 1.107, 1.728
 233143754, 0.364, 1.108, 1.732
 233343727, 0.25, 1.109, 1.735
 233543744, 0.362, 1.109, 1.735
 233743739, 0.287, 1.109, 1.736
 233943744, 0.24, 1.109, 1.736
 234143752, 0.402, 1.108, 1.736
 234363755, 0.337, 1.108, 1.737
 234563762, 0.321, 1.109, 1.735
 234743739, 0.443, 1.111, 1.739
 234943749, 0.27, 1.11, 1.735
 235143723, 0.222, 1.107, 1.729
 235343981, 0.331, 1.106, 1.732
 235543764, 0.302, 1.105, 1.733
 235743767, 0.328, 1.104, 1.734
 235943744, 0.287, 1.104, 1.732
 236143973, 0.25, 1.102, 1.725
 236343735, 0.263, 1.101, 1.717
 236563776, 0.271, 1.1, 1.711
 236743744, 0.318, 1.1, 1.706
 236943730, 0.292, 1.099, 1.702
 237143729, 0.264, 1.098, 1.697
 237343740, 0.299, 1.098, 1.695
 237543765, 0.246, 1.098, 1.691
 237743750, 0.258, 1.098, 1.688
 237963764, 0.293, 1.098, 1.688
 238163742, 0.294, 1.097, 1.686
 238363756, 0.268, 1.097, 1.686
 238563769, 0.269, 1.097, 1.685
 238763787, 0.384, 1.098, 1.685
 238963730, 0.352, 1.099, 1.686
 239143751, 0.295, 1.1, 1.687
 239343748, 0.386, 1.101, 1.688
 239564002, 0.305, 1.102, 1.689
 239763776, 0.294, 1.102, 1.69
 239943761, 0.279, 1.102, 1.691
 240163748, 0.269, 1.102, 1.691
 240363733, 0.303, 1.102, 1.693
 240543757, 0.383, 1.102, 1.696
 240743731, 0.422, 1.104, 1.701
 240943789, 0.242, 1.107, 1.705
 241143747, 0.201, 1.107, 1.706
 241343757, 0.294, 1.109, 1.71
 241543978, 0.279, 1.111, 1.708
 241743717, 0.346, 1.111, 1.707
 241943750, 0.271, 1.112, 1.706
 242143750, 0.312, 1.112, 1.705
 242343727, 0.251, 1.113, 1.703
 242543769, 0.208, 1.109, 1.694
 242763772, 0.282, 1.106, 1.692
 242943761, 0.316, 1.107, 1.693
 243143751, 0.308, 1.106, 1.694
 243343975, 0.425, 1.108, 1.698
 243543754, 0.41, 1.11, 1.703
 243744004, 0.434, 1.113, 1.708
 243963756, 0.375, 1.115, 1.711
 244163989, 0.302, 1.116, 1.713
 244363733, 0.317, 1.116, 1.716
 244543760, 0.309, 1.116, 1.718
 244743756, 0.325, 1.115, 1.719
 244943752, 0.333, 1.116, 1.719
 245143957, 0.328, 1.117, 1.718
 245343739, 0.322, 1.118, 1.718
 245543761, 0.275, 1.118, 1.718
 245743748, 0.275, 1.118, 1.717
 245943748, 0.272, 1.119, 1.717
 246143733, 0.256, 1.118, 1.717
 246343761, 0.253, 1.118, 1.716
 246563748, 0.3, 1.117, 1.712
 246763976, 0.317, 1.118, 1.713
 246963763, 0.285, 1.117, 1.714
 247163751, 0.261, 1.114, 1.711
 247343747, 0.289, 1.114, 1.714
 247563776, 0.268, 1.115, 1.713
 247743746, 0.314, 1.114, 1.713
 247943981, 0.353, 1.115, 1.715
 248143744, 0.356, 1.115, 1.716
 248343728, 0.38, 1.117, 1.718
 248563987, 0.385, 1.118, 1.722
 248743960, 0.418, 1.121, 1.726
 248963755, 0.288, 1.12, 1.721
 249163750, 0.23, 1.114, 1.71
 249363785, 0.256, 1.11, 1.701
 249563751, 0.322, 1.108, 1.699
 249763787, 0.363, 1.107, 1.702
 249963749, 0.29, 1.106, 1.703
 250163775, 0.253, 1.105, 1.704
 250343738, 0.3, 1.105, 1.705
 250563786, 0.291, 1.105, 1.706
 250763767, 0.28, 1.105, 1.707
 250963703, 0.281, 1.104, 1.71
 251163765, 0.323, 1.104, 1.712
 251363750, 0.329, 1.103, 1.714
 251563775, 0.278, 1.103, 1.717
 251763774, 0.328, 1.103, 1.72
 251963742, 0.328, 1.105, 1.723
 252163971, 0.226, 1.101, 1.717
 252363760, 0.299, 1.098, 1.713
 252564009, 0.228, 1.094, 1.707
 252763767, 0.313, 1.091, 1.704
 252963795, 0.22, 1.088, 1.697
 253163739, 0.257, 1.085, 1.691
 253363757, 0.285, 1.083, 1.685
 253563776, 0.224, 1.08, 1.677
 253763756, 0.267, 1.079, 1.673
 253963968, 0.264, 1.078, 1.67
 254163776, 0.306, 1.077, 1.668
 254363763, 0.345, 1.077, 1.667
 254563763, 0.242, 1.076, 1.666
 254763791, 0.337, 1.074, 1.664
 254963738, 0.217, 1.073, 1.663
 255163752, 0.269, 1.073, 1.662
 255363773, 0.219, 1.072, 1.661
 255563777, 0.29, 1.071, 1.66
 255763988, 0.318, 1.07, 1.66
 255963759, 0.265, 1.07, 1.662
 256163760, 0.311, 1.071, 1.665
 256363739, 0.351, 1.072, 1.668
 256563774, 0.379, 1.072, 1.669
 256764006, 0.302, 1.071, 1.672
 256963758, 0.255, 1.07, 1.673
 257163784, 0.319, 1.069, 1.676
 257363769, 0.291, 1.07, 1.679
 257563982, 0.322, 1.07, 1.682
 257763766, 0.385, 1.071, 1.684
 257963756, 0.334, 1.072, 1.684
 258143749, 0.178, 1.071, 1.681
 258363738, 0.329, 1.072, 1.681
 258563755, 0.261, 1.072, 1.681
 258763772, 0.385, 1.073, 1.68
 258963757, 0.36, 1.074, 1.679
 259163740, 0.361, 1.073, 1.677
 259363982, 0.284, 1.073, 1.677
 259563781, 0.311, 1.073, 1.676
 259763780, 0.35, 1.072, 1.676
 259963749, 0.302, 1.071, 1.675
 260163748, 0.381, 1.071, 1.675
 260363754, 0.372, 1.072, 1.675
 260563765, 0.317, 1.072, 1.673
 260743739, 0.302, 1.072, 1.672
 260963871, 0.414, 1.073, 1.675
 261163970, 0.271, 1.075, 1.679
 261363759, 0.396, 1.077, 1.682
 261563762, 0.34, 1.079, 1.687
 261763743, 0.357, 1.08, 1.691
 261963763, 0.286, 1.082, 1.693
 262163780, 0.232, 1.082, 1.695
 262363750, 0.263, 1.081, 1.697
 262563780, 0.21, 1.081, 1.698
 262763792, 0.349, 1.081, 1.699
 262963961, 0.325, 1.081, 1.696
 263163745, 0.312, 1.08, 1.693
 263363760, 0.211, 1.079, 1.691
 263563774, 0.289, 1.078, 1.69
 263763755, 0.259, 1.078, 1.688
 263963761, 0.314, 1.077, 1.687
 264163752, 0.248, 1.076, 1.685
 264363749, 0.328, 1.076, 1.684
 264563759, 0.319, 1.076, 1.682
 264763786, 0.394, 1.076, 1.683
 264963752, 0.406, 1.076, 1.686
 265163995, 0.419, 1.077, 1.691
 265363749, 0.417, 1.08, 1.696
 265563762, 0.392, 1.083, 1.696
 265763763, 0.358, 1.085, 1.696
 265943747, 0.315, 1.087, 1.696
 266163740, 0.233, 1.088, 1.697
 266363779, 0.386, 1.089, 1.697
 266563982, 0.318, 1.091, 1.699
 266763773, 0.406, 1.094, 1.705
 266963773, 0.351, 1.096, 1.71
 267163756, 0.221, 1.098, 1.715
 267363737, 0.219, 1.098, 1.716
 267563767, 0.246, 1.097, 1.715
 267763786, 0.266, 1.095, 1.71
 267963757, 0.233, 1.091, 1.704
 268163739, 0.243, 1.09, 1.705
 268363970, 0.378, 1.091, 1.709
 268544001, 0.341, 1.089, 1.707
 268763767, 0.259, 1.086, 1.704
 268963761, 0.292, 1.083, 1.701
 269163763, 0.239, 1.078, 1.694
 269364001, 0.193, 1.075, 1.688
 269563761, 0.346, 1.072, 1.684
 269763767, 0.254, 1.07, 1.681
 269963763, 0.328, 1.069, 1.678
 270163960, 0.312, 1.067, 1.677
 270346586, 0.334, 1.065, 1.678
 270566320, 0.291, 1.064, 1.677
 270766346, 0.332, 1.062, 1.676
 270966302, 0.246, 1.061, 1.677
 271146577, 0.226, 1.059, 1.677
 271366305, 0.339, 1.058, 1.678
 271566322, 0.354, 1.056, 1.678
 271766301, 0.223, 1.055, 1.679
 271966395, 0.281, 1.054, 1.68
 272166456, 0.227, 1.054, 1.68
 272366315, 0.296, 1.054, 1.681
 272566498, 0.309, 1.053, 1.682
 272766299, 0.242, 1.054, 1.683
 272966294, 0.256, 1.053, 1.678
 273166356, 0.263, 1.051, 1.673
 273366305, 0.247, 1.05, 1.67
 273566395, 0.253, 1.049, 1.666
 273766323, 0.206, 1.048, 1.664
 273966476, 0.279, 1.047, 1.662
 274166299, 0.206, 1.047, 1.661
 274366369, 0.335, 1.047, 1.661
 274566297, 0.278, 1.047, 1.661
 274766296, 0.336, 1.047, 1.662
 274966301, 0.252, 1.046, 1.661
 275166306, 0.264, 1.044, 1.66
 275366310, 0.355, 1.045, 1.663
 275566326, 0.387, 1.046, 1.665
 275766341, 0.275, 1.046, 1.667
 275966303, 0.303, 1.047, 1.669
 276166694, 0.319, 1.048, 1.669
 276366703, 0.24, 1.049, 1.67
 276566707, 0.253, 1.05, 1.67
 276766860, 0.311, 1.051, 1.67
 276966702, 0.289, 1.051, 1.668
 277166701, 0.242, 1.048, 1.662
 277366698, 0.271, 1.047, 1.658
 277566938, 0.226, 1.044, 1.651
 277766696, 0.328, 1.044, 1.65
 277966688, 0.247, 1.043, 1.647
 278166698, 0.275, 1.041, 1.647
 278366697, 0.26, 1.04, 1.646
 278566715, 0.227, 1.039, 1.641
 278766690, 0.253, 1.038, 1.638
 278946689, 0.232, 1.038, 1.636
 279166699, 0.297, 1.038, 1.635
 279366723, 0.26, 1.038, 1.634
 279566716, 0.25, 1.037, 1.632
 279766701, 0.258, 1.035, 1.628
 279966702, 0.273, 1.034, 1.626
 280166699, 0.247, 1.033, 1.625
 280366699, 0.277, 1.031, 1.623
 280566718, 0.267, 1.03, 1.62
 280766704, 0.271, 1.028, 1.618
 280966865, 0.316, 1.028, 1.616
 281166833, 0.276, 1.027, 1.613
 281366699, 0.332, 1.028, 1.613
 281546615, 0.278, 1.028, 1.613
 281766705, 0.261, 1.027, 1.613
 281966690, 0.242, 1.027, 1.612
 282166700, 0.306, 1.027, 1.612
 282366700, 0.249, 1.027, 1.611
 282566717, 0.259, 1.027, 1.61
 282766702, 0.205, 1.026, 1.609
 282966821, 0.199, 1.026, 1.609
 283166706, 0.264, 1.025, 1.608
 283366701, 0.296, 1.025, 1.608
 283566700, 0.265, 1.024, 1.608
 283766699, 0.349, 1.024, 1.608
 283966690, 0.344, 1.024, 1.608
 284166620, 0.323, 1.024, 1.607
 284366697, 0.22, 1.024, 1.606
 284566717, 0.271, 1.023, 1.606
 284766842, 0.248, 1.021, 1.605
 284966687, 0.294, 1.021, 1.605
 285166873, 0.299, 1.021, 1.605
 285366700, 0.312, 1.021, 1.606
 285566737, 0.272, 1.02, 1.606
 285766698, 0.344, 1.02, 1.607
 285966694, 0.236, 1.021, 1.608
 286166701, 0.24, 1.021, 1.607
 286386728, 0.247, 1.02, 1.606
 286566932, 0.245, 1.02, 1.605
 286766601, 0.292, 1.02, 1.605
 286966689, 0.282, 1.02, 1.603
 287166692, 0.246, 1.018, 1.602
 287366711, 0.275, 1.018, 1.603
 287566717, 0.344, 1.018, 1.604
 287766701, 0.334, 1.019, 1.607
 287966697, 0.278, 1.019, 1.61
 288166687, 0.309, 1.019, 1.613
 288366732, 0.29, 1.019, 1.615
 288566716, 0.268, 1.019, 1.617
 288766697, 0.289, 1.018, 1.619
 288966696, 0.312, 1.018, 1.622
 289166689, 0.341, 1.017, 1.623
 289346728, 0.271, 1.018, 1.625
 289566710, 0.314, 1.019, 1.625
 289766699, 0.31, 1.02, 1.628
 289966704, 0.261, 1.022, 1.631
 290166836, 0.218, 1.021, 1.631
 290366703, 0.269, 1.02, 1.632
 290566711, 0.247, 1.019, 1.632
 290766691, 0.23, 1.017, 1.632
 290966690, 0.299, 1.017, 1.634
 291166704, 0.256, 1.017, 1.635
 291366714, 0.256, 1.018, 1.637
 291566704, 0.264, 1.019, 1.638
 291766717, 0.306, 1.018, 1.64
 291966834, 0.337, 1.019, 1.642
 292169591, 0.277, 1.019, 1.639
 292389201, 0.407, 1.021, 1.644
 292569788, 0.292, 1.025, 1.645
 292769447, 0.345, 1.027, 1.646
 292969457, 0.297, 1.028, 1.647
 293169456, 0.274, 1.028, 1.648
 293369462, 0.224, 1.029, 1.647
 293569492, 0.286, 1.029, 1.644
 293769539, 0.334, 1.03, 1.644
 293969600, 0.347, 1.033, 1.646
 294169472, 0.273, 1.034, 1.643
 294369502, 0.307, 1.034, 1.642
 294569494, 0.229, 1.033, 1.639
 294769461, 0.34, 1.033, 1.64
 294969531, 0.371, 1.036, 1.643
 295169455, 0.348, 1.037, 1.642
 295369202, 0.317, 1.039, 1.643
 295569231, 0.289, 1.04, 1.643
 295769340, 0.373, 1.041, 1.645
 295969195, 0.342, 1.041, 1.643
 296169183, 0.287, 1.04, 1.64
 296369189, 0.349, 1.041, 1.641
 296569223, 0.31, 1.042, 1.64
 296769363, 0.237, 1.042, 1.638
 296969201, 0.266, 1.042, 1.636
 297169198, 0.28, 1.042, 1.633
 297369215, 0.301, 1.042, 1.633
 297569360, 0.233, 1.039, 1.628
 297769209, 0.23, 1.036, 1.625
 297969204, 0.307, 1.034, 1.622
 298171709, 0.215, 1.033, 1.62
 298371685, 0.354, 1.034, 1.623
 298571713, 0.315, 1.034, 1.618
 298771705, 0.346, 1.034, 1.618
 298971697, 0.359, 1.034, 1.617
 299171700, 0.311, 1.034, 1.617
 299371722, 0.363, 1.036, 1.619
 299571940, 0.336, 1.038, 1.62
 299752260, 0.311, 1.039, 1.622
 299971860, 0.297, 1.04, 1.62
 300171687, 0.323, 1.039, 1.618
 300371699, 0.289, 1.04, 1.616
 300552066, 0.268, 1.04, 1.615
 300752059, 0.273, 1.04, 1.617
 300952023, 0.236, 1.041, 1.617
 301152031, 0.246, 1.041, 1.616
 301352046, 0.327, 1.042, 1.619
 301552205, 0.217, 1.044, 1.621
 301752067, 0.256, 1.045, 1.624
 301971734, 0.24, 1.047, 1.627
 302171695, 0.239, 1.047, 1.628
 302352085, 0.275, 1.049, 1.632
 302571710, 0.239, 1.05, 1.634
 302771695, 0.256, 1.051, 1.638
 302971703, 0.338, 1.054, 1.642
 303171741, 0.189, 1.055, 1.636
 303371706, 0.193, 1.054, 1.633
 303571690, 0.207, 1.054, 1.631
 303771707, 0.221, 1.055, 1.63
 303971708, 0.187, 1.055, 1.632
 304171862, 0.174, 1.054, 1.633
 304371699, 0.21, 1.053, 1.634
 304571722, 0.19, 1.053, 1.634
 304771705, 0.201, 1.052, 1.635
 304971929, 0.171, 1.05, 1.635
 305171710, 0.166, 1.048, 1.632
 305371708, 0.212, 1.047, 1.631
 305571694, 0.166, 1.045, 1.626
 305771620, 0.199, 1.045, 1.625
 305971683, 0.192, 1.044, 1.624
 306171619, 0.196, 1.043, 1.623
 306371608, 0.209, 1.043, 1.622
 306552054, 0.206, 1.043, 1.621
 306771840, 0.224, 1.043, 1.622
 306971697, 0.208, 1.044, 1.622
 307171703, 0.219, 1.045, 1.623
 307371706, 0.22, 1.045, 1.624
 307552060, 0.188, 1.045, 1.624
 307771701, 0.208, 1.044, 1.624
 307971701, 0.21, 1.044, 1.625
 308171705, 0.205, 1.045, 1.625
 308371855, 0.195, 1.045, 1.623
 308571931, 0.196, 1.045, 1.62
 308771691, 0.219, 1.045, 1.619
 308971621, 0.183, 1.046, 1.618
 309171687, 0.183, 1.045, 1.616
 309352055, 0.207, 1.046, 1.615
 309571707, 0.182, 1.046, 1.612
 309771682, 0.207, 1.046, 1.61
 309971652, 0.193, 1.045, 1.607
 310152032, 0.195, 1.044, 1.603
 310371840, 0.198, 1.043, 1.6
 310571696, 0.179, 1.042, 1.598
 310771697, 0.227, 1.042, 1.598
 310971622, 0.225, 1.042, 1.598
 311171695, 0.234, 1.042, 1.598
 311371691, 0.237, 1.041, 1.595
 311571620, 0.222, 1.041, 1.59
 311771719, 0.229, 1.042, 1.589
 311952045, 0.224, 1.042, 1.587
 312171720, 0.24, 1.044, 1.587
 312371704, 0.227, 1.045, 1.587
 312571876, 0.218, 1.046, 1.587
 312752061, 0.27, 1.048, 1.59
 312971612, 0.218, 1.05, 1.59
 313171711, 0.216, 1.051, 1.588
 313371619, 0.226, 1.051, 1.587
 313571718, 0.19, 1.051, 1.587
 313771722, 0.243, 1.052, 1.587
 313971724, 0.195, 1.053, 1.587
 314152224, 0.201, 1.052, 1.587
 314371693, 0.268, 1.053, 1.589
 314571694, 0.188, 1.053, 1.588
 314771599, 0.265, 1.055, 1.592
 314952029, 0.242, 1.06, 1.597
 315171595, 0.203, 1.061, 1.6
 315352085, 0.185, 1.061, 1.601
 315552063, 0.211, 1.061, 1.605
 315771844, 0.263, 1.063, 1.61
 315971692, 0.198, 1.063, 1.609
 316171608, 0.2, 1.061, 1.605
 316371703, 0.208, 1.06, 1.602
 316571689, 0.197, 1.059, 1.599
 316771855, 0.252, 1.058, 1.595
 316971692, 0.239, 1.059, 1.592
 317171704, 0.172, 1.058, 1.588
 317371691, 0.263, 1.058, 1.588
 317571972, 0.169, 1.057, 1.584
 317771702, 0.234, 1.056, 1.582
 317952037, 0.21, 1.056, 1.578
 318152035, 0.213, 1.055, 1.575
 318371617, 0.205, 1.053, 1.572
 318571711, 0.187, 1.05, 1.567
 318771683, 0.199, 1.046, 1.56
 318971608, 0.174, 1.042, 1.555
 319152088, 0.145, 1.038, 1.548
 319371825, 0.255, 1.038, 1.549
 319571702, 0.137, 1.035, 1.539
 319771644, 0.158, 1.03, 1.533
 319971710, 0.165, 1.027, 1.527
 320171707, 0.183, 1.025, 1.523
 320371493, 0.233, 1.023, 1.519
 320552087, 0.186, 1.022, 1.515
 320771498, 0.252, 1.022, 1.515
 320971504, 0.202, 1.022, 1.516
 321171524, 0.253, 1.021, 1.516
 321352041, 0.281, 1.022, 1.517
 321551974, 0.3, 1.022, 1.519
 321751929, 0.357, 1.023, 1.522
 321971494, 0.301, 1.023, 1.522
 322151800, 0.277, 1.02, 1.518
 322371468, 0.294, 1.019, 1.517
 322551946, 0.278, 1.017, 1.514
 322771488, 0.349, 1.018, 1.515
 322971525, 0.298, 1.019, 1.516
 323152045, 0.282, 1.019, 1.517
 323351820, 0.331, 1.02, 1.519
 323551840, 0.272, 1.021, 1.519
 323771502, 0.352, 1.023, 1.524
 323951836, 0.37, 1.027, 1.53
 324171480, 0.346, 1.031, 1.537
 324371488, 0.343, 1.034, 1.544
 324571482, 0.336, 1.036, 1.55
 324771513, 0.372, 1.039, 1.556
 324952056, 0.385, 1.042, 1.562
 325171558, 0.352, 1.045, 1.569
 325352009, 0.41, 1.048, 1.577
 325571567, 0.309, 1.048, 1.576
 325751979, 0.4, 1.049, 1.582
 325971537, 0.262, 1.049, 1.575
 326171558, 0.351, 1.048, 1.578
 326371522, 0.318, 1.05, 1.58
 326571579, 0.224, 1.05, 1.576
 326771531, 0.409, 1.052, 1.581
 326971511, 0.267, 1.055, 1.581
 327171510, 0.252, 1.053, 1.58
 327371520, 0.321, 1.053, 1.583
 327571521, 0.298, 1.053, 1.583
 327751977, 0.341, 1.054, 1.585
 327951940, 0.21, 1.054, 1.586
 328151826, 0.23, 1.053, 1.587
 328351984, 0.22, 1.053, 1.592
 328571542, 0.192, 1.053, 1.592
 328771527, 0.319, 1.054, 1.597
 328971512, 0.235, 1.057, 1.602
 329171533, 0.224, 1.058, 1.605
 329371566, 0.261, 1.059, 1.609
 329551949, 0.218, 1.06, 1.612
 329751957, 0.355, 1.064, 1.619
 329971539, 0.263, 1.067, 1.622
 330171585, 0.273, 1.069, 1.626
 330371539, 0.176, 1.069, 1.625
 330571524, 0.211, 1.068, 1.628
 330771526, 0.272, 1.07, 1.63
 330951959, 0.253, 1.072, 1.631
 331171537, 0.229, 1.072, 1.633
 331371525, 0.247, 1.074, 1.637
 331571554, 0.182, 1.073, 1.636
 331771563, 0.198, 1.072, 1.637
 331971561, 0.249, 1.073, 1.64
 332152076, 0.171, 1.073, 1.638
 332351942, 0.237, 1.073, 1.638
 332551965, 0.172, 1.072, 1.635
 332751978, 0.251, 1.072, 1.638
 332971557, 0.218, 1.073, 1.639
 333171508, 0.171, 1.071, 1.635
 333351980, 0.248, 1.07, 1.636
 333551965, 0.213, 1.07, 1.634
 333751975, 0.219, 1.069, 1.634
 333971529, 0.302, 1.071, 1.637
 334171497, 0.226, 1.071, 1.637
 334371534, 0.3, 1.072, 1.64
 334571559, 0.297, 1.074, 1.644
 334771531, 0.247, 1.074, 1.643
 334971538, 0.302, 1.075, 1.646
 335171509, 0.295, 1.076, 1.647
 335371549, 0.33, 1.079, 1.654
 335571595, 0.272, 1.082, 1.658
 335752120, 0.354, 1.084, 1.662
 335951952, 0.316, 1.085, 1.664
 336151940, 0.305, 1.086, 1.664
 336371526, 0.356, 1.087, 1.666
 336571551, 0.299, 1.088, 1.66
 336771534, 0.305, 1.089, 1.662
 336971517, 0.288, 1.09, 1.662
 337171533, 0.297, 1.09, 1.662
 337371567, 0.328, 1.09, 1.664
 337571537, 0.28, 1.091, 1.666
 337771553, 0.305, 1.091, 1.665
 337951943, 0.415, 1.093, 1.669
 338171533, 0.31, 1.095, 1.67
 338351933, 0.609, 1.101, 1.68
 338571539, 0.31, 1.109, 1.684
 338751941, 0.413, 1.11, 1.689
 338971544, 0.423, 1.112, 1.694
 339171564, 0.411, 1.114, 1.698
 339371528, 0.462, 1.118, 1.707
 339571529, 0.434, 1.123, 1.715
 339771575, 0.429, 1.125, 1.723
 339971527, 0.479, 1.129, 1.732
 340151940, 0.448, 1.134, 1.74
 340371531, 0.475, 1.138, 1.749
 340551945, 0.455, 1.142, 1.756
 340752009, 0.474, 1.145, 1.764
 340951959, 0.461, 1.149, 1.77
 341152064, 0.433, 1.151, 1.775
 341351973, 0.427, 1.153, 1.781
 341571579, 0.41, 1.156, 1.785
 341771526, 0.419, 1.158, 1.792
 341971588, 0.371, 1.16, 1.794
 342171542, 0.397, 1.159, 1.796
 342371541, 0.439, 1.159, 1.797
 342571562, 0.466, 1.161, 1.803
 342771591, 0.4, 1.161, 1.801
 342971536, 0.392, 1.16, 1.8
 343151960, 0.392, 1.159, 1.801
 343351837, 0.399, 1.16, 1.802
 343571523, 0.374, 1.16, 1.801
 343751975, 0.362, 1.159, 1.8
 343951561, 0.339, 1.158, 1.8
 344151570, 0.327, 1.156, 1.798
 344351556, 0.331, 1.156, 1.799
 344551550, 0.319, 1.156, 1.798
 344771538, 0.347, 1.157, 1.801
 344951577, 0.324, 1.159, 1.801
 345171515, 0.281, 1.159, 1.8
 345371508, 0.36, 1.159, 1.803
 345571528, 0.303, 1.16, 1.801
 345771513, 0.323, 1.159, 1.799
 345971507, 0.318, 1.158, 1.797
 346151560, 0.319, 1.157, 1.794
 346351539, 0.305, 1.156, 1.79
 346551613, 0.298, 1.153, 1.787
 346751551, 0.289, 1.151, 1.784
 346951563, 0.251, 1.151, 1.783
 347171533, 0.258, 1.149, 1.782
 347371559, 0.288, 1.149, 1.785
 347571562, 0.257, 1.149, 1.782
 347771519, 0.295, 1.148, 1.783
 347971535, 0.271, 1.148, 1.781
 348151566, 0.288, 1.146, 1.781
 348351604, 0.296, 1.146, 1.781
 348551553, 0.312, 1.146, 1.781
 348751558, 0.292, 1.145, 1.78
 348951570, 0.296, 1.144, 1.779
 349171542, 0.297, 1.142, 1.776
 349351556, 0.266, 1.141, 1.773
 349551588, 0.321, 1.14, 1.771
 349751575, 0.337, 1.139, 1.769
 349951612, 0.298, 1.139, 1.768
 350151604, 0.278, 1.138, 1.767
 350351546, 0.266, 1.136, 1.761
 350551573, 0.265, 1.133, 1.753
 350751571, 0.369, 1.133, 1.756
 350951546, 0.3, 1.132, 1.751
 351151536, 0.257, 1.129, 1.743
 351351576, 0.396, 1.125, 1.74
 351571937, 0.402, 1.126, 1.741
 351751570, 0.332, 1.124, 1.737
 351971950, 0.369, 1.12, 1.725
 352151543, 0.368, 1.119, 1.717
 352371841, 0.329, 1.117, 1.709
 352571963, 0.249, 1.114, 1.696
 352751535, 0.273, 1.107, 1.679
 352951520, 0.25, 1.1, 1.662
 353171940, 0.222, 1.093, 1.645
 353371830, 0.232, 1.087, 1.631
 353572089, 0.242, 1.081, 1.62
 353751555, 0.253, 1.076, 1.614
 353951517, 0.214, 1.072, 1.607
 354151561, 0.193, 1.067, 1.601
 354351527, 0.179, 1.062, 1.591
 354572093, 0.183, 1.051, 1.565
 354751562, 0.186, 1.041, 1.539
 354951518, 0.196, 1.037, 1.529
 355151554, 0.202, 1.034, 1.525
 355351566, 0.307, 1.033, 1.521
 355551608, 0.31, 1.032, 1.519
 355751516, 0.332, 1.03, 1.515
 355951513, 0.316, 1.029, 1.511
 356151506, 0.312, 1.027, 1.505
 356351538, 0.283, 1.025, 1.5
 356551552, 0.217, 1.024, 1.494
 356751582, 0.287, 1.022, 1.489
 356951516, 0.304, 1.02, 1.483
 357151520, 0.286, 1.019, 1.477
 357351568, 0.268, 1.017, 1.472
 357551529, 0.321, 1.015, 1.466
 357751532, 0.275, 1.014, 1.461
 357951530, 0.284, 1.012, 1.455
 358151509, 0.305, 1.011, 1.45
 358351574, 0.299, 1.01, 1.445
 358551569, 0.34, 1.009, 1.441
 358751521, 0.353, 1.008, 1.436
 358951539, 0.419, 1.007, 1.432
 359171937, 0.277, 1.006, 1.427
 359351550, 0.289, 1.005, 1.423
 359551528, 0.299, 1.004, 1.42
 359751536, 0.249, 1.004, 1.417
 359951495, 0.323, 1.004, 1.414
 360151522, 0.307, 1.004, 1.411
 360351525, 0.301, 1.004, 1.409
 360551531, 0.32, 1.003, 1.406
 360751585, 0.29, 1.003, 1.404
 360951586, 0.324, 1.004, 1.403
 361151513, 0.339, 1.006, 1.403
 361351515, 0.269, 1.007, 1.404
 361551533, 0.308, 1.009, 1.404
 361751537, 0.35, 1.01, 1.404
 361951510, 0.318, 1.011, 1.404
 362151523, 0.313, 1.012, 1.404
 362351512, 0.307, 1.013, 1.403
 362551586, 0.316, 1.015, 1.403
 362751575, 0.34, 1.016, 1.403
 362951511, 0.328, 1.017, 1.402
 363151510, 0.317, 1.017, 1.402
 363351514, 0.28, 1.018, 1.401
 363551562, 0.279, 1.019, 1.4
 363751537, 0.249, 1.02, 1.399
 363951497, 0.286, 1.021, 1.398
 364151529, 0.288, 1.021, 1.397
 364351522, 0.334, 1.022, 1.397
 364551575, 0.268, 1.023, 1.395
 364751517, 0.312, 1.024, 1.395
 364951512, 0.27, 1.024, 1.394
 365151520, 0.337, 1.025, 1.393
 365351519, 0.3, 1.026, 1.392
 365551528, 0.249, 1.026, 1.391
 365751523, 0.353, 1.027, 1.391
 365951522, 0.307, 1.028, 1.39
 366151553, 0.315, 1.029, 1.39
 366351564, 0.294, 1.03, 1.389
 366551509, 0.291, 1.03, 1.389
 366751558, 0.305, 1.031, 1.388
 366951503, 0.32, 1.032, 1.388
 367151522, 0.256, 1.033, 1.387
 367351530, 0.337, 1.033, 1.387
 367551532, 0.306, 1.034, 1.387
 367751577, 0.292, 1.035, 1.387
 367951541, 0.259, 1.036, 1.387
 368151553, 0.247, 1.037, 1.386
 368351506, 0.277, 1.038, 1.386
 368551520, 0.332, 1.038, 1.386
 368751551, 0.348, 1.039, 1.386
 368951544, 0.29, 1.04, 1.385
 369151519, 0.324, 1.04, 1.384
 369351524, 0.34, 1.041, 1.384
 369551543, 0.298, 1.042, 1.384
 369751560, 0.341, 1.043, 1.384
 369951534, 0.328, 1.044, 1.384
 370151508, 0.239, 1.044, 1.383
 370351538, 0.252, 1.045, 1.383
 370551518, 0.312, 1.045, 1.383
 370751553, 0.333, 1.046, 1.382
 370951540, 0.284, 1.047, 1.382
 371151527, 0.35, 1.047, 1.381
 371351526, 0.265, 1.048, 1.381
 371551539, 0.292, 1.048, 1.381
 371751569, 0.294, 1.049, 1.381
 371951536, 0.346, 1.049, 1.38
 372151530, 0.283, 1.05, 1.38
 372351516, 0.284, 1.05, 1.379
 372551529, 0.23, 1.05, 1.378
 372751550, 0.264, 1.05, 1.378
 372951511, 0.34, 1.05, 1.377
 373151528, 0.336, 1.05, 1.376
 373351549, 0.331, 1.05, 1.375
 373551560, 0.328, 1.05, 1.373
 373751540, 0.285, 1.05, 1.372
 373951515, 0.299, 1.05, 1.371
 374151521, 0.29, 1.05, 1.37
 374351508, 0.293, 1.05, 1.37
 374571543, 0.297, 1.434, 1.537
 374751500, 0.326, 1.428, 1.53
 374951484, 0.283, 1.42, 1.524
 375151536, 0.341, 1.412, 1.517
 375351551, 0.283, 1.405, 1.511
 375551496, 0.261, 1.398, 1.504
 375751512, 0.308, 1.391, 1.498
 375951482, 0.281, 1.384, 1.493
 376151527, 0.325, 1.378, 1.488
 376351502, 0.278, 1.372, 1.484
 376551512, 0.292, 1.366, 1.48
 376751496, 0.246, 1.36, 1.477
 376951521, 0.289, 1.354, 1.473
 377151536, 0.343, 1.348, 1.47
 377351505, 0.28, 1.343, 1.466
 377551491, 0.277, 1.337, 1.463
 377751517, 0.343, 1.332, 1.46
 377951500, 0.339, 1.327, 1.456
 378151471, 0.265, 1.321, 1.453
 378351481, 0.28, 1.316, 1.449
 378551514, 0.307, 1.311, 1.446
 378751534, 0.305, 1.306, 1.442
 378951554, 0.29, 1.302, 1.439
 379151488, 0.316, 1.297, 1.436
 379351542, 0.247, 1.293, 1.433
 379551508, 0.291, 1.288, 1.43
 379751508, 0.256, 1.284, 1.427
 379951504, 0.264, 1.28, 1.425
 380151505, 0.251, 1.276, 1.422
 380351514, 0.287, 1.271, 1.42
 380551523, 0.337, 1.268, 1.417
 380751535, 0.269, 1.264, 1.415
 380951480, 0.226, 1.26, 1.412
 381151473, 0.325, 1.256, 1.41
 381351480, 0.289, 1.252, 1.408
 381551479, 0.324, 1.249, 1.406
 381751507, 0.277, 1.245, 1.403
 381951488, 0.326, 1.241, 1.401
 382551558, 0.227, 1.231, 1.396
 382751482, 0.309, 1.228, 1.394
 382951499, 0.322, 1.225, 1.392
 383151477, 0.234, 1.221, 1.39
 383351487, 0.288, 1.218, 1.389
 383551530, 0.33, 1.216, 1.387
 383751503, 0.326, 1.213, 1.386
 383951507, 0.324, 1.21, 1.385
 384151512, 0.274, 1.207, 1.383
 384351535, 0.277, 1.205, 1.382
 384551540, 0.313, 1.202, 1.381
 384751454, 0.282, 1.2, 1.379
 384951434, 0.289, 1.198, 1.378
 385151429, 0.31, 1.196, 1.377
 385351433, 0.34, 1.194, 1.376
 385551438, 0.283, 1.192, 1.375
 385751445, 0.316, 1.19, 1.374
 385951446, 0.325, 1.188, 1.373
 386151476, 0.339, 1.187, 1.372
 386351434, 0.312, 1.185, 1.371
 386551426, 0.268, 1.183, 1.37
 386751441, 0.311, 1.181, 1.369
 386951434, 0.254, 1.18, 1.369
 387151464, 0.338, 1.178, 1.368
 387351418, 0.289, 1.176, 1.367
 387551442, 0.332, 1.175, 1.367
 387751526, 0.34, 1.173, 1.366
 387951962, 0.281, 1.172, 1.365
 388151716, 0.292, 1.17, 1.365
 388351744, 0.258, 1.169, 1.364
 388551720, 0.346, 1.167, 1.363
 388751736, 0.307, 1.166, 1.362
 388951766, 0.302, 1.165, 1.362
 389151777, 0.277, 1.163, 1.362
 389351712, 0.302, 1.162, 1.362
 389551800, 0.235, 1.161, 1.362
 389751961, 0.347, 1.16, 1.363
 389951730, 0.243, 1.159, 1.363
 390151737, 0.326, 1.158, 1.363
 390351702, 0.3, 1.157, 1.362
 390551736, 0.339, 1.155, 1.361
 390751781, 0.328, 1.154, 1.361
 390951779, 0.26, 1.153, 1.36
 391151723, 0.296, 1.152, 1.359
 391351767, 0.276, 1.151, 1.359
 391551973, 0.289, 1.15, 1.359
 391751738, 0.314, 1.148, 1.358
 391951930, 0.254, 1.147, 1.357
 392151725, 0.301, 1.146, 1.356
 392351727, 0.286, 1.144, 1.355
 392551793, 0.327, 1.143, 1.354
 392751729, 0.257, 1.141, 1.353
 392951759, 0.281, 1.14, 1.352
 393151778, 0.289, 1.139, 1.352
 393351979, 0.224, 1.137, 1.351
 393551741, 0.336, 1.136, 1.35
 393751790, 0.336, 1.135, 1.35
 393951730, 0.298, 1.133, 1.349
 394151727, 0.302, 1.132, 1.348
 394351765, 0.283, 1.131, 1.347
 394551713, 0.307, 1.129, 1.347
 394751737, 0.271, 1.128, 1.346
 394951778, 0.275, 1.127, 1.345
 395151966, 0.312, 1.126, 1.345
 395351697, 0.312, 1.125, 1.344
 395551783, 0.314, 1.124, 1.344
 395751719, 0.337, 1.123, 1.343
 395951698, 0.337, 1.123, 1.343
 396151938, 0.316, 1.122, 1.342
 396351758, 0.296, 1.121, 1.342
 396551728, 0.269, 1.12, 1.342
 396751801, 0.269, 1.119, 1.341
 396951960, 0.27, 1.118, 1.341
 397151749, 0.251, 1.117, 1.341
 397351769, 0.298, 1.116, 1.34
 397551736, 0.313, 1.115, 1.34
 397751726, 0.327, 1.114, 1.34
 397951769, 0.323, 1.113, 1.34
 398151734, 0.315, 1.113, 1.34
 398351717, 0.275, 1.112, 1.34
 398551790, 0.298, 1.111, 1.339
 398751986, 0.338, 1.11, 1.34
 398951724, 0.289, 1.11, 1.339
 399151815, 0.337, 1.109, 1.339
 399351722, 0.314, 1.109, 1.339
 399551720, 0.324, 1.108, 1.339
