TimeUS,gpSA,gpHA,gpVA
 41386810, 0.298, 1.252, 1.456
 41586767, 0.289, 1.251, 1.455
 41786780, 0.373, 1.251, 1.454
 41986840, 0.275, 1.25, 1.453
 42186782, 0.385, 1.249, 1.453
 42386795, 0.408, 1.249, 1.452
 42586799, 0.28, 1.248, 1.452
 42786824, 0.346, 1.248, 1.451
 42986795, 0.403, 1.247, 1.45
 43186790, 0.264, 1.246, 1.45
 43386771, 0.361, 1.245, 1.449
 43586893, 0.279, 1.245, 1.448
 43787420, 0.356, 1.244, 1.448
 43987230, 0.419, 1.243, 1.447
 44187251, 0.279, 1.243, 1.446
 44386830, 0.303, 1.242, 1.446
 44586999, 0.326, 1.241, 1.445
 44786771, 0.423, 1.241, 1.444
 44986761, 0.394, 1.24, 1.444
 45186711, 0.287, 1.24, 1.443
 45386690, 0.289, 1.24, 1.443
 45586727, 0.27, 1.239, 1.442
 45786715, 0.382, 1.239, 1.442
 45986720, 0.407, 1.238, 1.441
 46186718, 0.284, 1.238, 1.441
 46386729, 0.299, 1.238, 1.441
 46586691, 0.419, 1.238, 1.44
 46786705, 0.226, 1.237, 1.44
 46987422, 0.426, 1.237, 1.439
 47186691, 0.274, 1.237, 1.439
 47386696, 0.296, 1.236, 1.437
 47586695, 0.344, 1.235, 1.436
 47786735, 0.276, 1.235, 1.436
 47986746, 0.394, 1.235, 1.436
 48186719, 0.332, 1.235, 1.435
 48386703, 0.226, 1.234, 1.435
 48586690, 0.39, 1.234, 1.434
 48786743, 0.328, 1.233, 1.434
 48986690, 0.39, 1.233, 1.433
 49186747, 0.259, 1.232, 1.433
 49386756, 0.267, 1.232, 1.432
 49586741, 0.344, 1.231, 1.431
 49786765, 0.356, 1.23, 1.431
 49986780, 0.309, 1.229, 1.43
 50186732, 0.386, 1.229, 1.43
 50387104, 0.328, 1.229, 1.43
 50587110, 0.203, 1.229, 1.429
 50787091, 0.415, 1.229, 1.429
 50987109, 0.271, 1.229, 1.429
 51187094, 0.3, 1.229, 1.428
 51386775, 0.4, 1.229, 1.428
 51586763, 0.408, 1.229, 1.427
 51786795, 0.294, 1.229, 1.427
 51986881, 0.309, 1.229, 1.427
 52186759, 0.377, 1.229, 1.427
 52386751, 0.351, 1.229, 1.427
 52586765, 0.329, 1.23, 1.427
 52786771, 0.394, 1.23, 1.427
 52986837, 0.407, 1.23, 1.426
 53186764, 0.254, 1.231, 1.427
 53386783, 0.384, 1.231, 1.426
 53586816, 0.412, 1.232, 1.426
 53786758, 0.445, 1.233, 1.426
 54006831, 0.284, 1.234, 1.427
 54186781, 0.376, 1.234, 1.426
 54386788, 0.352, 1.235, 1.426
 54586778, 0.257, 1.235, 1.425
 54786793, 0.316, 1.236, 1.427
 54986784, 0.341, 1.237, 1.428
 55186783, 0.365, 1.239, 1.431
 55386817, 0.324, 1.24, 1.43
 55586747, 0.309, 1.24, 1.431
 55786754, 0.322, 1.241, 1.431
 55986774, 0.294, 1.241, 1.434
 56206771, 0.326, 1.242, 1.436
 56387124, 0.256, 1.243, 1.437
 56587119, 0.266, 1.243, 1.436
 56787132, 0.34, 1.246, 1.441
 56987193, 0.271, 1.249, 1.444
 57206753, 0.335, 1.253, 1.45
 57406809, 0.271, 1.257, 1.454
 57606797, 0.23, 1.257, 1.456
 57786788, 0.197, 1.252, 1.455
 57986795, 0.209, 1.249, 1.457
 58186781, 0.28, 1.25, 1.463
 58386753, 0.251, 1.251, 1.468
 58586785, 0.251, 1.252, 1.474
 58807369, 0.252, 1.254, 1.479
 58986799, 0.245, 1.255, 1.482
 59186781, 0.282, 1.258, 1.489
 59386743, 0.263, 1.261, 1.494
 59586770, 0.22, 1.262, 1.496
 59786782, 0.243, 1.263, 1.499
 59986780, 0.225, 1.26, 1.501
 60186746, 0.28, 1.26, 1.504
 60386875, 0.235, 1.258, 1.505
 60586798, 0.219, 1.258, 1.506
 60788396, 0.327, 1.258, 1.511
 60987167, 0.223, 1.26, 1.512
 61187182, 0.272, 1.261, 1.516
 61386995, 0.261, 1.263, 1.518
 61586842, 0.334, 1.265, 1.523
 61786846, 0.245, 1.267, 1.526
 61986864, 0.295, 1.268, 1.528
 62186849, 0.249, 1.27, 1.532
 62386839, 0.323, 1.273, 1.538
 62586993, 0.211, 1.273, 1.534
 62786839, 0.211, 1.268, 1.534
 62986854, 0.195, 1.263, 1.533
 63186858, 0.233, 1.262, 1.534
 63386836, 0.217, 1.262, 1.533
 63586844, 0.219, 1.261, 1.532
 63786856, 0.261, 1.258, 1.533
 63986860, 0.243, 1.256, 1.535
 64186843, 0.267, 1.254, 1.535
 64386985, 0.231, 1.253, 1.535
 64586971, 0.249, 1.253, 1.536
 64786848, 0.234, 1.253, 1.538
 64986847, 0.201, 1.251, 1.538
 65186841, 0.266, 1.249, 1.541
 65386846, 0.226, 1.246, 1.543
 65586965, 0.235, 1.244, 1.543
 65786802, 0.272, 1.246, 1.548
 65986841, 0.28, 1.249, 1.552
 66186846, 0.277, 1.253, 1.557
 66386848, 0.225, 1.255, 1.56
 66586825, 0.192, 1.254, 1.558
 66786831, 0.241, 1.253, 1.558
 66986923, 0.237, 1.252, 1.558
 67186938, 0.316, 1.254, 1.561
 67386916, 0.189, 1.251, 1.554
 67586905, 0.21, 1.244, 1.549
 67787413, 0.245, 1.243, 1.549
 67987645, 0.217, 1.242, 1.548
 68187352, 0.311, 1.245, 1.552
 68387373, 0.183, 1.246, 1.547
 68586922, 0.243, 1.245, 1.547
 68787052, 0.328, 1.249, 1.553
 68986953, 0.218, 1.248, 1.548
 69186930, 0.313, 1.247, 1.548
 69386939, 0.357, 1.248, 1.549
 69586941, 0.319, 1.25, 1.551
 69787106, 0.327, 1.25, 1.554
 69986943, 0.307, 1.25, 1.556
 70186922, 0.45, 1.252, 1.558
 70386935, 0.292, 1.253, 1.559
 70586905, 0.34, 1.253, 1.559
 70786933, 0.303, 1.253, 1.556
 70986945, 0.34, 1.253, 1.553
 71186925, 0.423, 1.254, 1.553
 71386938, 0.342, 1.254, 1.555
 71587069, 0.323, 1.25, 1.552
 71786911, 0.337, 1.248, 1.547
 71986939, 0.3, 1.245, 1.543
 72186917, 0.311, 1.246, 1.542
 72386921, 0.361, 1.246, 1.537
 72586927, 0.386, 1.246, 1.533
 72786943, 0.44, 1.247, 1.532
 72987062, 0.358, 1.248, 1.528
 73186997, 0.5420001, 1.253, 1.533
 73387065, 0.273, 1.255, 1.53
 73586918, 0.317, 1.253, 1.529
 73786920, 0.412, 1.255, 1.53
 73987068, 0.289, 1.258, 1.529
 74188416, 0.249, 1.26, 1.528
 74387361, 0.274, 1.26, 1.527
 74587365, 0.209, 1.259, 1.524
 74787412, 0.251, 1.257, 1.521
 74986943, 0.239, 1.255, 1.519
 75187076, 0.3, 1.255, 1.52
 75386943, 0.34, 1.257, 1.523
 75586959, 0.293, 1.259, 1.523
 75786940, 0.397, 1.26, 1.523
 75986951, 0.4, 1.26, 1.522
 76186925, 0.34, 1.26, 1.521
 76386928, 0.449, 1.262, 1.523
 76586919, 0.431, 1.266, 1.525
 76786943, 0.42, 1.269, 1.527
 76987074, 0.359, 1.273, 1.527
 77187480, 0.403, 1.276, 1.53
 77387385, 0.291, 1.279, 1.532
 77587316, 0.423, 1.282, 1.534
 77787354, 0.424, 1.285, 1.535
 77987431, 0.276, 1.286, 1.535
 78187612, 0.383, 1.288, 1.536
 78387427, 0.371, 1.287, 1.535
 78587379, 0.363, 1.285, 1.535
 78787075, 0.423, 1.285, 1.537
 78986941, 0.388, 1.285, 1.539
 79186921, 0.359, 1.286, 1.541
 79386945, 0.315, 1.285, 1.542
 79586944, 0.454, 1.286, 1.545
 79786911, 0.438, 1.288, 1.548
 79986962, 0.331, 1.289, 1.549
 80186941, 0.397, 1.292, 1.554
 80386951, 0.362, 1.296, 1.557
 80587050, 0.339, 1.298, 1.558
 80786921, 0.281, 1.298, 1.558
 80986926, 0.294, 1.295, 1.558
 81186909, 0.345, 1.295, 1.558
 81387066, 0.327, 1.293, 1.558
 81586919, 0.269, 1.291, 1.557
 81786914, 0.359, 1.293, 1.559
 81986940, 0.372, 1.293, 1.561
 82186946, 0.342, 1.295, 1.564
 82388745, 0.353, 1.295, 1.566
 82587375, 0.354, 1.294, 1.568
 82787380, 0.324, 1.292, 1.57
 82987387, 0.207, 1.287, 1.571
 83187365, 0.31, 1.286, 1.574
 83387422, 0.336, 1.284, 1.575
 83786949, 0.396, 1.279, 1.574
 83986947, 0.387, 1.277, 1.574
 84187097, 0.399, 1.276, 1.573
 84386927, 0.331, 1.275, 1.573
 84586946, 0.262, 1.274, 1.572
 84786917, 0.365, 1.273, 1.571
 84986960, 0.308, 1.273, 1.572
 85186941, 0.458, 1.275, 1.574
 85386956, 0.36, 1.277, 1.575
 85587137, 0.487, 1.28, 1.578
 85786947, 0.404, 1.284, 1.578
 85987090, 0.394, 1.286, 1.577
 86186959, 0.398, 1.288, 1.578
 86386927, 0.385, 1.29, 1.579
 86587062, 0.396, 1.291, 1.578
 86786918, 0.352, 1.292, 1.578
 86986947, 0.337, 1.293, 1.576
 87186932, 0.386, 1.295, 1.579
 87386937, 0.345, 1.297, 1.582
 87586912, 0.395, 1.299, 1.582
 87787066, 0.496, 1.302, 1.586
 87986939, 0.348, 1.303, 1.583
 88186913, 0.381, 1.304, 1.583
 88386922, 0.384, 1.306, 1.585
 88586921, 0.315, 1.309, 1.586
 88786907, 0.303, 1.311, 1.587
 88986960, 0.392, 1.313, 1.588
 89186943, 0.418, 1.315, 1.59
 89386930, 0.38, 1.319, 1.593
 89587057, 0.342, 1.321, 1.594
 89787029, 0.327, 1.323, 1.594
 89986938, 0.326, 1.324, 1.593
 90186908, 0.387, 1.324, 1.593
 90386929, 0.403, 1.325, 1.594
 90586899, 0.305, 1.321, 1.594
 90787032, 0.324, 1.319, 1.594
 90986927, 0.314, 1.316, 1.593
 91186928, 0.393, 1.317, 1.596
 91387057, 0.345, 1.322, 1.601
 91586896, 0.337, 1.325, 1.603
 91786930, 0.416, 1.327, 1.604
 91986932, 0.33, 1.327, 1.605
 92188392, 0.259, 1.325, 1.606
 92387354, 0.271, 1.323, 1.605
 92587389, 0.305, 1.32, 1.604
 92787382, 0.366, 1.319, 1.606
 92987432, 0.292, 1.315, 1.604
 93187061, 0.263, 1.312, 1.603
 93386943, 0.354, 1.311, 1.603
 93586950, 0.214, 1.307, 1.601
 93786939, 0.305, 1.305, 1.6
 93987070, 0.3, 1.302, 1.599
 94186934, 0.356, 1.3, 1.599
 94386922, 0.301, 1.298, 1.599
 94586933, 0.289, 1.296, 1.598
 94786947, 0.286, 1.293, 1.597
 94987134, 0.278, 1.291, 1.596
 95186931, 0.361, 1.29, 1.595
 95386934, 0.307, 1.287, 1.594
 95586924, 0.337, 1.285, 1.593
 95786920, 0.277, 1.283, 1.592
 95986938, 0.314, 1.281, 1.592
 96186904, 0.361, 1.28, 1.591
 96386922, 0.303, 1.278, 1.59
 96586931, 0.296, 1.275, 1.589
 96787052, 0.334, 1.275, 1.589
 96986934, 0.347, 1.273, 1.587
 97186931, 0.42, 1.273, 1.588
 97386929, 0.369, 1.273, 1.587
 97586912, 0.317, 1.271, 1.585
 97786914, 0.343, 1.27, 1.584
 97986929, 0.333, 1.269, 1.583
 98187040, 0.347, 1.268, 1.583
 98386930, 0.334, 1.267, 1.582
 98587037, 0.287, 1.263, 1.58
 98786922, 0.236, 1.258, 1.578
 98986933, 0.228, 1.257, 1.578
 99187056, 0.301, 1.258, 1.58
 99386927, 0.286, 1.261, 1.583
 99586927, 0.2, 1.259, 1.579
 99788397, 0.342, 1.261, 1.582
 99987438, 0.239, 1.261, 1.58
 100187388, 0.372, 1.262, 1.58
 100387497, 0.325, 1.261, 1.575
 100587362, 0.206, 1.258, 1.57
 100787357, 0.299, 1.259, 1.57
 100987382, 0.213, 1.258, 1.569
 101187354, 0.272, 1.259, 1.57
 101386938, 0.25, 1.26, 1.569
 101586927, 0.28, 1.26, 1.569
 101786927, 0.234, 1.259, 1.568
 101986963, 0.303, 1.26, 1.57
 102187064, 0.387, 1.264, 1.574
 102387049, 0.279, 1.266, 1.579
 102586917, 0.348, 1.269, 1.581
 102786933, 0.455, 1.273, 1.586
 102986900, 0.295, 1.274, 1.587
 103186931, 0.325, 1.273, 1.584
 103387061, 0.189, 1.269, 1.579
 103586934, 0.199, 1.264, 1.574
 103786908, 0.194, 1.26, 1.569
 103987132, 0.172, 1.254, 1.562
 104186929, 0.184, 1.25, 1.557
 104386932, 0.225, 1.245, 1.551
 104586908, 0.259, 1.239, 1.544
 104786904, 0.306, 1.235, 1.541
 104986931, 0.336, 1.233, 1.537
 105186909, 0.404, 1.233, 1.537
 105386925, 0.33, 1.23, 1.535
 105586931, 0.288, 1.226, 1.532
 105787078, 0.333, 1.223, 1.531
 105986930, 0.269, 1.222, 1.529
 106186912, 0.256, 1.221, 1.527
 106386912, 0.277, 1.219, 1.526
 106587039, 0.245, 1.216, 1.524
 106786951, 0.258, 1.215, 1.523
 106987391, 0.226, 1.212, 1.521
 107187385, 0.225, 1.21, 1.519
 107387387, 0.196, 1.206, 1.516
 107587742, 0.214, 1.201, 1.514
 107787289, 0.325, 1.202, 1.517
 107987383, 0.299, 1.203, 1.519
 108187292, 0.363, 1.203, 1.521
 108387352, 0.376, 1.205, 1.523
 108586928, 0.289, 1.207, 1.525
 108786942, 0.282, 1.209, 1.529
 108986915, 0.187, 1.207, 1.523
 109186943, 0.459, 1.211, 1.53
 109387093, 0.241, 1.211, 1.53
 109586933, 0.212, 1.206, 1.527
 109786918, 0.287, 1.204, 1.527
 109986927, 0.298, 1.201, 1.524
 110186919, 0.456, 1.206, 1.531
 110386941, 0.283, 1.209, 1.531
 110586924, 0.339, 1.209, 1.531
 110787045, 0.404, 1.211, 1.535
 110986948, 0.248, 1.214, 1.537
 111187089, 0.363, 1.217, 1.539
 111386916, 0.421, 1.22, 1.544
 111586902, 0.403, 1.223, 1.547
 111787070, 0.317, 1.225, 1.551
 111986930, 0.284, 1.228, 1.555
 112186919, 0.329, 1.23, 1.558
 112386931, 0.303, 1.231, 1.561
 112586960, 0.261, 1.23, 1.561
 112786911, 0.32, 1.231, 1.563
 112987110, 0.311, 1.232, 1.566
 113186919, 0.357, 1.235, 1.57
 113388406, 0.382, 1.238, 1.574
 113587281, 0.349, 1.239, 1.576
 113786929, 0.24, 1.236, 1.576
 114006926, 0.245, 1.232, 1.576
 114186910, 0.314, 1.231, 1.577
 114386910, 0.259, 1.231, 1.578
 114586929, 0.254, 1.23, 1.578
 114787517, 0.339, 1.23, 1.579
 114987503, 0.342, 1.231, 1.581
 115187368, 0.36, 1.232, 1.582
 115386929, 0.36, 1.234, 1.585
 115586936, 0.329, 1.236, 1.587
 115786935, 0.443, 1.239, 1.59
 115987106, 0.297, 1.239, 1.592
 116186931, 0.386, 1.24, 1.594
 116386936, 0.337, 1.242, 1.595
 116587102, 0.3, 1.243, 1.597
 116786940, 0.21, 1.243, 1.593
 116986948, 0.196, 1.241, 1.587
 117186948, 0.287, 1.24, 1.585
 117386934, 0.259, 1.238, 1.581
 117586951, 0.251, 1.232, 1.575
 117786933, 0.384, 1.231, 1.577
 117986935, 0.361, 1.23, 1.573
 118186904, 0.403, 1.231, 1.572
 118387092, 0.362, 1.232, 1.572
 118586910, 0.347, 1.232, 1.57
 118786918, 0.271, 1.233, 1.571
 118986940, 0.224, 1.233, 1.57
 119187046, 0.265, 1.234, 1.572
 119386918, 0.224, 1.235, 1.571
 119586918, 0.362, 1.237, 1.572
 119806936, 0.385, 1.238, 1.572
 119986945, 0.313, 1.237, 1.571
 120187135, 0.417, 1.238, 1.575
 120386909, 0.426, 1.241, 1.577
 120586916, 0.421, 1.243, 1.579
 120786921, 0.437, 1.246, 1.583
 120986931, 0.402, 1.248, 1.585
 121186910, 0.231, 1.251, 1.588
 121386924, 0.292, 1.254, 1.59
 121586928, 0.284, 1.253, 1.59
 121786928, 0.307, 1.251, 1.589
 121987101, 0.31, 1.248, 1.585
 122186916, 0.323, 1.248, 1.585
 122386920, 0.317, 1.25, 1.587
 122586913, 0.418, 1.252, 1.586
 122786924, 0.353, 1.252, 1.586
 122986933, 0.38, 1.252, 1.586
 123186919, 0.404, 1.253, 1.586
 123387040, 0.43, 1.253, 1.588
 123586965, 0.41, 1.254, 1.589
 123787050, 0.332, 1.256, 1.591
 123986946, 0.272, 1.256, 1.59
 124186930, 0.302, 1.254, 1.588
 124387058, 0.351, 1.252, 1.582
 124586921, 0.289, 1.247, 1.575
 124786921, 0.365, 1.244, 1.572
 124988433, 0.306, 1.24, 1.567
 125187396, 0.382, 1.239, 1.566
 125387385, 0.242, 1.236, 1.562
 125587071, 0.287, 1.234, 1.559
 125786932, 0.267, 1.235, 1.559
 125986952, 0.28, 1.235, 1.556
 126186955, 0.256, 1.232, 1.553
 126386933, 0.4, 1.235, 1.557
 126586935, 0.267, 1.234, 1.556
 126786936, 0.399, 1.236, 1.558
 126986955, 0.272, 1.236, 1.557
 127186929, 0.272, 1.236, 1.555
 127387089, 0.288, 1.236, 1.554
 127587058, 0.27, 1.236, 1.551
 127786931, 0.267, 1.235, 1.549
 127986952, 0.244, 1.232, 1.544
 128186932, 0.33, 1.232, 1.546
 128386925, 0.239, 1.23, 1.543
 128587052, 0.307, 1.23, 1.543
 128786935, 0.352, 1.232, 1.547
 128986943, 0.343, 1.236, 1.551
 129187084, 0.343, 1.239, 1.556
 129386927, 0.379, 1.244, 1.56
 129586910, 0.35, 1.247, 1.564
 129786912, 0.345, 1.25, 1.568
 129986935, 0.318, 1.252, 1.573
 130186924, 0.314, 1.253, 1.575
 130386905, 0.259, 1.253, 1.572
 130586908, 0.221, 1.249, 1.565
 130807020, 0.323, 1.247, 1.564
 130987072, 0.274, 1.243, 1.56
 131188396, 0.331, 1.245, 1.561
 131387402, 0.289, 1.249, 1.562
 131587291, 0.328, 1.253, 1.564
 131787502, 0.311, 1.257, 1.567
 131987388, 0.254, 1.258, 1.568
 132187405, 0.288, 1.259, 1.57
 132387399, 0.291, 1.261, 1.573
 132587419, 0.269, 1.261, 1.574
 132787725, 0.277, 1.261, 1.575
 132987392, 0.283, 1.261, 1.577
 133187370, 0.322, 1.263, 1.581
 133387365, 0.293, 1.266, 1.585
 133586910, 0.224, 1.265, 1.586
 133786937, 0.293, 1.266, 1.59
 133986954, 0.247, 1.266, 1.591
 134206910, 0.294, 1.266, 1.593
 134386947, 0.218, 1.264, 1.592
 134587063, 0.252, 1.263, 1.592
 134786912, 0.217, 1.261, 1.588
 134986946, 0.205, 1.255, 1.583
 135186942, 0.273, 1.254, 1.583
 135386903, 0.287, 1.255, 1.585
 135586930, 0.25, 1.253, 1.585
 135786912, 0.268, 1.253, 1.582
 135987063, 0.244, 1.25, 1.578
 136186909, 0.285, 1.249, 1.577
 136387064, 0.31, 1.252, 1.577
 136586921, 0.305, 1.255, 1.577
 136786899, 0.333, 1.259, 1.58
 136987070, 0.294, 1.262, 1.582
 137186924, 0.31, 1.266, 1.583
 137386921, 0.291, 1.268, 1.584
 137586924, 0.292, 1.27, 1.584
 137786915, 0.282, 1.271, 1.584
 137986941, 0.273, 1.273, 1.583
 138187057, 0.305, 1.275, 1.583
 138386928, 0.297, 1.278, 1.582
 138586907, 0.242, 1.277, 1.58
 138786907, 0.345, 1.279, 1.581
 138986919, 0.282, 1.281, 1.581
 139186927, 0.345, 1.282, 1.582
 139386903, 0.281, 1.282, 1.581
 139586920, 0.286, 1.279, 1.578
 139786925, 0.294, 1.279, 1.578
 140006942, 0.335, 1.28, 1.579
 140187485, 0.376, 1.283, 1.582
 140387257, 0.349, 1.288, 1.585
 140587359, 0.313, 1.291, 1.587
 140787369, 0.309, 1.295, 1.588
 140987404, 0.278, 1.297, 1.586
 141187632, 0.267, 1.297, 1.583
 141387249, 0.26, 1.296, 1.579
 141587248, 0.252, 1.294, 1.577
 141787397, 0.275, 1.293, 1.578
 141987208, 0.301, 1.293, 1.581
 142187160, 0.352, 1.295, 1.584
 142387157, 0.325, 1.296, 1.587
 142587140, 0.309, 1.297, 1.59
 142787154, 0.306, 1.295, 1.591
 143006825, 0.279, 1.295, 1.591
 143186824, 0.367, 1.299, 1.597
 143386849, 0.252, 1.298, 1.596
 143586992, 0.264, 1.297, 1.596
 143786833, 0.386, 1.3, 1.603
 144006833, 0.168, 1.294, 1.586
 144207172, 0.242, 1.29, 1.584
 144387052, 0.212, 1.285, 1.582
 144586921, 0.197, 1.281, 1.577
 144786939, 0.288, 1.282, 1.58
 144986940, 0.158, 1.282, 1.573
 145186931, 0.198, 1.276, 1.57
 145387113, 0.153, 1.267, 1.561
 145586922, 0.164, 1.256, 1.553
 145787270, 0.249, 1.252, 1.549
 145986961, 0.32, 1.25, 1.543
 146186936, 0.319, 1.246, 1.54
 146386945, 0.243, 1.238, 1.537
 146607186, 0.385, 1.238, 1.538
 146806938, 0.356, 1.237, 1.539
 146986957, 0.295, 1.234, 1.54
 147187066, 0.242, 1.228, 1.539
 147386934, 0.228, 1.222, 1.539
 147586924, 0.256, 1.218, 1.538
 147806920, 0.267, 1.217, 1.538
 148006963, 0.185, 1.209, 1.527
 148186931, 0.311, 1.208, 1.527
 148387257, 0.245, 1.207, 1.526
 148587480, 0.203, 1.205, 1.523
 148787290, 0.256, 1.203, 1.522
 148987463, 0.235, 1.201, 1.521
 149187260, 0.298, 1.201, 1.521
 149387263, 0.225, 1.197, 1.518
 149587080, 0.299, 1.196, 1.516
 149786918, 0.242, 1.195, 1.512
 149986963, 0.267, 1.193, 1.509
 150186933, 0.278, 1.191, 1.505
 150386929, 0.264, 1.19, 1.502
 150586933, 0.249, 1.187, 1.497
 150787071, 0.264, 1.184, 1.493
 150986911, 0.261, 1.182, 1.488
 151186930, 0.272, 1.18, 1.486
 151386936, 0.254, 1.18, 1.485
 151586928, 0.215, 1.177, 1.483
 151786926, 0.255, 1.176, 1.482
 151986947, 0.227, 1.175, 1.48
 152186941, 0.254, 1.174, 1.478
 152386936, 0.239, 1.173, 1.478
 152587066, 0.288, 1.173, 1.478
 152787053, 0.277, 1.174, 1.48
 153066927, 0.28, 1.528, 1.641
 153207352, 0.276, 1.522, 1.635
 153407236, 0.311, 1.516, 1.629
 153607171, 0.333, 1.512, 1.626
 153807177, 0.372, 1.51, 1.626
 154007204, 0.36, 1.507, 1.624
 154207500, 0.363, 1.503, 1.621
 154406962, 0.34, 1.498, 1.618
 154606897, 0.335, 1.491, 1.615
 154806931, 0.349, 1.484, 1.612
 155026950, 0.298, 1.477, 1.609
 155187256, 0.351, 1.473, 1.609
 155387272, 0.286, 1.469, 1.607
 155586941, 0.233, 1.461, 1.601
 155806913, 0.315, 1.457, 1.601
 155986970, 0.24, 1.451, 1.599
 156206939, 0.279, 1.447, 1.599
 156407211, 0.227, 1.441, 1.598
 156607397, 0.331, 1.438, 1.598
 156807184, 0.232, 1.432, 1.595
 157007203, 0.209, 1.427, 1.594
 157207350, 0.208, 1.424, 1.594
 157386934, 0.235, 1.421, 1.594
 157607178, 0.216, 1.42, 1.593
 157807509, 0.22, 1.418, 1.594
 157987132, 0.222, 1.417, 1.594
 158207193, 0.226, 1.414, 1.593
 158386943, 0.308, 1.412, 1.592
 158586932, 0.311, 1.408, 1.591
 158786939, 0.306, 1.402, 1.589
 158986935, 0.321, 1.395, 1.587
 159206936, 0.326, 1.389, 1.585
 159386924, 0.315, 1.383, 1.583
 159586916, 0.332, 1.377, 1.58
 159787081, 0.361, 1.373, 1.578
 159986937, 0.366, 1.37, 1.579
 160186912, 0.394, 1.369, 1.58
 160386916, 0.368, 1.368, 1.579
 160586930, 0.387, 1.367, 1.578
 160786939, 0.37, 1.365, 1.578
 160986955, 0.382, 1.363, 1.578
 161187053, 0.368, 1.361, 1.578
 161386937, 0.363, 1.358, 1.578
 161587069, 0.362, 1.355, 1.578
 161786929, 0.456, 1.355, 1.58
 161986932, 0.352, 1.352, 1.575
 162187061, 0.4, 1.351, 1.577
 162386925, 0.354, 1.349, 1.577
 162586926, 0.349, 1.348, 1.579
 162787279, 0.364, 1.346, 1.581
 162987373, 0.379, 1.345, 1.583
 163207074, 0.36, 1.343, 1.582
 163387453, 0.37, 1.341, 1.58
 163586942, 0.325, 1.337, 1.575
 163786935, 0.353, 1.333, 1.572
 163986956, 0.297, 1.329, 1.568
 164186936, 0.309, 1.323, 1.565
 164386942, 0.343, 1.321, 1.565
 164586939, 0.359, 1.319, 1.566
 164786929, 0.338, 1.316, 1.566
 165007089, 0.366, 1.315, 1.567
 165206924, 0.333, 1.314, 1.568
 165406968, 0.24, 1.305, 1.565
 165606892, 0.338, 1.3, 1.561
 165786953, 0.276, 1.295, 1.556
 166006917, 0.342, 1.291, 1.553
 166186945, 0.363, 1.29, 1.553
 166406952, 0.368, 1.291, 1.554
 166606931, 0.322, 1.29, 1.554
 166807108, 0.332, 1.289, 1.555
 167006943, 0.324, 1.287, 1.554
 167207172, 0.369, 1.286, 1.555
 167407261, 0.324, 1.283, 1.553
 167607191, 0.352, 1.281, 1.553
 167786934, 0.442, 1.281, 1.554
 168007187, 0.372, 1.281, 1.555
 168206947, 0.367, 1.28, 1.553
 168386929, 0.34, 1.279, 1.552
 168607065, 0.308, 1.274, 1.55
 168787462, 0.348, 1.272, 1.547
 168987285, 0.266, 1.267, 1.545
 169206916, 0.292, 1.264, 1.544
 169386946, 0.364, 1.264, 1.544
 169587061, 0.298, 1.262, 1.543
 169786919, 0.348, 1.261, 1.543
 170007066, 0.303, 1.26, 1.542
 170186925, 0.307, 1.258, 1.543
 170386935, 0.303, 1.257, 1.541
 170587126, 0.311, 1.257, 1.539
 170786934, 0.294, 1.255, 1.534
 170986958, 0.32, 1.254, 1.532
 171186916, 0.285, 1.252, 1.533
 171386924, 0.379, 1.253, 1.533
 171586937, 0.354, 1.255, 1.535
 171807184, 0.29, 1.255, 1.537
 171986958, 0.293, 1.254, 1.538
 172186923, 0.288, 1.252, 1.54
 172387061, 0.341, 1.253, 1.546
 172586938, 0.277, 1.252, 1.543
 172807190, 0.2, 1.252, 1.54
 173007236, 0.267, 1.249, 1.539
 173186937, 0.239, 1.247, 1.539
 173386919, 0.33, 1.246, 1.539
 173586933, 0.311, 1.246, 1.54
 173787052, 0.377, 1.246, 1.541
 174007098, 0.425, 1.247, 1.541
 174207065, 0.502, 1.25, 1.545
 174386938, 0.406, 1.254, 1.549
 174586952, 0.387, 1.255, 1.549
 174787066, 0.427, 1.258, 1.551
 174986949, 0.332, 1.258, 1.548
 175186938, 0.244, 1.258, 1.552
 175406959, 0.385, 1.263, 1.556
 175606952, 0.395, 1.268, 1.558
 175807075, 0.313, 1.27, 1.558
 176006969, 0.279, 1.272, 1.559
 176186931, 0.297, 1.273, 1.56
 176406975, 0.309, 1.276, 1.56
 176606920, 0.343, 1.275, 1.558
 176806938, 0.375, 1.277, 1.559
 177006949, 0.569, 1.282, 1.562
 177206903, 0.563, 1.288, 1.568
 177386925, 0.503, 1.293, 1.572
 177586943, 0.518, 1.298, 1.578
 177806889, 0.404, 1.301, 1.582
 178006909, 0.451, 1.304, 1.586
 178207159, 0.428, 1.306, 1.586
 178407400, 0.426, 1.307, 1.589
 178587009, 0.447, 1.309, 1.589
 178786938, 0.395, 1.311, 1.588
 179007173, 0.345, 1.309, 1.581
 179207176, 0.373, 1.307, 1.579
 179407544, 0.36, 1.307, 1.578
 179607165, 0.38, 1.308, 1.576
 179807180, 0.272, 1.309, 1.576
 180007229, 0.323, 1.308, 1.577
 180207206, 0.306, 1.308, 1.579
 180406989, 0.317, 1.31, 1.583
 180606938, 0.458, 1.312, 1.585
 180806946, 0.335, 1.313, 1.583
 180986951, 0.452, 1.313, 1.581
 181186910, 0.454, 1.313, 1.581
 181387056, 0.462, 1.314, 1.581
 181586925, 0.464, 1.316, 1.582
 181786905, 0.377, 1.318, 1.585
 181986942, 0.322, 1.319, 1.583
 182187044, 0.42, 1.32, 1.584
 182387264, 0.259, 1.322, 1.587
 182587259, 0.586, 1.325, 1.593
 182787257, 0.617, 1.332, 1.6
 182987364, 0.5190001, 1.338, 1.606
 183206924, 0.587, 1.345, 1.616
 183386927, 0.559, 1.354, 1.627
 183586980, 0.504, 1.364, 1.64
 183786937, 0.692, 1.376, 1.653
 183986942, 0.526, 1.388, 1.668
 184206915, 0.5840001, 1.401, 1.683
 184386949, 0.663, 1.413, 1.698
 184586929, 0.619, 1.424, 1.712
 184786944, 0.588, 1.435, 1.728
 184987108, 0.516, 1.447, 1.743
 185186926, 0.6020001, 1.458, 1.759
 185386940, 0.68, 1.47, 1.775
 185586935, 0.588, 1.482, 1.79
 185806889, 0.551, 1.494, 1.804
 186006947, 0.687, 1.505, 1.819
 186206944, 0.6620001, 1.516, 1.834
 186387067, 0.61, 1.527, 1.849
 186586928, 0.522, 1.538, 1.864
 186787064, 0.541, 1.549, 1.878
 186986940, 0.5470001, 1.559, 1.892
 187186898, 0.684, 1.569, 1.905
 187387050, 0.558, 1.578, 1.918
 187586909, 0.523, 1.588, 1.93
 187786926, 0.536, 1.597, 1.944
 187986938, 0.596, 1.607, 1.957
 188186945, 0.438, 1.616, 1.969
 188386936, 0.535, 1.624, 1.981
 188587071, 0.485, 1.632, 1.992
 188786923, 0.518, 1.64, 2.003
 188986946, 0.524, 1.648, 2.014
 189186920, 0.663, 1.655, 2.025
 189386923, 0.642, 1.662, 2.035
 189586936, 0.567, 1.67, 2.045
 189786917, 0.5100001, 1.677, 2.056
 189986951, 0.535, 1.684, 2.066
 190186915, 0.655, 1.691, 2.076
 190387072, 0.529, 1.698, 2.086
 190587084, 0.522, 1.705, 2.096
 190786940, 0.605, 1.711, 2.106
 190986981, 0.6020001, 1.718, 2.115
 191186918, 0.655, 1.724, 2.125
 191387270, 0.6160001, 1.731, 2.134
 191587276, 0.546, 1.737, 2.143
 191787257, 0.497, 1.743, 2.152
 191987379, 0.5190001, 1.749, 2.161
 192187077, 0.673, 1.755, 2.169
 192386914, 0.6670001, 1.76, 2.177
 192586941, 0.6670001, 1.766, 2.184
 192786977, 0.434, 1.771, 2.192
 192986943, 0.643, 1.777, 2.2
 193186933, 0.6390001, 1.782, 2.208
 193406955, 0.626, 1.787, 2.215
 193586923, 0.671, 1.792, 2.223
 193786937, 0.513, 1.798, 2.231
 193987088, 0.651, 1.803, 2.239
 194206944, 0.5190001, 1.808, 2.246
 194386925, 0.594, 1.813, 2.253
 194586959, 0.627, 1.818, 2.26
 194787088, 0.603, 1.823, 2.266
 195006941, 0.587, 1.828, 2.273
 195207083, 0.509, 1.832, 2.279
 195386922, 0.668, 1.836, 2.285
 195607047, 0.569, 1.841, 2.292
 195787470, 0.583, 1.845, 2.3
 196006937, 0.498, 1.85, 2.305
 196206917, 0.548, 1.854, 2.312
 196406917, 0.515, 1.857, 2.318
 196587442, 0.3, 1.844, 2.302
 196806885, 0.363, 1.832, 2.291
 196987259, 0.357, 1.821, 2.279
 197206902, 0.361, 1.81, 2.267
 197407053, 0.376, 1.798, 2.254
 197606905, 0.359, 1.787, 2.243
 197786920, 0.402, 1.779, 2.24
 197986924, 0.334, 1.769, 2.23
 198206866, 0.393, 1.758, 2.219
 198386868, 0.331, 1.747, 2.209
 198586880, 0.301, 1.736, 2.201
 198786860, 0.308, 1.726, 2.192
 198987037, 0.307, 1.715, 2.183
 199206976, 0.488, 1.71, 2.183
 199387003, 0.327, 1.703, 2.177
 199586838, 0.363, 1.693, 2.169
 199786869, 0.404, 1.685, 2.163
 199987221, 0.258, 1.675, 2.155
 200206839, 0.337, 1.666, 2.148
 200406886, 0.344, 1.659, 2.142
 200586888, 0.324, 1.65, 2.136
 200786873, 0.277, 1.641, 2.13
 200986924, 0.363, 1.633, 2.125
 201206865, 0.415, 1.626, 2.12
 201386779, 0.333, 1.617, 2.114
 201586765, 0.302, 1.611, 2.11
 201786798, 0.352, 1.604, 2.106
 201986805, 0.344, 1.6, 2.103
 202187143, 0.374, 1.593, 2.098
 202387170, 0.375, 1.587, 2.094
 202586826, 0.36, 1.581, 2.091
 202786826, 0.31, 1.576, 2.089
 202986972, 0.422, 1.57, 2.085
 203186970, 0.325, 1.566, 2.085
 203386799, 0.353, 1.563, 2.085
 203586797, 0.447, 1.56, 2.086
 203786872, 0.377, 1.559, 2.085
 203986814, 0.46, 1.559, 2.083
 204186773, 0.293, 1.559, 2.081
 204407108, 0.417, 1.556, 2.078
 204586809, 0.393, 1.554, 2.077
 204786942, 0.472, 1.555, 2.079
 204986814, 0.491, 1.557, 2.077
 205186848, 0.496, 1.56, 2.074
 205386792, 0.517, 1.565, 2.074
 205606811, 0.592, 1.57, 2.075
 205806789, 0.534, 1.576, 2.078
 206006825, 0.623, 1.584, 2.074
 206206805, 0.684, 1.594, 2.075
 206406970, 0.6900001, 1.606, 2.08
 206606801, 0.503, 1.618, 2.086
 206806799, 0.62, 1.63, 2.093
 207006805, 0.645, 1.641, 2.1
 207207075, 0.671, 1.652, 2.107
 207386937, 0.627, 1.662, 2.116
 207606813, 0.661, 1.673, 2.125
 207786798, 0.717, 1.684, 2.135
 208006830, 0.701, 1.694, 2.146
 208186828, 0.509, 1.704, 2.156
 208386956, 0.563, 1.713, 2.167
