TimeUS,CAN,CAE,CAD,CAe
 1900906, 0, 0, 0, 0
 1940890, -0.008596797, -0.009840873, -0.009979006, 0.3572391
 2040850, -0.000683966, -0.000770737, -0.0006797931, 0.01859007
 2140810, -0.0005580046, -0.0005808945, -0.0009233118, 0.01859007
 2240770, -0.0004127045, -0.0005742786, -0.001003179, 0.01859007
 2340730, -0.0003781361, -0.0003366835, -0.001029613, 0.01859007
 2440690, -0.0002829468, -0.0001488631, -0.001130872, 0.01859007
 2540650, -0.0001297487, -0.0002259269, -0.0009144176, 0.01859007
 2640610, -0.0002863307, -0.0001124871, -0.001061873, 0.01859007
 2740570, -0.0001989641, -0.0001775674, -0.001058403, 0.01859007
 2840530, -0.0002386546, 9.875826E-06, -0.001012988, 0.01859007
 2940490, -0.0002322835, -3.565142E-05, -0.001048813, 0.01859007
 3040450, -0.0002515618, -4.669258E-05, -0.0009208713, 0.01859007
 3140410, -0.0001235728, 0.0001568105, -0.0008023675, 0.01859007
 3240370, -0.000208512, 6.545273E-05, -0.0008477157, 0.01859937
 3340330, -5.009122E-05, 0.0001344704, -0.0009109667, 0.01859937
 3440290, -1.728416E-05, 4.056585E-05, -0.0007941502, 0.01859937
 3540250, -9.774975E-05, 0.0002153619, -0.0008693364, 0.01859937
 3640210, -0.0001012565, -3.393849E-05, -0.000874017, 0.01859937
 3740170, -6.378624E-05, 5.749457E-05, -0.001024447, 0.01859937
 3840963, -5.87756E-05, 6.374445E-05, -0.0009802198, 0.01875436
 3940923, -0.0001337899, 2.406721E-05, -0.001017421, 0.01859937
 4040883, -0.0001955183, 3.812335E-05, -0.0008993269, 0.01859937
 4140843, -9.449072E-06, -6.003785E-05, -0.001132722, 0.01859937
 4240803, -0.0001036252, 0.0001307419, -0.00106521, 0.01859007
 4340763, 9.909093E-05, 8.582932E-05, -0.001040719, 0.01859007
 4440723, -2.807134E-05, 5.950821E-05, -0.001023074, 0.01859007
 4540683, 3.742971E-07, -3.958411E-05, -0.001063103, 0.01859007
 4640643, -6.936335E-05, 2.644554E-05, -0.000821033, 0.01859007
 4740603, -7.404562E-05, 0.0001183094, -0.001037078, 0.01859007
 4840563, 7.436646E-05, 0.0001354383, -0.0009369344, 0.01859007
 4940523, -8.299637E-05, 1.202022E-05, -0.001062197, 0.01859007
 5040483, -5.318461E-05, 0.000149204, -0.0009842272, 0.01859007
 5140443, -2.598904E-05, 7.333558E-05, -0.0008585451, 0.01859007
 5240403, 4.097634E-05, 0.0001602372, -0.001094266, 0.01859007
 5340363, -2.477368E-05, 5.802285E-06, -0.0009776495, 0.01859007
 5440323, -1.820776E-05, 4.038413E-05, -0.0009483644, 0.01859007
 5540283, 5.08087E-05, 0.0001548575, -0.0009148751, 0.01859007
 5640243, -0.0001012506, 0.0001038945, -0.0008581732, 0.01859007
 5740203, -8.985219E-05, 7.118174E-05, -0.001030328, 0.01859007
 5840163, -4.222652E-05, 0.0003020092, -0.0009907001, 0.01859007
 5940956, -0.0001178955, 2.679684E-06, -0.001170212, 0.01874498
 6040916, 0.0001030881, 3.684238E-05, -0.001008365, 0.01859007
 6140876, -5.508718E-05, 0.0001749143, -0.001076668, 0.01859007
 6240836, -5.383607E-05, 8.883818E-05, -0.001084685, 0.01859937
 6340796, -4.996351E-05, 0.000155676, -0.001009327, 0.01859937
 6440756, -5.661484E-06, 6.899158E-05, -0.001029909, 0.01859937
 6540716, -0.0001040401, 8.78052E-06, -0.0009752091, 0.01859937
 6640676, -6.891642E-07, -4.728974E-05, -0.0008999943, 0.01859937
 6740636, -5.352593E-05, 0.0001432928, -0.0009032736, 0.01859937
 6840596, -1.684185E-05, 5.303219E-05, -0.001076191, 0.01859937
 6940556, 6.793132E-05, 0.0001711375, -0.001053579, 0.01859937
 7040516, -9.093914E-05, 0.0001078705, -0.0008778874, 0.01859937
 7140476, -1.595321E-05, 0.0001232504, -0.0008765623, 0.01859937
 7240436, -0.0001880758, 8.134306E-05, -0.000929756, 0.01859007
 7340396, -3.841078E-05, 0.0002379695, -0.001017621, 0.01859007
 7440356, 7.769674E-05, 3.643559E-05, -0.0009829212, 0.01859007
 7540316, -9.109013E-05, 0.0001391198, -0.0009965914, 0.01859007
 7640276, 2.519386E-05, 0.0001399705, -0.0009178685, 0.01859007
 7740236, -0.0001180544, 0.0001632687, -0.0009765531, 0.01859007
 7840196, -0.0001139439, 6.403094E-05, -0.0008614145, 0.01859007
 7940156, -0.0001413757, 7.929932E-05, -0.001082521, 0.01859007
 8040949, -7.861937E-05, 2.760125E-05, -0.0008453332, 0.01874498
 8140909, -0.0001319086, -6.580095E-05, -0.001023827, 0.01859007
 8240869, -4.237121E-06, 3.856899E-05, -0.0009620822, 0.01859937
 8340829, 8.662832E-05, 3.829547E-05, -0.0009455903, 0.01859937
 8440789, 4.912793E-05, -6.005598E-05, -0.0009063622, 0.01859937
 8540749, -4.449012E-05, 6.240548E-05, -0.0009302804, 0.01859937
 8640709, -3.484918E-05, 0.0002150753, -0.0009366674, 0.01859937
 8740669, -0.0001838185, 0.0002017697, -0.001014666, 0.01859937
 8840629, -2.328871E-05, 0.0001105393, -0.0008964289, 0.01859937
 8940589, -0.000145301, 0.000310249, -0.001010881, 0.01859937
 9040549, -9.22769E-05, 0.000191301, -0.0008982878, 0.01859937
 9140509, -7.467976E-05, 0.0002074277, -0.0009462576, 0.01859937
 9240469, -2.995532E-05, 0.0001968422, -0.000971596, 0.01859007
 9340429, -4.651435E-05, 0.0001910708, -0.0009752949, 0.01859007
 9440389, -0.0001292201, 0.0002395716, -0.0009190506, 0.01859007
 9540349, -0.0001631256, 0.0002708294, -0.0009575159, 0.01859007
 9640309, -6.295598E-05, 0.0001286915, -0.0009939031, 0.01859007
 9740269, 1.841783E-05, 0.0002379398, -0.0009597181, 0.01859007
 9840229, -0.0001626728, 3.511343E-05, -0.001080357, 0.01859007
 9940189, -4.690225E-05, 0.000142954, -0.0009225015, 0.01859007
 10040149, -3.121779E-05, 0.0001675184, -0.0008371341, 0.01859007
 10140942, -0.0001266203, 0.0001328477, -0.0009280739, 0.01874498
 10240902, -6.504558E-05, 5.57602E-05, -0.0009620822, 0.01859007
 10340862, -0.0001907316, 0.0002197395, -0.0009231498, 0.01859007
 10440822, 2.684454E-05, 0.000177644, -0.0009613005, 0.01859007
 10540782, -6.183395E-05, 0.0002831036, -0.000938412, 0.01859007
 10640742, 2.457605E-05, 0.0001248851, -0.001018412, 0.01859007
 10740702, -0.0001477175, 0.0001682786, -0.001022006, 0.01859007
 10840662, 1.57606E-05, 0.0002347587, -0.000912654, 0.01859007
 10940622, 0.0001125087, 0.0001452991, -0.001018546, 0.01859007
 11040582, -3.818656E-05, 6.282778E-05, -0.0008042646, 0.01859007
 11140542, -0.0001185459, 0.0002430385, -0.001002807, 0.01859007
 11240502, -7.110935E-05, 6.296075E-05, -0.0009830642, 0.01859937
 11340462, -0.0001005823, 0.0001161646, -0.000940576, 0.01859937
 11440422, -0.0001275148, 0.0001026832, -0.0009893845, 0.01859937
 11540382, 8.713308E-05, -1.318358E-05, -0.001031234, 0.01859937
 11640342, -0.0002539325, 0.0001675379, -0.00110235, 0.01859937
 11740302, 1.593457E-05, 8.119447E-05, -0.0009797562, 0.01859937
 11840262, -0.0001136297, 6.723437E-05, -0.0009317293, 0.01859937
 11940222, -7.936445E-05, 0.0001782306, -0.001056258, 0.01859937
 12040182, -4.317252E-05, 0.0001121832, -0.0008926825, 0.01859937
 12140975, 6.715298E-06, 0.0003340546, -0.0009384882, 0.01859937
 12240935, -0.0001036645, 2.816375E-05, -0.0009774072, 0.01874498
 12340895, -2.001519E-05, 0.0002480308, -0.001038069, 0.01859007
 12440855, -8.858118E-05, 0.0002403091, -0.0008897082, 0.01859007
 12540815, -2.394957E-05, 0.0001364633, -0.0009695656, 0.01859007
 12640775, -5.728891E-05, 4.897852E-05, -0.0008941982, 0.01859007
 12740735, -0.0001372107, 3.819788E-05, -0.001028317, 0.01859007
 12840695, 5.834625E-05, 0.0001140034, -0.001035457, 0.01859007
 12940655, -6.564562E-05, 0.0001426687, -0.0008913765, 0.01859007
 13040615, -0.0001710673, 2.892069E-05, -0.0009521012, 0.01859007
 13140575, -9.086201E-05, 0.0001508144, -0.0009079733, 0.01859007
 13240535, -0.0001048346, 0.0001817197, -0.0009587648, 0.01859937
 13340495, -0.0001314815, 0.0001135386, -0.0009112526, 0.01859937
 13440455, -7.798762E-05, 0.0002250633, -0.0009489172, 0.01859937
 13540415, 3.788786E-05, 0.0002173633, -0.0009683167, 0.01859937
 13640375, -0.0001716066, 0.000233119, -0.0008696796, 0.01859937
 13740335, 3.90793E-05, 0.000214055, -0.001028803, 0.01859937
 13840295, -0.0001197643, 7.244827E-05, -0.00105315, 0.01859937
 13940255, -0.0001407933, 5.69711E-05, -0.001012159, 0.01859937
 14040215, -0.0001979829, 7.523644E-05, -0.0009488219, 0.01859937
 14140175, -0.0002392591, 0.0003152782, -0.0009297847, 0.01859937
 14240968, -0.000103478, 0.0001531651, -0.0008635415, 0.01874498
 14340928, -0.0002362835, 0.0002823363, -0.0009374968, 0.01859007
 14440888, 9.579475E-06, 0.0002031241, -0.0009517675, 0.01859007
 14540848, -0.0001513834, 0.0003287867, -0.0009436264, 0.01859007
 14640808, 2.049289E-05, 0.0003125159, -0.001071835, 0.01859007
 14740768, 5.426327E-05, -3.183224E-06, -0.001016372, 0.01859007
 14840728, -1.634933E-05, 0.0001753251, -0.0008855709, 0.01859007
 14940688, -0.0001017045, 6.113888E-05, -0.0009978021, 0.01859007
 15040648, -0.0002102214, 0.0001860382, -0.001158003, 0.01859007
 15140608, -4.041535E-05, 0.0001280743, -0.0009941225, 0.01859007
 15240568, -8.575352E-05, 0.0002484203, -0.001125715, 0.01859007
 15340528, -3.764647E-05, 0.0002899207, -0.0009422537, 0.01859007
 15440488, -9.683109E-05, 0.0001893011, -0.001113894, 0.01859007
 15540448, -9.271519E-05, 5.309152E-05, -0.0009015767, 0.01859007
 15640408, -1.710232E-05, 0.0002068528, -0.0009237598, 0.01859007
 15740368, 7.769201E-05, 0.0001424878, -0.0009672967, 0.01859007
 15840328, -1.937021E-05, 0.0001943168, -0.0009179829, 0.01859007
 15940288, -2.007525E-05, 0.0001678249, -0.001026716, 0.01859007
 16040248, -7.616055E-05, 0.0001958399, -0.001047964, 0.01859007
 16140208, -9.688546E-05, 9.651404E-05, -0.0009387837, 0.01859007
 16240168, -0.000201115, 0.0002311127, -0.0009635884, 0.01859937
 16340961, -4.594468E-06, 0.0003251834, -0.001032701, 0.01875436
 16440921, 0.0001281601, 0.0001564999, -0.0009031401, 0.01859937
 16540881, -0.0001496849, 0.0002718239, -0.0008904517, 0.01859937
 16640841, -0.0001548523, 2.070157E-05, -0.000964351, 0.01859937
 16740801, -5.071294E-05, 0.0002146048, -0.0009052088, 0.01859937
 16840761, -0.0002066536, 0.0002030919, -0.0009696895, 0.01859937
 16940721, -0.0003102664, 0.0002539275, -0.0008729303, 0.01859937
 17040681, -5.472323E-05, 0.0002167836, -0.001012788, 0.01859937
 17140641, -0.0001136587, 0.0001593736, -0.0009025777, 0.01859937
 17240601, -0.0002580795, 0.0003772851, -0.0009124252, 0.01859007
 17340561, -0.000194339, 9.170097E-05, -0.0009288219, 0.01859007
 17440521, -0.0001318848, 0.000300602, -0.001014265, 0.01859007
 17540481, -0.0001235093, 0.0002264476, -0.0009623111, 0.01859007
 17640441, -9.783475E-05, 0.0002123827, -0.00102214, 0.01859007
 17740401, -0.0001126333, 0.0002654538, -0.0008788502, 0.01859007
 17840361, -0.000120574, 0.0002019536, -0.0008969533, 0.01859007
 17940321, -0.0001236246, 0.0001511765, -0.0009329687, 0.01859007
 18040281, -0.0001751811, 0.0002106166, -0.0009331498, 0.01859007
 18140241, -6.810629E-05, 0.0001437845, -0.0009142079, 0.01859007
 18240201, -0.000115389, 0.0003415659, -0.0008909189, 0.01859937
 18340161, -0.0003676336, 0.0001214392, -0.001061339, 0.01859937
 18440954, -6.701893E-05, 0.0002503778, -0.001014229, 0.01875436
 18540914, -0.0002654904, 0.0002177997, -0.001020309, 0.01859937
 18640874, -7.362528E-05, 0.0003937893, -0.001062769, 0.01859937
 18740834, -0.0001606345, 0.0001604241, -0.001088174, 0.01859937
 18840794, -0.0002544725, 0.0001729635, -0.0008806805, 0.01859937
 18940754, -6.804476E-05, 9.384778E-05, -0.0009734646, 0.01859937
 19040714, -0.0002858806, 0.0002090436, -0.001009003, 0.01859937
 19140674, -0.0002571123, 7.915554E-05, -0.000973169, 0.01859937
 19240634, -0.0001891033, 0.0002484721, -0.001184209, 0.01859007
 19340594, -0.0003399173, 0.0002648939, -0.0009467628, 0.01859007
 19440554, -0.0002376882, 8.535692E-05, -0.0008752657, 0.01859007
 19540514, -0.0001932668, 0.0002383016, -0.00103866, 0.01859007
 19640474, -8.236279E-05, 0.0002294085, -0.001019794, 0.01859007
 19740434, -0.0003062401, 0.0003592614, -0.0009575541, 0.01859007
 19840394, -0.0003134198, 0.0002710317, -0.001059099, 0.01859007
 19940354, -0.0001028137, 0.0002049817, -0.0009268771, 0.01859007
 20040314, -0.0001375842, 0.0004229251, -0.000811052, 0.01859007
 20140274, -0.0001810542, 0.0002626383, -0.001067555, 0.01859007
 20240234, 6.35455E-05, 0.0003464345, -0.0009821013, 0.01859007
 20340194, -1.495084E-06, 0.0002995846, -0.001275563, 0.01859007
 20440154, -0.0003593513, 0.0003558918, -0.001056982, 0.01859007
 20540947, -0.0001200708, 0.0002416312, -0.001014282, 0.01874498
 20640907, 0.01330959, -0.002093647, -0.0009296226, 0.01859007
 20740867, 0.07515816, -0.01410185, -0.001016658, 0.01859007
 20840827, 0.165168, -0.03108973, -0.0001229748, 0.01859007
 20940787, 0.266621, -0.04928612, 0.002752805, 0.01859007
 21040747, 0.371554, -0.07011731, 0.004796341, 0.01859007
 21140707, 0.4733031, -0.08932588, 0.005005512, 0.01859007
 21240667, 0.5698925, -0.1075812, 0.003166448, 0.01859937
 21340627, 0.6600976, -0.1239381, -0.001918702, 0.01859937
 21440587, 0.7517906, -0.1406717, -0.009313623, 0.01859937
 21540547, 0.8270885, -0.1513702, -0.01911455, 0.01859937
 21640507, 0.8862924, -0.1685395, -0.03141557, 0.01859937
 21740467, 0.8905094, -0.1639114, -0.04214308, 0.01859937
 21840427, 0.8552289, -0.1630165, -0.05202428, 0.01859937
 21940387, 0.8103656, -0.1485429, -0.06111585, 0.01859937
 22040347, 0.7468979, -0.1422859, -0.06762499, 0.01859937
 22140307, 0.6930428, -0.1295023, -0.07394476, 0.01859937
 22240267, 0.6214414, -0.1154686, -0.09966663, 0.01859007
 22340227, 0.562156, -0.105065, -0.1430559, 0.01859007
 22440187, 0.5054453, -0.09139071, -0.1158768, 0.01859007
 22540147, 0.4576562, -0.08661684, -0.06915271, 0.01859007
 22640940, 0.4100251, -0.08117685, -0.05174534, 0.01874498
 22740900, 0.5411661, -0.1003081, -0.2075818, 0.01859007
 22840860, 0.5435051, -0.0970138, -0.7896919, 0.01859007
 22940820, 0.396861, -0.07427607, -0.9712045, 0.01859007
 23040780, 0.3370628, -0.0715633, -0.8016586, 0.01859007
 23140740, 0.3262375, -0.07099739, -0.5228451, 0.01859007
 23240700, 0.3120731, -0.06157314, -0.302509, 0.01859937
 23340660, 0.3400173, -0.06173401, -0.1611663, 0.01859937
 23440620, 0.3469002, -0.07611847, -0.1194426, 0.01859937
 23540580, 0.3200481, -0.07342403, -0.1298205, 0.01859937
 23640540, 0.2613466, -0.05105987, -0.1935133, 0.01859937
 23740500, 0.1834445, -0.04098996, -0.2835658, 0.01859937
 23840460, 0.1203508, -0.03220176, -0.3085977, 0.01859937
 23940420, 0.07756592, -0.03017393, -0.3121334, 0.01859937
 24040380, 0.04282957, -0.02036634, -0.2951369, 0.01859937
 24140340, 0.01552836, -0.08199018, -0.2418648, 0.01859937
 24240300, -0.03473948, -0.1225603, -0.2195653, 0.01859007
 24340260, -0.08524772, -0.116793, -0.2111617, 0.01859007
 24440220, -0.1233362, -0.08897411, -0.1704367, 0.01859007
 24540180, -0.1341244, -0.06612407, -0.09360741, 0.01859007
 24640973, -0.1399391, -0.04948657, -0.03645234, 0.01859007
 24740933, -0.1686108, -0.03462503, -0.03272574, 0.01874498
 24840893, -0.2056305, -0.04885889, -0.03564627, 0.01859007
 24940853, -0.2115288, -0.07086343, -0.003574228, 0.01859007
 25040813, -0.2077939, -0.07362261, 0.03105463, 0.01859007
 25140773, -0.2145746, -0.06043291, 0.02575233, 0.01859007
 25240733, -0.2239232, -0.05675346, 0.01341974, 0.01859007
 25340693, -0.2352587, -0.04912157, 0.01335598, 0.01859007
 25440653, -0.2345634, -0.04767886, 0.01911193, 0.01859007
 25540613, -0.2434082, -0.04905641, 0.00932737, 0.01859007
 25640573, -0.2384675, -0.04388548, 0.02325859, 0.01859007
 25740533, -0.2370939, -0.03373115, 0.02617868, 0.01859007
 25840493, -0.2497936, -0.02454171, 0.0002278847, 0.01859007
 25940453, -0.2291812, -0.01898322, 0.02497992, 0.01859007
 26040413, -0.2209807, -0.01612466, 0.044868, 0.01859007
 26140373, -0.2165013, -0.01626964, 0.04450703, 0.01859007
 26240333, -0.2165768, -0.01785925, 0.05010863, 0.01859937
 26340293, -0.2093227, -0.01308409, 0.04798891, 0.01859937
 26440253, -0.2146806, -0.003166073, 0.06758305, 0.01859937
 26540213, -0.2651987, 0.02068191, 0.07930154, 0.01859937
 26640173, -0.3350444, 0.04111717, 0.1117146, 0.01859937
 26740966, -0.4134911, 0.07139756, 0.1609735, 0.01875436
 26840926, -0.4623712, 0.09048381, 0.1784117, 0.01859937
 26940886, -0.459821, 0.1001704, 0.175828, 0.01859937
 27040846, -0.4200758, 0.09487858, 0.1691722, 0.01859937
 27140806, -0.3823559, 0.08585434, 0.1355683, 0.01859937
 27240766, -0.3417274, 0.07609047, 0.1152239, 0.01859007
 27340726, -0.2914459, 0.06851546, 0.1365885, 0.01859007
 27440686, -0.2587129, 0.05375652, 0.1409892, 0.01859007
 27540646, -0.2411995, 0.05012686, 0.1131702, 0.01859007
 27640606, -0.2264987, 0.04606684, 0.1063312, 0.01859007
 27740566, -0.2103387, 0.04486461, 0.1036071, 0.01859007
 27840526, -0.1964746, 0.04344275, 0.09443703, 0.01859007
 27940486, -0.1910679, 0.040924, 0.04981102, 0.01859007
 28040446, -0.1826311, 0.04124935, 0.05045215, 0.01859007
 28140406, -0.1774524, 0.04386701, 0.04296158, 0.01859007
 28240366, -0.1693744, 0.04491492, 0.03504654, 0.01859937
 28340326, -0.1555109, 0.04643735, 0.03368425, 0.01859937
 28440286, -0.15154, 0.04515052, 0.03897486, 0.01859937
 28540246, -0.1428227, 0.05067439, 0.03073641, 0.01859937
 28640206, -0.1218329, 0.04493605, 0.03645457, 0.01859937
 28740166, -0.08220857, 0.02672915, 0.03982583, 0.01859937
 28840959, -0.1009697, 0.03576262, 0.03555108, 0.01875436
 28940919, -0.1136541, 0.04789303, 0.04818824, 0.01859937
 29040879, -0.1226299, 0.04818604, 0.04475478, 0.01859937
 29140839, -0.1283021, 0.05377265, 0.03444613, 0.01859937
 29240799, -0.125737, 0.05615511, 0.03126865, 0.01859007
 29340759, -0.1211973, 0.0579837, 0.03372508, 0.01859007
 29440719, -0.1155209, 0.05462522, 0.0246565, 0.01859007
 29540679, -0.1044014, 0.06125979, 0.03562963, 0.01859007
 29640639, -0.10195, 0.05908117, 0.04088724, 0.01859007
 29740599, -0.09426944, 0.05833703, 0.05470754, 0.01859007
 29840559, -0.09467505, 0.05149269, 0.0484028, 0.01859007
 29940519, -0.09353178, 0.05242515, 0.02305669, 0.01859007
 30040479, -0.08703396, 0.05212337, 0.02614723, 0.01859007
 30140439, -0.08112782, 0.04984309, 0.03380192, 0.01859007
 30240399, -0.06432645, 0.04292784, 0.06003547, 0.01859007
 30340359, 0.022848, -0.03882352, 0.5358833, 0.01859007
 30440319, 0.09575246, -0.1277008, 1.453444, 0.01859007
 30540279, -0.007327298, -0.1541981, 2.154872, 0.01859007
 30640239, -0.2102887, -0.1728292, 2.276921, 0.01859007
 30740199, -0.2433422, -0.1481709, 1.852492, 0.01859007
 30840159, 0.02283772, -0.04416122, 1.108738, 0.01859007
 30940952, 0.4621124, 0.1263368, 0.2504211, 0.01874498
 31040912, 0.81067, 0.2852812, -0.5132788, 0.01859007
 31140872, 0.8902909, 0.3600397, -0.9614108, 0.01859007
 31240832, 0.7748606, 0.3608691, -1.037027, 0.01859007
 31340792, 0.5969735, 0.2839891, -0.7647719, 0.01859007
 31440752, 0.4543138, 0.1780293, -0.3401453, 0.01859007
 31540712, 0.3516065, 0.07657929, 0.07248458, 0.01859007
 31640672, 0.2790174, -0.006238062, 0.3899283, 0.01859007
 31740632, 0.2344786, -0.04356607, 0.5190061, 0.01859007
 31840592, 0.2339895, -0.02950418, 0.465294, 0.01859007
 31940552, 0.2481827, 0.01855081, 0.2816015, 0.01859007
 32040512, 0.2774678, 0.07550427, 0.04902685, 0.01859007
 32140472, 0.305955, 0.1337678, -0.23013, 0.01859007
 32240432, 0.3121686, 0.1948878, -0.4983254, 0.01859007
 32340392, 0.2914739, 0.2566672, -0.697807, 0.01859007
 32440352, 0.2382964, 0.2712456, -0.7424988, 0.01859007
 32540312, 0.1769978, 0.2593495, -0.6655897, 0.01859007
 32640272, 0.1349822, 0.2254229, -0.5417182, 0.01859007
 32740232, 0.1031618, 0.1826222, -0.4331654, 0.01859007
 32840192, 0.07068149, 0.1492217, -0.351001, 0.01859007
 32940152, 0.05003431, 0.1132421, -0.2430875, 0.01859007
 33040945, 0.02971689, 0.09294181, -0.2276778, 0.01874498
 33140905, 0.01716825, 0.08785833, -0.201308, 0.01859007
 33240865, 0.005680865, 0.09031388, -0.2016292, 0.01859007
 33340825, -0.00408625, 0.09494942, -0.1986805, 0.01859007
 33440785, -0.01756605, 0.09849072, -0.2017048, 0.01859007
 33540745, -0.02584622, 0.09884386, -0.2029454, 0.01859007
 33640705, -0.03183765, 0.1076543, -0.2017931, 0.01859007
 33740665, -0.04195315, 0.1038438, -0.2155433, 0.01859007
 33840625, -0.04706566, 0.0925846, -0.2153165, 0.01859007
 33940585, -0.04574815, 0.09722231, -0.2083791, 0.01859007
 34040545, -0.03933089, 0.08334193, -0.166406, 0.01859007
 34140505, -0.04194669, 0.05308171, -0.1201171, 0.01859007
 34240465, -0.04671805, 0.03480047, -0.1123837, 0.01859007
 34340425, -0.04957956, 0.03125882, -0.09820172, 0.01859007
 34440385, -0.0572732, 0.03857619, -0.1034581, 0.01859007
 34540345, -0.05381975, 0.04409277, -0.1143297, 0.01859007
 34640305, -0.06199175, 0.03354255, -0.1313578, 0.01859007
 34740265, -0.07056557, 0.02976204, -0.1356043, 0.01859007
 34840225, -0.06239591, 0.04007868, -0.1398505, 0.01859007
 34940185, -0.0599083, 0.04558374, -0.1008313, 0.01859007
 35040145, -0.06189149, 0.04458714, -0.1027027, 0.01859007
 35140938, -0.07502808, 0.01966619, -0.1165344, 0.01874498
 35240898, -0.0620315, 0.01305495, -0.07081523, 0.01859007
 35340858, -0.07796775, 0.01263319, -0.09144166, 0.01859007
 35440818, -0.08243443, 0.01730636, -0.08692023, 0.01859007
 35540778, -0.07094367, 0.02555127, -0.05287695, 0.01859007
 35640738, -0.07547747, 0.02438112, -0.02026228, 0.01859007
 35740698, -0.09124625, 0.01763838, -0.06702271, 0.01859007
 35840658, -0.09219576, 0.006874457, -0.06874685, 0.01859007
 35940618, -0.07657948, -0.005077031, -0.006798666, 0.01859007
 36040578, -0.083673, -0.002110411, -0.0111056, 0.01859007
 36140538, -0.09529985, 0.001346156, -0.06724078, 0.01859007
 36240498, -0.09676556, -0.004719516, -0.07073622, 0.01859007
 36340458, -0.08739776, -0.008582271, -0.01715853, 0.01859007
 36440418, -0.08286899, -0.01120363, 0.04628386, 0.01859007
 36540378, -0.07909212, 0.001382508, 0.09208904, 0.01859007
 36640338, -0.08594153, 0.0009367072, 0.1660798, 0.01859007
 36740298, -0.1139111, -0.00520664, 0.1412271, 0.01859007
 36840258, -0.1226905, -0.00682903, 0.1437198, 0.01859007
 36940218, -0.125823, -0.007224992, 0.1655063, 0.01859007
 37040178, -0.1333676, 0.0001354556, 0.1395122, 0.01859007
 37140971, -0.1332846, -0.008827243, 0.1281223, 0.01859007
 37240931, -0.1386111, -0.01375306, 0.1335335, 0.01874498
 37340891, -0.1286826, -0.02017496, 0.1382087, 0.01859007
 37440851, -0.1169204, -0.02334635, 0.1518806, 0.01859007
 37540811, -0.1191534, -0.0177284, 0.1357203, 0.01859007
 37640771, -0.1190511, -0.007306244, 0.1673126, 0.01859007
 37740731, -0.1084486, -0.006668821, 0.1590767, 0.01859007
 37840691, -0.1085817, 0.003227477, 0.1412582, 0.01859007
 37940651, -0.1018341, -0.001513992, 0.122366, 0.01859007
 38040611, -0.09382756, -0.01108635, 0.1084408, 0.01859007
 38140571, -0.09043109, -0.01445096, 0.1139017, 0.01859007
 38240531, -0.08465017, -0.01409061, 0.1347735, 0.01859007
 38340491, -0.07854168, -0.01578922, 0.1362343, 0.01859007
 38440451, -0.06781633, -0.005173908, 0.09202279, 0.01859007
 38540411, -0.06639783, -0.006181822, 0.06301133, 0.01859007
 38640371, -0.06108987, -0.01215647, 0.02924177, 0.01859007
 38740331, -0.05414801, -0.02104125, 0.02576439, 0.01859007
 38840291, -0.05302321, -0.01588291, 0.0603447, 0.01859007
 38940251, -0.04615269, -0.02219841, 0.1188932, 0.01859007
 39040211, -0.036267, -0.01985115, 0.09493887, 0.01859007
 39140171, -0.03939457, -0.02211461, 0.08223946, 0.01859007
 39240964, -0.03870528, -0.019618, 0.03951417, 0.01874498
 39340924, -0.03340751, -0.01340287, 0.0175931, 0.01859007
 39440884, -0.03392471, -0.02191518, 0.02237824, 0.01859007
 39540844, -0.03118556, -0.01882575, 0.06201671, 0.01859007
 39640804, -0.02210952, -0.01167406, 0.05339985, 0.01859007
 39740764, -0.0263756, -0.01358376, 0.04774488, 0.01859007
 39840724, -0.01821943, -0.01939077, 0.04825425, 0.01859007
 39940684, -0.01421526, -0.02048178, 0.01287002, 0.01859007
 40040644, -0.01499358, -0.01670361, 0.01266525, 0.01859007
 40140604, -0.005408776, -0.02863564, 0.01328753, 0.01859007
 40240564, -0.000203335, -0.02540023, 0.001219452, 0.01859007
 40340524, -0.002260054, -0.02361197, -0.01737088, 0.01859007
 40440484, -0.001867438, -0.03042879, -0.00652508, 0.01859007
 40540444, -0.003985563, -0.02854065, -0.006374135, 0.01859007
 40640404, -0.003055695, -0.03371219, -0.001153446, 0.01859007
 40740364, -0.0009386992, -0.02618293, -0.0111884, 0.01859007
 40840324, -0.004149243, -0.01899497, -0.0007461612, 0.01859007
 40940284, -0.004277029, -0.01699126, 0.01705844, 0.01859007
 41040244, -0.007663459, -0.01388268, 0.03133434, 0.01859007
 41140204, -0.003705074, -0.01349468, 0.03119278, 0.01859007
 41240164, -0.0002973058, -0.0171841, 0.05015298, 0.01859007
 41340957, -0.001425713, -0.01808163, -0.008915284, 0.01874498
 41440917, -0.005309914, -0.01925775, -0.02132046, 0.01859007
 41540877, -0.002661873, -0.01086204, -0.01121427, 0.01859007
 41640837, -0.004390721, -0.01322706, -0.02569778, 0.01859007
 41740797, -0.01104929, -0.01593257, -0.04726563, 0.01859007
 41840757, -0.007179069, -0.02235141, -0.04725311, 0.01859007
 41940717, -0.007732362, -0.02488599, -0.01784629, 0.01859007
 42040677, -0.01102046, -0.02053657, -0.01736983, 0.01859007
 42140637, -0.01319802, -0.0158807, -0.01858976, 0.01859007
 42240597, -0.01263632, -0.01352949, 0.01184205, 0.01859007
 42340557, -0.008984969, -0.01415688, 0.03965553, 0.01859007
 42440517, -0.006051336, -0.01172155, 0.01582957, 0.01859007
 42540477, -0.01122143, -0.01706487, -0.01758514, 0.01859007
 42640437, -0.006916703, -0.01886175, -0.0147721, 0.01859007
 42740397, -0.001367746, -0.01549865, -0.02490033, 0.01859007
 42840357, 0.001014309, -0.0114607, -0.00934327, 0.01859007
 42940317, -0.000145488, -0.003913539, -0.003211939, 0.01859007
 43040277, -0.004578786, -0.001641004, -0.03084466, 0.01859007
 43140237, -0.007235392, -0.004578027, -0.03572605, 0.01859007
 43240197, -0.0001092796, -0.01447828, 0.002150629, 0.01859007
 43340157, -0.002384419, -0.01726515, 0.0141152, 0.01859007
 43440950, -0.003987225, -0.01063705, -0.02410568, 0.01874498
 43540910, 0.0008798416, -0.006784669, -0.01619218, 0.01859007
 43640870, -0.004530438, -0.005267689, 0.01174164, 0.01859007
 43740830, -0.005091134, 0.0001412876, 0.01592028, 0.01859007
 43840790, -3.919168E-05, -0.00284643, -0.02439549, 0.01859007
 43940750, -0.004944584, -0.002395477, -0.02727189, 0.01859007
 44040710, 0.0005066353, -0.005817795, -0.01963401, 0.01859007
 44140670, -0.0002278125, -0.01480091, -0.01575749, 0.01859007
 44240630, 0.002387478, -0.004901748, -0.02081285, 0.01859007
 44340590, 0.0004569258, 0.005344088, -0.01501002, 0.01859007
 44440550, 0.003074099, 0.007870946, -0.007404864, 0.01859007
 44540510, 0.002118963, 0.0121303, -0.009623586, 0.01859007
 44640470, -0.001722514, -0.00430742, 0.0006367804, 0.01859007
 44740430, 0.006992973, -0.005654777, 0.02408661, 0.01859007
 44840390, 0.002511356, -0.007158461, -0.009983655, 0.01859007
 44940350, -0.002487569, -0.0006774634, -0.01876236, 0.01859007
 45040310, -0.008447248, -0.003233274, -0.02922996, 0.01859007
 45140270, -0.003125495, -0.006357755, -0.01161683, 0.01859007
 45240230, -0.004199887, -0.006706407, -0.01881772, 0.01859007
 45340190, -0.006132402, -0.005767771, -0.04676499, 0.01859007
 45440150, -0.005855387, -0.005116037, -0.03760274, 0.01859007
 45540943, -0.008118176, 0.0009742244, -0.02111614, 0.01874498
 45640903, 1.799459E-05, -0.001220892, -0.01893917, 0.01859007
 45740863, -0.002733726, -0.003384201, -0.02098793, 0.01859007
 45840823, -0.001397887, -0.01004984, -0.03471827, 0.01859007
 45940783, 0.001677673, -0.005216155, -0.006276843, 0.01859007
 46040743, 0.0005504045, -0.00879724, 0.007966278, 0.01859007
 46140703, -0.001557483, -0.009679988, 0.006989047, 0.01859007
 46240663, 0.0007400961, -0.002446279, -0.01019641, 0.01859007
 46340623, 0.001704531, -0.002098144, 0.03616006, 0.01859007
 46440583, 0.003133156, 2.257872E-05, 0.01416189, 0.01859007
 46540543, -0.0004142803, -0.0035598, -0.01922621, 0.01859007
 46640503, -0.0001319416, -0.005091351, -0.02908609, 0.01859007
 46740463, -0.004249208, -0.008239318, -0.03512646, 0.01859007
 46840423, -0.001759297, -0.008526481, -0.03920186, 0.01859007
 46940383, 0.004470038, -0.007449259, -0.02335387, 0.01859007
 47040343, 0.005978785, -0.007898908, 0.02555614, 0.01859007
 47140303, 0.007409578, 0.001609551, 0.03883176, 0.01859007
 47240263, 0.003097935, 0.00230382, -0.008957902, 0.01859007
 47340223, -0.001831849, 0.008583393, -0.01440153, 0.01859007
 47440183, 0.0002993507, 0.007007258, -0.02828943, 0.01859007
 47540976, -7.555263E-05, -0.0090011, -0.05822032, 0.01859007
 47640936, -0.001703051, -0.0059428, -0.01238443, 0.01874498
 47740896, 0.003141631, 0.007889271, -0.03098208, 0.01859007
 47840856, -0.002561434, 0.005301769, -0.01756465, 0.01859007
 47940816, 0.001339265, 0.003486006, 0.01008879, 0.01859007
 48040776, 0.002644085, -0.001195616, 0.01157097, 0.01859007
 48140736, 0.005325708, 0.005204852, 0.00616565, 0.01859007
 48240696, 0.005488658, 0.0001124171, -0.004640315, 0.01859007
 48340656, 0.001814529, 0.006230119, -0.04962045, 0.01859007
 48440616, -0.0008413709, 0.006165521, -0.0301783, 0.01859007
 48540576, -0.001136802, -0.00701747, -0.009438504, 0.01859007
 48640536, -0.0006394319, -0.005264561, -0.0205369, 0.01859007
 48740496, 0.001385038, -0.003239979, -0.02183825, 0.01859007
 48840456, -0.003814802, 0.001462947, -0.02505542, 0.01859007
 48940416, -0.006337115, 0.004001957, -0.04449424, 0.01859007
 49040376, -0.0008872765, 0.006703027, -0.004233194, 0.01859007
 49140336, -0.004060294, 0.003311369, 0.04172951, 0.01859007
 49240296, -0.002839506, 0.004351358, 0.03099025, 0.01859007
 49340256, -0.00273305, 0.003733486, -0.002767724, 0.01859007
 49440216, -0.001489475, 0.004638665, -0.04117533, 0.01859007
 49540176, 0.001253702, -0.003789527, -0.0370892, 0.01859007
 49640969, 0.002638782, -0.00486645, -0.0271582, 0.01874498
 49740929, 0.004928174, 0.0007631913, -0.03690098, 0.01859007
 49840889, 0.001490427, -0.0004976469, 0.003503369, 0.01859007
 49940849, -0.001982134, -0.006619208, 0.008462219, 0.01859007
 50040809, 0.0001553548, -0.003746606, -0.01050624, 0.01859007
 50140769, 0.003985924, 0.006586527, 0.03534446, 0.01859007
 50240729, 0.002731645, 0.003781812, 0.0499007, 0.01859007
 50340689, 0.004502126, 0.0002300389, -0.01046573, 0.01859007
 50440649, -0.001197237, 0.01093503, -0.02186367, 0.01859007
 50540609, -0.002363762, 0.00833177, -0.03987998, 0.01859007
 50640569, -0.001819908, 0.003247911, -0.02294717, 0.01859007
 50740529, 0.002146272, 0.0004506858, -0.0334363, 0.01859007
 50840489, 0.001543247, -0.005196728, -0.02663799, 0.01859007
 50940449, 0.006033384, -0.008182539, -0.03599931, 0.01859007
 51040409, -0.0007138819, 0.0004316957, -0.04045722, 0.01859007
 51140369, -0.008243086, 0.01341406, -0.009909365, 0.01859007
 51240329, -0.003409939, 0.006612107, 0.02225506, 0.01859007
 51340289, 0.0009410139, -7.578643E-05, 0.02704679, 0.01859007
 51440249, 0.002643627, -0.01139261, -0.008765966, 0.01859007
 51540209, -0.001841898, -0.009659177, 0.01948411, 0.01859007
 51640169, -0.0009386535, -0.01052433, 0.02522362, 0.01859007
 51740962, 0.00393095, -0.001899417, -0.02536434, 0.01874498
 51840922, -0.0006036125, 0.002329841, -0.02474671, 0.01859007
 51940882, -0.007613742, -0.004991801, -0.02951593, 0.01859007
 52040842, -0.003057346, -0.0006904585, -0.005220728, 0.01859007
 52140802, -0.002354759, 0.0032971, -0.02234972, 0.01859007
 52240762, 0.0008925967, 0.01359331, -0.02925074, 0.01859007
 52340722, 0.009095976, 0.01808492, -0.01771296, 0.01859007
 52440682, 0.004557511, -0.0005225784, 0.02124216, 0.01859007
 52540642, 0.007359679, -0.009561383, 0.01284563, 0.01859007
 52640602, 0.0006961433, -0.008145241, -0.01262458, 0.01859007
 52740562, -0.00124763, -0.0009349856, -0.0173731, 0.01859007
 52840522, 0.001610959, 0.0006126153, 0.007163061, 0.01859007
 52940482, 0.001130624, 0.001588266, 0.01643709, 0.01859007
 53040442, 0.0003017082, -0.002576984, -0.003838453, 0.01859007
 53140402, 0.003900071, 0.003253102, -0.02124535, 0.01859007
 53240362, -0.0002340096, -0.003847876, -0.02146509, 0.01859007
 53340322, -0.002346447, 0.001464376, -0.04626353, 0.01859007
 53440282, -0.005105844, 0.007049333, -0.005634867, 0.01859007
 53540242, -0.005498917, 0.007846801, -0.01516892, 0.01859007
 53640202, -0.002569921, 0.001729549, 0.01550323, 0.01859007
 53740162, -0.003724225, -0.01142942, 0.001683534, 0.01859007
 53840955, -0.005444961, -0.002856489, -0.02469892, 0.01874498
 53940915, -0.004629472, -0.003118111, -0.01868784, 0.01859007
 54040875, -0.001692592, -0.004234643, 0.04740658, 0.01859007
 54140835, -0.005477268, -0.005347048, -0.0113808, 0.01859007
 54240795, 0.0007279442, 0.003011012, 0.02494603, 0.01859007
 54340755, -0.00137557, 0.01095566, 0.02502013, 0.01859007
 54440715, 0.0001306676, 0.008617798, 0.03743146, 0.01859007
 54540675, -0.003090101, 0.01417395, -0.008812582, 0.01859007
 54640635, -0.002011996, 0.01843865, -0.02892492, 0.01859007
 54740595, 0.001470985, 0.008828478, -0.006890353, 0.01859007
 54840555, 0.005978068, -0.005759451, -0.0102537, 0.01859007
 54940515, 0.004718132, -0.008169288, -0.03256033, 0.01859007
 55040475, 0.0074124, 0.0006062679, 0.01478975, 0.01859007
 55140435, 0.004109352, 0.001597675, 0.01872029, 0.01859007
 55240395, 0.003668153, 0.01122037, 0.01397488, 0.01859007
 55340355, -0.002997326, 0.003033358, -0.0280801, 0.01859007
 55440315, -0.001826739, 0.0006177461, -0.008147146, 0.01859007
 55540275, 0.0007873777, 0.01358611, 0.02622123, 0.01859007
 55640235, 0.005691315, 0.01786014, 0.0059542, 0.01859007
 55740195, 0.006418097, 0.01309167, -0.03453827, 0.01859007
 55840155, 0.003403511, 0.007074885, -0.04644269, 0.01859007
 55940948, 0.00299547, -0.006232965, -0.05084079, 0.01874498
 56040908, -0.0009863118, -0.001218088, 0.007595561, 0.01859007
 56140868, -1.150448E-05, 0.001109562, 0.01764854, 0.01859007
 56240828, 0.002204235, -0.003850024, 0.0467458, 0.01859007
 56340788, 0.005684001, -0.0008818817, 0.0360186, 0.01859007
 56440748, 0.01056264, 0.002542639, 0.01457139, 0.01859007
 56540708, 0.001560644, 0.006683836, -0.008979523, 0.01859007
 56640668, -0.004834396, 0.01967487, -0.03092981, 0.01859007
 56740628, -0.008956362, 0.01638255, -0.02761699, 0.01859007
 56840588, -0.004583662, 0.002930502, 0.01854572, 0.01859007
 56940548, -0.01260435, 0.003674106, -0.03025474, 0.01859007
 57040508, -0.009610739, 0.0131464, -0.07000993, 0.01859007
 57140468, -0.009174478, 0.01695216, -0.03989716, 0.01859007
 57240428, -0.001245094, 0.003087245, -0.004862995, 0.01859007
 57340388, -0.003991554, -0.001472753, 0.00950188, 0.01859007
 57440348, 0.001638292, -0.008615948, 0.03144639, 0.01859007
 57540308, 0.0004310281, 0.0003493625, 0.007800729, 0.01859007
 57640268, -0.002019994, -0.005262406, 0.04121944, 0.01859007
 57740228, -0.002245248, 0.01307172, 0.03940403, 0.01859007
 57840188, -0.003437121, 0.005347955, -0.008110082, 0.01859007
 57940148, 0.001611108, 0.00832749, 0.001562228, 0.01859007
 58040941, -0.0004954668, 0.004517618, 0.01576313, 0.01874498
 58140901, 0.0065704, 0.005227965, 0.03815941, 0.01859007
 58240861, -0.002495348, 0.01202898, -0.00355786, 0.01859007
 58340821, 0.0004194054, 0.008534153, -0.02083668, 0.01859007
 58440781, -0.0005690039, 0.006095114, -0.0534557, 0.01859007
 58540741, -0.007817913, 0.001440987, -0.058876, 0.01859007
 58640701, -0.003576883, -0.003311222, -0.02961254, 0.01859007
 58740661, -0.007749026, 0.009915006, 0.02589627, 0.01859007
 58840621, -0.003978134, 0.01272167, 0.03782608, 0.01859007
 58940581, -0.00472641, 0.02313337, 0.002990699, 0.01859007
 59040541, -0.0105955, 0.01472164, 0.05281002, 0.01859007
 59140501, -0.00805, 0.008012047, 0.04929877, 0.01859007
 59240461, -0.01236091, 0.006503089, -0.001006153, 0.01859007
 59340421, -0.01007554, 0.002883963, 0.0002823749, 0.01859007
 59440381, -0.01472555, 0.00697533, 0.01431626, 0.01859007
 59540341, -0.007839887, -0.004370828, -0.01495376, 0.01859007
 59640301, -0.005742058, 0.01231212, -0.003779387, 0.01859007
 59740261, -0.008079642, 0.01395536, 0.03939613, 0.01859007
 59840221, -0.003016019, 0.002653089, 0.006221132, 0.01859007
 59940181, -0.01068361, -0.01151811, -0.006188558, 0.01859007
 60040974, -0.007389573, -0.02106269, -0.04236307, 0.01859007
 60140934, -0.006693283, -0.002854807, -0.03163243, 0.01874498
 60240894, 0.007008695, 0.004996636, 0.0282959, 0.01859007
 60340854, -0.0003876652, 0.001671432, 0.03642299, 0.01859007
 60440814, 0.001485248, 0.003191028, 0.04210283, 0.01859007
 60540774, -0.005114513, 0.001921745, 0.005255618, 0.01859007
 60640734, -0.00498171, -0.001166119, 0.02320222, 0.01859007
 60740694, -0.005880281, -0.001589116, -0.01776326, 0.01859007
 60840654, -0.006300918, -0.002933652, -0.01376922, 0.01859007
 60940614, -0.005585717, 0.006239326, 0.004916856, 0.01859007
 61040574, -0.00950609, 0.01623866, 0.01777264, 0.01859007
 61140534, -0.006803879, 0.0118516, 0.004679744, 0.01859007
 61240494, -0.006899655, 0.007843578, -0.02570801, 0.01859007
 61340454, -0.003316323, -0.0008555882, 0.004097357, 0.01859007
 61440414, -0.001761394, 0.0001173291, 0.06089976, 0.01859007
 61540374, -0.002470758, -0.001537794, 0.03611175, 0.01859007
 61640334, -0.00164445, 0.0001917881, 0.01032719, 0.01859007
 61740294, -0.002396368, 0.005243625, -0.02197721, 0.01859007
 61840254, -0.01233432, 0.01499967, -0.03563897, 0.01859007
 61940214, -0.01160124, 0.01501641, -0.02461558, 0.01859007
 62040174, -0.009263368, 0.01745117, -0.006868799, 0.01859007
 62140967, -0.005086956, 0.01722056, -0.01353507, 0.01874498
 62240927, -0.001175988, 0.01354112, -0.02500825, 0.01859007
 62340887, -0.003938884, 0.01058011, -0.03268198, 0.01859007
 62440847, -0.006147942, 0.04532688, -0.004788018, 0.01859007
 62540807, -0.007945967, 0.003359541, 0.03448402, 0.01859007
 62640767, -0.0003793483, -0.1978827, 0.05291634, 0.01859007
 62740727, -0.001649929, -0.3800425, 0.07276312, 0.01859007
 62840687, -0.00192144, -0.4939682, 0.09557156, 0.01859007
 62940647, 0.003759023, -0.5942942, 0.1288088, 0.01859007
 63040607, 0.005078271, -0.7119464, 0.1298657, 0.01859007
 63140567, -0.0009296081, -0.8764878, 0.138039, 0.01859007
 63240527, -0.02021921, -1.064278, 0.1051648, 0.01859007
 63340487, -0.06523308, -1.218372, -0.00695877, 0.01859007
 63440447, -0.1925957, -1.439211, -0.2293062, 0.01859007
 63540407, -0.3453098, -1.535361, -0.4157947, 0.01859007
 63640367, -0.5070983, -1.562643, -0.5837887, 0.01859007
 63740327, -0.6174752, -1.424674, -0.6209772, 0.01859007
 63840287, -0.6523622, -1.224219, -0.5804642, 0.01859007
 63940247, -0.6463158, -1.020424, -0.4984958, 0.01859007
 64040207, -0.623844, -0.8368342, -0.3743301, 0.01859007
 64140167, -0.6276684, -0.6987896, -0.2710389, 0.01859007
 64240960, -0.6310768, -0.5874088, -0.2066527, 0.01874498
 64340920, -0.6367121, -0.5083705, -0.1765991, 0.01859007
 64440880, -0.6348913, -0.4398036, -0.1523983, 0.01859007
 64540840, -0.6243604, -0.3793451, -0.1188989, 0.01859007
 64640800, -0.6154394, -0.3284623, -0.1074124, 0.01859007
 64740760, -0.6175869, -0.2981142, -0.1118527, 0.01859007
 64840720, -0.6077345, -0.2590933, -0.0948372, 0.01859007
 64940680, -0.6024951, -0.2297321, -0.1055343, 0.01859007
 65040640, -0.5927951, -0.1883629, -0.09530612, 0.01859007
 65140600, -0.5742065, -0.159583, -0.08674311, 0.01859007
 65240560, -0.5793854, -0.1392144, -0.09738034, 0.01859007
 65340520, -0.5706705, -0.1083988, -0.09618338, 0.01859007
 65440480, -0.5616255, -0.07576653, -0.09301115, 0.01859007
 65540440, -0.5399632, -0.05449205, -0.08431168, 0.01859007
 65640400, -0.5322974, -0.03215964, -0.0914887, 0.01859007
 65740360, -0.5376736, -0.0154883, -0.1127734, 0.01859007
 65840320, -0.4959816, 0.01687998, -0.07381056, 0.01859007
 65940280, -0.5059738, 0.03492367, -0.1093771, 0.01859007
 66040240, -0.4864874, 0.05234891, -0.09308349, 0.01859007
 66140200, -0.457261, 0.08042417, -0.084016, 0.01859007
 66240160, -0.432197, 0.1022968, -0.08256057, 0.01859007
 66340953, -0.4211977, 0.1153909, -0.07909001, 0.01874498
 66440913, -0.4089208, 0.1338584, -0.08672608, 0.01859007
 66540873, -0.3913795, 0.1505772, -0.0815633, 0.01859007
 66640833, -0.3740157, 0.1599667, -0.0664245, 0.01859007
 66740793, -0.3646884, 0.1702957, -0.07052293, 0.01859007
 66840753, -0.3331334, 0.1842731, -0.05227595, 0.01859007
 66940713, -0.3206738, 0.1971039, -0.07189891, 0.01859007
 67040673, -0.2936373, 0.2128523, -0.07383835, 0.01859007
 67140633, -0.2888623, 0.228891, -0.1013156, 0.01859007
 67240593, -0.2622316, 0.2396259, -0.0930701, 0.01859007
 67340553, -0.2481205, 0.2523729, -0.09873942, 0.01859007
 67440513, -0.2208862, 0.2525972, -0.08805642, 0.01859007
 67540473, -0.206119, 0.2611246, -0.0913308, 0.01859007
 67640433, -0.162744, 0.2507665, -0.03561112, 0.01859007
 67740393, -0.1308263, 0.2497336, -0.01250939, 0.01859007
 67840353, -0.1100693, 0.2478829, -0.002865188, 0.01859007
 67940313, -0.09857551, 0.2546996, -0.02331121, 0.01859007
 68040273, -0.08162132, 0.2510737, -0.02348951, 0.01859007
 68140233, -0.05635393, 0.2434335, -0.01111244, 0.01859007
 68240193, -0.03889921, 0.2465566, -0.03485141, 0.01859007
 68340153, -0.01934127, 0.2578535, -0.0806696, 0.01859007
 68440946, 0.01108035, 0.2567402, -0.07839179, 0.01874498
 68540906, 0.0322687, 0.2332588, -0.01588223, 0.01859007
 68640866, 0.05049804, 0.2272949, -0.008033028, 0.01859007
 68740826, 0.07571202, 0.2254837, -0.02207529, 0.01859007
 68840786, 0.09326494, 0.2181143, -0.01427344, 0.01859007
 68940746, 0.1057014, 0.2097883, -0.01453539, 0.01859007
 69040706, 0.1162865, 0.1948603, 0.03570718, 0.01859007
 69140666, 0.1256045, 0.1799739, 0.06005554, 0.01859007
 69240626, 0.1328611, 0.1788013, 0.04663311, 0.01859007
 69340586, 0.1457571, 0.1683251, 0.05465969, 0.01859007
 69440546, 0.1613752, 0.1640483, 0.02606804, 0.01859007
 69540506, 0.1792759, 0.1566032, -0.01305542, 0.01859007
 69640466, 0.1983758, 0.1431557, 0.009520679, 0.01859007
 69740426, 0.210041, 0.139149, 0.00900142, 0.01859007
 69840386, 0.2081189, 0.1318115, 0.02542138, 0.01859007
 69940346, 0.213046, 0.1311311, 0.02216165, 0.01859007
 70040306, 0.2190664, 0.1326229, -0.01418283, 0.01859007
 70140266, 0.2288009, 0.1242472, -0.0132244, 0.01859007
 70240226, 0.2281541, 0.1132098, 0.02240704, 0.01859007
 70340186, 0.2523256, 0.1066729, 0.007047541, 0.01859007
 70440146, 0.2441298, 0.09428053, 0.0326097, 0.01859007
 70540939, 0.2634803, 0.09749127, 0.009133903, 0.01874498
 70640899, 0.2589684, 0.09008877, 0.03359823, 0.01859007
 70740859, 0.2753401, 0.08286119, 0.02300381, 0.01859007
 70840819, 0.2706673, 0.07588353, 0.02001454, 0.01859007
 70940779, 0.2700193, 0.07364865, 0.02611405, 0.01859007
 71040739, 0.257812, 0.06685504, 0.06244022, 0.01859007
 71140699, 0.2489513, 0.06113717, 0.0687798, 0.01859007
 71240659, 0.2768206, 0.06549849, 0.01233252, 0.01859007
 71340619, 0.3053426, 0.06547425, -0.03244367, 0.01859007
 71440579, 0.3085468, 0.06198509, -0.0281509, 0.01859007
 71540539, 0.3034061, 0.05753295, -0.005398345, 0.01859007
 71640499, 0.2931593, 0.05525582, 0.01054619, 0.01859007
 71740459, 0.2762517, 0.04735633, 0.04412394, 0.01859007
 71840419, 0.2609988, 0.04519248, 0.05623052, 0.01859007
 71940379, 0.2582311, 0.04108627, 0.03533833, 0.01859007
 72040339, 0.2458664, 0.03955982, 0.03814996, 0.01859007
 72140299, 0.2526586, 0.0386413, 0.04105714, 0.01859007
 72240259, 0.2652309, 0.0412811, 0.01526918, 0.01859007
 72340219, 0.2698667, 0.04911443, 0.01265132, 0.01859007
 72440179, 0.2851248, 0.046818, -0.008854212, 0.01859007
 72540972, 0.2825025, 0.04750374, -0.005424351, 0.01859007
 72640932, 0.2784326, 0.0352343, 0.01706152, 0.01874498
 72740892, 0.2784547, 0.04006628, 0.003804201, 0.01859007
 72840852, 0.26616, 0.04227428, 0.02190494, 0.01859007
 72940812, 0.2491374, 0.03734323, 0.03866233, 0.01859007
 73040772, 0.2563897, 0.04235725, 0.01728209, 0.01859007
 73140732, 0.2552059, 0.04302608, 0.0006151312, 0.01859007
 73240692, 0.2402068, 0.04412878, 0.01130693, 0.01859007
 73340652, 0.2427917, 0.04212628, -0.0008852754, 0.01859007
 73440612, 0.2424443, 0.03903373, 0.01327613, 0.01859007
 73540572, 0.2408599, 0.04599547, -0.008512515, 0.01859007
 73640532, 0.2237579, 0.04528, 0.005190575, 0.01859007
 73740492, 0.2111965, 0.0419862, 0.03164249, 0.01859007
 73840452, 0.2032516, 0.03316722, 0.03602463, 0.01859007
 73940412, 0.2061395, 0.03311287, 0.01480448, 0.01859007
 74040372, 0.20792, 0.03288756, 0.02662924, 0.01859007
 74140332, 0.2240779, 0.03663811, -0.03221729, 0.01859007
 74240292, 0.2234872, 0.04312186, -0.05520313, 0.01859007
 74340252, 0.2006164, 0.04233547, -0.03751659, 0.01859007
 74440212, 0.1814015, 0.03839666, 0.01984375, 0.01859007
 74540172, 0.1932556, 0.03741213, 0.02675065, 0.01859007
 74640965, 0.1836379, 0.03135979, 0.03146048, 0.01874498
 74740925, 0.1779052, 0.03499957, 0.01960566, 0.01859007
 74840885, 0.1656237, 0.03576289, 0.01452633, 0.01859007
 74940845, 0.1756184, 0.04102572, -0.03478279, 0.01859007
 75040805, 0.160272, 0.03908907, 0.008343867, 0.01859007
 75140765, 0.1707007, 0.0434555, -0.02633908, 0.01859007
 75240725, 0.1671684, 0.03980751, -0.02853993, 0.01859007
 75340685, 0.1592423, 0.03363681, -0.01312579, 0.01859007
 75440645, 0.1426129, 0.03080158, 0.006494574, 0.01859007
 75540605, 0.13098, 0.02806088, 0.05284247, 0.01859007
 75640565, 0.1339293, 0.02851432, 0.02117734, 0.01859007
 75740525, 0.1255214, 0.02646802, 0.01928469, 0.01859007
 75840485, 0.1238845, 0.03003418, -0.008340149, 0.01859007
 75940445, 0.1222968, 0.03786064, -0.05034889, 0.01859007
 76040405, 0.1251359, 0.04158552, -0.02856022, 0.01859007
 76140365, 0.1199844, 0.03377912, -0.02245879, 0.01859007
 76240325, 0.1120818, 0.03697839, -0.01344598, 0.01859007
 76340285, 0.09119219, 0.03375651, 0.005293741, 0.01859007
 76440245, 0.08546987, 0.03121605, 0.006618293, 0.01859007
 76540205, 0.07869864, 0.03426671, 0.03118365, 0.01859007
 76640165, 0.0889328, 0.03881909, 0.004090847, 0.01859007
 76740958, 0.08252101, 0.03837454, -0.0008406464, 0.01874498
 76840918, 0.07358714, 0.03649677, 0.03091429, 0.01859007
 76940878, 0.08384386, 0.03722967, -0.004667055, 0.01859007
 77040838, 0.08069162, 0.03735779, -0.01078106, 0.01859007
 77140798, 0.07960731, 0.03681931, -0.004992337, 0.01859007
 77240758, 0.07823514, 0.03322577, -0.03931616, 0.01859007
 77340718, 0.07077945, 0.03235503, -0.02954433, 0.01859007
 77440678, 0.05394805, 0.02588173, 0.009897335, 0.01859007
 77540638, 0.04644071, 0.02761539, 0.00816889, 0.01859007
 77640598, 0.04830498, 0.02945323, -0.02817918, 0.01859007
 77740558, 0.04904331, 0.02486514, -0.0279807, 0.01859007
 77840518, 0.05028675, 0.02570201, -0.003106429, 0.01859007
 77940478, 0.04564392, 0.02788682, -0.006421495, 0.01859007
 78040438, 0.04518368, 0.03584335, -0.002506607, 0.01859007
 78140398, 0.04079494, 0.03349195, 0.0241529, 0.01859007
 78240358, 0.02862016, 0.03497588, 0.02378839, 0.01859007
 78340318, 0.02921645, 0.03093995, 0.03002641, 0.01859007
 78440278, 0.03165676, 0.02925504, -0.008183457, 0.01859007
 78540238, 0.02744889, 0.02471998, -0.01698825, 0.01859007
 78640198, 0.02520023, 0.02140462, 0.001691008, 0.01859007
 78740158, 0.02986358, 0.02103787, -0.03170544, 0.01859007
 78840951, 0.02864304, 0.02655867, -0.00355789, 0.01874498
 78940911, 0.01909785, 0.02515847, 0.07518868, 0.01859007
 79040871, 0.01178461, 0.01746206, 0.05551257, 0.01859007
 79140831, 0.01058008, 0.01841494, -0.005911198, 0.01859007
 79240791, 0.02074714, 0.02577387, -0.03924198, 0.01859007
 79340751, 0.01516571, 0.02083324, -0.0244775, 0.01859007
 79440711, 0.006073421, 0.01980631, -0.01803576, 0.01859007
 79540671, 0.01308063, 0.01674899, -0.01578681, 0.01859007
 79640631, 0.009846302, 0.01696876, 0.008171417, 0.01859007
 79740591, 0.0113334, 0.01841058, 0.01367837, 0.01859007
 79840551, 0.01264569, 0.01602984, 0.01891784, 0.01859007
 79940511, 0.001945999, 0.01698601, 0.01508477, 0.01859007
 80040471, -0.007986322, 0.01767185, -0.02821215, 0.01859007
 80140431, -0.0063618, 0.01227636, 7.313656E-05, 0.01859007
 80240391, -0.002109802, 0.009487828, -0.004316672, 0.01859007
 80340351, -0.001268619, 0.01239894, -0.004705806, 0.01859007
 80440311, 0.01385257, 0.02057794, -0.02210461, 0.01859007
 80540271, 0.006083332, 0.01936544, 0.01305422, 0.01859007
 80640231, -0.00876056, 0.01380654, 0.02457112, 0.01859007
 80740191, -0.01025672, 0.009954859, 0.01402602, 0.01859007
 80840151, -0.008355735, 0.01221218, -0.02789615, 0.01859007
 80940944, -0.009753844, 0.01819465, -0.01364872, 0.01874498
 81040904, -0.0115927, 0.01226103, 0.006879562, 0.01859007
 81140864, -0.007439353, 0.0141058, -0.01473965, 0.01859007
 81240824, -0.005124047, 0.01701928, -0.05723945, 0.01859007
 81340784, -0.01717705, 0.01555941, -0.02994453, 0.01859007
 81440744, -0.009585753, 0.01281051, 0.005397782, 0.01859007
 81540704, 0.003231408, 0.004814546, 0.03561726, 0.01859007
 81640664, -0.006562117, 0.01017439, 0.05434583, 0.01859007
 81740624, -0.00728005, 0.01077235, 0.05501962, 0.01859007
 81840584, -0.01330105, 0.01038505, 0.01225568, 0.01859007
 81940544, -0.01466977, 0.01032023, 0.03467241, 0.01859007
 82040504, -0.01266778, 0.009855497, 0.02730563, 0.01859007
 82140464, -0.01488137, 0.006570706, 0.007418563, 0.01859007
 82240424, -0.01172493, 0.006241142, -0.05024024, 0.01859007
 82340384, -0.01292624, 0.01339842, -0.0109416, 0.01859007
 82440344, -0.01501335, 0.007890002, 0.01565924, 0.01859007
 82540304, -0.01479459, -0.00363358, -0.001615174, 0.01859007
 82640264, -0.0105451, -0.004349368, 0.006963251, 0.01859007
 82740224, -0.008215289, -0.007656259, 0.0168489, 0.01859007
 82840184, -0.004688289, 0.00144029, -0.03340359, 0.01859007
 82940977, -0.002671444, 0.005453766, -0.005097752, 0.01859007
 83040937, -0.01180044, 0.0004071647, -0.01770903, 0.01874498
 83140897, -0.00891556, -0.0008034966, -0.006428501, 0.01859007
 83240857, -0.004862767, -0.002762951, -0.00424261, 0.01859565
 83340817, -0.01337597, -0.0008669049, 0.04016222, 0.01859937
 83440777, -0.01917359, 0.005345252, 0.02851163, 0.01859937
 83540737, -0.02539088, 0.007583555, 0.02562696, 0.01859937
 83640697, -0.02456983, 0.002237299, 0.007087094, 0.01859937
 83740657, -0.01603759, 7.142487E-05, 0.04407191, 0.01859937
 83840617, -0.01843608, -0.002037911, 0.03213831, 0.01859937
 83940577, -0.02048108, -0.004036175, -0.006732068, 0.01859937
 84040537, -0.01681977, 0.0001065942, -0.04319132, 0.01859937
 84140497, -0.01639276, 0.0007180714, -0.04497242, 0.01859937
 84240457, -0.01749272, 0.008986775, -0.05446947, 0.01859379
 84340417, -0.01653237, 0.009916451, -0.0104939, 0.01859007
 84440377, -0.02050504, 0.0127175, 0.001560435, 0.01859007
 84540337, -0.01165946, 0.005829796, -0.008655937, 0.01859007
 84640297, -0.007371396, 0.008855384, 0.00586481, 0.01859007
 84740257, -0.00858181, 0.006914996, 0.01650597, 0.01859007
 84840217, -0.008778139, 0.005633132, 0.03948454, 0.01859007
 84940177, 0.000747887, 0.001638346, 0.04707609, 0.01859007
 85040970, 0.006285293, -0.001334928, 0.009535932, 0.01859007
 85140930, 0.00654024, -0.0006895834, -0.04160479, 0.01874498
 85240890, -0.00328273, -0.006108887, -0.02895675, 0.01859007
 85340850, -0.008449859, -0.005825435, -0.0262129, 0.01859007
 85440810, -0.01094076, -0.01038282, 0.005818137, 0.01859007
 85540770, -0.00357821, -0.008140949, 0.02484966, 0.01859007
 85640730, 0.008450591, -0.008467719, 0.03365645, 0.01859007
 85740690, 0.01063519, -0.001720462, 0.03365567, 0.01859007
 85840650, 0.01042944, -0.004938108, 0.04455687, 0.01859007
 85940610, 0.00281968, -0.004035244, -0.01644095, 0.01859007
 86040570, 0.004598449, -0.008121028, -0.02231763, 0.01859007
 86140530, 0.001604456, -0.009095389, -0.01887985, 0.01859007
 86240490, -0.009331907, -0.008272264, -0.01889807, 0.01859007
 86340450, -0.005143, -0.002760386, -0.02236788, 0.01859007
 86440410, -0.008335681, -0.002909696, 0.000151535, 0.01859007
 86540370, -0.003382232, -0.01188103, 0.01319177, 0.01859007
 86640330, -0.003180371, -0.00769858, 0.01101022, 0.01859007
 86740290, 0.002486709, -0.008464756, 0.03175468, 0.01859007
 86840250, 0.001047044, -0.01092202, 0.02111262, 0.01859007
 86940210, 0.001803691, -0.0108303, 0.01300666, 0.01859007
 87040170, 0.004178971, -0.007217249, -0.002940556, 0.01859007
 87140963, 0.006876102, -0.007808267, 0.006655231, 0.01874498
 87240923, 0.01053298, -0.007973125, -0.04000643, 0.01859007
 87340883, 0.01242469, -0.004802295, -0.06095578, 0.01859007
 87440843, 0.006943263, -0.004235114, -0.04329782, 0.01859007
 87540803, -0.001428832, -0.008387811, 0.0156568, 0.01859007
 87640763, 0.005519588, -0.00753808, 0.04669417, 0.01859007
 87740723, 0.008348078, -0.002389459, 0.03638949, 0.01859007
 87840683, 0.006904967, -0.004190789, -0.004447988, 0.01859007
 87940643, 0.01166307, -0.007905405, -0.02051245, 0.01859007
 88040603, 0.01554831, -0.00699275, 0.02368142, 0.01859007
 88140563, 0.01433167, -0.01091402, 0.007296093, 0.01859007
 88240523, 0.002079174, -0.01111979, -0.04170648, 0.01859565
 88340483, 0.01401185, -0.003785089, -0.02754478, 0.01859937
 88440443, 0.01556955, -0.004139078, -0.00106255, 0.01859937
 88540403, 0.003230521, -0.00325476, -0.009526847, 0.01859937
 88640363, 0.007564842, -0.004946308, -0.02658064, 0.01859937
 88740323, 0.01062908, -0.007119529, -0.002392765, 0.01859937
 88840283, 0.002085657, -0.005473864, 0.005638174, 0.01859937
 88940243, 0.006083612, -0.006609072, 0.01816764, 0.01859937
 89040203, 0.01187187, -0.006461791, 0.03837434, 0.01859937
 89140163, 0.005813228, -0.006427376, 0.009990452, 0.01859937
 89240956, 0.001599619, -0.01194975, 0.01955747, 0.0187487
 89340916, 0.005340189, -0.007606929, -0.01298963, 0.01859007
 89440876, 0.005376126, -0.009527245, -0.01391796, 0.01859007
 89540836, 0.0008509742, -0.01009781, -0.01349184, 0.01859007
 89640796, 0.0001566836, -0.00152822, 0.008610103, 0.01859007
 89740756, 0.0130514, -0.011367, -0.004159808, 0.01859007
 89840716, 0.01246776, -0.006091656, 0.003142006, 0.01859007
 89940676, 0.01002682, -0.0118508, 0.01385093, 0.01859007
 90040636, 0.002694403, -0.007586627, -0.001335201, 0.01859007
 90140596, 0.001653874, -0.005322228, -0.01567302, 0.01859007
 90240556, 0.0009994076, -0.01001523, -0.01487872, 0.01859007
 90340516, 0.0009202424, -0.005183425, 0.01396535, 0.01859007
 90440476, 0.008092559, -0.00660979, -0.006003466, 0.01859007
 90540436, 0.01139172, -0.0101128, -0.01418352, 0.01859007
 90640396, 0.01256712, -0.009214595, 0.02787877, 0.01859007
 90740356, 0.01247282, -0.01172304, -0.01289255, 0.01859007
 90840316, 0.01196904, -0.005015884, -0.0306647, 0.01859007
 90940276, 0.01047525, -0.005963507, -0.0005385061, 0.01859007
 91040236, 0.009416303, -0.005102561, 0.02946392, 0.01859007
 91140196, 0.006058936, -0.002433537, -0.01052219, 0.01859007
 91240156, 0.005725407, -0.008378051, 0.01600078, 0.01859007
 91340949, 0.003351452, -0.01044714, 0.02245061, 0.01874498
 91440909, 0.007699019, -0.008507026, 0.004494824, 0.01859007
 91540869, 0.01795084, -0.009038238, -0.04916187, 0.01859007
 91640829, 0.01705989, -0.006768962, -0.005883294, 0.01859007
 91740789, 0.01240841, -0.008765547, -0.0009837886, 0.01859007
 91840749, 0.01649739, -0.003527544, -0.01491628, 0.01859007
 91940709, 0.00958469, -0.008023502, -0.01736492, 0.01859007
 92040669, 0.01069908, -0.007241898, -0.0009784027, 0.01859007
 92140629, 0.008583366, -0.005656698, 0.006659999, 0.01859007
 92240589, 0.006976798, -0.006428641, 0.02522888, 0.01859007
 92340549, 0.009118932, -0.006375184, 0.01812313, 0.01859007
 92440509, -0.0001461113, -0.01151055, 0.0005309081, 0.01859007
 92540469, -0.005943371, -0.006366574, 0.01618587, 0.01859007
 92640429, 0.0002731699, -0.008913281, -0.004431725, 0.01859007
 92740389, 0.01799007, -0.00610326, -0.01503621, 0.01859007
 92840349, 0.01943116, -0.00839743, -0.03262855, 0.01859007
 92940309, 0.007351903, -0.009621869, 0.0213967, 0.01859007
 93040269, 0.001769817, -0.008016082, 0.01089618, 0.01859007
 93140229, 0.02207915, -0.008111736, -0.01024367, 0.01859007
 93240189, 0.02497379, -0.009574183, -0.005143005, 0.01859565
 93340149, 0.008375896, -0.01189632, 0.02250861, 0.01859937
 93440942, 0.001525267, -0.0111498, 0.04010088, 0.01875436
 93540902, 0.02819961, -0.009174189, 0.007532196, 0.01859937
 93640862, -0.02702549, -0.01125984, -0.03594837, 0.01859937
 93740822, -0.2269608, -0.00716575, -0.042923, 0.01859937
 93840782, -0.4071242, -0.00546132, -0.001287546, 0.01859937
 93940742, -0.515375, -0.0004260647, 0.07795807, 0.01859937
 94040702, -0.5870386, -0.006468603, 0.1218172, 0.01859937
 94140662, -0.7260472, -0.001144653, 0.1318151, 0.01859937
 94240622, -0.8662053, 0.008405789, 0.1799925, 0.01859379
 94340582, -1.047841, 0.02088201, 0.1353152, 0.01859007
 94440542, -1.196612, 0.07117587, 0.01845365, 0.01859007
 94540502, -1.378184, 0.1762947, -0.2066884, 0.01859007
 94640462, -1.494224, 0.3291568, -0.4109169, 0.01859007
 94740422, -1.537404, 0.498539, -0.60517, 0.01859007
 94840382, -1.411966, 0.610389, -0.665941, 0.01859007
 94940342, -1.193341, 0.6311284, -0.5861595, 0.01859007
 95040302, -1.004707, 0.6461047, -0.5010489, 0.01859007
 95140262, -0.8415289, 0.6590074, -0.4269735, 0.01859007
 95240222, -0.690729, 0.6571004, -0.3225448, 0.01859007
 95340182, -0.5608401, 0.6398289, -0.2244171, 0.01859007
 95440975, -0.4888373, 0.6375322, -0.1816506, 0.01859007
 95540935, -0.4272761, 0.6349903, -0.1572729, 0.01874498
 95640895, -0.3698829, 0.6230466, -0.1398848, 0.01859007
 95740855, -0.3101088, 0.5919364, -0.1220685, 0.01859007
 95840815, -0.2433786, 0.553851, -0.08290473, 0.01859007
 95940775, -0.2285712, 0.576245, -0.1003176, 0.01859007
 96040735, -0.1967622, 0.5694805, -0.08998072, 0.01859007
 96140695, -0.1685495, 0.5688588, -0.0959076, 0.01859007
 96240655, -0.1374308, 0.5619909, -0.09080112, 0.01859007
 96340615, -0.1215803, 0.5724379, -0.1112226, 0.01859007
 96440575, -0.09005552, 0.5648068, -0.124307, 0.01859007
 96540535, -0.06783948, 0.5550266, -0.1231017, 0.01859007
 96640495, -0.04016786, 0.5412627, -0.1136801, 0.01859007
 96740455, -0.01094241, 0.4861798, -0.07206516, 0.01859007
 96840415, 0.01126768, 0.486255, -0.0941557, 0.01859007
 96940375, 0.03640486, 0.4716219, -0.1001632, 0.01859007
 97040335, 0.05100326, 0.4535077, -0.08208109, 0.01859007
 97140295, 0.07470663, 0.4347431, -0.06045367, 0.01859007
 97240255, 0.08911026, 0.4028837, -0.04420817, 0.01859007
 97340215, 0.1068347, 0.4141796, -0.07913862, 0.01859007
 97440175, 0.1144802, 0.4061741, -0.07695379, 0.01859007
 97540968, 0.1350595, 0.3855617, -0.06725568, 0.01874498
 97640928, 0.1412391, 0.3670969, -0.05522639, 0.01859007
 97740888, 0.1592437, 0.3545341, -0.07111047, 0.01859007
 97840848, 0.1723963, 0.3377407, -0.07355195, 0.01859007
 97940808, 0.1819451, 0.3259917, -0.08604906, 0.01859007
 98040768, 0.1976547, 0.3037156, -0.08567426, 0.01859007
 98140728, 0.2086481, 0.2717949, -0.07039123, 0.01859007
 98240688, 0.2168263, 0.2607685, -0.07283701, 0.01859565
 98340648, 0.2282329, 0.2614276, -0.1032074, 0.01859937
 98440608, 0.2321406, 0.2410034, -0.09509694, 0.01859937
 98540568, 0.2465164, 0.2106557, -0.08807124, 0.01859937
 98640528, 0.2515048, 0.1719422, -0.05280707, 0.01859937
 98740488, 0.2556129, 0.1472839, -0.05723396, 0.01859937
 98840448, 0.2557569, 0.121331, -0.03979797, 0.01859937
 98940408, 0.2473579, 0.09133428, -0.01440162, 0.01859937
 99040368, 0.2519903, 0.08389302, -0.03891871, 0.01859937
 99140328, 0.2504179, 0.07387102, -0.05253627, 0.01859937
 99240288, 0.2468189, 0.05248931, -0.027137, 0.01859379
 99340248, 0.2466318, 0.02923997, -0.02042426, 0.01859007
 99440208, 0.2365939, 0.004107708, 0.00560643, 0.01859007
 99540168, 0.2388059, -0.01038288, -0.005965364, 0.01859007
 99640961, 0.2512012, -0.02291534, -0.04491789, 0.01874498
 99740921, 0.238476, -0.0513058, -0.007868079, 0.01859007
 99840881, 0.2284684, -0.06457485, 0.01069206, 0.01859007
 99940841, 0.2185684, -0.07747998, 0.01821062, 0.01859007
 100040801, 0.2091126, -0.09360176, 0.01240782, 0.01859007
 100140761, 0.2033907, -0.1073501, 0.0194292, 0.01859007
 100240721, 0.1996995, -0.117379, 0.0214919, 0.01859007
 100340681, 0.1954693, -0.1267774, 0.007843254, 0.01859007
 100440641, 0.1911766, -0.1499013, 0.004208378, 0.01859007
 100540601, 0.1959969, -0.1592559, -0.03166281, 0.01859007
 100640561, 0.1921544, -0.1632299, -0.02734458, 0.01859007
 100740521, 0.1889175, -0.1645071, -0.01014981, 0.01859007
 100840481, 0.1818418, -0.1766661, -2.640614E-05, 0.01859007
 100940441, 0.1665866, -0.187321, 0.03150559, 0.01859007
 101040401, 0.1582677, -0.194666, 0.05878694, 0.01859007
 101140361, 0.1459246, -0.2104204, 0.04815013, 0.01859007
 101240321, 0.1455701, -0.233324, 0.03641625, 0.01859379
 101340281, 0.1361365, -0.2390068, 0.05253253, 0.01859937
 101440241, 0.1372387, -0.2463408, 0.04260981, 0.01859937
 101540201, 0.1330205, -0.2532922, 0.01140548, 0.01859937
 101640161, 0.1263556, -0.2341496, 0.03596338, 0.01859937
 101740954, 0.1251429, -0.2487863, 0.02273046, 0.01875436
 101840914, 0.1155039, -0.2523757, -0.001373152, 0.01859937
 101940874, 0.1105997, -0.2591481, 0.00675163, 0.01859937
 102040834, 0.1100081, -0.2539425, 0.002569172, 0.01859937
 102140794, 0.1062485, -0.2465908, 0.04603937, 0.01859937
 102240754, 0.09386837, -0.2512006, 0.05641383, 0.01859565
 102340714, 0.09634209, -0.2614835, 0.05569982, 0.01859007
 102440674, 0.09334298, -0.2620118, 0.05802872, 0.01859007
 102540634, 0.09495039, -0.2776413, 0.01544996, 0.01859007
 102640594, 0.0921496, -0.2787946, 0.01051231, 0.01859007
 102740554, 0.08838267, -0.2822142, 0.008966015, 0.01859007
 102840514, 0.08656883, -0.2786358, 0.007218076, 0.01859007
 102940474, 0.08551174, -0.2763585, 0.01590331, 0.01859007
 103040434, 0.08776099, -0.2830955, -0.008606452, 0.01859007
 103140394, 0.07821852, -0.2587093, 0.009669803, 0.01859007
 103240354, 0.06913886, -0.2650042, 0.02376425, 0.01859379
 103340314, 0.07768787, -0.2751409, -0.0008420625, 0.01859937
 103440274, 0.08303169, -0.2740883, 0.02249315, 0.01859937
 103540234, 0.07318467, -0.2664379, 0.01331151, 0.01859937
 103640194, 0.07236493, -0.2669225, 0.009269685, 0.01859937
 103740154, 0.08251641, -0.2641551, -0.007931367, 0.01859937
 103840947, 0.08231857, -0.2785834, -0.01593324, 0.01875436
 103940907, 0.07496148, -0.2576117, 0.03401973, 0.01859937
 104040867, 0.06803192, -0.226445, 0.06714748, 0.01859937
 104140827, 0.07135344, -0.2335784, 0.04000185, 0.01859937
 104240787, 0.07642583, -0.253359, -0.01040001, 0.01859565
 104340747, 0.0705983, -0.2627997, -0.007375731, 0.01859007
 104440707, 0.07325466, -0.2337549, 0.0137075, 0.01859007
 104540667, 0.07172302, -0.2269106, 0.01306779, 0.01859007
 104640627, 0.07503957, -0.2281038, -0.0003035848, 0.01859007
 104740587, 0.07237358, -0.2262219, -0.01430473, 0.01859007
 104840547, 0.06755741, -0.2172268, -0.01640618, 0.01859007
 104940507, 0.06164549, -0.211425, -0.02150082, 0.01859007
 105040467, 0.06188694, -0.2014306, 0.02813522, 0.01859007
 105140427, 0.05779934, -0.1883141, 0.05709036, 0.01859007
 105240387, 0.07168017, -0.1930648, -0.007033595, 0.01859007
 105340347, 0.06909496, -0.1926789, -0.03242878, 0.01859007
 105440307, 0.05980286, -0.1811269, 0.006523383, 0.01859007
 105540267, 0.06240751, -0.1843692, -0.01057807, 0.01859007
 105640227, 0.06071813, -0.181028, -0.01479014, 0.01859007
 105740187, 0.06324592, -0.1757395, -0.01289621, 0.01859007
 105840147, 0.05524288, -0.1507824, 0.03979722, 0.01859007
 105940940, 0.0556167, -0.1587787, 0.02655028, 0.01874498
 106040900, 0.05211198, -0.1595919, 0.02110381, 0.01859007
 106140860, 0.05138809, -0.1560027, 0.02572369, 0.01859007
 106240820, 0.05499581, -0.1538497, 0.01764063, 0.01859379
 106340780, 0.05260079, -0.1603116, 0.005617745, 0.01859937
 106440740, 0.05112952, -0.1508859, 0.006831859, 0.01859937
 106540700, 0.05245728, -0.1595354, -0.01747373, 0.01859937
 106640660, 0.0521493, -0.1491593, -0.01881193, 0.01859937
 106740620, 0.05078976, -0.1499131, -0.003142387, 0.01859937
 106840580, 0.04242478, -0.1505056, -0.03151122, 0.01859937
 106940540, 0.03681108, -0.1183926, 0.00702124, 0.01859937
 107040500, 0.03956889, -0.110725, -0.005060793, 0.01859937
 107140460, 0.04393513, -0.1024798, -0.02745354, 0.01859937
 107240420, 0.04701974, -0.09839664, -0.007863341, 0.01859565
 107340380, 0.0459691, -0.09941711, -0.02710486, 0.01859007
 107440340, 0.04567923, -0.09011482, -0.01557476, 0.01859007
 107540300, 0.04852336, -0.09585631, -0.02721868, 0.01859007
 107640260, 0.04411555, -0.0890352, 0.006220531, 0.01859007
 107740220, 0.03697588, -0.07564197, 0.06403194, 0.01859007
 107840180, 0.03489345, -0.07650413, 0.04697513, 0.01859007
 107940973, 0.03140598, -0.07279144, 0.02878868, 0.01859007
 108040933, 0.03525287, -0.07610212, -0.0318676, 0.01874498
 108140893, 0.0415609, -0.08943707, -0.07179201, 0.01859007
 108240853, 0.04147517, -0.08414125, -0.05015406, 0.01859379
 108340813, 0.03914378, -0.07171847, -0.02970006, 0.01859937
 108440773, 0.03180768, -0.06793705, -0.02487089, 0.01859937
 108540733, 0.02976741, -0.04901855, 0.01491178, 0.01859937
 108640693, 0.0259897, -0.03385141, 0.04543865, 0.01859937
 108740653, 0.02648086, -0.04660119, 0.03909654, 0.01859937
 108840613, 0.01978814, -0.04696758, 0.06121761, 0.01859937
 108940573, 0.01238921, -0.05192455, 0.06420657, 0.01859937
 109040533, 0.0157858, -0.05542472, 0.03086985, 0.01859937
 109140493, 0.0174247, -0.04999815, -0.02288621, 0.01859937
 109240453, 0.01496942, -0.03905347, -0.01639674, 0.01859565
 109340413, 0.0264049, -0.0478635, -0.03310405, 0.01859007
 109440373, 0.02491453, -0.05881883, -0.01246852, 0.01859007
 109540333, 0.02061686, -0.05112419, 0.003092701, 0.01859007
 109640293, 0.01435741, -0.04385946, -0.03791939, 0.01859007
 109740253, 0.01706449, -0.04348129, -0.04223429, 0.01859007
 109840213, 0.006988287, -0.02830041, -0.0107153, 0.01859007
 109940173, 0.008849949, -0.02803623, 0.02975629, 0.01859007
 110040966, 0.009457648, -0.02324556, 0.02603477, 0.01874498
 110140926, 0.01601957, -0.03672459, 0.01033029, 0.01859007
 110240886, 0.01374518, -0.02587735, -0.001325201, 0.01859007
 110340846, 0.01672449, -0.02412096, 0.01844763, 0.01859007
 110440806, 0.01106011, -0.02065791, -0.0003735382, 0.01859007
 110540766, 0.009450505, -0.009995015, -0.01596604, 0.01859007
 110640726, 0.007122662, -0.007617829, 0.0179223, 0.01859007
 110740686, 0.01059244, -0.008373594, 0.002985817, 0.01859007
 110840646, 0.01174027, 0.0007584562, -0.03603981, 0.01859007
 110940606, 0.00981465, 0.003172621, -0.007767258, 0.01859007
 111040566, 0.009854538, -0.005192374, 0.003994192, 0.01859007
 111140526, 0.009792473, -0.01175624, -0.01371574, 0.01859007
 111240486, 0.008251663, -0.01149574, -0.00781151, 0.01859379
 111340446, 0.00529936, -0.01081531, 0.02173129, 0.01859937
 111440406, 0.008371653, -0.01311491, 0.01525428, 0.01859937
 111540366, 0.009319272, -0.01060665, -0.003728948, 0.01859937
 111640326, 0.003473486, -0.01197886, 0.0007155129, 0.01859937
 111740286, 0.006488166, -0.02780058, -0.01350931, 0.01859937
 111840246, 0.009749082, -0.02189945, -0.02820582, 0.01859937
 111940206, 0.001692156, -0.008035932, 0.005346647, 0.01859937
 112040166, -0.0006734031, -0.000203807, 0.01464802, 0.01859937
 112140959, -0.00624636, -0.00562582, -0.002072175, 0.01875436
 112240919, -0.008876096, 0.002799618, -5.07345E-05, 0.01859565
 112340879, -0.007304313, 0.007899514, 0.01304194, 0.01859007
 112440839, -0.006506986, -0.002848588, -0.006440465, 0.01859007
 112540799, -0.001555654, -0.009423462, 0.0142768, 0.01859007
 112640759, 0.003877397, -0.002092867, 0.021331, 0.01859007
 112740719, 0.001954769, 0.002072617, -0.009198762, 0.01859007
 112840679, 0.001056731, 0.007256949, -0.03515744, 0.01859007
 112940639, -0.003011469, 0.01382022, -0.009449134, 0.01859007
 113040599, 0.001027059, -0.002957324, -0.003868825, 0.01859007
 113140559, -0.0001646396, -0.0004031883, 0.003248974, 0.01859007
 113240519, -0.006119866, 0.001946249, -0.00853936, 0.01859379
 113340479, -0.003617165, -0.001199825, 0.006872011, 0.01859937
 113440439, -0.0003295015, -0.0107006, 0.008777434, 0.01859937
 113540399, -0.003153488, -0.002410153, 0.02820135, 0.01859937
 113640359, -0.01477809, 0.007365562, 0.02277973, 0.01859937
 113740319, -0.01640663, 0.009861113, 0.04289261, 0.01859937
 113840279, -0.008761362, 0.009790258, 0.01693878, 0.01859937
 113940239, -0.0024807, -0.02346415, -0.02520627, 0.01859937
 114040199, -0.004909871, 0.02153065, -0.04310674, 0.01859937
 114140159, -0.02411431, 0.2350969, -0.05274936, 0.01859937
 114240952, -0.0389242, 0.4144858, 0.04979683, 0.01875064
 114340912, -0.04578916, 0.4924752, 0.1248715, 0.01859007
 114440872, -0.05353198, 0.5878245, 0.1645752, 0.01859007
 114540832, -0.06435794, 0.7378346, 0.1244042, 0.01859007
 114640792, -0.06936419, 0.9022223, 0.1425368, 0.01859007
 114740752, -0.07305016, 1.06758, 0.09998443, 0.01859007
 114840712, -0.02398053, 1.256089, -0.01951037, 0.01859007
 114940672, 0.08519648, 1.460845, -0.2390036, 0.01859007
 115040632, 0.2215352, 1.54325, -0.4252114, 0.01859007
 115140592, 0.3689459, 1.539037, -0.5710258, 0.01859007
 115240552, 0.5015171, 1.469263, -0.667594, 0.01859007
 115340512, 0.5604949, 1.268174, -0.6138816, 0.01859007
 115440472, 0.5765027, 1.081309, -0.5276644, 0.01859007
 115540432, 0.5824667, 0.887701, -0.4269865, 0.01859007
 115640392, 0.5749369, 0.7245511, -0.3281437, 0.01859007
 115740352, 0.561071, 0.587695, -0.2148983, 0.01859007
 115840312, 0.559684, 0.501897, -0.1577261, 0.01859007
 115940272, 0.5454859, 0.427283, -0.09692539, 0.01859007
 116040232, 0.5506659, 0.3803773, -0.08145552, 0.01859007
 116140192, 0.5484433, 0.342358, -0.08782867, 0.01859007
 116240152, 0.5385735, 0.3039208, -0.08193894, 0.01859379
 116340945, 0.5478278, 0.2770676, -0.09256525, 0.01875436
 116440905, 0.5540774, 0.2555314, -0.1056323, 0.01859937
 116540865, 0.5413473, 0.2149991, -0.08254213, 0.01859937
 116640825, 0.5506894, 0.1969573, -0.1101904, 0.01859937
 116740785, 0.553896, 0.1769675, -0.1173021, 0.01859937
 116840745, 0.5482575, 0.1532898, -0.1001508, 0.01859937
 116940705, 0.5525633, 0.1264816, -0.1209419, 0.01859937
 117040665, 0.5633262, 0.1021916, -0.1525738, 0.01859937
 117140625, 0.5315496, 0.06298555, -0.1281112, 0.01859937
 117240585, 0.5504287, 0.04819482, -0.1539409, 0.01859565
 117340545, 0.5211151, 0.01576198, -0.1497112, 0.01859007
 117440505, 0.4851045, -0.01200625, -0.1146673, 0.01859007
 117540465, 0.4566352, -0.03589957, -0.07576612, 0.01859007
 117640425, 0.4504585, -0.05944932, -0.09095476, 0.01859007
 117740385, 0.4279326, -0.07939172, -0.09416169, 0.01859007
 117840345, 0.4152862, -0.09879057, -0.08588009, 0.01859007
 117940305, 0.3733211, -0.1196807, -0.05491025, 0.01859007
 118040265, 0.3614601, -0.1340843, -0.06365032, 0.01859007
 118140225, 0.3560661, -0.1505625, -0.06631779, 0.01859007
 118240185, 0.3260968, -0.1602515, -0.03932928, 0.01859379
 118340145, 0.3050912, -0.1721321, -0.03238915, 0.01859937
 118440938, 0.2815286, -0.1787458, -0.01501551, 0.01875436
 118540898, 0.28872, -0.1855994, -0.05089083, 0.01859937
 118640858, 0.2729841, -0.1940278, -0.04958897, 0.01859937
 118740818, 0.2690324, -0.2146079, -0.07739393, 0.01859937
 118840778, 0.2462233, -0.2173222, -0.0759704, 0.01859937
 118940738, 0.2250609, -0.2267862, -0.07187875, 0.01859937
 119040698, 0.1992804, -0.2354961, -0.07517304, 0.01859937
 119140658, 0.1740779, -0.2440919, -0.06523055, 0.01859937
 119240618, 0.1583684, -0.2481785, -0.06196773, 0.01859565
 119340578, 0.1418301, -0.2532951, -0.04656775, 0.01859007
 119440538, 0.1158862, -0.2488607, -0.0248395, 0.01859007
 119540498, 0.08524069, -0.2500017, -0.01394488, 0.01859007
 119640458, 0.06214532, -0.2418739, 0.01988273, 0.01859007
 119740418, 0.04202167, -0.2401894, 0.007205455, 0.01859007
 119840378, 0.02984943, -0.2401371, -0.003549671, 0.01859007
 119940338, 0.005951028, -0.2379615, 0.01821883, 0.01859007
 120040298, -0.001645649, -0.2393531, 0.01162009, 0.01859007
 120140258, -0.01428601, -0.2309936, 0.02713173, 0.01859007
 120240218, -0.03322706, -0.2268111, 0.03775087, 0.01859007
 120340178, -0.05175744, -0.2280757, 0.0195597, 0.01859007
 120440971, -0.05676027, -0.2361592, -0.0262363, 0.01859007
 120540931, -0.07109186, -0.2280217, -0.007057705, 0.01874498
 120640891, -0.07818079, -0.2339344, -0.01160669, 0.01859007
 120740851, -0.10072, -0.2303417, -0.007618735, 0.01859007
 120840811, -0.1058591, -0.2265062, -0.005896316, 0.01859007
 120940771, -0.1238258, -0.2165819, 0.007859938, 0.01859007
 121040731, -0.1381549, -0.212234, 0.0138486, 0.01859007
 121140691, -0.1369241, -0.203022, 0.01892871, 0.01859007
 121240651, -0.1488007, -0.2067137, -0.001278861, 0.01859379
 121340611, -0.1585775, -0.2030331, 0.01480773, 0.01859937
 121440571, -0.1732757, -0.195215, 0.03295301, 0.01859937
 121540531, -0.1922364, -0.193055, 0.04528416, 0.01859937
 121640491, -0.1886203, -0.1877078, 0.05001378, 0.01859937
 121740451, -0.2002877, -0.1865763, 0.03955919, 0.01859937
 121840411, -0.2120029, -0.1794692, 0.0491958, 0.01859937
 121940371, -0.2129706, -0.1790715, 0.03095596, 0.01859937
 122040331, -0.2231247, -0.1744181, -0.002378399, 0.01859937
 122140291, -0.2254859, -0.173121, -0.008738387, 0.01859937
 122240251, -0.234705, -0.1689406, 0.004136729, 0.01859565
 122340211, -0.2380718, -0.1612594, 0.03494702, 0.01859007
 122440171, -0.2433077, -0.1581428, 0.0139357, 0.01859007
 122540964, -0.2512546, -0.1581096, 0.003974493, 0.01874498
 122640924, -0.2419457, -0.1508669, 0.01393951, 0.01859007
 122740884, -0.242354, -0.1431951, 0.05294168, 0.01859007
 122840844, -0.241795, -0.1346959, 0.06253266, 0.01859007
 122940804, -0.2535248, -0.1434594, 0.01866097, 0.01859007
 123040764, -0.2483886, -0.1386745, 0.01654324, 0.01859007
 123140724, -0.2532209, -0.1298373, 0.03255923, 0.01859007
 123240684, -0.2509103, -0.1262287, 0.02940639, 0.01859379
 123340644, -0.2586732, -0.1245663, 0.03071621, 0.01859937
 123440604, -0.2638179, -0.1190948, 0.03193568, 0.01859937
 123540564, -0.2581447, -0.1275667, -0.00236714, 0.01859937
 123640524, -0.2624685, -0.1322476, -0.03211302, 0.01859937
 123740484, -0.2401589, -0.1201909, 0.01212115, 0.01859937
 123840444, -0.2287146, -0.1170979, 0.04317997, 0.01859937
 123940404, -0.229974, -0.1123864, 0.05333826, 0.01859937
 124040364, -0.2352014, -0.1193178, 0.04645337, 0.01859937
 124140324, -0.2312468, -0.1126228, 0.03477942, 0.01859937
 124240284, -0.2359868, -0.1046628, 0.02728643, 0.01859565
 124340244, -0.2256474, -0.1038616, 0.03312221, 0.01859007
 124440204, -0.2404304, -0.115157, -0.0100581, 0.01859007
 124540164, -0.2442853, -0.1077143, -0.002026081, 0.01859007
 124640957, -0.2251425, -0.09840436, 0.03252114, 0.01874498
 124740917, -0.2127141, -0.09622749, 0.01397385, 0.01859007
 124840877, -0.2131213, -0.1025974, 0.002807858, 0.01859007
 124940837, -0.2253041, -0.1002256, -0.0173059, 0.01859007
 125040797, -0.2148062, -0.09953322, -0.005980502, 0.01859007
 125140757, -0.2117188, -0.1027868, -0.02832864, 0.01859007
 125240717, -0.2109337, -0.09984176, -0.02960881, 0.01859007
 125340677, -0.2034895, -0.0981681, -0.01227207, 0.01859007
 125440637, -0.1921068, -0.09271122, -0.008728864, 0.01859007
 125540597, -0.1703038, -0.07906539, 0.05748372, 0.01859007
 125640557, -0.171207, -0.07408779, 0.04673218, 0.01859007
 125740517, -0.1703114, -0.07516702, 0.0563525, 0.01859007
 125840477, -0.1820816, -0.08429199, 0.03752302, 0.01859007
 125940437, -0.1936358, -0.09082718, -0.02488358, 0.01859007
 126040397, -0.176486, -0.08892485, -0.03275979, 0.01859007
 126140357, -0.1752026, -0.08069431, -0.03216084, 0.01859007
 126240317, -0.1675979, -0.0755176, -0.009760566, 0.01859379
 126340277, -0.1582083, -0.07265393, -0.01030776, 0.01859937
 126440237, -0.1409398, -0.07402851, -0.01205106, 0.01859937
 126540197, -0.1402481, -0.06534961, -0.0006967904, 0.01859937
 126640157, -0.1340424, -0.07722509, -0.01453055, 0.01859937
 126740950, -0.1336024, -0.07827576, 0.007143292, 0.01875436
 126840910, -0.1385738, -0.07198571, 0.02112009, 0.01859937
 126940870, -0.1319467, -0.06235587, 0.04136276, 0.01859937
 127040830, -0.1320615, -0.06745238, 0.0277697, 0.01859937
 127140790, -0.1347064, -0.06306632, -0.003263627, 0.01859937
 127240750, -0.1383967, -0.06321104, -0.007992493, 0.01859565
 127340710, -0.1261852, -0.0674622, -0.03639587, 0.01859007
 127440670, -0.1119431, -0.06519631, -0.02090181, 0.01859007
 127540630, -0.09547749, -0.05727549, -0.009067054, 0.01859007
 127640590, -0.09969308, -0.0551644, -0.0001738425, 0.01859007
 127740550, -0.1050394, -0.05853661, 0.01012856, 0.01859007
 127840510, -0.1061677, -0.05217844, -0.004965359, 0.01859007
 127940470, -0.09524708, -0.04995811, 0.01100638, 0.01859007
 128040430, -0.08509047, -0.04746064, -0.006412028, 0.01859007
 128140390, -0.07891824, -0.04707878, 0.006304145, 0.01859007
 128240350, -0.07002819, -0.03748068, 0.02817655, 0.01859379
 128340310, -0.07837559, -0.04172679, 0.007622711, 0.01859937
 128440270, -0.08040404, -0.04184724, 0.03675428, 0.01859937
 128540230, -0.07078435, -0.03535454, 0.03770573, 0.01859937
 128640190, -0.06785628, -0.03506828, -0.01507412, 0.01859937
 128740150, -0.06247009, -0.03805234, -0.03256708, 0.01859937
 128840943, -0.05547131, -0.04027138, -0.07157195, 0.01875436
 128940903, -0.05379182, -0.04268325, -0.05173286, 0.01859937
 129040863, -0.04329338, -0.03322455, -0.01726146, 0.01859937
 129140823, -0.03319989, -0.0283533, 0.03200189, 0.01859937
 129240783, -0.04060956, -0.03090027, 0.02328968, 0.01859565
 129340743, -0.03835969, -0.02572327, 0.03153801, 0.01859007
 129440703, -0.03419597, -0.01976521, 0.02910413, 0.01859007
 129540663, -0.03168863, -0.01986071, 0.007949395, 0.01859007
 129640623, -0.03538609, -0.01563388, 0.01875588, 0.01859007
 129740583, -0.0415559, -0.02144749, 0.02234209, 0.01859007
 129840543, -0.04422209, -0.02289679, -0.01618119, 0.01859007
 129940503, -0.04340966, -0.02351144, -0.02861587, 0.01859007
 130040463, -0.03919355, -0.02310715, -0.06335101, 0.01859007
 130140423, -0.04155424, -0.0224405, -0.05510218, 0.01859007
 130240383, -0.03160612, -0.02181718, -0.007575256, 0.01859007
 130340343, -0.02764781, -0.01474878, 0.03323203, 0.01859007
 130440303, -0.017521, -0.01502184, 0.02894488, 0.01859007
 130540263, -0.01334752, -0.01139869, 0.01039708, 0.01859007
 130640223, -0.0224046, -0.01009842, 0.0167662, 0.01859007
 130740183, -0.01404247, -0.01225007, -0.006303868, 0.01859007
 130840976, -0.01271438, -0.01218865, -0.001770637, 0.01859007
 130940936, -0.01054964, -0.01257881, -0.004165024, 0.01874498
 131040896, -0.009905858, -0.00877107, 0.01279615, 0.01859007
 131140856, -0.02290649, -0.003613148, 0.01794727, 0.01859007
 131240816, -0.01979022, -0.004350343, -0.005145417, 0.01859379
 131340776, -0.02590899, -0.005182142, -0.00216121, 0.01859937
 131440736, -0.01895135, -0.010698, -0.01732669, 0.01859937
 131540696, -0.01020533, -0.005914425, 0.01226415, 0.01859937
 131640656, -0.004737589, -0.01414691, -0.000942044, 0.01859937
 131740616, -0.0008434391, -0.01095789, 0.006879886, 0.01859937
 131840576, 0.0008393195, -0.002001009, 0.007354597, 0.01859937
 131940536, -0.003318256, 0.004064693, 0.005263826, 0.01859937
 132040496, 0.004413935, 0.0002790491, 0.02106631, 0.01859937
 132140456, 0.001319391, -0.0001311672, -0.02580937, 0.01859937
 132240416, -0.004863108, 0.00186747, -0.03363302, 0.01859565
 132340376, -0.002284443, 0.001312031, -0.02370386, 0.01859007
 132440336, -0.0144808, 0.002592093, 0.002085252, 0.01859007
 132540296, -0.008506856, 0.006593185, -0.003016962, 0.01859007
 132640256, -0.008912213, 0.006609861, 0.02863425, 0.01859007
 132740216, -0.002314863, 0.006820079, 0.05366013, 0.01859007
 132840176, 0.00087835, 0.01056542, 0.02858064, 0.01859007
 132940969, 0.004019466, 0.009227884, 0.02891199, 0.01874498
 133040929, -0.004035584, 0.01083716, -0.01426272, 0.01859007
 133140889, -0.007683905, 0.01149252, -0.03855924, 0.01859007
 133240849, -0.0005159085, 0.009154288, -0.0118721, 0.01859379
 133340809, 0.005206456, 0.01330769, 0.01049923, 0.01859937
 133440769, -0.002273502, 0.005612621, -0.002042754, 0.01859937
 133540729, 0.001222309, 0.008540171, 0.009157398, 0.01859937
 133640689, 0.002580962, 0.01213272, -0.001529082, 0.01859937
 133740649, 0.003546093, 0.01276825, 0.004867256, 0.01859937
 133840609, 0.005017496, 0.01587997, 0.01412316, 0.01859937
 133940569, -6.080208E-05, 0.01365959, -0.01374836, 0.01859937
 134040529, -0.004540897, 0.009984752, -0.0005407267, 0.01859937
 134140489, -0.0001115634, 0.00999688, -0.004182677, 0.01859937
 134240449, -0.005559215, 0.01251633, 0.02109357, 0.01859751
 134340409, -0.01102546, 0.01828022, 0.01550435, 0.01859007
 134440369, -0.01011226, 0.01926104, 0.01062599, 0.01859007
 134540329, -0.001105806, 0.01687285, 0.02334587, 0.01859007
 134640289, -0.0008068689, 0.01616668, 0.01218249, 0.01859007
 134740249, -0.007550841, 0.01310384, -0.01308877, 0.01859007
 134840209, -0.01505306, 0.01329148, -0.02111862, 0.01859007
 134940169, -0.00758033, 0.01489974, 0.003758509, 0.01859007
 135040962, -0.004998463, 0.01232302, -0.03229102, 0.01874498
 135140922, 0.001178737, 0.01384864, -0.01221373, 0.01859007
 135240882, -0.001982904, 0.01342476, -0.003143884, 0.01859007
 135340842, 0.0006879427, 0.01718538, -0.02287518, 0.01859007
 135440802, 0.0001964989, 0.01416547, -0.04144162, 0.01859007
 135540762, 0.002349839, 0.008114601, -0.01261737, 0.01859007
 135640722, -0.001290512, 0.01256859, 0.01497397, 0.01859007
 135740682, -0.001928876, 0.01534565, 0.03700104, 0.01859007
 135840642, 0.0053021, 0.01702538, 0.02069279, 0.01859007
 135940602, 0.00284277, 0.01536984, 0.01155894, 0.01859007
 136040562, -0.002992717, 0.01686942, 0.02535646, 0.01859007
 136140522, -0.001916301, 0.01998233, -0.0153626, 0.01859007
 136240482, -0.00148595, 0.01679696, 0.00493657, 0.01859193
 136340442, -0.001659928, 0.02209266, 0.008110606, 0.01859937
 136440402, -0.002870927, 0.02287094, 0.06500451, 0.01859937
 136540362, -0.006986415, 0.02279031, 0.03367366, 0.01859937
 136640322, -0.008963318, 0.0207952, -0.02524276, 0.01859937
 136740282, -0.01910811, 0.01738386, -0.01372373, 0.01859937
 136840242, -0.01692556, 0.0195228, -0.007765457, 0.01859937
 136940202, -0.02402173, 0.02645487, -0.0320645, 0.01859937
 137040162, -0.01554943, 0.02141096, -0.006905225, 0.01859937
 137140955, -0.006335496, 0.02084698, 0.01055234, 0.01875436
 137240915, 0.0006754843, 0.02206828, 0.02085022, 0.01859751
 137340875, 0.005000815, 0.02093071, 0.03978562, 0.01859007
 137440835, 0.006556751, 0.02312201, 0.01633306, 0.01859007
 137540795, 0.0004602156, 0.02121868, -0.01438891, 0.01859007
 137640755, -0.005699182, 0.02444818, -0.0161439, 0.01859007
 137740715, -0.006236688, 0.02224372, -0.04085901, 0.01859007
 137840675, -0.007604667, 0.01824227, -0.06123225, 0.01859007
 137940635, -0.009112018, 0.02623201, -0.02083874, 0.01859007
 138040595, -0.01048193, 0.02400444, -0.005506858, 0.01859007
 138140555, -0.00604865, 0.01252386, 0.01556389, 0.01859007
 138240515, -0.001784732, 0.02122221, -0.01110611, 0.01859193
 138340475, -0.0004024329, 0.01974396, 0.01796168, 0.01859937
 138440435, -0.003380174, 0.01944521, 0.01983585, 0.01859937
 138540395, -0.003598838, 0.02152808, 0.02889042, 0.01859937
 138640355, -0.001749432, 0.02424181, 0.01783185, 0.01859937
 138740315, -0.004604519, 0.02422305, -0.03788771, 0.01859937
 138840275, 0.001441895, 0.01932982, -0.01549575, 0.01859937
 138940235, -0.006266169, 0.01683502, 0.01200015, 0.01859937
 139040195, -0.01921844, 0.02285683, 0.02424449, 0.01859937
 139140155, -0.02136393, 0.01996768, 0.06357805, 0.01859937
 139240948, -0.01245198, 0.02196661, 0.009115079, 0.0187525
 139340908, -0.008005762, 0.02657844, -0.05754322, 0.01859007
 139440868, -0.01085462, 0.02795587, 0.007070945, 0.01859007
 139540828, -0.01509491, 0.0353424, -0.01420799, 0.01859007
 139640788, -0.01700671, 0.0263177, -0.05918604, 0.01859007
 139740748, -0.01305219, 0.02507534, -0.01211836, 0.01859007
 139840708, 0.003969084, 0.03059189, 0.005121947, 0.01859007
 139940668, 0.0009078573, 0.03058301, 0.0002758162, 0.01859007
 140040628, -0.003380107, 0.02863632, 0.03105448, 0.01859007
 140140588, 0.000665654, 0.01859641, 0.03733011, 0.01859007
 140240548, -0.0003781334, 0.02191067, 0.01188501, 0.01859007
 140340508, -0.01345569, 0.02297158, 0.02656361, 0.01859007
 140440468, -0.0175968, 0.03121033, 0.01169142, 0.01859007
 140540428, -0.004818399, 0.02918815, 0.007876839, 0.01859007
 140640388, -0.006503105, 0.01846427, -0.01401642, 0.01859007
 140740348, -0.002112842, 0.02624847, 0.01310871, 0.01859007
 140840308, -0.0007909018, 0.01714677, -0.004245623, 0.01859007
 140940268, -0.007463118, 0.01860235, -0.05708068, 0.01859007
 141040228, -0.01115057, 0.01974144, -0.04549725, 0.01859007
 141140188, -0.007012809, 0.02820054, -0.02698825, 0.01859007
 141240148, -0.001969492, 0.03003985, 0.0002397246, 0.01859193
 141340941, 0.004000744, 0.02881266, 0.009607426, 0.01875436
 141440901, 0.003732691, 0.03195686, 0.0343006, 0.01859937
 141540861, 0.001622067, 0.03459809, 0.03936034, 0.01859937
 141640821, 0.0002116997, 0.02768682, 0.003374675, 0.01859937
 141740781, 0.004586749, 0.02689656, 0.0181251, 0.01859937
 141840741, -0.004762848, 0.02456158, -0.01387651, 0.01859937
 141940701, 0.001235304, 0.0314813, -0.04029242, 0.01859937
 142040661, 0.00391899, 0.02728847, 0.01764316, 0.01859937
 142140621, -0.009602547, 0.02613345, 0.02557969, 0.01859937
 142240581, -0.00130446, 0.02925356, -0.01523824, 0.01859751
 142340541, -0.01102782, 0.0298806, 0.00643792, 0.01859007
 142440501, -0.01477751, 0.02405673, 0.03249964, 0.01859007
 142540461, -0.01157064, 0.02313494, 0.01332691, 0.01859007
 142640421, -0.01236939, 0.0175409, -0.0548101, 0.01859007
 142740381, -0.01643215, 0.02159511, -0.04768524, 0.01859007
 142840341, -0.0122862, 0.02108623, 0.0004738154, 0.01859007
 142940301, -0.01811193, 0.02509043, -0.0212283, 0.01859007
 143040261, -0.02118372, 0.0253263, 0.01130988, 0.01859007
 143140221, -0.02168026, 0.01992832, -0.0103397, 0.01859007
 143240181, -0.009852896, 0.01635524, 0.01334593, 0.01859193
 143340974, 0.001925847, 0.01549932, 0.00730331, 0.01859937
 143440934, -0.001704468, 0.01985127, 0.01257754, 0.01875436
 143540894, -0.01206287, 0.02676055, 0.004240075, 0.01859937
 143640854, -0.01386183, 0.0245556, -0.02292872, 0.01859937
 143740814, -0.004515205, 0.02211269, -0.009046195, 0.01859937
 143840774, -0.007130492, 0.02690551, 0.03397672, 0.01859937
 143940734, -0.0187261, 0.02936179, 0.01736361, 0.01859937
 144040694, -0.01311231, 0.02623583, -0.002573185, 0.01859937
 144140654, -0.008952216, 0.02726337, -0.005575572, 0.01859937
 144240614, -0.007664755, 0.03115926, -0.02195215, 0.01859751
 144340574, -0.01023395, 0.03195391, -0.02337165, 0.01859007
 144440534, -0.05844971, 0.02482582, -0.002514052, 0.01859007
 144540494, -0.003361888, 0.01874597, 0.01641947, 0.01859007
 144640454, 0.2063542, 0.01297735, -0.01984673, 0.01859007
 144740414, 0.3897672, 0.009509249, 0.02252369, 0.01859007
 144840374, 0.4897838, 0.001373213, 0.08327018, 0.01859007
 144940334, 0.5798353, -0.005679769, 0.1249235, 0.01859007
 145040294, 0.7102895, -0.003909426, 0.13935, 0.01859007
 145140254, 0.8762154, -0.01871953, 0.1448767, 0.01859007
 145240214, 1.027351, -0.03034566, 0.1208427, 0.01859007
 145340174, 1.198811, -0.08074087, -0.009376712, 0.01859007
 145440967, 1.372695, -0.1912007, -0.2123266, 0.01874498
 145540927, 1.481119, -0.3423685, -0.4162608, 0.01859007
 145640887, 1.494974, -0.4980251, -0.5751218, 0.01859007
 145740847, 1.364779, -0.5882753, -0.6318579, 0.01859007
 145840807, 1.206663, -0.6547551, -0.6492647, 0.01859007
 145940767, 0.9976996, -0.6496139, -0.5288932, 0.01859007
 146040727, 0.8095919, -0.6420735, -0.4097168, 0.01859007
 146140687, 0.6472927, -0.626577, -0.3107165, 0.01859007
 146240647, 0.5126284, -0.5977269, -0.2241079, 0.01859193
 146340607, 0.4357624, -0.59048, -0.1976857, 0.01859937
 146440567, 0.3577694, -0.5698001, -0.1506525, 0.01859937
 146540527, 0.3212541, -0.5723193, -0.1228972, 0.01859937
 146640487, 0.2871032, -0.5542747, -0.08543129, 0.01859937
 146740447, 0.250469, -0.5530514, -0.08686788, 0.01859937
 146840407, 0.218558, -0.5375502, -0.09665993, 0.01859937
 146940367, 0.2075256, -0.5572257, -0.1214113, 0.01859937
 147040327, 0.1756863, -0.5544335, -0.1314173, 0.01859937
 147140287, 0.154158, -0.5660701, -0.1424693, 0.01859937
 147240247, 0.1249349, -0.5649013, -0.1412342, 0.01859751
 147340207, 0.09421137, -0.5340059, -0.1278575, 0.01859007
 147440167, 0.06696711, -0.5157387, -0.1178295, 0.01859007
 147540960, 0.05637, -0.5292304, -0.1299811, 0.01874498
 147640920, 0.0244789, -0.5155479, -0.1410178, 0.01859007
 147740880, -0.0009815247, -0.4920323, -0.125336, 0.01859007
 147840840, -0.0295253, -0.4612589, -0.1078409, 0.01859007
 147940800, -0.05505126, -0.4330869, -0.09493221, 0.01859007
 148040760, -0.06020783, -0.4382359, -0.1014777, 0.01859007
 148140720, -0.08685714, -0.422404, -0.1128729, 0.01859007
 148240680, -0.1089058, -0.391746, -0.09081352, 0.01859193
 148340640, -0.1249991, -0.3550044, -0.06549203, 0.01859937
 148440600, -0.1423313, -0.3601976, -0.09203508, 0.01859937
 148540560, -0.1452987, -0.3618451, -0.1088079, 0.01859937
 148640520, -0.1563059, -0.3392096, -0.08524329, 0.01859937
 148740480, -0.1707252, -0.3058681, -0.06692764, 0.01859937
 148840440, -0.1820036, -0.2740922, -0.06081616, 0.01859937
 148940400, -0.1932067, -0.2517667, -0.06233033, 0.01859937
 149040360, -0.20792, -0.2463735, -0.09245083, 0.01859937
 149140320, -0.2194616, -0.2313629, -0.09051563, 0.01859937
 149240280, -0.2268599, -0.2196435, -0.09664309, 0.01859751
 149340240, -0.2265753, -0.1892454, -0.06942815, 0.01859007
 149440200, -0.2294446, -0.1561101, -0.05152384, 0.01859007
 149540160, -0.2261294, -0.1467502, -0.05499452, 0.01859007
 149640953, -0.2241125, -0.1297981, -0.05071536, 0.01874498
 149740913, -0.2195587, -0.1115499, -0.04138041, 0.01859007
 149840873, -0.2261635, -0.09000039, -0.04613177, 0.01859007
 149940833, -0.226555, -0.06845925, -0.05376221, 0.01859007
 150040793, -0.2300874, -0.04102447, -0.06194428, 0.01859007
 150140753, -0.2240726, -0.01398348, -0.05803629, 0.01859007
 150240713, -0.2188733, 0.004458264, -0.04681692, 0.01859007
 150340673, -0.2049428, 0.02283485, -0.01057969, 0.01859007
 150440633, -0.1953294, 0.03633574, 0.005617697, 0.01859007
 150540593, -0.1891417, 0.05882192, 0.00795029, 0.01859007
 150640553, -0.1804132, 0.07581199, -0.003791093, 0.01859007
 150740513, -0.1754339, 0.09122412, -0.004022, 0.01859007
 150840473, -0.1644651, 0.1139954, -0.01457927, 0.01859007
 150940433, -0.1577646, 0.1248969, 0.001632867, 0.01859007
 151040393, -0.1439247, 0.1379967, 0.02631859, 0.01859007
 151140353, -0.1332102, 0.1428829, 0.01022307, 0.01859007
 151240313, -0.1259, 0.1529177, -0.001577652, 0.01859193
 151340273, -0.1235926, 0.1641983, -0.008014094, 0.01859937
 151440233, -0.1138931, 0.1749076, -0.02301645, 0.01859937
 151540193, -0.1081811, 0.1835968, -0.0002565407, 0.01859937
 151640153, -0.1049956, 0.1933254, 0.0121906, 0.01859937
 151740946, -0.09622874, 0.2087233, -0.007756165, 0.01875436
 151840906, -0.08914944, 0.2092442, 0.0147405, 0.01859937
 151940866, -0.07383326, 0.2169863, 0.01060615, 0.01859937
 152040826, -0.06595999, 0.2231631, 0.009390745, 0.01859937
 152140786, -0.05756458, 0.2381246, 0.02398882, 0.01859937
 152240746, -0.05075074, 0.2348404, 0.04062145, 0.01859751
 152340706, -0.04923641, 0.2340931, 0.007967021, 0.01859007
 152440666, -0.04659986, 0.2379438, 0.006555957, 0.01859007
 152540626, -0.03719098, 0.2427993, 0.03386068, 0.01859007
 152640586, -0.02835506, 0.2586875, 0.03199453, 0.01859007
 152740546, -0.02392331, 0.2639107, 0.03973692, 0.01859007
 152840506, -0.01453212, 0.2645033, 0.01262734, 0.01859007
 152940466, -0.007352881, 0.2700042, 0.009873702, 0.01859007
 153040426, -0.01118095, 0.2670027, 0.02709128, 0.01859007
 153140386, -0.004593124, 0.2703438, 0.03867413, 0.01859007
 153240346, 0.001814377, 0.2631096, 0.06125454, 0.01859193
 153340306, 0.005502451, 0.2661793, 0.04692592, 0.01859937
 153440266, 0.0107877, 0.2655557, 0.02009089, 0.01859937
 153540226, 0.009127961, 0.2716616, 0.001842753, 0.01859937
 153640186, 0.01078606, 0.2762174, -0.008534745, 0.01859937
 153740146, 0.02049348, 0.2893661, -0.01840745, 0.01859937
 153840939, 0.01940383, 0.2784331, 0.006379173, 0.01875436
 153940899, 0.02480897, 0.2557142, 0.06315689, 0.01859937
 154040859, 0.02793278, 0.2648115, 0.03450364, 0.01859937
 154140819, 0.02832362, 0.2779519, 0.00348398, 0.01859937
 154240779, 0.03480969, 0.2926465, -0.03101708, 0.01859751
 154340739, 0.02532741, 0.2845847, -0.01095872, 0.01859007
 154440699, 0.02361963, 0.2712385, 0.01100818, 0.01859007
 154540659, 0.01823764, 0.2664301, 0.008541437, 0.01859007
 154640619, 0.01664118, 0.2614803, 0.007238772, 0.01859007
 154740579, 0.0122781, 0.2438107, 0.005358192, 0.01859007
 154840539, 0.009639829, 0.2289826, 0.0123031, 0.01859007
 154940499, 0.01709312, 0.2285866, 0.02103312, 0.01859007
 155040459, 0.02758081, 0.2354522, 0.02351383, 0.01859007
 155140419, 0.0257168, 0.23455, 0.02463449, 0.01859007
 155240379, 0.0195213, 0.2299751, -0.001364963, 0.01859007
 155340339, 0.02427013, 0.2328351, 0.008273543, 0.01859007
 155440299, 0.02086171, 0.2337303, 0.006998771, 0.01859007
 155540259, 0.02055845, 0.2274379, 0.003891666, 0.01859007
 155640219, 0.01595257, 0.2313991, -0.0222634, 0.01859007
 155740179, 0.01650842, 0.2337228, -0.03369809, 0.01859007
 155840972, 0.01636427, 0.2282604, -0.02320588, 0.01859007
 155940932, 0.01092153, 0.2088575, 0.005074465, 0.01874498
 156040892, 0.01431727, 0.1976507, 0.01859943, 0.01859007
 156140852, 0.0168679, 0.1933034, 0.01860696, 0.01859007
 156240812, 0.01338837, 0.1996789, 0.002523099, 0.01859193
 156340772, 0.01260302, 0.1743177, 0.03205056, 0.01859937
 156440732, 0.01440113, 0.1761345, 0.01479277, 0.01859937
 156540692, 0.008106858, 0.1688841, 0.006587082, 0.01859937
 156640652, 0.01458411, 0.1637578, 0.01494465, 0.01859937
 156740612, 0.01534765, 0.1710186, 0.01199887, 0.01859937
 156840572, 0.01458397, 0.1681285, 0.01589024, 0.01859937
 156940532, 0.01754293, 0.1702067, -0.008371618, 0.01859937
 157040492, 0.009846125, 0.15461, -0.01687597, 0.01859937
 157140452, 0.006138897, 0.1532719, -0.008671257, 0.01859937
 157240412, 0.001298094, 0.1370196, 0.01418904, 0.01859751
 157340372, 0.01035056, 0.1388081, 0.01103005, 0.01859007
 157440332, 0.006370779, 0.1310114, -0.003746756, 0.01859007
 157540292, 0.005125977, 0.1345602, -0.03352204, 0.01859007
 157640252, 0.007083799, 0.1268384, -0.01976426, 0.01859007
 157740212, 0.005580336, 0.1218837, -0.001177174, 0.01859007
 157840172, 0.00724439, 0.1318047, -0.02209152, 0.01859007
 157940965, -0.001251143, 0.1196239, -0.01183032, 0.01874498
 158040925, -0.004395532, 0.1050331, -0.0154948, 0.01859007
 158140885, 0.002783864, 0.09427127, -0.0006698025, 0.01859007
 158240845, 0.001625653, 0.09058639, 0.03718674, 0.01859193
 158340805, 0.007763255, 0.09010225, 0.01957354, 0.01859937
 158440765, -0.005979148, 0.08927815, 0.003636545, 0.01859937
 158540725, -0.003789461, 0.08923224, -0.04118169, 0.01859937
 158640685, -0.0004672512, 0.07916105, -0.01087326, 0.01859937
 158740645, 0.002004339, 0.06936344, 0.02836625, 0.01859937
 158840605, 0.003460335, 0.07591119, -0.01265719, 0.01859937
 158940565, 0.005680002, 0.0645386, -0.007940558, 0.01859937
 159040525, -0.001635567, 0.05698428, -0.0524446, 0.01859937
 159140485, -0.008778245, 0.06339158, -0.05642372, 0.01859937
 159240445, 0.000727176, 0.04857102, -0.01426933, 0.01859751
 159340405, -0.001942758, 0.04726727, 0.02607178, 0.01859007
 159440365, -0.002872858, 0.04835492, 0.03900316, 0.01859007
 159540325, 0.002726048, 0.05629683, 0.02062112, 0.01859007
 159640285, 0.003105578, 0.05313477, 0.006945883, 0.01859007
 159740245, 0.001794338, 0.0420877, -0.01073516, 0.01859007
 159840205, 0.001659714, 0.0404662, -0.01490433, 0.01859007
 159940165, -0.001638989, 0.03739499, -0.01530804, 0.01859007
 160040958, -0.002033887, 0.03935162, -0.02090442, 0.01874498
 160140918, 0.0009629503, 0.03203044, 0.002913482, 0.01859007
 160240878, 2.375658E-05, 0.02152303, 0.01170712, 0.01859007
 160340838, 0.001538977, 0.01692218, 0.0170828, 0.01859007
 160440798, -0.007083015, 0.02637348, -0.01784838, 0.01859007
 160540758, -0.008534973, 0.01990688, -0.006997198, 0.01859007
 160640718, -0.002687129, 0.01957607, -0.0304756, 0.01859007
 160740678, 0.000265377, 0.01721252, -0.04722975, 0.01859007
 160840638, -0.0008422902, 0.01684322, -0.02111325, 0.01859007
 160940598, 0.002906594, 0.01980962, 0.01494236, 0.01859007
 161040558, 0.006664389, 0.02095706, 0.04926232, 0.01859007
 161140518, 0.007145983, 0.01194185, 0.02910136, 0.01859007
 161240478, 0.006043706, 0.0005292156, 0.05149676, 0.01859193
 161340438, 0.01617576, 0.003378761, 0.04148358, 0.01859937
 161440398, 0.01490282, 0.004338657, 0.02416574, 0.01859937
 161540358, 0.009003644, -0.008269279, 0.002819726, 0.01859937
 161640318, 0.01581334, -0.003485328, -0.02231997, 0.01859937
 161740278, 0.009699816, -0.007746697, -0.007044423, 0.01859937
 161840238, 0.01138194, 0.0001742751, -0.005314465, 0.01859937
 161940198, 0.01315919, 0.006207834, -0.01714016, 0.01859937
 162040158, 0.01373216, 0.005246663, -0.003482407, 0.01859937
 162140951, 0.0164397, 0.01085438, 0.01605656, 0.01875436
 162240911, 0.01556795, 0.005369283, 0.01147406, 0.01859751
 162340871, 0.01295031, -0.01298094, 0.004523899, 0.01859007
 162440831, 0.006964667, -0.01645074, -0.04291279, 0.01859007
 162540791, 0.005694049, -0.02340169, -0.01750028, 0.01859007
 162640751, 0.007499583, -0.01791586, -0.0143919, 0.01859007
 162740711, 0.01282214, -0.01169432, -0.02873808, 0.01859007
 162840671, 0.0218404, -0.01233553, 0.03187554, 0.01859007
 162940631, 0.01738115, -0.01089355, 0.05179255, 0.01859007
 163040591, 0.0189481, -0.01102569, 0.04139056, 0.01859007
 163140551, 0.01584649, -0.01365227, 0.01440771, 0.01859007
 163240511, 0.0173885, -0.01066834, -0.02365134, 0.01859193
 163340471, -0.0230174, 0.002191918, -0.03555254, 0.01859937
 163440431, -0.4289236, -0.01828545, -0.0352813, 0.01859937
 163540391, -0.6767029, 0.03437146, -0.03216967, 0.01859937
 163640351, -0.7499455, 0.2077048, -0.01481097, 0.01859937
 163740311, -0.7505177, 0.3443218, 0.03256816, 0.01859937
 163840271, -0.7172359, 0.4131212, 0.09235643, 0.01859937
 163940231, -0.6696252, 0.4543149, 0.1301637, 0.01859937
 164040191, -0.6219414, 0.5074227, 0.1482041, 0.01859937
 164140151, -0.5827325, 0.5831728, 0.1607513, 0.01859937
