TimeUS,COFN,COFE,CNe,CEe,POFN,POFE,PNe,PEe
 3220378, 0.04401959, -0.02087055, 0.09740286, 0.04826219, 0, 0, 0, 0
 3240370, 0.01468283, -0.06398149, 0.09740129, 0.04833686, 0.04401959, -0.02087055, 0.09740286, 0.04826219
 3340330, 0.04070722, -0.001881744, 0.0973915, 0.04825876, 0.01468283, -0.06398149, 0.09740129, 0.04833686
 3440290, -0.06596766, 0.008326987, 0.09745568, 0.04823123, 0.04070722, -0.001881744, 0.0973915, 0.04825876
 3540250, 0.03580652, -0.02839673, 0.0974072, 0.0482429, -0.06596766, 0.008326987, 0.09745568, 0.04823123
 3640210, -0.04361825, 0.02494833, 0.09742214, 0.04822887, 0.03580652, -0.02839673, 0.0974072, 0.0482429
 3740170, 0.0498712, 0.05193242, 0.09742266, 0.04832609, -0.04361825, 0.02494833, 0.09742214, 0.04822887
 3840963, 0.06246474, 0.03381602, 0.09744401, 0.0482779, 0.0498712, 0.05193242, 0.09742266, 0.04832609
 3940923, 0.07634086, 0.05262674, 0.09748282, 0.04833077, 0.06246474, 0.03381602, 0.09744401, 0.0482779
 4040883, 0.0517934, 0.02598514, 0.09742479, 0.04825431, 0.07634086, 0.05262674, 0.09748282, 0.04833077
 4140843, -0.0521013, 0.0645248, 0.09749936, 0.04823384, 0.0517934, 0.02598514, 0.09742479, 0.04825431
 4240803, -0.03877479, 0.06994449, 0.09747656, 0.04826208, -0.0521013, 0.0645248, 0.09749936, 0.04823384
 4340763, 0.04948513, 0.02873358, 0.0974243, 0.04825221, -0.03877479, 0.06994449, 0.09747656, 0.04826208
 4440723, -0.03973649, 0.03899752, 0.09743997, 0.04821412, 0.04948513, 0.02873358, 0.0974243, 0.04825221
 4540683, 0.02227764, -0.02403283, 0.09740137, 0.04821712, -0.03973649, 0.03899752, 0.09743997, 0.04821412
 4640643, 0.08124859, 0.02952708, 0.09750405, 0.04824637, 0.02227764, -0.02403283, 0.09740137, 0.04821712
 4740603, 0.01047713, -0.0469032, 0.09740906, 0.0482473, 0.08124859, 0.02952708, 0.09750405, 0.04824637
 4840563, 0.03391341, -0.02952352, 0.09742355, 0.04820741, 0.01047713, -0.0469032, 0.09740906, 0.0482473
 4940523, -0.0383092, 0.07454969, 0.09748849, 0.04826123, 0.03391341, -0.02952352, 0.09742355, 0.04820741
 5040483, -0.01644444, -0.03043321, 0.09739326, 0.04823805, -0.0383092, 0.07454969, 0.09748849, 0.04826123
 5140443, -0.009602817, 0.04453981, 0.09740742, 0.04824201, -0.01644444, -0.03043321, 0.09739326, 0.04823805
 5240403, 0.04172176, -0.0519473, 0.09746298, 0.04821715, -0.009602817, 0.04453981, 0.09740742, 0.04824201
 5340363, 0.06223866, 0.004978864, 0.09746103, 0.04820108, 0.04172176, -0.0519473, 0.09746298, 0.04821715
 5440323, 0.0385509, -0.06400885, 0.0974732, 0.04823881, 0.06223866, 0.004978864, 0.09746103, 0.04820108
 5540283, -0.0312572, 0.02846595, 0.09742016, 0.0482056, 0.0385509, -0.06400885, 0.0974732, 0.04823881
 5640243, -0.02621727, 0.005652737, 0.09740159, 0.04820358, -0.0312572, 0.02846595, 0.09742016, 0.0482056
 5740203, 0.02249201, 0.009633903, 0.09739611, 0.0482102, -0.02621727, 0.005652737, 0.09740159, 0.04820358
 5840163, -0.05454541, 0.01977128, 0.09746166, 0.04818013, 0.02249201, 0.009633903, 0.09739611, 0.0482102
 5940956, 0.03884807, -0.03864963, 0.09744577, 0.04819878, -0.05454541, 0.01977128, 0.09746166, 0.04818013
 6040916, 0.02091916, -0.01022931, 0.09740044, 0.04819934, 0.03884807, -0.03864963, 0.09744577, 0.04819878
 6140876, 0.01599568, 0.02641969, 0.09739664, 0.04822224, 0.02091916, -0.01022931, 0.09740044, 0.04819934
 6240836, 0.02261427, 0.01572479, 0.0973987, 0.04821089, 0.01599568, 0.02641969, 0.09739664, 0.04822224
 6340796, -0.05329061, 0.05753478, 0.09750433, 0.04819685, 0.02261427, 0.01572479, 0.0973987, 0.04821089
 6440756, -0.02606918, -0.03781868, 0.09740806, 0.04824197, -0.05329061, 0.05753478, 0.09750433, 0.04819685
 6540716, -0.04209225, 0.03161924, 0.09744753, 0.04818667, -0.02606918, -0.03781868, 0.09740806, 0.04824197
 6640676, 0.03330882, 0.06391174, 0.09743136, 0.0483089, -0.04209225, 0.03161924, 0.09744753, 0.04818667
 6740636, -0.01182087, -0.07022174, 0.09743093, 0.04830521, 0.03330882, 0.06391174, 0.09743136, 0.0483089
 6840596, -0.07909182, -0.02802663, 0.09750745, 0.04822351, -0.01182087, -0.07022174, 0.09743093, 0.04830521
 6940556, -0.01872795, 0.02206923, 0.09740745, 0.04819609, -0.07909182, -0.02802663, 0.09750745, 0.04822351
 7040516, -0.07039335, -0.05083003, 0.09748575, 0.04828576, -0.01872795, 0.02206923, 0.09740745, 0.04819609
 7140476, 0.01652784, 0.04460327, 0.09740998, 0.0482437, -0.07039335, -0.05083003, 0.09748575, 0.04828576
 7240436, -0.05379093, -0.007703069, 0.09744957, 0.04818927, 0.01652784, 0.04460327, 0.09740998, 0.0482437
 7340396, 0.06820737, 0.05757044, 0.09748371, 0.04830566, -0.05379093, -0.007703069, 0.09744957, 0.04818927
 7440356, 0.06965273, 0.0160758, 0.09748525, 0.04819695, 0.06820737, 0.05757044, 0.09748371, 0.04830566
 7540316, -0.03489352, -0.05983736, 0.09743162, 0.04829375, 0.06965273, 0.0160758, 0.09748525, 0.04819695
 7640276, -0.03978673, 0.0593014, 0.09747752, 0.04821219, -0.03489352, -0.05983736, 0.09743162, 0.04829375
 7740236, -0.07551125, 0.008955819, 0.09751602, 0.04815959, -0.03978673, 0.0593014, 0.09747752, 0.04821219
 7840196, 3.177021E-05, -0.04935534, 0.0974139, 0.0482422, -0.07551125, 0.008955819, 0.09751602, 0.04815959
 7940156, -0.01807427, 0.04507904, 0.09742381, 0.04821933, 3.177021E-05, -0.04935534, 0.0974139, 0.0482422
 8040949, 0.003025366, 0.02048891, 0.09739482, 0.04820651, -0.01807427, 0.04507904, 0.09742381, 0.04821933
 8140909, 0.03769814, 0.002086398, 0.09741974, 0.04819302, 0.003025366, 0.02048891, 0.09739482, 0.04820651
 8240869, 0.03712898, 0.003965658, 0.09741834, 0.04819471, 0.03769814, 0.002086398, 0.09741974, 0.04819302
 8340829, -0.05627162, -0.05932755, 0.09745826, 0.04830976, 0.03712898, 0.003965658, 0.09741834, 0.04819471
 8440789, 0.05345031, -0.02227978, 0.09746528, 0.0481723, -0.05627162, -0.05932755, 0.09745826, 0.04830976
 8540749, 0.001941545, 0.06306197, 0.09742671, 0.04827346, 0.05345031, -0.02227978, 0.09746528, 0.0481723
 8640709, 0.003543038, -0.04803054, 0.09741512, 0.04823544, 0.001941545, 0.06306197, 0.09742671, 0.04827346
 8740669, -0.0413032, 0.05801276, 0.09747955, 0.04820705, 0.003543038, -0.04803054, 0.09741512, 0.04823544
 8840629, -0.05007659, -0.0003964556, 0.09744537, 0.04818128, -0.0413032, 0.05801276, 0.09747955, 0.04820705
 8940589, -0.04850525, 0.03336866, 0.09746748, 0.04817204, -0.05007659, -0.0003964556, 0.09744537, 0.04818128
 9040549, 0.02624586, -0.03455229, 0.09742887, 0.0481915, -0.04850525, 0.03336866, 0.09746748, 0.04817204
 9140509, -0.01134006, -0.04156854, 0.09741084, 0.04822697, 0.02624586, -0.03455229, 0.09742887, 0.0481915
 9240469, -0.0227875, -0.00484988, 0.09740742, 0.04818526, -0.01134006, -0.04156854, 0.09741084, 0.04822697
 9340429, 0.04234486, -0.09239626, 0.09754534, 0.04826853, -0.0227875, -0.00484988, 0.09740742, 0.04818526
 9440389, -0.02644728, 0.009150547, 0.09741531, 0.04817821, 0.04234486, -0.09239626, 0.09754534, 0.04826853
 9540349, -0.0894148, -0.03352977, 0.09754548, 0.04822348, -0.02644728, 0.009150547, 0.09741531, 0.04817821
 9640309, 0.01732413, 0.07418077, 0.09744193, 0.04831007, -0.0894148, -0.03352977, 0.09754548, 0.04822348
 9740269, 0.0235809, -0.05228768, 0.09744459, 0.04821181, 0.01732413, 0.07418077, 0.09744193, 0.04831007
 9840229, -0.03261518, 0.02782892, 0.09743441, 0.04817865, 0.0235809, -0.05228768, 0.09744459, 0.04821181
 9940189, 0.04817348, -0.02265761, 0.09745926, 0.04816525, -0.03261518, 0.02782892, 0.09743441, 0.04817865
 10040149, 0.03485406, -0.02889222, 0.09743884, 0.04817751, 0.04817348, -0.02265761, 0.09745926, 0.04816525
 10140942, 0.0584164, -0.01278195, 0.09747602, 0.04815881, 0.03485406, -0.02889222, 0.09743884, 0.04817751
 10240902, 0.06459926, 0.01909477, 0.09747633, 0.04819378, 0.0584164, -0.01278195, 0.09747602, 0.04815881
 10340862, -0.0041302, 0.07980908, 0.09745882, 0.04829755, 0.06459926, 0.01909477, 0.09747633, 0.04819378
 10440822, -0.0005899305, 0.04057134, 0.09741376, 0.04821333, -0.0041302, 0.07980908, 0.09745882, 0.04829755
 10540782, -0.04551201, 0.03125012, 0.09746256, 0.04816651, -0.0005899305, 0.04057134, 0.09741376, 0.04821333
 10640742, 0.006009547, 0.01059545, 0.09739988, 0.04818591, -0.04551201, 0.03125012, 0.09746256, 0.04816651
 10740702, 0.07657544, 0.03774523, 0.09750563, 0.04823634, 0.006009547, 0.01059545, 0.09739988, 0.04818591
 10840662, 0.03249034, -0.07677897, 0.09749394, 0.04824747, 0.07657544, 0.03774523, 0.09750563, 0.04823634
 10940622, 0.02809044, -0.06932157, 0.09747332, 0.04823899, 0.03249034, -0.07677897, 0.09749394, 0.04824747
 11040582, -0.005170673, 0.01475828, 0.09739965, 0.04818989, 0.02809044, -0.06932157, 0.09747332, 0.04823899
 11140542, 0.02742453, -0.006350847, 0.09741344, 0.04818233, -0.005170673, 0.01475828, 0.09739965, 0.04818989
 11240502, -0.03639112, 0.04918034, 0.09746042, 0.04819658, 0.02742453, -0.006350847, 0.09741344, 0.04818233
 11340462, -0.06554188, -0.01511761, 0.09747712, 0.04819172, -0.03639112, 0.04918034, 0.09746042, 0.04819658
 11440422, -0.04026157, -0.02966503, 0.09742634, 0.04821949, -0.06554188, -0.01511761, 0.09747712, 0.04819172
 11540382, -0.02718764, -0.02687947, 0.097411, 0.04821204, -0.04026157, -0.02966503, 0.09742634, 0.04821949
 11640342, -0.02622544, -0.01744643, 0.0974086, 0.04819949, -0.02718764, -0.02687947, 0.097411, 0.04821204
 11740302, 0.06040993, -0.001555292, 0.09747156, 0.04817067, -0.02622544, -0.01744643, 0.0974086, 0.04819949
 11840262, 0.008019949, 0.0186676, 0.09739934, 0.04819678, 0.06040993, -0.001555292, 0.09747156, 0.04817067
 11940222, 0.006381919, 0.03274354, 0.09740523, 0.04821079, 0.008019949, 0.0186676, 0.09739934, 0.04819678
 12040182, 0.03776344, -0.03384798, 0.09744769, 0.04817896, 0.006381919, 0.03274354, 0.09740523, 0.04821079
 12140975, -0.007157473, 0.02177584, 0.09740376, 0.04819202, 0.03776344, -0.03384798, 0.09744769, 0.04817896
 12240935, 0.04109459, 0.006335904, 0.09742969, 0.04818415, -0.007157473, 0.02177584, 0.09740376, 0.04819202
 12340895, 0.07101664, 0.03884719, 0.09748925, 0.04824224, 0.04109459, 0.006335904, 0.09742969, 0.04818415
 12440855, -0.02469321, 0.04180345, 0.09743366, 0.04819936, 0.07101664, 0.03884719, 0.09748925, 0.04824224
 12540815, 0.06611817, 0.02938799, 0.09747624, 0.0482198, -0.02469321, 0.04180345, 0.09743366, 0.04819936
 12640775, -0.01866644, 0.01556673, 0.0974075, 0.04818685, 0.06611817, 0.02938799, 0.09747624, 0.0482198
 12740735, -0.03961761, -0.05753256, 0.09743655, 0.04828683, -0.01866644, 0.01556673, 0.0974075, 0.04818685
 12840695, -0.07099722, -0.02108962, 0.09748842, 0.04820444, -0.03961761, -0.05753256, 0.09743655, 0.04828683
 12940655, -0.01161921, 0.008801522, 0.09739833, 0.04819141, -0.07099722, -0.02108962, 0.09748842, 0.04820444
 13040615, -0.0001577511, -0.06395902, 0.09743014, 0.04827059, -0.01161921, 0.008801522, 0.09739833, 0.04819141
 13140575, 0.08430773, 0.02479726, 0.09752627, 0.04821066, -0.0001577511, -0.06395902, 0.09743014, 0.04827059
 13240535, 0.006065285, 0.07389908, 0.09743918, 0.04830436, 0.08430773, 0.02479726, 0.09752627, 0.04821066
 13340495, -0.01483594, -0.007040867, 0.09739809, 0.04819401, 0.006065285, 0.07389908, 0.09743918, 0.04830436
 13440455, -0.01602777, -0.01865867, 0.09740037, 0.04820181, -0.01483594, -0.007040867, 0.09739809, 0.04819401
 13540415, 0.03403002, -0.03361684, 0.09743902, 0.04818597, -0.01602777, -0.01865867, 0.09740037, 0.04820181
 13640375, -0.04786287, -0.05737278, 0.0974474, 0.04829089, 0.03403002, -0.03361684, 0.09743902, 0.04818597
 13740335, -0.06633946, 0.01796849, 0.09749895, 0.04815491, -0.04786287, -0.05737278, 0.0974474, 0.04829089
 13840295, -0.04907599, 0.06753387, 0.09751453, 0.04820655, -0.06633946, 0.01796849, 0.09749895, 0.04815491
 13940255, -0.006164732, -0.02592653, 0.09740043, 0.04820556, -0.04907599, 0.06753387, 0.09751453, 0.04820655
 14040215, -0.0105014, -0.01004681, 0.09739728, 0.04819348, -0.006164732, -0.02592653, 0.09740043, 0.04820556
 14140175, 0.006267605, -0.01306556, 0.09739829, 0.04819141, -0.0105014, -0.01004681, 0.09739728, 0.04819348
 14240968, -0.04471407, -0.004031066, 0.09743512, 0.04818377, 0.006267605, -0.01306556, 0.09739829, 0.04819141
 14340928, -0.04842082, 0.08269433, 0.09754052, 0.04823589, -0.04471407, -0.004031066, 0.09743512, 0.04818377
 14440888, -0.05511291, 0.02714619, 0.0974791, 0.04815994, -0.04842082, 0.08269433, 0.09754052, 0.04823589
 14540848, 0.04130854, 0.02334299, 0.09742954, 0.04820377, -0.05511291, 0.02714619, 0.0974791, 0.04815994
 14640808, -0.05386425, -0.0603109, 0.09746231, 0.04829612, 0.04130854, 0.02334299, 0.09742954, 0.04820377
 14740768, 0.03191763, 0.06644786, 0.09744112, 0.04829808, -0.05386425, -0.0603109, 0.09746231, 0.04829612
 14840728, 0.04307429, -0.09257261, 0.09754936, 0.04826391, 0.03191763, 0.06644786, 0.09744112, 0.04829808
 14940688, -0.004374629, 0.07427718, 0.09745201, 0.04827987, 0.04307429, -0.09257261, 0.09754936, 0.04826391
 15040648, 0.08739758, 0.0499792, 0.09753949, 0.04827319, -0.004374629, 0.07427718, 0.09745201, 0.04827987
 15140608, -0.04094108, 0.02363757, 0.0974471, 0.04816769, 0.08739758, 0.0499792, 0.09753949, 0.04827319
 15240568, -0.0247127, -0.001127196, 0.09741156, 0.04817947, -0.04094108, 0.02363757, 0.0974471, 0.04816769
 15340528, 0.0570241, 0.008694392, 0.09746236, 0.04817728, -0.0247127, -0.001127196, 0.09741156, 0.04817947
 15440488, -0.06422031, 0.00671856, 0.09748827, 0.04815601, 0.0570241, 0.008694392, 0.09746236, 0.04817728
 15540448, -0.04120502, 0.01106188, 0.09743936, 0.04816798, -0.06422031, 0.00671856, 0.09748827, 0.04815601
 15640408, -0.03671928, 0.07952305, 0.09750901, 0.04824368, -0.04120502, 0.01106188, 0.09743936, 0.04816798
 15740368, 0.01495105, 0.01253577, 0.0974033, 0.04818758, -0.03671928, 0.07952305, 0.09750901, 0.04824368
 15840328, -0.01660527, -0.05039383, 0.09741982, 0.04824429, 0.01495105, 0.01253577, 0.0974033, 0.04818758
 15940288, -0.01972011, -0.03451813, 0.09741137, 0.04821566, -0.01660527, -0.05039383, 0.09741982, 0.04824429
 16040248, 0.02007055, -0.07351398, 0.09746813, 0.04825735, -0.01972011, -0.03451813, 0.09741137, 0.04821566
 16140208, -0.03956148, 0.07140596, 0.09750091, 0.0482228, 0.02007055, -0.07351398, 0.09746813, 0.04825735
 16240168, -0.06412224, -0.04034258, 0.09747414, 0.04824273, -0.03956148, 0.07140596, 0.09750091, 0.0482228
 16340961, -0.03689006, -0.04954148, 0.09743157, 0.04825751, -0.06412224, -0.04034258, 0.09747414, 0.04824273
 16440921, -0.03533807, 0.09013471, 0.09752379, 0.04827672, -0.03689006, -0.04954148, 0.09743157, 0.04825751
 16540881, 0.009824192, 0.03326773, 0.09740611, 0.04821234, -0.03533807, 0.09013471, 0.09752379, 0.04827672
 16640841, 0.0511077, -0.04195491, 0.09748471, 0.04817074, 0.009824192, 0.03326773, 0.09740611, 0.04821234
 16740801, -0.0588368, -0.04799164, 0.09746252, 0.04826712, 0.0511077, -0.04195491, 0.09748471, 0.04817074
 16840761, -0.02782074, 0.008499424, 0.09741443, 0.04818232, -0.0588368, -0.04799164, 0.09746252, 0.04826712
 16940721, 0.03090365, -0.004231188, 0.09741692, 0.04818196, -0.02782074, 0.008499424, 0.09741443, 0.04818232
 17040681, -0.02747003, 0.07708228, 0.09748338, 0.04825941, 0.03090365, -0.004231188, 0.09741692, 0.04818196
 17140641, 0.0128838, -0.0317725, 0.09741242, 0.04819857, -0.02747003, 0.07708228, 0.09748338, 0.04825941
 17240601, -0.02992232, -0.04303683, 0.09742026, 0.0482409, 0.0128838, -0.0317725, 0.09741242, 0.04819857
 17340561, -0.01058384, 0.02753327, 0.09740905, 0.04819406, -0.02992232, -0.04303683, 0.09742026, 0.0482409
 17440521, -0.006258507, -0.007519186, 0.09739893, 0.04818585, -0.01058384, 0.02753327, 0.09740905, 0.04819406
 17540481, -0.05605551, 0.02704241, 0.09748256, 0.04815658, -0.006258507, -0.007519186, 0.09739893, 0.04818585
 17640441, 0.06358802, -0.01608607, 0.09749251, 0.04815236, -0.05605551, 0.02704241, 0.09748256, 0.04815658
 17740401, -0.01597476, -0.01023412, 0.09740289, 0.04818764, 0.06358802, -0.01608607, 0.09749251, 0.04815236
 17840361, -0.03346532, 0.05404405, 0.09746289, 0.04820258, -0.01597476, -0.01023412, 0.09740289, 0.04818764
 17940321, 0.0539874, -0.06985971, 0.09753418, 0.04819737, -0.03346532, 0.05404405, 0.09746289, 0.04820258
 18040281, -0.04578888, 0.02966773, 0.09746023, 0.04816861, 0.0539874, -0.06985971, 0.09753418, 0.04819737
 18140241, -0.054584, -0.02724268, 0.09745192, 0.04821299, -0.04578888, 0.02966773, 0.09746023, 0.04816861
 18240201, -0.07556286, -0.0467682, 0.0975028, 0.04826457, -0.054584, -0.02724268, 0.09745192, 0.04821299
 18340161, -0.01247658, -0.03007694, 0.09740572, 0.04820784, -0.07556286, -0.0467682, 0.0975028, 0.04826457
 18440954, 0.08125891, 0.04052598, 0.09751906, 0.04824457, -0.01247658, -0.03007694, 0.09740572, 0.04820784
 18540914, -0.03042076, 0.05493544, 0.09745933, 0.04820619, 0.08125891, 0.04052598, 0.09751906, 0.04824457
 18640874, 0.06282298, 0.05602502, 0.09747689, 0.0482869, -0.03042076, 0.05493544, 0.09745933, 0.04820619
 18740834, 0.02179882, -0.03379645, 0.0974258, 0.04818786, 0.06282298, 0.05602502, 0.09747689, 0.0482869
 18840794, -0.03788213, 0.04756543, 0.09746491, 0.04818583, 0.02179882, -0.03379645, 0.0974258, 0.04818786
 18940754, -0.004152641, 0.06496675, 0.09743967, 0.0482568, -0.03788213, 0.04756543, 0.09746491, 0.04818583
 19040714, 0.00932905, 0.01560012, 0.09740184, 0.04818868, -0.004152641, 0.06496675, 0.09743967, 0.0482568
 19140674, 0.004978979, -0.05817202, 0.09743237, 0.04824089, 0.00932905, 0.01560012, 0.09740184, 0.04818868
 19240634, 0.03161547, -0.07780679, 0.09749528, 0.04824861, 0.004978979, -0.05817202, 0.09743237, 0.04824089
 19340594, 0.01181184, -0.05860443, 0.09743873, 0.04823417, 0.03161547, -0.07780679, 0.09749528, 0.04824861
 19440554, 0.07775071, 0.0279003, 0.09739207, 0.04844814, 0.01181184, -0.05860443, 0.09743873, 0.04823417
 19540514, 0.05057651, -0.007927492, 0.09719524, 0.04868809, 0.07775071, 0.0279003, 0.09739207, 0.04844814
 19640474, -0.02166085, 0.03301464, 0.0969595, 0.04911729, 0.05057651, -0.007927492, 0.09719524, 0.04868809
 19740434, 0.05923495, 0.02466233, 0.09673358, 0.04965275, -0.02166085, 0.03301464, 0.0969595, 0.04911729
 19840394, -0.003364878, -0.03779808, 0.09636132, 0.05027649, 0.05923495, 0.02466233, 0.09673358, 0.04965275
 19940354, 0.02008295, 0.06441104, 0.09601966, 0.05103486, -0.003364878, -0.03779808, 0.09636132, 0.05027649
 20040314, -0.0392151, -0.05700657, 0.09563205, 0.05176568, 0.02008295, 0.06441104, 0.09601966, 0.05103486
 20140274, -0.007909493, 0.04884937, 0.09519628, 0.05248328, -0.0392151, -0.05700657, 0.09563205, 0.05176568
 20240234, 0.05194515, 0.02015573, 0.09478933, 0.05323672, -0.007909493, 0.04884937, 0.09519628, 0.05248328
 20340194, -0.01731801, -0.0005016504, 0.09430076, 0.0540049, 0.05194515, 0.02015573, 0.09478933, 0.05323672
 20440154, 0.05574936, 0.06209113, 0.09391433, 0.05489109, -0.01731801, -0.0005016504, 0.09430076, 0.0540049
 20540947, 0.07243463, 0.01865124, 0.09351087, 0.05553171, 0.05574936, 0.06209113, 0.09391433, 0.05489109
 20640907, -0.008296577, 0.04735776, 0.09299111, 0.05629382, 0.07243463, 0.01865124, 0.09351087, 0.05553171
 20740867, 0.04378353, -0.08349873, 0.09266061, 0.05704228, -0.008296577, 0.04735776, 0.09299111, 0.05629382
 20840827, 0.3392577, -0.03013398, 0.09467686, 0.05708161, 0.04378353, -0.08349873, 0.09266061, 0.05704228
 20940787, 0.6096423, -0.1951955, 0.1004539, 0.05638484, 0.3392577, -0.03013398, 0.09467686, 0.05708161
 21040747, 0.988008, -0.1925493, 0.1116006, 0.05448955, 0.6096423, -0.1951955, 0.1004539, 0.05638484
 21140707, 1.500774, -0.3398147, 0.1330129, 0.05064546, 0.988008, -0.1925493, 0.1116006, 0.05448955
 21240667, 2.150964, -0.3890013, 0.1637474, 0.0451936, 1.500774, -0.3398147, 0.1330129, 0.05064546
 21340627, 2.99744, -0.5406544, 0.2085823, 0.03728656, 2.150964, -0.3890013, 0.1637474, 0.0451936
 21440587, 3.69387, -0.7344641, 0.2478293, 0.0309182, 2.99744, -0.5406544, 0.2085823, 0.03728656
 21540547, 4.728564, -0.8932981, 0.3063252, 0.0214858, 3.69387, -0.7344641, 0.2478293, 0.0309182
 21640507, 5.66816, -1.038286, 0.3602557, 0.01356522, 4.728564, -0.8932981, 0.3063252, 0.0214858
 21740467, 6.758317, -1.192339, 0.4232379, 0.004933588, 5.66816, -1.038286, 0.3602557, 0.01356522
 21840427, 7.812425, -1.304122, 0.484078, -0.002537951, 6.758317, -1.192339, 0.4232379, 0.004933588
 21940387, 8.731793, -1.390921, 0.537141, -0.007461093, 7.812425, -1.304122, 0.484078, -0.002537951
 22040347, 9.64618, -1.455459, 0.5897729, -0.01151939, 8.731793, -1.390921, 0.537141, -0.007461093
 22140307, 10.60921, -1.571574, 0.6456953, -0.01472534, 9.64618, -1.455459, 0.5897729, -0.01151939
 22240267, 11.3204, -1.573451, 0.6861016, -0.01513401, 10.60921, -1.571574, 0.6456953, -0.01472534
 22340227, 12.17006, -1.480511, 0.7329611, -0.01491217, 11.3204, -1.573451, 0.6861016, -0.01513401
 22440187, 12.9949, -1.62958, 0.7779151, -0.01342461, 12.17006, -1.480511, 0.7329611, -0.01491217
 22540147, 13.68738, -1.525459, 0.8147129, -0.0110434, 12.9949, -1.62958, 0.7779151, -0.01342461
 22640940, 14.20067, -1.508607, 0.8425065, -0.007865205, 13.68738, -1.525459, 0.8147129, -0.0110434
 22740900, 15.10294, -1.529066, 0.8911632, -0.006113194, 14.20067, -1.508607, 0.8425065, -0.007865205
 22840860, 15.88633, -1.497086, 0.9253847, -0.001215465, 15.10294, -1.529066, 0.8911632, -0.006113194
 22940820, 16.29302, -1.439129, 0.9301077, 0.008204184, 15.88633, -1.497086, 0.9253847, -0.001215465
 23040780, 16.56492, -1.386429, 0.9219962, 0.02148773, 16.29302, -1.439129, 0.9301077, 0.008204184
 23140740, 16.99494, -1.283731, 0.9216658, 0.03628579, 16.56492, -1.386429, 0.9219962, 0.02148773
 23240700, 17.68478, -1.176445, 0.9368037, 0.05461169, 16.99494, -1.283731, 0.9216658, 0.03628579
 23340660, 18.27348, -1.22042, 0.9528943, 0.07103354, 17.68478, -1.176445, 0.9368037, 0.05461169
 23440620, 18.92369, -1.35798, 0.9759811, 0.0880406, 18.27348, -1.22042, 0.9528943, 0.07103354
 23540580, 19.85267, -1.463204, 1.013859, 0.1073666, 18.92369, -1.35798, 0.9759811, 0.0880406
 23640540, 20.69929, -1.485489, 1.048019, 0.1250345, 19.85267, -1.463204, 1.013859, 0.1073666
 23740500, 21.52833, -1.327312, 1.080854, 0.1437325, 20.69929, -1.485489, 1.048019, 0.1250345
 23840460, 21.97094, -1.316209, 1.097391, 0.1643348, 21.52833, -1.327312, 1.080854, 0.1437325
 23940420, 22.58463, -1.488199, 1.124073, 0.1859554, 21.97094, -1.316209, 1.097391, 0.1643348
 24040380, 23.05195, -1.436395, 1.14528, 0.2070685, 22.58463, -1.488199, 1.124073, 0.1859554
 24140340, 23.60747, -1.914663, 1.173586, 0.2284653, 23.05195, -1.436395, 1.14528, 0.2070685
 24240300, 24.5192, -2.099993, 1.216474, 0.2542473, 23.60747, -1.914663, 1.173586, 0.2284653
 24340260, 24.484, -1.927416, 1.217891, 0.2865791, 24.5192, -2.099993, 1.216474, 0.2542473
 24440220, 25.32769, -1.318125, 1.259627, 0.3148008, 24.484, -1.927416, 1.217891, 0.2865791
 24540180, 25.86263, -1.798699, 1.295444, 0.3396891, 25.32769, -1.318125, 1.259627, 0.3148008
 24640973, 25.74408, -2.126493, 1.303718, 0.3690138, 25.86263, -1.798699, 1.295444, 0.3396891
 24740933, 25.82509, -1.946304, 1.319468, 0.3961678, 25.74408, -2.126493, 1.303718, 0.3690138
 24840893, 26.66972, -1.929047, 1.368682, 0.4221435, 25.82509, -1.946304, 1.319468, 0.3961678
 24940853, 26.30476, -2.384679, 1.368573, 0.4582205, 26.66972, -1.929047, 1.368682, 0.4221435
 25040813, 26.503, -2.148655, 1.391535, 0.4932138, 26.30476, -2.384679, 1.368573, 0.4582205
 25140773, 27.44526, -1.946846, 1.445817, 0.5244809, 26.503, -2.148655, 1.391535, 0.4932138
 25240733, 27.05017, -1.659742, 1.447328, 0.5592604, 27.44526, -1.946846, 1.445817, 0.5244809
 25340693, 27.66588, -2.829031, 1.494683, 0.5894972, 27.05017, -1.659742, 1.447328, 0.5592604
 25440653, 27.79909, -2.211707, 1.518904, 0.6215503, 27.66588, -2.829031, 1.494683, 0.5894972
 25540613, 27.52193, -2.156925, 1.531225, 0.6585658, 27.79909, -2.211707, 1.518904, 0.6215503
 25640573, 28.52907, -2.026147, 1.594607, 0.6933356, 27.52193, -2.156925, 1.531225, 0.6585658
 25740533, 28.55876, -1.76044, 1.622386, 0.7317694, 28.52907, -2.026147, 1.594607, 0.6933356
 25840493, 27.91177, -2.943892, 1.631326, 0.7717683, 28.55876, -1.76044, 1.622386, 0.7317694
 25940453, 28.17353, -3.089807, 1.672105, 0.8065588, 27.91177, -2.943892, 1.631326, 0.7717683
 26040413, 29.18851, -2.344183, 1.736289, 0.8404683, 28.17353, -3.089807, 1.672105, 0.8065588
 26140373, 28.28297, -2.81036, 1.735662, 0.8802429, 29.18851, -2.344183, 1.736289, 0.8404683
 26240333, 29.12247, -2.208633, 1.792563, 0.915208, 28.28297, -2.81036, 1.735662, 0.8802429
 26340293, 29.42529, -2.644385, 1.832886, 0.9536501, 29.12247, -2.208633, 1.792563, 0.915208
 26440253, 27.54953, -2.595404, 1.797269, 0.9978783, 29.42529, -2.644385, 1.832886, 0.9536501
 26540213, 29.3594, -1.446398, 1.886489, 1.029606, 27.54953, -2.595404, 1.797269, 0.9978783
 26640173, 28.64535, -3.24955, 1.897125, 1.067128, 29.3594, -1.446398, 1.886489, 1.029606
 26740966, 29.51137, -2.583797, 1.955556, 1.097471, 28.64535, -3.24955, 1.897125, 1.067128
 26840926, 28.01068, -2.530241, 1.9364, 1.136114, 29.51137, -2.583797, 1.955556, 1.097471
 26940886, 28.44852, -1.097246, 1.976159, 1.171199, 28.01068, -2.530241, 1.9364, 1.136114
 27040846, 28.54867, -1.000572, 2.009218, 1.203333, 28.44852, -1.097246, 1.976159, 1.171199
 27140806, 27.80657, -2.184922, 2.019993, 1.233233, 28.54867, -1.000572, 2.009218, 1.203333
 27240766, 27.82652, -3.243452, 2.053457, 1.264488, 27.80657, -2.184922, 2.019993, 1.233233
 27340726, 30.36179, -2.975406, 2.165344, 1.281944, 27.82652, -3.243452, 2.053457, 1.264488
 27440686, 28.83494, -1.286632, 2.142659, 1.316341, 30.36179, -2.975406, 2.165344, 1.281944
 27540646, 28.98895, -3.568293, 2.186427, 1.340003, 28.83494, -1.286632, 2.142659, 1.316341
 27640606, 30.54019, -2.402625, 2.263978, 1.359339, 28.98895, -3.568293, 2.186427, 1.340003
 27740566, 30.26307, -1.729143, 2.284406, 1.386884, 30.54019, -2.402625, 2.263978, 1.359339
 27840526, 29.0177, -1.303828, 2.279158, 1.414935, 30.26307, -1.729143, 2.284406, 1.386884
 27940486, 29.95806, -1.999057, 2.341619, 1.4366, 29.0177, -1.303828, 2.279158, 1.414935
 28040446, 27.44582, -4.295104, 2.308663, 1.46771, 29.95806, -1.999057, 2.341619, 1.4366
 28140406, 29.2326, -1.643138, 2.385233, 1.488063, 27.44582, -4.295104, 2.308663, 1.46771
 28240366, 29.68474, -2.444275, 2.43356, 1.508653, 29.2326, -1.643138, 2.385233, 1.488063
 28340326, 28.76001, -1.882945, 2.438283, 1.535256, 29.68474, -2.444275, 2.43356, 1.508653
 28440286, 30.40188, -3.2936, 2.521451, 1.549497, 28.76001, -1.882945, 2.438283, 1.535256
 28540246, 29.88761, -2.007117, 2.519683, 1.579703, 30.40188, -3.2936, 2.521451, 1.549497
 28640206, 29.74124, -2.287628, 2.519754, 1.615792, 29.88761, -2.007117, 2.519683, 1.579703
 28740166, 28.26849, -0.5265179, 2.491922, 1.66354, 29.74124, -2.287628, 2.519754, 1.615792
 28840959, 27.03929, -0.4728806, 2.51107, 1.70943, 28.26849, -0.5265179, 2.491922, 1.66354
 28940919, 28.90371, -1.845475, 2.626204, 1.728588, 27.03929, -0.4728806, 2.51107, 1.70943
 29040879, 29.59422, -4.702422, 2.697592, 1.746415, 28.90371, -1.845475, 2.626204, 1.728588
 29140839, 28.65489, -4.410948, 2.695412, 1.771366, 29.59422, -4.702422, 2.697592, 1.746415
 29240799, 27.56499, -5.380225, 2.668253, 1.789399, 28.65489, -4.410948, 2.695412, 1.771366
 29340759, 28.14133, -4.198628, 2.659635, 1.800059, 27.56499, -5.380225, 2.668253, 1.789399
 29440719, 27.18119, -4.975792, 2.61264, 1.819896, 28.14133, -4.198628, 2.659635, 1.800059
 29540679, 27.39829, -4.556869, 2.594327, 1.833369, 27.18119, -4.975792, 2.61264, 1.819896
 29640639, 28.05275, -3.330845, 2.590626, 1.843721, 27.39829, -4.556869, 2.594327, 1.833369
 29740599, 27.4126, -0.8535619, 2.557142, 1.857321, 28.05275, -3.330845, 2.590626, 1.843721
 29840559, 27.65543, -3.66537, 2.558181, 1.876274, 27.4126, -0.8535619, 2.557142, 1.857321
 29940519, 28.74257, -2.568843, 2.576155, 1.893068, 27.65543, -3.66537, 2.558181, 1.876274
 30040479, 29.56978, -1.776681, 2.592785, 1.907229, 28.74257, -2.568843, 2.576155, 1.893068
 30140439, 28.80335, -1.682509, 2.56691, 1.924284, 29.56978, -1.776681, 2.592785, 1.907229
 30240399, 29.50007, -0.8238727, 2.578282, 1.941773, 28.80335, -1.682509, 2.56691, 1.924284
 30340359, 27.6129, -0.2744097, 2.515726, 1.964643, 29.50007, -0.8238727, 2.578282, 1.941773
 30440319, 26.66006, -1.220245, 2.479934, 1.986797, 27.6129, -0.2744097, 2.515726, 1.964643
 30540279, 27.84409, -0.4042492, 2.500926, 2.007292, 26.66006, -1.220245, 2.479934, 1.986797
 30640239, 27.35086, 1.002952, 2.475374, 2.030289, 27.84409, -0.4042492, 2.500926, 2.007292
 30740199, 24.73637, -2.017673, 2.399987, 2.047038, 27.35086, 1.002952, 2.475374, 2.030289
 30840159, 27.51793, 0.5850542, 2.464857, 2.056747, 24.73637, -2.017673, 2.399987, 2.047038
 30940952, 25.61577, -1.230143, 2.410039, 2.064719, 27.51793, 0.5850542, 2.464857, 2.056747
 31040912, 25.3506, 0.9772594, 2.40048, 2.067785, 25.61577, -1.230143, 2.410039, 2.064719
 31140872, 25.28814, 1.298435, 2.397338, 2.071669, 25.3506, 0.9772594, 2.40048, 2.067785
 31240832, 27.12061, 0.7019008, 2.444021, 2.073515, 25.28814, 1.298435, 2.397338, 2.071669
 31340792, 23.71092, 1.272991, 2.35363, 2.074107, 27.12061, 0.7019008, 2.444021, 2.073515
 31440752, 27.14122, -1.615662, 2.438891, 2.076009, 23.71092, 1.272991, 2.35363, 2.074107
 31540712, 26.42096, 1.716172, 2.416001, 2.074703, 27.14122, -1.615662, 2.438891, 2.076009
 31640672, 26.85888, -1.076788, 2.422426, 2.073179, 26.42096, 1.716172, 2.416001, 2.074703
 31740632, 24.35617, -0.4494049, 2.350853, 2.06856, 26.85888, -1.076788, 2.422426, 2.073179
 31840592, 24.97416, -1.271507, 2.356942, 2.069134, 24.35617, -0.4494049, 2.350853, 2.06856
 31940552, 23.28411, 1.559143, 2.307511, 2.064217, 24.97416, -1.271507, 2.356942, 2.069134
 32040512, 23.04789, 0.07611585, 2.292282, 2.059722, 23.28411, 1.559143, 2.307511, 2.064217
 32140472, 25.15173, -1.239251, 2.338644, 2.056332, 23.04789, 0.07611585, 2.292282, 2.059722
 32240432, 24.31575, 0.8160444, 2.307751, 2.051852, 25.15173, -1.239251, 2.338644, 2.056332
 32340392, 23.74331, 0.06068653, 2.283931, 2.047163, 24.31575, 0.8160444, 2.307751, 2.051852
 32440352, 25.68963, 2.165301, 2.325899, 2.046159, 23.74331, 0.06068653, 2.283931, 2.047163
 32540312, 26.03454, 2.082026, 2.324852, 2.042618, 25.68963, 2.165301, 2.325899, 2.046159
 32640272, 23.16172, 0.9623852, 2.239177, 2.034676, 26.03454, 2.082026, 2.324852, 2.042618
 32740232, 24.26057, 1.581817, 2.257259, 2.03009, 23.16172, 0.9623852, 2.239177, 2.034676
 32840192, 26.93914, 0.3856516, 2.3173, 2.026449, 24.26057, 1.581817, 2.257259, 2.03009
 32940152, 24.96275, 2.129447, 2.254783, 2.018355, 26.93914, 0.3856516, 2.3173, 2.026449
 33040945, 26.23491, -0.9085467, 2.275989, 2.014092, 24.96275, 2.129447, 2.254783, 2.018355
 33140905, 26.39452, 0.1048547, 2.269293, 2.007921, 26.23491, -0.9085467, 2.275989, 2.014092
 33240865, 27.15216, -0.2452093, 2.278755, 2.004715, 26.39452, 0.1048547, 2.269293, 2.007921
 33340825, 26.337, -0.1264298, 2.244647, 1.99756, 27.15216, -0.2452093, 2.278755, 2.004715
 33440785, 26.61298, -0.8933291, 2.240444, 1.994157, 26.337, -0.1264298, 2.244647, 1.99756
 33540745, 26.26474, 2.251631, 2.22271, 1.987461, 26.61298, -0.8933291, 2.240444, 1.994157
 33640705, 25.3523, -0.6076573, 2.181434, 1.981976, 26.26474, 2.251631, 2.22271, 1.987461
 33740665, 24.90537, 0.9363819, 2.161689, 1.970715, 25.3523, -0.6076573, 2.181434, 1.981976
 33840625, 26.00478, 0.1932571, 2.179695, 1.967467, 24.90537, 0.9363819, 2.161689, 1.970715
 33940585, 27.06747, 0.02038085, 2.197819, 1.963758, 26.00478, 0.1932571, 2.179695, 1.967467
 34040545, 27.46708, 1.512763, 2.202606, 1.955708, 27.06747, 0.02038085, 2.197819, 1.963758
 34140505, 27.12712, -0.09379804, 2.182493, 1.94688, 27.46708, 1.512763, 2.202606, 1.955708
 34240465, 24.77208, 1.404734, 2.107734, 1.934072, 27.12712, -0.09379804, 2.182493, 1.94688
 34340425, 24.68427, 0.7987655, 2.094572, 1.926602, 24.77208, 1.404734, 2.107734, 1.934072
 34440385, 26.452, 1.000778, 2.134227, 1.922711, 24.68427, 0.7987655, 2.094572, 1.926602
 34540345, 27.65797, 1.249901, 2.163288, 1.913812, 26.452, 1.000778, 2.134227, 1.922711
 34640305, 25.21663, 1.092649, 2.084141, 1.898928, 27.65797, 1.249901, 2.163288, 1.913812
 34740265, 27.57656, 2.85489, 2.147528, 1.895688, 25.21663, 1.092649, 2.084141, 1.898928
 34840225, 27.31857, -0.2280047, 2.12509, 1.888172, 27.57656, 2.85489, 2.147528, 1.895688
 34940185, 26.59621, 2.249538, 2.098901, 1.876041, 27.31857, -0.2280047, 2.12509, 1.888172
 35040145, 25.20745, 0.1148943, 2.050131, 1.860773, 26.59621, 2.249538, 2.098901, 1.876041
 35140938, 27.14333, 2.786763, 2.106841, 1.851911, 25.20745, 0.1148943, 2.050131, 1.860773
 35240898, 27.28677, 0.4911878, 2.099756, 1.842403, 27.14333, 2.786763, 2.106841, 1.851911
 35340858, 24.99613, 0.7441719, 2.023919, 1.829374, 27.28677, 0.4911878, 2.099756, 1.842403
 35440818, 26.56836, 2.571267, 2.065342, 1.824205, 24.99613, 0.7441719, 2.023919, 1.829374
 35540778, 24.79168, 1.259927, 2.002687, 1.810897, 26.56836, 2.571267, 2.065342, 1.824205
 35640738, 25.66814, 0.6229504, 2.020792, 1.802915, 24.79168, 1.259927, 2.002687, 1.810897
 35740698, 27.30278, 0.6782626, 2.066199, 1.793369, 25.66814, 0.6229504, 2.020792, 1.802915
 35840658, 25.78598, 0.2941955, 2.014092, 1.779086, 27.30278, 0.6782626, 2.066199, 1.793369
 35940618, 27.96944, 1.821788, 2.079593, 1.770448, 25.78598, 0.2941955, 2.014092, 1.779086
 36040578, 27.97738, 0.04110658, 2.069203, 1.760868, 27.96944, 1.821788, 2.079593, 1.770448
 36140538, 28.28436, 0.9905797, 2.076899, 1.747157, 27.97738, 0.04110658, 2.069203, 1.760868
 36240498, 27.41685, -0.2288344, 2.042289, 1.735447, 28.28436, 0.9905797, 2.076899, 1.747157
 36340458, 26.255, 2.15478, 2.004377, 1.720913, 27.41685, -0.2288344, 2.042289, 1.735447
 36440418, 26.64497, 0.7283829, 2.00855, 1.711577, 26.255, 2.15478, 2.004377, 1.720913
 36540378, 27.04547, 0.1514671, 2.013771, 1.704995, 26.64497, 0.7283829, 2.00855, 1.711577
 36640338, 26.33985, 2.801739, 1.990756, 1.693757, 27.04547, 0.1514671, 2.013771, 1.704995
 36740298, 25.52249, 0.8737224, 1.9583, 1.678915, 26.33985, 2.801739, 1.990756, 1.693757
 36840258, 26.21173, 2.129808, 1.975929, 1.670037, 25.52249, 0.8737224, 1.9583, 1.678915
 36940218, 27.10222, 2.204714, 1.998699, 1.661633, 26.21173, 2.129808, 1.975929, 1.670037
 37040178, 26.92126, 0.7240151, 1.986454, 1.649387, 27.10222, 2.204714, 1.998699, 1.661633
 37140971, 26.92813, 1.964368, 1.985367, 1.638858, 26.92126, 0.7240151, 1.986454, 1.649387
 37240931, 26.61253, 1.538054, 1.971504, 1.627245, 26.92813, 1.964368, 1.985367, 1.638858
 37340891, 26.07082, 1.659259, 1.951624, 1.61663, 26.61253, 1.538054, 1.971504, 1.627245
 37440851, 28.49583, 0.4617492, 2.026207, 1.612135, 26.07082, 1.659259, 1.951624, 1.61663
 37540811, 27.28339, -0.0875448, 1.980346, 1.605064, 28.49583, 0.4617492, 2.026207, 1.612135
 37640771, 26.06053, 2.339808, 1.938424, 1.598241, 27.28339, -0.0875448, 1.980346, 1.605064
 37740731, 28.09769, 1.390345, 2.000531, 1.592984, 26.06053, 2.339808, 1.938424, 1.598241
 37840691, 28.79394, 1.397578, 2.021235, 1.586835, 28.09769, 1.390345, 2.000531, 1.592984
 37940651, 28.71208, 2.419644, 2.017471, 1.579858, 28.79394, 1.397578, 2.021235, 1.586835
 38040611, 27.24831, 0.8525055, 1.962972, 1.568515, 28.71208, 2.419644, 2.017471, 1.579858
 38140571, 28.65632, -0.1072862, 2.005764, 1.565596, 27.24831, 0.8525055, 1.962972, 1.568515
 38240531, 27.05138, -0.4060776, 1.948222, 1.556877, 28.65632, -0.1072862, 2.005764, 1.565596
 38340491, 28.5744, 0.8384656, 1.996906, 1.553423, 27.05138, -0.4060776, 1.948222, 1.556877
 38440451, 28.09035, -0.01605654, 1.973926, 1.549552, 28.5744, 0.8384656, 1.996906, 1.553423
 38540411, 28.44228, 1.899728, 1.986104, 1.541921, 28.09035, -0.01605654, 1.973926, 1.549552
 38640371, 27.34432, 1.465574, 1.94595, 1.532088, 28.44228, 1.899728, 1.986104, 1.541921
 38740331, 27.37607, -0.3046116, 1.941049, 1.529023, 27.34432, 1.465574, 1.94595, 1.532088
 38840291, 26.77166, 1.344504, 1.919707, 1.521975, 27.37607, -0.3046116, 1.941049, 1.529023
 38940251, 28.71932, 0.4528708, 1.984544, 1.518321, 26.77166, 1.344504, 1.919707, 1.521975
 39040211, 27.69049, 1.483067, 1.947608, 1.512257, 28.71932, 0.4528708, 1.984544, 1.518321
 39140171, 28.07542, 1.084509, 1.95674, 1.509247, 27.69049, 1.483067, 1.947608, 1.512257
 39240964, 27.68026, 1.77981, 1.940239, 1.506022, 28.07542, 1.084509, 1.95674, 1.509247
 39340924, 27.90479, 1.28827, 1.945787, 1.500402, 27.68026, 1.77981, 1.940239, 1.506022
 39440884, 27.87836, 0.5256748, 1.941694, 1.496596, 27.90479, 1.28827, 1.945787, 1.500402
 39540844, 29.00064, -0.1517211, 1.976932, 1.497315, 27.87836, 0.5256748, 1.941694, 1.496596
 39640804, 26.97508, 0.8248495, 1.904457, 1.490786, 29.00064, -0.1517211, 1.976932, 1.497315
 39740764, 26.89814, -0.1280379, 1.899557, 1.486949, 26.97508, 0.8248495, 1.904457, 1.490786
 39840724, 27.74293, 0.7863235, 1.927337, 1.48454, 26.89814, -0.1280379, 1.899557, 1.486949
 39940684, 28.04704, 2.258508, 1.936593, 1.483922, 27.74293, 0.7863235, 1.927337, 1.48454
 40040644, 26.51004, 0.2964658, 1.880009, 1.475845, 28.04704, 2.258508, 1.936593, 1.483922
 40140604, 28.87605, -0.09455729, 1.961046, 1.475418, 26.51004, 0.2964658, 1.880009, 1.475845
 40240564, 27.82667, 0.3535094, 1.92218, 1.471943, 28.87605, -0.09455729, 1.961046, 1.475418
 40340524, 26.6098, 0.3176695, 1.878216, 1.467252, 27.82667, 0.3535094, 1.92218, 1.471943
 40440484, 26.7454, -0.435625, 1.880691, 1.465426, 26.6098, 0.3176695, 1.878216, 1.467252
 40540444, 28.72371, 0.9748941, 1.950848, 1.463928, 26.7454, -0.435625, 1.880691, 1.465426
 40640404, 27.59752, -0.06410974, 1.908835, 1.460276, 28.72371, 0.9748941, 1.950848, 1.463928
 40740364, 26.90001, 1.663104, 1.885424, 1.4606, 27.59752, -0.06410974, 1.908835, 1.460276
 40840324, 26.88347, 0.9470966, 1.884723, 1.461584, 26.90001, 1.663104, 1.885424, 1.4606
 40940284, 27.0234, 0.5690517, 1.891184, 1.464222, 26.88347, 0.9470966, 1.884723, 1.461584
 41040244, 28.85667, 0.1301985, 1.956339, 1.470572, 27.0234, 0.5690517, 1.891184, 1.464222
 41140204, 28.29304, 2.093417, 1.940748, 1.471942, 28.85667, 0.1301985, 1.956339, 1.470572
 41240164, 27.93147, -0.0513494, 1.926736, 1.474287, 28.29304, 2.093417, 1.940748, 1.471942
 41340957, 27.61235, 1.765313, 1.919453, 1.476264, 27.93147, -0.0513494, 1.926736, 1.474287
 41440917, 29.20988, 0.1700829, 1.973341, 1.484416, 27.61235, 1.765313, 1.919453, 1.476264
 41540877, 29.21283, 0.5510828, 1.975109, 1.487843, 29.20988, 0.1700829, 1.973341, 1.484416
 41640837, 28.28394, 1.10367, 1.945098, 1.488924, 29.21283, 0.5510828, 1.975109, 1.487843
 41740797, 28.14047, 0.3859764, 1.941304, 1.491965, 28.28394, 1.10367, 1.945098, 1.488924
 41840757, 27.32166, 0.8177878, 1.915527, 1.494343, 28.14047, 0.3859764, 1.941304, 1.491965
 41940717, 28.44827, 0.9657217, 1.956543, 1.500604, 27.32166, 0.8177878, 1.915527, 1.494343
 42040677, 29.04625, 1.248394, 1.980491, 1.504812, 28.44827, 0.9657217, 1.956543, 1.500604
 42140637, 27.56233, 0.5607259, 1.929211, 1.507226, 29.04625, 1.248394, 1.980491, 1.504812
 42240597, 29.02143, 1.878881, 1.984502, 1.513858, 27.56233, 0.5607259, 1.929211, 1.507226
 42340557, 28.69404, 1.458448, 1.974168, 1.51759, 29.02143, 1.878881, 1.984502, 1.513858
 42440517, 27.96958, 2.433452, 1.953047, 1.521047, 28.69404, 1.458448, 1.974168, 1.51759
 42540477, 27.29902, 1.078048, 1.931312, 1.52123, 27.96958, 2.433452, 1.953047, 1.521047
 42640437, 27.15588, 1.705678, 1.928227, 1.526455, 27.29902, 1.078048, 1.931312, 1.52123
 42740397, 26.81809, 1.934441, 1.918545, 1.531207, 27.15588, 1.705678, 1.928227, 1.526455
 42840357, 27.50457, 2.065348, 1.944444, 1.536384, 26.81809, 1.934441, 1.918545, 1.531207
 42940317, 27.43079, 0.3894988, 1.940215, 1.542002, 27.50457, 2.065348, 1.944444, 1.536384
 43040277, 27.31871, 0.8117506, 1.939298, 1.54624, 27.43079, 0.3894988, 1.940215, 1.542002
 43140237, 28.68554, 0.4401032, 1.988447, 1.55318, 27.31871, 0.8117506, 1.939298, 1.54624
 43240197, 28.2784, 2.437936, 1.979921, 1.558753, 28.68554, 0.4401032, 1.988447, 1.55318
 43340157, 28.41538, 0.9944021, 1.983935, 1.564351, 28.2784, 2.437936, 1.979921, 1.558753
 43440950, 28.90559, 0.1102318, 2.001824, 1.57229, 28.41538, 0.9944021, 1.983935, 1.564351
 43540910, 27.99137, 1.374255, 1.973894, 1.577315, 28.90559, 0.1102318, 2.001824, 1.57229
 43640870, 29.71136, 0.6007683, 2.03287, 1.588908, 27.99137, 1.374255, 1.973894, 1.577315
 43740830, 27.40768, 1.578227, 1.957675, 1.591052, 29.71136, 0.6007683, 2.03287, 1.588908
 43840790, 27.07186, 0.9630458, 1.946598, 1.598164, 27.40768, 1.578227, 1.957675, 1.591052
 43940750, 28.90344, 1.607965, 2.008138, 1.612965, 27.07186, 0.9630458, 1.946598, 1.598164
 44040710, 26.84617, 2.553488, 1.934654, 1.631693, 28.90344, 1.607965, 2.008138, 1.612965
 44140670, 28.95566, 1.706877, 1.995669, 1.666472, 26.84617, 2.553488, 1.934654, 1.631693
 44240630, 27.23658, 2.750483, 1.954506, 1.663977, 28.95566, 1.706877, 1.995669, 1.666472
 44340590, 29.43461, 1.930891, 2.043202, 1.645148, 27.23658, 2.750483, 1.954506, 1.663977
 44440550, 29.47834, 1.569854, 2.049595, 1.63578, 29.43461, 1.930891, 2.043202, 1.645148
 44540510, 29.67731, 0.9942136, 2.051575, 1.644567, 29.47834, 1.569854, 2.049595, 1.63578
 44640470, 28.00756, 0.7382678, 1.987603, 1.66114, 29.67731, 0.9942136, 2.051575, 1.644567
 44740430, 26.92239, 2.89176, 1.949985, 1.681122, 28.00756, 0.7382678, 1.987603, 1.66114
 44840390, 27.83086, 1.026804, 1.971607, 1.697672, 26.92239, 2.89176, 1.949985, 1.681122
 44940350, 28.50307, 1.945577, 1.996005, 1.705222, 27.83086, 1.026804, 1.971607, 1.697672
 45040310, 27.20441, 3.368917, 1.961053, 1.703575, 28.50307, 1.945577, 1.996005, 1.705222
 45140270, 27.09285, 0.8557844, 1.960192, 1.697617, 27.20441, 3.368917, 1.961053, 1.703575
 45240230, 27.32214, 1.547474, 1.978477, 1.693855, 27.09285, 0.8557844, 1.960192, 1.697617
 45340190, 29.69687, 1.696331, 2.067221, 1.696714, 27.32214, 1.547474, 1.978477, 1.693855
 45440150, 29.91592, 1.476581, 2.08126, 1.697969, 29.69687, 1.696331, 2.067221, 1.696714
 45540943, 28.24836, 1.397629, 2.030206, 1.69712, 29.91592, 1.476581, 2.08126, 1.697969
 45640903, 29.35927, 2.897574, 2.077242, 1.70155, 28.24836, 1.397629, 2.030206, 1.69712
 45740863, 26.89373, 0.487573, 1.996639, 1.70071, 29.35927, 2.897574, 2.077242, 1.70155
 45840823, 28.69942, 2.17732, 2.063043, 1.708316, 26.89373, 0.487573, 1.996639, 1.70071
 45940783, 27.01751, 1.302371, 2.010656, 1.710618, 28.69942, 2.17732, 2.063043, 1.708316
 46040743, 27.42104, 2.299644, 2.031734, 1.714622, 27.01751, 1.302371, 2.010656, 1.710618
 46140703, 29.02077, 2.845641, 2.089763, 1.721888, 27.42104, 2.299644, 2.031734, 1.714622
 46240663, 29.04789, 0.9188185, 2.092765, 1.72389, 29.02077, 2.845641, 2.089763, 1.721888
 46340623, 28.63145, 1.20554, 2.085059, 1.72689, 29.04789, 0.9188185, 2.092765, 1.72389
 46440583, 28.36409, 1.813811, 2.082921, 1.728242, 28.63145, 1.20554, 2.085059, 1.72689
 46540543, 28.03061, 1.920393, 2.079164, 1.728701, 28.36409, 1.813811, 2.082921, 1.728242
 46640503, 28.40161, -0.02897131, 2.094769, 1.731436, 28.03061, 1.920393, 2.079164, 1.728701
 46740463, 27.98211, 0.1972044, 2.087351, 1.732425, 28.40161, -0.02897131, 2.094769, 1.731436
 46840423, 26.76908, 1.720314, 2.056733, 1.733559, 27.98211, 0.1972044, 2.087351, 1.732425
 46940383, 27.29024, 2.161938, 2.079673, 1.737602, 26.76908, 1.720314, 2.056733, 1.733559
 47040343, 28.69969, 1.366257, 2.127676, 1.743611, 27.29024, 2.161938, 2.079673, 1.737602
 47140303, 29.14748, 2.036694, 2.149876, 1.745831, 28.69969, 1.366257, 2.127676, 1.743611
 47240263, 28.30084, 1.034888, 2.123898, 1.749964, 29.14748, 2.036694, 2.149876, 1.745831
 47340223, 27.48965, 0.74946, 2.102913, 1.751872, 28.30084, 1.034888, 2.123898, 1.749964
 47440183, 28.33736, 0.4207839, 2.137718, 1.752983, 27.48965, 0.74946, 2.102913, 1.751872
 47540976, 28.47152, 0.4694614, 2.150535, 1.752574, 28.33736, 0.4207839, 2.137718, 1.752983
 47640936, 30.01257, 1.626488, 2.208834, 1.755128, 28.47152, 0.4694614, 2.150535, 1.752574
 47740896, 28.15697, 1.482563, 2.154393, 1.753885, 30.01257, 1.626488, 2.208834, 1.755128
 47840856, 27.11412, -0.829665, 2.125777, 1.751626, 28.15697, 1.482563, 2.154393, 1.753885
 47940816, 28.44397, -0.2033088, 2.172728, 1.750744, 27.11412, -0.829665, 2.125777, 1.751626
 48040776, 29.45789, 0.08314854, 2.210595, 1.749793, 28.44397, -0.2033088, 2.172728, 1.750744
 48140736, 30.01711, -0.8783982, 2.23253, 1.748759, 29.45789, 0.08314854, 2.210595, 1.749793
 48240696, 27.11879, 0.9491888, 2.144439, 1.745192, 30.01711, -0.8783982, 2.23253, 1.748759
 48340656, 28.30835, -1.104154, 2.183503, 1.74699, 27.11879, 0.9491888, 2.144439, 1.745192
 48440616, 29.77337, -1.088996, 2.236714, 1.743981, 28.30835, -1.104154, 2.183503, 1.74699
 48540576, 30.17575, 0.5453006, 2.2554, 1.739733, 29.77337, -1.088996, 2.236714, 1.743981
 48640536, 29.68741, 1.634745, 2.243954, 1.738377, 30.17575, 0.5453006, 2.2554, 1.739733
 48740496, 29.68657, 0.3543677, 2.246593, 1.736002, 29.68741, 1.634745, 2.243954, 1.738377
 48840456, 29.4533, 0.9178706, 2.241872, 1.735761, 29.68657, 0.3543677, 2.246593, 1.736002
 48940416, 28.16634, 1.453795, 2.203509, 1.736161, 29.4533, 0.9178706, 2.241872, 1.735761
 49040376, 28.38737, -0.3397078, 2.214689, 1.732373, 28.16634, 1.453795, 2.203509, 1.736161
 49140336, 28.94311, 0.7651632, 2.236801, 1.731195, 28.38737, -0.3397078, 2.214689, 1.732373
 49240296, 29.92527, 1.646457, 2.271066, 1.731608, 28.94311, 0.7651632, 2.236801, 1.731195
 49340256, 28.8343, 0.3221554, 2.238951, 1.729292, 29.92527, 1.646457, 2.271066, 1.731608
 49440216, 27.65026, 0.001186781, 2.205138, 1.726412, 28.8343, 0.3221554, 2.238951, 1.729292
 49540176, 29.5732, 1.411057, 2.27041, 1.726032, 27.65026, 0.001186781, 2.205138, 1.726412
 49640969, 27.66497, 0.1912614, 2.211484, 1.724733, 29.5732, 1.411057, 2.27041, 1.726032
 49740929, 29.79732, 1.20639, 2.28235, 1.725574, 27.66497, 0.1912614, 2.211484, 1.724733
 49840889, 27.88189, 0.9241792, 2.225677, 1.72355, 29.79732, 1.20639, 2.28235, 1.725574
 49940849, 28.61495, 0.2714687, 2.252241, 1.72204, 27.88189, 0.9241792, 2.225677, 1.72355
 50040809, 28.91018, 1.419526, 2.26383, 1.724949, 28.61495, 0.2714687, 2.252241, 1.72204
 50140769, 27.11304, 1.498093, 2.210543, 1.726233, 28.91018, 1.419526, 2.26383, 1.724949
 50240729, 28.77967, 0.6351707, 2.265893, 1.72428, 27.11304, 1.498093, 2.210543, 1.726233
 50340689, 27.1718, 0.2944524, 2.216763, 1.726715, 28.77967, 0.6351707, 2.265893, 1.72428
 50440649, 30.32285, -0.8550054, 2.318954, 1.726736, 27.1718, 0.2944524, 2.216763, 1.726715
 50540609, 30.23413, 1.368354, 2.317406, 1.728041, 30.32285, -0.8550054, 2.318954, 1.726736
 50640569, 28.01147, 1.102665, 2.248644, 1.728348, 30.23413, 1.368354, 2.317406, 1.728041
 50740529, 29.45636, -1.893796, 2.299667, 1.725937, 28.01147, 1.102665, 2.248644, 1.728348
 50840489, 27.69868, -0.2409163, 2.245691, 1.724621, 29.45636, -1.893796, 2.299667, 1.725937
 50940449, 28.12688, -1.419999, 2.261779, 1.726433, 27.69868, -0.2409163, 2.245691, 1.724621
 51040409, 28.45001, -1.50682, 2.272436, 1.729307, 28.12688, -1.419999, 2.261779, 1.726433
 51140369, 27.31387, -0.1471643, 2.238307, 1.730542, 28.45001, -1.50682, 2.272436, 1.729307
 51240329, 27.22496, 1.260958, 2.236823, 1.732155, 27.31387, -0.1471643, 2.238307, 1.730542
 51340289, 30.49977, -0.339751, 2.344412, 1.725747, 27.22496, 1.260958, 2.236823, 1.732155
 51440249, 28.17257, -2.793145, 2.317988, 1.664656, 30.49977, -0.339751, 2.344412, 1.725747
 51540209, 29.77746, -1.198075, 2.368672, 1.6572, 28.17257, -2.793145, 2.317988, 1.664656
 51640169, 29.9929, -2.125204, 2.377015, 1.653327, 29.77746, -1.198075, 2.368672, 1.6572
 51740962, 28.89714, -0.860574, 2.339091, 1.653206, 29.9929, -2.125204, 2.377015, 1.653327
 51840922, 29.11571, 0.1874931, 2.345125, 1.650397, 28.89714, -0.860574, 2.339091, 1.653206
 51940882, 30.54603, 0.1320101, 2.39147, 1.644522, 29.11571, 0.1874931, 2.345125, 1.650397
 52040842, 28.03448, -2.864673, 2.314881, 1.644872, 30.54603, 0.1320101, 2.39147, 1.644522
 52140802, 29.97977, -0.4024062, 2.372852, 1.63719, 28.03448, -2.864673, 2.314881, 1.644872
 52240762, 28.89167, -2.40606, 2.338604, 1.636568, 29.97977, -0.4024062, 2.372852, 1.63719
 52340722, 28.64434, -0.7893801, 2.330208, 1.628534, 28.89167, -2.40606, 2.338604, 1.636568
 52440682, 30.12532, -1.124268, 2.380523, 1.617489, 28.64434, -0.7893801, 2.330208, 1.628534
 52540642, 28.46284, -1.27324, 2.327303, 1.615779, 30.12532, -1.124268, 2.380523, 1.617489
 52640602, 27.89247, -1.104531, 2.308058, 1.612848, 28.46284, -1.27324, 2.327303, 1.615779
 52740562, 29.67971, -0.8656358, 2.363568, 1.607524, 27.89247, -1.104531, 2.308058, 1.612848
 52840522, 29.03808, -2.172562, 2.345241, 1.604508, 29.67971, -0.8656358, 2.363568, 1.607524
 52940482, 28.34719, -2.129788, 2.323032, 1.601261, 29.03808, -2.172562, 2.345241, 1.604508
 53040442, 28.29583, -2.19698, 2.321045, 1.597788, 28.34719, -2.129788, 2.323032, 1.601261
 53140402, 27.57309, -2.876832, 2.301048, 1.593497, 28.29583, -2.19698, 2.321045, 1.597788
 53240362, 30.40027, -2.158658, 2.390668, 1.582339, 27.57309, -2.876832, 2.301048, 1.593497
 53340322, 27.6364, -1.773745, 2.29952, 1.585389, 30.40027, -2.158658, 2.390668, 1.582339
 53440282, 29.14987, -3.229833, 2.350748, 1.580471, 27.6364, -1.773745, 2.29952, 1.585389
 53540242, 29.26029, -2.921081, 2.353667, 1.575303, 29.14987, -3.229833, 2.350748, 1.580471
 53640202, 29.55333, -0.8247043, 2.363102, 1.565953, 29.26029, -2.921081, 2.353667, 1.575303
 53740162, 30.3859, -3.237175, 2.394822, 1.560524, 29.55333, -0.8247043, 2.363102, 1.565953
 53840955, 28.80001, -0.3613961, 2.337223, 1.560577, 30.3859, -3.237175, 2.394822, 1.560524
 53940915, 29.86872, -1.888702, 2.376477, 1.550696, 28.80001, -0.3613961, 2.337223, 1.560577
 54040875, 30.24621, -2.448227, 2.391287, 1.544586, 29.86872, -1.888702, 2.376477, 1.550696
 54140835, 30.34808, -0.7213529, 2.390332, 1.543207, 30.24621, -2.448227, 2.391287, 1.544586
 54240795, 27.86835, -0.9945191, 2.311286, 1.543329, 30.34808, -0.7213529, 2.390332, 1.543207
 54340755, 27.40777, -0.4588957, 2.295441, 1.54276, 27.86835, -0.9945191, 2.311286, 1.543329
 54440715, 27.88263, -2.022091, 2.313194, 1.536064, 27.40777, -0.4588957, 2.295441, 1.54276
 54540675, 28.39061, -0.9525111, 2.325111, 1.534477, 27.88263, -2.022091, 2.313194, 1.536064
 54640635, 28.85034, -2.838238, 2.345624, 1.527071, 28.39061, -0.9525111, 2.325111, 1.534477
 54740595, 27.76379, -1.932358, 2.312475, 1.524256, 28.85034, -2.838238, 2.345624, 1.527071
 54840555, 28.83238, -2.720774, 2.351758, 1.517626, 27.76379, -1.932358, 2.312475, 1.524256
 54940515, 27.99297, -1.764189, 2.324508, 1.519905, 28.83238, -2.720774, 2.351758, 1.517626
 55040475, 28.13211, -1.833853, 2.332159, 1.517328, 27.99297, -1.764189, 2.324508, 1.519905
 55140435, 29.48283, -4.051065, 2.384573, 1.51472, 28.13211, -1.833853, 2.332159, 1.517328
 55240395, 29.45305, -2.010884, 2.380882, 1.511238, 29.48283, -4.051065, 2.384573, 1.51472
 55340355, 28.41293, -1.659077, 2.350267, 1.511347, 29.45305, -2.010884, 2.380882, 1.511238
 55440315, 27.54562, -3.664123, 2.330045, 1.514797, 28.41293, -1.659077, 2.350267, 1.511347
 55540275, 30.2245, -3.914768, 2.418059, 1.509124, 27.54562, -3.664123, 2.330045, 1.514797
 55640235, 29.66384, -3.137285, 2.400406, 1.50828, 30.2245, -3.914768, 2.418059, 1.509124
 55740195, 29.30712, -1.497512, 2.386553, 1.509102, 29.66384, -3.137285, 2.400406, 1.50828
 55840155, 28.12828, -3.86245, 2.360492, 1.508439, 29.30712, -1.497512, 2.386553, 1.509102
 55940948, 29.6796, -1.014722, 2.405816, 1.50396, 28.12828, -3.86245, 2.360492, 1.508439
 56040908, 28.21941, -4.045964, 2.37007, 1.506677, 29.6796, -1.014722, 2.405816, 1.50396
 56140868, 28.72801, -1.509111, 2.383518, 1.502876, 28.21941, -4.045964, 2.37007, 1.506677
 56240828, 28.05167, -1.277142, 2.364254, 1.505143, 28.72801, -1.509111, 2.383518, 1.502876
 56340788, 28.41429, -2.115774, 2.3813, 1.501266, 28.05167, -1.277142, 2.364254, 1.505143
 56440748, 27.04054, -3.255288, 2.344002, 1.503444, 28.41429, -2.115774, 2.3813, 1.501266
 56540708, 27.52795, -3.878158, 2.36142, 1.505665, 27.04054, -3.255288, 2.344002, 1.503444
 56640668, 27.39975, -2.857634, 2.355866, 1.504598, 27.52795, -3.878158, 2.36142, 1.505665
 56740628, 29.65174, -2.339704, 2.429368, 1.494741, 27.39975, -2.857634, 2.355866, 1.504598
 56840588, 27.97846, -1.947579, 2.379062, 1.496987, 29.65174, -2.339704, 2.429368, 1.494741
 56940548, 29.16631, -2.144386, 2.418996, 1.493336, 27.97846, -1.947579, 2.379062, 1.496987
 57040508, 29.28678, -3.333796, 2.428554, 1.492599, 29.16631, -2.144386, 2.418996, 1.493336
 57140468, 27.47962, -1.602202, 2.368904, 1.499229, 29.28678, -3.333796, 2.428554, 1.492599
 57240428, 27.15938, -2.5425, 2.366421, 1.49537, 27.47962, -1.602202, 2.368904, 1.499229
 57340388, 30.0795, -2.258197, 2.462926, 1.482679, 27.15938, -2.5425, 2.366421, 1.49537
 57440348, 29.43458, -1.393484, 2.441809, 1.486594, 30.0795, -2.258197, 2.462926, 1.482679
 57540308, 29.50087, -4.661067, 2.458382, 1.484211, 29.43458, -1.393484, 2.441809, 1.486594
 57640268, 27.67762, 0.178992, 2.295336, 1.637085, 29.50087, -4.661067, 2.458382, 1.484211
 57740228, 28.51724, -1.082442, 2.325378, 1.633956, 27.67762, 0.178992, 2.295336, 1.637085
 57840188, 27.98056, -1.373445, 2.31078, 1.635215, 28.51724, -1.082442, 2.325378, 1.633956
 57940148, 29.56429, -2.477086, 2.364465, 1.63465, 27.98056, -1.373445, 2.31078, 1.635215
 58040941, 27.92684, -1.832315, 2.314606, 1.634145, 29.56429, -2.477086, 2.364465, 1.63465
 58140901, 29.58632, -2.764082, 2.370494, 1.633166, 27.92684, -1.832315, 2.314606, 1.634145
 58240861, 29.08611, -2.496448, 2.355294, 1.63485, 29.58632, -2.764082, 2.370494, 1.633166
 58340821, 27.69174, -2.018599, 2.313765, 1.635705, 29.08611, -2.496448, 2.355294, 1.63485
 58440781, 27.59559, -1.380452, 2.313276, 1.634567, 27.69174, -2.018599, 2.313765, 1.635705
 58540741, 29.52484, -0.6652658, 2.376375, 1.63225, 27.59559, -1.380452, 2.313276, 1.634567
 58640701, 28.80068, -1.071278, 2.35415, 1.638739, 29.52484, -0.6652658, 2.376375, 1.63225
 58740661, 28.44842, 0.01598799, 2.342729, 1.645266, 28.80068, -1.071278, 2.35415, 1.638739
 58840621, 30.42595, 0.05699408, 2.4078, 1.645763, 28.44842, 0.01598799, 2.342729, 1.645266
 58940581, 28.60958, -0.9323884, 2.353579, 1.650124, 30.42595, 0.05699408, 2.4078, 1.645763
 59040541, 29.45198, -1.202427, 2.384181, 1.650026, 28.60958, -0.9323884, 2.353579, 1.650124
 59140501, 27.71211, -2.670183, 2.334826, 1.656068, 29.45198, -1.202427, 2.384181, 1.650026
 59240461, 29.63458, -1.471879, 2.39621, 1.652916, 27.71211, -2.670183, 2.334826, 1.656068
 59340421, 28.1817, -0.00495553, 2.350372, 1.657885, 29.63458, -1.471879, 2.39621, 1.652916
 59440381, 30.11942, -1.339236, 2.417289, 1.653212, 28.1817, -0.00495553, 2.350372, 1.657885
 59540341, 28.09259, -1.662445, 2.354451, 1.661083, 30.11942, -1.339236, 2.417289, 1.653212
 59640301, 28.44212, 0.193488, 2.36449, 1.664583, 28.09259, -1.662445, 2.354451, 1.661083
 59740261, 28.86816, -0.5671232, 2.381499, 1.663685, 28.44212, 0.193488, 2.36449, 1.664583
 59840221, 29.23107, -2.655253, 2.40013, 1.662346, 28.86816, -0.5671232, 2.381499, 1.663685
 59940181, 29.87882, -1.290572, 2.422968, 1.658916, 29.23107, -2.655253, 2.40013, 1.662346
 60040974, 28.37302, -3.283576, 2.382438, 1.663878, 29.87882, -1.290572, 2.422968, 1.658916
 60140934, 29.97231, -0.8580766, 2.427974, 1.665859, 28.37302, -3.283576, 2.382438, 1.663878
 60240894, 29.39886, -3.239511, 2.41623, 1.670005, 29.97231, -0.8580766, 2.427974, 1.665859
 60340854, 30.51303, 0.1147208, 2.449222, 1.669414, 29.39886, -3.239511, 2.41623, 1.670005
 60440814, 28.59813, -0.6740592, 2.392351, 1.672707, 30.51303, 0.1147208, 2.449222, 1.669414
 60540774, 29.34299, -3.335506, 2.424206, 1.672761, 28.59813, -0.6740592, 2.392351, 1.672707
 60640734, 30.21924, -0.7179651, 2.450751, 1.66995, 29.34299, -3.335506, 2.424206, 1.672761
 60740694, 27.5166, -0.6529514, 2.369323, 1.675355, 30.21924, -0.7179651, 2.450751, 1.66995
 60840654, 29.83512, -2.481091, 2.445882, 1.673124, 27.5166, -0.6529514, 2.369323, 1.675355
 60940614, 30.27195, -3.130091, 2.461773, 1.677331, 29.83512, -2.481091, 2.445882, 1.673124
 61040574, 27.59179, 0.1402063, 2.376854, 1.683205, 30.27195, -3.130091, 2.461773, 1.677331
 61140534, 29.5033, -1.41909, 2.441141, 1.6773, 27.59179, 0.1402063, 2.376854, 1.683205
 61240494, 30.53235, -1.387604, 2.477136, 1.675541, 29.5033, -1.41909, 2.441141, 1.6773
 61340454, 28.57532, -0.6640077, 2.417588, 1.68052, 30.53235, -1.387604, 2.477136, 1.675541
 61440414, 28.90391, -2.65428, 2.434775, 1.679474, 28.57532, -0.6640077, 2.417588, 1.68052
 61540374, 28.11565, -1.008483, 2.409352, 1.681794, 28.90391, -2.65428, 2.434775, 1.679474
 61640334, 28.23056, -1.181213, 2.414069, 1.683984, 28.11565, -1.008483, 2.409352, 1.681794
 61740294, 28.45029, -0.2302072, 2.419882, 1.686826, 28.23056, -1.181213, 2.414069, 1.683984
 61840254, 28.1971, -0.6308037, 2.413847, 1.686713, 28.45029, -0.2302072, 2.419882, 1.686826
 61940214, 30.56151, -1.796666, 2.490484, 1.682538, 28.1971, -0.6308037, 2.413847, 1.686713
 62040174, 29.83815, -1.638949, 2.468726, 1.684911, 30.56151, -1.796666, 2.490484, 1.682538
 62140967, 29.17014, -0.1425356, 2.447025, 1.686831, 29.83815, -1.638949, 2.468726, 1.684911
 62240927, 30.42599, -1.323261, 2.49226, 1.681155, 29.17014, -0.1425356, 2.447025, 1.686831
 62340887, 28.89733, -2.358586, 2.448167, 1.684415, 30.42599, -1.323261, 2.49226, 1.681155
 62440847, 28.06374, -3.045984, 2.423432, 1.691837, 28.89733, -2.358586, 2.448167, 1.684415
 62540807, 27.64171, -0.02863276, 2.406292, 1.697106, 28.06374, -3.045984, 2.423432, 1.691837
 62640767, 29.9119, -2.555211, 2.483637, 1.690777, 27.64171, -0.02863276, 2.406292, 1.697106
 62740727, 28.25499, -3.485528, 2.438767, 1.69294, 29.9119, -2.555211, 2.483637, 1.690777
 62840687, 28.51407, -0.2062578, 2.443036, 1.691226, 28.25499, -3.485528, 2.438767, 1.69294
 62940647, 30.08852, -0.4753981, 2.493882, 1.688787, 28.51407, -0.2062578, 2.443036, 1.691226
 63040607, 27.37816, -3.458973, 2.417285, 1.695751, 30.08852, -0.4753981, 2.493882, 1.688787
 63140567, 29.12969, -2.923847, 2.472199, 1.689832, 27.37816, -3.458973, 2.417285, 1.695751
 63240527, 28.36238, -2.09943, 2.447935, 1.692386, 29.12969, -2.923847, 2.472199, 1.689832
 63340487, 29.07251, -1.68736, 2.470451, 1.691254, 28.36238, -2.09943, 2.447935, 1.692386
 63440447, 27.18706, -0.5384369, 2.413972, 1.695742, 29.07251, -1.68736, 2.470451, 1.691254
 63540407, 29.6226, -1.202096, 2.491084, 1.691013, 27.18706, -0.5384369, 2.413972, 1.695742
 63640367, 30.59962, -0.2442967, 2.522628, 1.690897, 29.6226, -1.202096, 2.491084, 1.691013
 63740327, 28.31815, -1.6853, 2.458188, 1.692683, 30.59962, -0.2442967, 2.522628, 1.690897
 63840287, 30.24339, -0.1599778, 2.51376, 1.696776, 28.31815, -1.6853, 2.458188, 1.692683
 63940247, 30.27658, -1.292443, 2.519628, 1.693451, 30.24339, -0.1599778, 2.51376, 1.696776
 64040207, 27.32742, -3.172372, 2.437877, 1.699088, 30.27658, -1.292443, 2.519628, 1.693451
 64140167, 28.11212, -1.029819, 2.459638, 1.69511, 27.32742, -3.172372, 2.437877, 1.699088
 64240960, 30.23727, -1.668668, 2.528202, 1.690792, 28.11212, -1.029819, 2.459638, 1.69511
 64340920, 30.13133, -1.867855, 2.526562, 1.691019, 30.23727, -1.668668, 2.528202, 1.690792
 64440880, 30.15768, -3.724401, 2.53448, 1.691529, 30.13133, -1.867855, 2.526562, 1.691019
 64540840, 30.60103, -2.675882, 2.54661, 1.690981, 30.15768, -3.724401, 2.53448, 1.691529
 64640800, 29.84868, -2.954078, 2.525764, 1.69484, 30.60103, -2.675882, 2.54661, 1.690981
 64740760, 29.6722, -3.020598, 2.524122, 1.694652, 29.84868, -2.954078, 2.525764, 1.69484
 64840720, 29.59657, -2.386094, 2.524025, 1.693205, 29.6722, -3.020598, 2.524122, 1.694652
 64940680, 30.26657, -2.767212, 2.546798, 1.694206, 29.59657, -2.386094, 2.524025, 1.693205
 65040640, 27.0908, -1.740024, 2.451201, 1.70233, 30.26657, -2.767212, 2.546798, 1.694206
 65140600, 26.99142, -1.277299, 2.451274, 1.702777, 27.0908, -1.740024, 2.451201, 1.70233
 65240560, 27.72652, -1.152436, 2.475531, 1.702929, 26.99142, -1.277299, 2.451274, 1.702777
 65340520, 28.35912, -0.9438266, 2.495774, 1.703888, 27.72652, -1.152436, 2.475531, 1.702929
 65440480, 27.48688, -0.2303467, 2.471389, 1.708275, 28.35912, -0.9438266, 2.495774, 1.703888
 65540440, 29.7603, -0.5075748, 2.543302, 1.702963, 27.48688, -0.2303467, 2.471389, 1.708275
 65640400, 29.55646, -3.290205, 2.546753, 1.702401, 29.7603, -0.5075748, 2.543302, 1.702963
 65740360, 27.57811, -2.213592, 2.487316, 1.70834, 29.55646, -3.290205, 2.546753, 1.702401
 65840320, 29.32678, -1.739052, 2.541543, 1.704629, 27.57811, -2.213592, 2.487316, 1.70834
 65940280, 29.52595, -0.636923, 2.548583, 1.706089, 29.32678, -1.739052, 2.541543, 1.704629
 66040240, 30.60912, -2.363432, 2.587493, 1.703133, 29.52595, -0.636923, 2.548583, 1.706089
 66140200, 29.07028, -2.70514, 2.542897, 1.708858, 30.60912, -2.363432, 2.587493, 1.703133
 66240160, 27.90123, -2.270827, 2.509777, 1.712865, 29.07028, -2.70514, 2.542897, 1.708858
 66340953, 29.35247, -3.947122, 2.560144, 1.712178, 27.90123, -2.270827, 2.509777, 1.712865
 66440913, 28.81779, -0.4432405, 2.537948, 1.716541, 29.35247, -3.947122, 2.560144, 1.712178
 66540873, 28.65078, -1.541087, 2.539698, 1.714607, 28.81779, -0.4432405, 2.537948, 1.716541
 66640833, 30.5185, -4.243661, 2.607975, 1.709272, 28.65078, -1.541087, 2.539698, 1.714607
 66740793, 29.21618, -3.476631, 2.568896, 1.712145, 30.5185, -4.243661, 2.607975, 1.709272
 66840753, 28.84023, -0.6168605, 2.553948, 1.715867, 29.21618, -3.476631, 2.568896, 1.712145
 66940713, 30.44118, -4.477604, 2.615088, 1.712628, 28.84023, -0.6168605, 2.553948, 1.715867
 67040673, 27.54284, -3.418718, 2.528049, 1.720659, 30.44118, -4.477604, 2.615088, 1.712628
 67140633, 27.78959, -1.218539, 2.53314, 1.71944, 27.54284, -3.418718, 2.528049, 1.720659
 67240593, 27.8532, -0.5469508, 2.534974, 1.723164, 27.78959, -1.218539, 2.53314, 1.71944
 67340553, 27.45954, -1.78512, 2.529381, 1.722351, 27.8532, -0.5469508, 2.534974, 1.723164
 67440513, 27.53124, -0.8498211, 2.53194, 1.72391, 27.45954, -1.78512, 2.529381, 1.722351
 67540473, 30.59574, -2.071692, 2.629555, 1.714711, 27.53124, -0.8498211, 2.53194, 1.72391
 67640433, 29.70857, -0.9325353, 2.6036, 1.719561, 30.59574, -2.071692, 2.629555, 1.714711
 67740393, 26.91149, -2.377148, 2.529528, 1.725542, 29.70857, -0.9325353, 2.6036, 1.719561
 67840353, 29.99904, -3.782976, 2.628019, 1.717892, 26.91149, -2.377148, 2.529528, 1.725542
 67940313, 29.62126, -3.392417, 2.619791, 1.717776, 29.99904, -3.782976, 2.628019, 1.717892
 68040273, 30.27946, -2.387293, 2.641517, 1.715194, 29.62126, -3.392417, 2.619791, 1.717776
 68140233, 30.27176, -2.169199, 2.644195, 1.716098, 30.27946, -2.387293, 2.641517, 1.715194
 68240193, 28.12946, -1.617321, 2.58113, 1.724402, 30.27176, -2.169199, 2.644195, 1.716098
 68340153, 28.04874, -2.415242, 2.58205, 1.726683, 28.12946, -1.617321, 2.58113, 1.724402
 68440946, 28.13552, -3.696167, 2.593, 1.724716, 28.04874, -2.415242, 2.58205, 1.726683
 68540906, 30.48796, -1.183476, 2.660245, 1.719378, 28.13552, -3.696167, 2.593, 1.724716
 68640866, 30.08044, -4.261861, 2.657539, 1.720757, 30.48796, -1.183476, 2.660245, 1.719378
 68740826, 28.26465, -2.190706, 2.600465, 1.726703, 30.08044, -4.261861, 2.657539, 1.720757
 68840786, 27.30767, -2.702329, 2.576724, 1.728036, 28.26465, -2.190706, 2.600465, 1.726703
 68940746, 30.78925, -2.643826, 2.681738, 1.718684, 27.30767, -2.702329, 2.576724, 1.728036
 69040706, 27.76151, -4.192581, 2.600557, 1.727037, 30.78925, -2.643826, 2.681738, 1.718684
 69140666, 26.9386, -3.678072, 2.578693, 1.728133, 27.76151, -4.192581, 2.600557, 1.727037
 69240626, 28.70915, -1.474337, 2.627389, 1.720507, 26.9386, -3.678072, 2.578693, 1.728133
 69340586, 28.98355, -3.02364, 2.641528, 1.719678, 28.70915, -1.474337, 2.627389, 1.720507
 69440546, 29.65459, -3.793758, 2.665657, 1.716417, 28.98355, -3.02364, 2.641528, 1.719678
 69540506, 27.45179, -1.965513, 2.595943, 1.725296, 29.65459, -3.793758, 2.665657, 1.716417
 69640466, 29.38432, -3.450816, 2.655236, 1.720604, 27.45179, -1.965513, 2.595943, 1.725296
 69740426, 27.75429, -4.720914, 2.613688, 1.724554, 29.38432, -3.450816, 2.655236, 1.720604
 69840386, 29.86084, -2.474262, 2.67083, 1.714053, 27.75429, -4.720914, 2.613688, 1.724554
 69940346, 28.80907, -1.453222, 2.640883, 1.71575, 29.86084, -2.474262, 2.67083, 1.714053
 70040306, 26.91504, -3.633339, 2.595389, 1.717926, 28.80907, -1.453222, 2.640883, 1.71575
 70140266, 29.54811, -3.318308, 2.671737, 1.708006, 26.91504, -3.633339, 2.595389, 1.717926
 70240226, 29.91392, -2.779579, 2.680591, 1.708034, 29.54811, -3.318308, 2.671737, 1.708006
 70340186, 30.19245, -2.841997, 2.692907, 1.70457, 29.91392, -2.779579, 2.680591, 1.708034
 70440146, 27.64837, -4.237206, 2.625081, 1.712225, 30.19245, -2.841997, 2.692907, 1.70457
 70540939, 27.53023, -4.542242, 2.624311, 1.711573, 27.64837, -4.237206, 2.625081, 1.712225
 70640899, 27.91079, -3.110877, 2.63098, 1.709201, 27.53023, -4.542242, 2.624311, 1.711573
 70740859, 28.91743, -1.813146, 2.657547, 1.70645, 27.91079, -3.110877, 2.63098, 1.709201
 70840819, 30.67982, -4.254654, 2.719698, 1.697763, 28.91743, -1.813146, 2.657547, 1.70645
 70940779, 27.57695, -4.005479, 2.63158, 1.703626, 30.67982, -4.254654, 2.719698, 1.697763
 71040739, 28.31504, -2.933027, 2.652654, 1.696297, 27.57695, -4.005479, 2.63158, 1.703626
 71140699, 28.16831, -2.548505, 2.647946, 1.696072, 28.31504, -2.933027, 2.652654, 1.696297
 71240659, 27.45488, -4.775442, 2.635563, 1.700021, 28.16831, -2.548505, 2.647946, 1.696072
 71340619, 27.39686, -3.742868, 2.630173, 1.698257, 27.45488, -4.775442, 2.635563, 1.700021
 71440579, 30.57758, -1.586883, 2.717447, 1.691009, 27.39686, -3.742868, 2.630173, 1.698257
 71540539, 29.12682, -2.557061, 2.680023, 1.69222, 30.57758, -1.586883, 2.717447, 1.691009
 71640499, 26.81485, -4.468157, 2.622414, 1.698614, 29.12682, -2.557061, 2.680023, 1.69222
 71740459, 28.88954, -2.436762, 2.676762, 1.689032, 26.81485, -4.468157, 2.622414, 1.698614
 71840419, 29.38133, -4.490414, 2.701651, 1.685084, 28.88954, -2.436762, 2.676762, 1.689032
 71940379, 28.32551, -2.261874, 2.668045, 1.684221, 29.38133, -4.490414, 2.701651, 1.685084
 72040339, 27.42635, -4.484537, 2.651792, 1.68491, 28.32551, -2.261874, 2.668045, 1.684221
 72140299, 28.58456, -2.826377, 2.679545, 1.680197, 27.42635, -4.484537, 2.651792, 1.68491
 72240259, 27.1589, -3.028616, 2.641916, 1.681752, 28.58456, -2.826377, 2.679545, 1.680197
 72340219, 30.70374, -2.563005, 2.742901, 1.669924, 27.1589, -3.028616, 2.641916, 1.681752
 72440179, 30.49314, -4.613365, 2.744607, 1.668379, 30.70374, -2.563005, 2.742901, 1.669924
 72540972, 27.45004, -4.109887, 2.655578, 1.677803, 30.49314, -4.613365, 2.744607, 1.668379
 72640932, 28.92822, -4.84407, 2.701611, 1.671052, 27.45004, -4.109887, 2.655578, 1.677803
 72740892, 27.12273, -1.418105, 2.638973, 1.679764, 28.92822, -4.84407, 2.701611, 1.671052
 72840852, 27.94283, -1.556024, 2.664375, 1.673573, 27.12273, -1.418105, 2.638973, 1.679764
 72940812, 30.53968, -4.382545, 2.75042, 1.659677, 27.94283, -1.556024, 2.664375, 1.673573
 73040772, 29.57672, -1.78244, 2.713897, 1.664052, 30.53968, -4.382545, 2.75042, 1.659677
 73140732, 30.02439, -3.691175, 2.736599, 1.654592, 29.57672, -1.78244, 2.713897, 1.664052
 73240692, 29.11667, -3.901051, 2.711271, 1.656931, 30.02439, -3.691175, 2.736599, 1.654592
 73340652, 30.13707, -4.488057, 2.743595, 1.652855, 29.11667, -3.901051, 2.711271, 1.656931
 73440612, 30.3815, -5.82585, 2.757086, 1.650069, 30.13707, -4.488057, 2.743595, 1.652855
 73540572, 27.36922, -4.509387, 2.667299, 1.653336, 30.3815, -5.82585, 2.757086, 1.650069
 73640532, 27.2748, -4.229423, 2.664121, 1.651592, 27.36922, -4.509387, 2.667299, 1.653336
 73740492, 30.43792, -5.517805, 2.762547, 1.636443, 27.2748, -4.229423, 2.664121, 1.651592
 73840452, 28.61062, -3.199483, 2.701517, 1.640533, 30.43792, -5.517805, 2.762547, 1.636443
 73940412, 28.52957, -4.705413, 2.705642, 1.638984, 28.61062, -3.199483, 2.701517, 1.640533
 74040372, 29.43219, -3.295079, 2.726066, 1.636052, 28.52957, -4.705413, 2.705642, 1.638984
 74140332, 30.16212, -4.60738, 2.755115, 1.627914, 29.43219, -3.295079, 2.726066, 1.636052
 74240292, 26.77799, -5.705958, 2.665656, 1.637272, 30.16212, -4.60738, 2.755115, 1.627914
 74340252, 28.45646, -3.544747, 2.705492, 1.627145, 26.77799, -5.705958, 2.665656, 1.637272
 74440212, 30.27193, -4.041759, 2.76052, 1.620133, 28.45646, -3.544747, 2.705492, 1.627145
 74540172, 30.54213, -3.370353, 2.765827, 1.620336, 30.27193, -4.041759, 2.76052, 1.620133
 74640965, 29.55742, -5.422354, 2.747114, 1.620614, 30.54213, -3.370353, 2.765827, 1.620336
 74740925, 28.42904, -5.760224, 2.718024, 1.622447, 29.55742, -5.422354, 2.747114, 1.620614
 74840885, 27.81646, -5.64114, 2.701, 1.621778, 28.42904, -5.760224, 2.718024, 1.622447
 74940845, 27.87905, -5.757176, 2.703818, 1.616836, 27.81646, -5.64114, 2.701, 1.621778
 75040805, 28.15307, -3.886901, 2.702875, 1.614403, 27.87905, -5.757176, 2.703818, 1.616836
 75140765, 28.43041, -4.6201, 2.715177, 1.609567, 28.15307, -3.886901, 2.702875, 1.614403
 75240725, 27.30593, -2.505539, 2.675288, 1.615887, 28.43041, -4.6201, 2.715177, 1.609567
 75340685, 28.92231, -2.887365, 2.724495, 1.605159, 27.30593, -2.505539, 2.675288, 1.615887
 75440645, 29.17916, -4.165252, 2.739159, 1.599067, 28.92231, -2.887365, 2.724495, 1.605159
 75540605, 30.36356, -5.607769, 2.780037, 1.594461, 29.17916, -4.165252, 2.739159, 1.599067
 75640565, 27.00816, -3.637703, 2.67661, 1.604162, 30.36356, -5.607769, 2.780037, 1.594461
 75740525, 27.18407, -5.527, 2.689851, 1.601547, 27.00816, -3.637703, 2.67661, 1.604162
 75840485, 28.93236, -5.928439, 2.742732, 1.590771, 27.18407, -5.527, 2.689851, 1.601547
 75940445, 26.78304, -4.981309, 2.679116, 1.596997, 28.93236, -5.928439, 2.742732, 1.590771
 76040405, 27.93777, -6.063872, 2.715491, 1.593214, 26.78304, -4.981309, 2.679116, 1.596997
 76140365, 30.81821, -3.360783, 2.7872, 1.580201, 27.93777, -6.063872, 2.715491, 1.593214
 76240325, 29.55604, -3.104844, 2.751405, 1.579194, 30.81821, -3.360783, 2.7872, 1.580201
 76340285, 29.35025, -6.627447, 2.764083, 1.573163, 29.55604, -3.104844, 2.751405, 1.579194
 76440245, 29.32076, -3.35967, 2.749944, 1.570328, 29.35025, -6.627447, 2.764083, 1.573163
 76540205, 27.98979, -2.877434, 2.709227, 1.577817, 29.32076, -3.35967, 2.749944, 1.570328
 76640165, 30.01249, -5.317704, 2.781087, 1.560624, 27.98979, -2.877434, 2.709227, 1.577817
 76740958, 27.2716, -4.618202, 2.701559, 1.569541, 30.01249, -5.317704, 2.781087, 1.560624
 76840918, 28.43156, -3.155775, 2.727905, 1.566132, 27.2716, -4.618202, 2.701559, 1.569541
 76940878, 29.04338, -5.607536, 2.755205, 1.559067, 28.43156, -3.155775, 2.727905, 1.566132
 77040838, 28.81051, -4.55021, 2.743818, 1.557833, 29.04338, -5.607536, 2.755205, 1.559067
 77140798, 27.59228, -3.170681, 2.703011, 1.561511, 28.81051, -4.55021, 2.743818, 1.557833
 77240758, 29.62162, -3.579092, 2.762829, 1.547959, 27.59228, -3.170681, 2.703011, 1.561511
 77340718, 27.76727, -3.123131, 2.709216, 1.551219, 29.62162, -3.579092, 2.762829, 1.547959
 77440678, 27.33383, -3.016551, 2.697214, 1.54888, 27.76727, -3.123131, 2.709216, 1.551219
 77540638, 26.99877, -5.851882, 2.70146, 1.545187, 27.33383, -3.016551, 2.697214, 1.54888
 77640598, 27.3914, -6.495802, 2.716703, 1.539886, 26.99877, -5.851882, 2.70146, 1.545187
 77740558, 26.72368, -5.835232, 2.693964, 1.54029, 27.3914, -6.495802, 2.716703, 1.539886
 77840518, 29.04961, -3.083891, 2.748025, 1.528074, 26.72368, -5.835232, 2.693964, 1.54029
 77940478, 30.15596, -4.275943, 2.786013, 1.51885, 29.04961, -3.083891, 2.748025, 1.528074
 78040438, 29.31914, -6.026992, 2.770879, 1.520277, 30.15596, -4.275943, 2.786013, 1.51885
 78140398, 29.08483, -3.614984, 2.752765, 1.522889, 29.31914, -6.026992, 2.770879, 1.520277
 78240358, 26.87871, -6.496818, 2.705737, 1.527531, 29.08483, -3.614984, 2.752765, 1.522889
 78340318, 29.29227, -4.130888, 2.761971, 1.514024, 26.87871, -6.496818, 2.705737, 1.527531
 78440278, 28.27209, -6.200872, 2.744359, 1.513897, 29.29227, -4.130888, 2.761971, 1.514024
 78540238, 29.28534, -4.20537, 2.764602, 1.506273, 28.27209, -6.200872, 2.744359, 1.513897
 78640198, 29.77771, -3.347991, 2.774293, 1.503292, 29.28534, -4.20537, 2.764602, 1.506273
 78740158, 29.11385, -4.714152, 2.761776, 1.501079, 29.77771, -3.347991, 2.774293, 1.503292
 78840951, 28.70518, -3.405852, 2.744419, 1.503018, 29.11385, -4.714152, 2.761776, 1.501079
 78940911, 30.24795, -5.217803, 2.800025, 1.488413, 28.70518, -3.405852, 2.744419, 1.503018
 79040871, 26.64111, -6.309413, 2.703858, 1.505104, 30.24795, -5.217803, 2.800025, 1.488413
 79140831, 28.2408, -6.843287, 2.751876, 1.496074, 26.64111, -6.309413, 2.703858, 1.505104
 79240791, 30.67909, -3.769813, 2.808059, 1.483971, 28.2408, -6.843287, 2.751876, 1.496074
 79340751, 29.37825, -3.754804, 2.771423, 1.487284, 30.67909, -3.769813, 2.808059, 1.483971
 79440711, 27.3463, -5.808751, 2.724523, 1.493986, 29.37825, -3.754804, 2.771423, 1.487284
 79540671, 28.71863, -4.19318, 2.756923, 1.48643, 27.3463, -5.808751, 2.724523, 1.493986
 79640631, 27.71031, -6.88478, 2.74467, 1.490213, 28.71863, -4.19318, 2.756923, 1.48643
 79740591, 26.74229, -5.466655, 2.711323, 1.494304, 27.71031, -6.88478, 2.74467, 1.490213
 79840551, 30.16489, -5.24544, 2.809463, 1.474033, 26.74229, -5.466655, 2.711323, 1.494304
 79940511, 26.60759, -5.411886, 2.712689, 1.486221, 30.16489, -5.24544, 2.809463, 1.474033
 80040471, 30.4915, -4.855916, 2.822659, 1.463477, 26.60759, -5.411886, 2.712689, 1.486221
 80140431, 27.15623, -4.682986, 2.727971, 1.481602, 30.4915, -4.855916, 2.822659, 1.463477
 80240391, 28.23955, -4.038338, 2.756856, 1.475565, 27.15623, -4.682986, 2.727971, 1.481602
 80340351, 29.35288, -5.274309, 2.794776, 1.468785, 28.23955, -4.038338, 2.756856, 1.475565
 80440311, 27.54364, -4.784921, 2.740756, 1.479736, 29.35288, -5.274309, 2.794776, 1.468785
 80540271, 30.12055, -4.183076, 2.814786, 1.464442, 27.54364, -4.784921, 2.740756, 1.479736
 80640231, 29.78953, -6.470325, 2.820228, 1.460813, 30.12055, -4.183076, 2.814786, 1.464442
 80740191, 26.9459, -6.560011, 2.741689, 1.474868, 29.78953, -6.470325, 2.820228, 1.460813
 80840151, 28.27749, -4.632654, 2.770466, 1.468228, 26.9459, -6.560011, 2.741689, 1.474868
 80940944, 27.55219, -6.115546, 2.760819, 1.468753, 28.27749, -4.632654, 2.770466, 1.468228
 81040904, 28.79603, -5.399379, 2.793489, 1.460883, 27.55219, -6.115546, 2.760819, 1.468753
 81140864, 30.17399, -5.080429, 2.834075, 1.452784, 28.79603, -5.399379, 2.793489, 1.460883
 81240824, 27.34832, -5.271345, 2.75768, 1.465587, 30.17399, -5.080429, 2.834075, 1.452784
 81340784, 28.50842, -4.134605, 2.786831, 1.458448, 27.34832, -5.271345, 2.75768, 1.465587
 81440744, 28.98164, -6.938338, 2.816795, 1.456052, 28.50842, -4.134605, 2.786831, 1.458448
 81540704, 28.90874, -6.001718, 2.812248, 1.454655, 28.98164, -6.938338, 2.816795, 1.456052
 81640664, 28.26376, -5.885042, 2.797161, 1.456072, 28.90874, -6.001718, 2.812248, 1.454655
 81740624, 27.03754, -4.025526, 2.756248, 1.464444, 28.26376, -5.885042, 2.797161, 1.456072
 81840584, 29.34665, -6.248958, 2.835815, 1.445213, 27.03754, -4.025526, 2.756248, 1.464444
 81940544, 27.72699, -6.469878, 2.793472, 1.451855, 29.34665, -6.248958, 2.835815, 1.445213
 82040504, 27.67809, -7.572598, 2.800354, 1.450013, 27.72699, -6.469878, 2.793472, 1.451855
 82140464, 29.54759, -5.318063, 2.842253, 1.43946, 27.67809, -7.572598, 2.800354, 1.450013
 82240424, 29.0464, -6.532665, 2.838007, 1.437655, 29.54759, -5.318063, 2.842253, 1.43946
 82340384, 28.86748, -4.860645, 2.8251, 1.439405, 29.0464, -6.532665, 2.838007, 1.437655
 82440344, 26.78687, -4.927299, 2.769554, 1.44839, 28.86748, -4.860645, 2.8251, 1.439405
 82540304, 26.60794, -4.979482, 2.766605, 1.446543, 26.78687, -4.927299, 2.769554, 1.44839
 82640264, 28.39475, -6.030598, 2.822666, 1.433053, 26.60794, -4.979482, 2.766605, 1.446543
 82740224, 26.81857, -4.142312, 2.769424, 1.447366, 28.39475, -6.030598, 2.822666, 1.433053
 82840184, 28.13313, -5.044522, 2.811737, 1.437802, 26.81857, -4.142312, 2.769424, 1.447366
 82940977, 29.56983, -6.00556, 2.860247, 1.424458, 28.13313, -5.044522, 2.811737, 1.437802
 83040937, 26.59781, -7.045257, 2.785836, 1.438527, 29.56983, -6.00556, 2.860247, 1.424458
 83140897, 28.83798, -8.018833, 2.854355, 1.424773, 26.59781, -7.045257, 2.785836, 1.438527
 83240857, 27.83319, -4.190454, 2.806291, 1.434409, 28.83798, -8.018833, 2.854355, 1.424773
 83340817, 27.54288, -7.685123, 2.820992, 1.429913, 27.83319, -4.190454, 2.806291, 1.434409
 83440777, 29.82938, -5.455104, 2.874844, 1.413402, 27.54288, -7.685123, 2.820992, 1.429913
 83540737, 29.88386, -5.459584, 2.879056, 1.411804, 29.82938, -5.455104, 2.874844, 1.413402
 83640697, 27.76197, -5.494288, 2.820864, 1.423824, 29.88386, -5.459584, 2.879056, 1.411804
 83740657, 27.11535, -7.789854, 2.818476, 1.425175, 27.76197, -5.494288, 2.820864, 1.423824
 83840617, 29.65834, -6.525842, 2.883714, 1.404984, 27.11535, -7.789854, 2.818476, 1.425175
 83940577, 27.28822, -4.29447, 2.80523, 1.422626, 29.65834, -6.525842, 2.883714, 1.404984
 84040537, 29.76895, -7.196415, 2.893376, 1.398936, 27.28822, -4.29447, 2.80523, 1.422626
 84140497, 29.90338, -7.357201, 2.900512, 1.393291, 29.76895, -7.196415, 2.893376, 1.398936
 84240457, 30.32344, -4.91152, 2.898308, 1.393957, 29.90338, -7.357201, 2.900512, 1.393291
 84340417, 26.75046, -4.553668, 2.799165, 1.411551, 30.32344, -4.91152, 2.898308, 1.393957
 84440377, 26.78796, -6.993476, 2.817127, 1.406955, 26.75046, -4.553668, 2.799165, 1.411551
 84540337, 27.21628, -4.44693, 2.814546, 1.409034, 26.78796, -6.993476, 2.817127, 1.406955
 84640297, 29.14268, -4.652864, 2.870055, 1.395942, 27.21628, -4.44693, 2.814546, 1.409034
 84740257, 26.90986, -7.846792, 2.832698, 1.40134, 29.14268, -4.652864, 2.870055, 1.395942
 84840217, 26.46381, -6.291172, 2.812262, 1.404453, 26.90986, -7.846792, 2.832698, 1.40134
 84940177, 28.65362, -4.710243, 2.862059, 1.39658, 26.46381, -6.291172, 2.812262, 1.404453
 85040970, 27.20033, -8.15366, 2.845422, 1.397842, 28.65362, -4.710243, 2.862059, 1.39658
 85140930, 26.5372, -6.790235, 2.821385, 1.400511, 27.20033, -8.15366, 2.845422, 1.397842
 85240890, 28.76636, -5.305458, 2.876271, 1.385132, 26.5372, -6.790235, 2.821385, 1.400511
 85340850, 29.24348, -6.545769, 2.899303, 1.376527, 28.76636, -5.305458, 2.876271, 1.385132
 85440810, 26.29369, -7.434497, 2.826547, 1.391697, 29.24348, -6.545769, 2.899303, 1.376527
 85540770, 28.58457, -7.4169, 2.889271, 1.376688, 26.29369, -7.434497, 2.826547, 1.391697
 85640730, 29.31607, -6.705439, 2.906209, 1.374289, 28.58457, -7.4169, 2.889271, 1.376688
 85740690, 27.66632, -7.499386, 2.867648, 1.382355, 29.31607, -6.705439, 2.906209, 1.374289
 85840650, 29.95365, -7.291877, 2.9314, 1.364856, 27.66632, -7.499386, 2.867648, 1.382355
 85940610, 29.39904, -5.048104, 2.901809, 1.372847, 29.95365, -7.291877, 2.9314, 1.364856
 86040570, 29.74116, -7.215319, 2.926376, 1.363143, 29.39904, -5.048104, 2.901809, 1.372847
 86140530, 27.82228, -6.535473, 2.870081, 1.373335, 29.74116, -7.215319, 2.926376, 1.363143
 86240490, 29.41393, -8.06397, 2.926228, 1.357712, 27.82228, -6.535473, 2.870081, 1.373335
 86340450, 27.73613, -6.007826, 2.866653, 1.370226, 29.41393, -8.06397, 2.926228, 1.357712
 86440410, 30.18681, -6.474603, 2.939435, 1.350597, 27.73613, -6.007826, 2.866653, 1.370226
 86540370, 27.29686, -5.133863, 2.852984, 1.372178, 30.18681, -6.474603, 2.939435, 1.350597
 86640330, 26.53018, -6.960061, 2.84562, 1.372177, 27.29686, -5.133863, 2.852984, 1.372178
 86740290, 28.54701, -8.552625, 2.912558, 1.355769, 26.53018, -6.960061, 2.84562, 1.372177
 86840250, 27.35717, -5.75661, 2.86235, 1.365154, 28.54701, -8.552625, 2.912558, 1.355769
 86940210, 28.12687, -6.730258, 2.891081, 1.354532, 27.35717, -5.75661, 2.86235, 1.365154
 87040170, 28.34913, -6.384263, 2.895798, 1.354174, 28.12687, -6.730258, 2.891081, 1.354532
 87140963, 26.78847, -5.85842, 2.851558, 1.362747, 28.34913, -6.384263, 2.895798, 1.354174
 87240923, 28.69588, -8.543429, 2.923546, 1.345122, 26.78847, -5.85842, 2.851558, 1.362747
 87340883, 29.40511, -9.434836, 2.95285, 1.335964, 28.69588, -8.543429, 2.923546, 1.345122
 87440843, 29.81523, -7.845339, 2.954457, 1.330624, 29.40511, -9.434836, 2.95285, 1.335964
 87540803, 28.76649, -8.236779, 2.928902, 1.336489, 29.81523, -7.845339, 2.954457, 1.330624
 87640763, 26.64982, -8.078487, 2.871744, 1.349032, 28.76649, -8.236779, 2.928902, 1.336489
 87740723, 30.13573, -5.898618, 2.955361, 1.327579, 26.64982, -8.078487, 2.871744, 1.349032
 87840683, 27.33541, -7.123006, 2.888027, 1.341591, 30.13573, -5.898618, 2.955361, 1.327579
 87940643, 28.17864, -8.391483, 2.920548, 1.33418, 27.33541, -7.123006, 2.888027, 1.341591
 88040603, 28.13458, -8.667624, 2.92247, 1.332854, 28.17864, -8.391483, 2.920548, 1.33418
 88140563, 27.17675, -7.663447, 2.891789, 1.334696, 28.13458, -8.667624, 2.92247, 1.332854
 88240523, 26.61888, -6.689744, 2.870065, 1.340518, 27.17675, -7.663447, 2.891789, 1.334696
 88340483, 30.22621, -6.768873, 2.969865, 1.314652, 26.61888, -6.689744, 2.870065, 1.340518
 88440443, 26.75438, -8.531551, 2.888869, 1.333179, 30.22621, -6.768873, 2.969865, 1.314652
 88540403, 27.40784, -8.572446, 2.909179, 1.326845, 26.75438, -8.531551, 2.888869, 1.333179
 88640363, 27.96124, -5.588408, 2.904468, 1.328979, 27.40784, -8.572446, 2.909179, 1.326845
 88740323, 30.07548, -6.564647, 2.971892, 1.307438, 27.96124, -5.588408, 2.904468, 1.328979
 88840283, 27.98621, -6.111518, 2.911728, 1.322439, 30.07548, -6.564647, 2.971892, 1.307438
 88940243, 28.65874, -5.896384, 2.929528, 1.319438, 27.98621, -6.111518, 2.911728, 1.322439
 89040203, 26.56338, -5.465994, 2.873693, 1.331957, 28.65874, -5.896384, 2.929528, 1.319438
 89140163, 27.38346, -7.898406, 2.915172, 1.315012, 26.56338, -5.465994, 2.873693, 1.331957
 89240956, 28.65791, -5.994632, 2.937655, 1.308239, 27.38346, -7.898406, 2.915172, 1.315012
 89340916, 27.78108, -7.987699, 2.928193, 1.308913, 28.65791, -5.994632, 2.937655, 1.308239
 89440876, 28.19367, -8.370511, 2.944227, 1.301109, 27.78108, -7.987699, 2.928193, 1.308913
 89540836, 25.63586, -8.911109, 2.880339, 1.317172, 28.19367, -8.370511, 2.944227, 1.301109
 89640796, 29.05657, -6.509218, 2.95165, 1.29607, 25.63586, -8.911109, 2.880339, 1.317172
 89740756, 26.427, -7.307158, 2.885574, 1.309024, 29.05657, -6.509218, 2.95165, 1.29607
 89840716, 27.74411, -7.151649, 2.917869, 1.296741, 26.427, -7.307158, 2.885574, 1.309024
 89940676, 28.69081, -6.500557, 2.937921, 1.286977, 27.74411, -7.151649, 2.917869, 1.296741
 90040636, 29.33198, -9.97252, 2.98173, 1.271157, 28.69081, -6.500557, 2.937921, 1.286977
 90140596, 27.694, -6.535966, 2.909955, 1.283723, 29.33198, -9.97252, 2.98173, 1.271157
 90240556, 25.92293, -8.531211, 2.876925, 1.288929, 27.694, -6.535966, 2.909955, 1.283723
 90340516, 28.44085, -7.937571, 2.937477, 1.267612, 25.92293, -8.531211, 2.876925, 1.288929
 90440476, 29.00571, -6.100271, 2.937852, 1.265524, 28.44085, -7.937571, 2.937477, 1.267612
 90540436, 29.38251, -6.404671, 2.948993, 1.258623, 29.00571, -6.100271, 2.937852, 1.265524
 90640396, 27.35365, -9.603471, 2.916721, 1.263736, 29.38251, -6.404671, 2.948993, 1.258623
 90740356, 29.95146, -7.657191, 2.971583, 1.240797, 27.35365, -9.603471, 2.916721, 1.263736
 90840316, 26.4866, -8.598366, 2.882498, 1.260753, 29.95146, -7.657191, 2.971583, 1.240797
 90940276, 29.99216, -6.784314, 2.962033, 1.235884, 26.4866, -8.598366, 2.882498, 1.260753
 91040236, 25.79696, -8.766007, 2.862219, 1.25824, 29.99216, -6.784314, 2.962033, 1.235884
 91140196, 25.96883, -9.117546, 2.868464, 1.250697, 25.79696, -8.766007, 2.862219, 1.25824
 91240156, 27.01472, -6.026052, 2.87143, 1.245643, 25.96883, -9.117546, 2.868464, 1.250697
 91340949, 29.4061, -8.731218, 2.95513, 1.215727, 27.01472, -6.026052, 2.87143, 1.245643
 91440909, 26.97525, -6.238032, 2.867005, 1.239778, 29.4061, -8.731218, 2.95513, 1.215727
 91540869, 26.87713, -6.008201, 2.859708, 1.238776, 26.97525, -6.238032, 2.867005, 1.239778
 91640829, 28.87565, -10.24438, 2.945778, 1.208682, 26.87713, -6.008201, 2.859708, 1.238776
 91740789, 29.26281, -10.46633, 2.956893, 1.199685, 28.87565, -10.24438, 2.945778, 1.208682
 91840749, 27.26653, -5.879534, 2.863274, 1.222473, 29.26281, -10.46633, 2.956893, 1.199685
 91940709, 28.79578, -6.386139, 2.90638, 1.205902, 27.26653, -5.879534, 2.863274, 1.222473
 92040669, 25.91327, -8.837072, 2.846211, 1.216939, 28.79578, -6.386139, 2.90638, 1.205902
 92140629, 26.49483, -8.537475, 2.857673, 1.208554, 25.91327, -8.837072, 2.846211, 1.216939
 92240589, 28.22842, -8.281069, 2.90068, 1.192515, 26.49483, -8.537475, 2.857673, 1.208554
 92340549, 29.59476, -7.460614, 2.931795, 1.176625, 28.22842, -8.281069, 2.90068, 1.192515
 92440509, 27.31156, -6.136514, 2.857393, 1.193798, 29.59476, -7.460614, 2.931795, 1.176625
 92540469, 26.17593, -7.671807, 2.836989, 1.19225, 27.31156, -6.136514, 2.857393, 1.193798
 92640429, 30.11544, -6.974105, 2.935688, 1.163606, 26.17593, -7.671807, 2.836989, 1.19225
 92740389, 28.79935, -8.015982, 2.90313, 1.168535, 30.11544, -6.974105, 2.935688, 1.163606
 92840349, 28.53224, -9.640605, 2.908378, 1.160014, 28.79935, -8.015982, 2.90313, 1.168535
 92940309, 26.94252, -9.731288, 2.864082, 1.16747, 28.53224, -9.640605, 2.908378, 1.160014
 93040269, 27.03305, -6.076224, 2.835011, 1.178379, 26.94252, -9.731288, 2.864082, 1.16747
 93140229, 28.811, -9.157055, 2.908574, 1.158031, 27.03305, -6.076224, 2.835011, 1.178379
 93240189, 29.21616, -6.762403, 2.904929, 1.160124, 28.811, -9.157055, 2.908574, 1.158031
 93340149, 27.72174, -8.798335, 2.884408, 1.164503, 29.21616, -6.762403, 2.904929, 1.160124
 93440942, 27.19241, -9.855439, 2.885485, 1.163931, 27.72174, -8.798335, 2.884408, 1.164503
 93540902, 27.1122, -6.748978, 2.862151, 1.172629, 27.19241, -9.855439, 2.885485, 1.163931
 93640862, 28.65938, -8.847993, 2.924287, 1.156618, 27.1122, -6.748978, 2.862151, 1.172629
 93740822, 28.86636, -7.059183, 2.919322, 1.160501, 28.65938, -8.847993, 2.924287, 1.156618
 93840782, 25.60809, -9.319296, 2.85586, 1.178494, 28.86636, -7.059183, 2.919322, 1.160501
 93940742, 25.59142, -8.61552, 2.852862, 1.182148, 25.60809, -9.319296, 2.85586, 1.178494
 94040702, 28.38878, -7.339118, 2.921543, 1.163143, 25.59142, -8.61552, 2.852862, 1.182148
 94140662, 27.38044, -7.840321, 2.902771, 1.168962, 28.38878, -7.339118, 2.921543, 1.163143
 94240622, 28.66388, -9.409738, 2.956376, 1.152152, 27.38044, -7.840321, 2.902771, 1.168962
 94340582, 29.97734, -7.705285, 2.984127, 1.14385, 28.66388, -9.409738, 2.956376, 1.152152
 94440542, 27.36651, -7.020816, 2.910609, 1.17017, 29.97734, -7.705285, 2.984127, 1.14385
 94540502, 26.04869, -8.692638, 2.892451, 1.177248, 27.36651, -7.020816, 2.910609, 1.17017
 94640462, 25.94346, -9.492467, 2.899868, 1.175875, 26.04869, -8.692638, 2.892451, 1.177248
 94740422, 27.18688, -7.007047, 2.914063, 1.173449, 25.94346, -9.492467, 2.899868, 1.175875
 94840382, 28.40941, -10.70204, 2.981484, 1.151273, 27.18688, -7.007047, 2.914063, 1.173449
 94940342, 26.70417, -9.603745, 2.929239, 1.165399, 28.40941, -10.70204, 2.981484, 1.151273
 95040302, 29.9201, -7.811209, 3.002923, 1.14581, 26.70417, -9.603745, 2.929239, 1.165399
 95140262, 26.85579, -7.183114, 2.917403, 1.171335, 29.9201, -7.811209, 3.002923, 1.14581
 95240222, 25.92824, -8.282419, 2.905712, 1.173233, 26.85579, -7.183114, 2.917403, 1.171335
 95340182, 26.13813, -10.08657, 2.93063, 1.165787, 25.92824, -8.282419, 2.905712, 1.173233
 95440975, 26.80682, -8.602326, 2.938425, 1.159736, 26.13813, -10.08657, 2.93063, 1.165787
 95540935, 28.13817, -9.510971, 2.984783, 1.145749, 26.80682, -8.602326, 2.938425, 1.159736
 95640895, 26.41348, -8.605175, 2.9346, 1.163867, 28.13817, -9.510971, 2.984783, 1.145749
 95740855, 25.72889, -8.372463, 2.917488, 1.173634, 26.41348, -8.605175, 2.9346, 1.163867
 95840815, 26.59684, -10.53215, 2.961617, 1.162687, 25.72889, -8.372463, 2.917488, 1.173634
 95940775, 26.57594, -10.58728, 2.964089, 1.16243, 26.59684, -10.53215, 2.961617, 1.162687
 96040735, 26.02897, -7.720685, 2.929688, 1.169954, 26.57594, -10.58728, 2.964089, 1.16243
 96140695, 27.08627, -8.273544, 2.96329, 1.158766, 26.02897, -7.720685, 2.929688, 1.169954
 96240655, 25.29038, -9.50616, 2.931834, 1.16786, 27.08627, -8.273544, 2.96329, 1.158766
 96340615, 28.0979, -9.796379, 3.007581, 1.144669, 25.29038, -9.50616, 2.931834, 1.16786
 96440575, 29.2922, -7.815595, 3.024395, 1.140505, 28.0979, -9.796379, 3.007581, 1.144669
 96540535, 26.22322, -10.08706, 2.965558, 1.159112, 29.2922, -7.815595, 3.024395, 1.140505
 96640495, 28.00282, -8.456104, 3.000013, 1.148482, 26.22322, -10.08706, 2.965558, 1.159112
 96740455, 29.00233, -7.833861, 3.02218, 1.146401, 28.00282, -8.456104, 3.000013, 1.148482
 96840415, 28.60052, -9.224577, 3.025234, 1.146485, 29.00233, -7.833861, 3.02218, 1.146401
 96940375, 28.16393, -9.433452, 3.018505, 1.146936, 28.60052, -9.224577, 3.025234, 1.146485
 97040335, 26.53045, -9.36102, 2.978498, 1.159539, 28.16393, -9.433452, 3.018505, 1.146936
 97140295, 27.162, -6.86854, 2.977385, 1.164508, 26.53045, -9.36102, 2.978498, 1.159539
 97240255, 26.51904, -8.851992, 2.979736, 1.161913, 27.162, -6.86854, 2.977385, 1.164508
 97340215, 27.64038, -8.152277, 3.005911, 1.15127, 26.51904, -8.851992, 2.979736, 1.161913
 97440175, 25.3829, -9.431669, 2.962393, 1.166803, 27.64038, -8.152277, 3.005911, 1.15127
 97540968, 28.07334, -8.485002, 3.027102, 1.144299, 25.3829, -9.431669, 2.962393, 1.166803
 97640928, 28.00341, -7.52882, 3.020435, 1.14863, 28.07334, -8.485002, 3.027102, 1.144299
 97740888, 28.34498, -9.667919, 3.050705, 1.135582, 28.00341, -7.52882, 3.020435, 1.14863
 97840848, 25.00179, -10.15238, 2.973151, 1.163743, 28.34498, -9.667919, 3.050705, 1.135582
 97940808, 28.09768, -8.121412, 3.037156, 1.142607, 25.00179, -10.15238, 2.973151, 1.163743
 98040768, 28.02272, -10.42715, 3.057177, 1.138306, 28.09768, -8.121412, 3.037156, 1.142607
 98140728, 25.85568, -8.386419, 2.987703, 1.162333, 28.02272, -10.42715, 3.057177, 1.138306
 98240688, 26.82412, -6.938547, 3.004767, 1.156966, 25.85568, -8.386419, 2.987703, 1.162333
 98340648, 26.26459, -10.60703, 3.026772, 1.14642, 26.82412, -6.938547, 3.004767, 1.156966
 98440608, 27.60014, -11.06081, 3.067511, 1.135169, 26.26459, -10.60703, 3.026772, 1.14642
 98540568, 25.8129, -7.549435, 2.994397, 1.163115, 27.60014, -11.06081, 3.067511, 1.135169
 98640528, 27.41029, -7.492095, 3.037571, 1.153235, 25.8129, -7.549435, 2.994397, 1.163115
 98740488, 26.63716, -9.001164, 3.034717, 1.156232, 27.41029, -7.492095, 3.037571, 1.153235
 98840448, 26.73284, -7.894621, 3.032548, 1.16099, 26.63716, -9.001164, 3.034717, 1.156232
 98940408, 28.27247, -8.993227, 3.085942, 1.145054, 26.73284, -7.894621, 3.032548, 1.16099
 99040368, 26.24833, -9.173567, 3.042334, 1.159416, 28.27247, -8.993227, 3.085942, 1.145054
 99140328, 29.02292, -8.473381, 3.112717, 1.137385, 26.24833, -9.173567, 3.042334, 1.159416
 99240288, 26.83008, -7.76088, 3.054703, 1.160845, 29.02292, -8.473381, 3.112717, 1.137385
 99340248, 26.16678, -10.80815, 3.069348, 1.160398, 26.83008, -7.76088, 3.054703, 1.160845
 99440208, 25.85902, -9.648439, 3.056444, 1.167427, 26.16678, -10.80815, 3.069348, 1.160398
 99540168, 28.72237, -9.283956, 3.131421, 1.143191, 25.85902, -9.648439, 3.056444, 1.167427
 99640961, 28.34559, -10.00445, 3.132567, 1.147946, 28.72237, -9.283956, 3.131421, 1.143191
 99740921, 27.70098, -11.36582, 3.133661, 1.153214, 28.34559, -10.00445, 3.132567, 1.147946
 99840881, 27.97756, -8.481661, 3.121387, 1.157123, 27.70098, -11.36582, 3.133661, 1.153214
 99940841, 28.29041, -8.368724, 3.133498, 1.156951, 27.97756, -8.481661, 3.121387, 1.157123
 100040801, 29.42057, -8.592652, 3.169574, 1.149428, 28.29041, -8.368724, 3.133498, 1.156951
 100140761, 29.29256, -8.224323, 3.169698, 1.152548, 29.42057, -8.592652, 3.169574, 1.149428
 100240721, 25.84988, -9.130943, 3.097422, 1.177423, 29.29256, -8.224323, 3.169698, 1.152548
 100340681, 25.79166, -9.843678, 3.105708, 1.180891, 25.84988, -9.130943, 3.097422, 1.177423
 100440641, 26.27871, -10.35554, 3.126006, 1.175862, 25.79166, -9.843678, 3.105708, 1.180891
 100540601, 26.107, -9.902497, 3.122677, 1.176175, 26.27871, -10.35554, 3.126006, 1.175862
 100640561, 26.51948, -10.14401, 3.141418, 1.167922, 26.107, -9.902497, 3.122677, 1.176175
 100740521, 27.76357, -11.10286, 3.185928, 1.155847, 26.51948, -10.14401, 3.141418, 1.167922
 100840481, 27.30739, -11.3213, 3.181881, 1.160193, 27.76357, -11.10286, 3.185928, 1.155847
 100940441, 28.72773, -10.0336, 3.211985, 1.150419, 27.30739, -11.3213, 3.181881, 1.160193
 101040401, 26.32858, -8.094498, 3.141828, 1.177969, 28.72773, -10.0336, 3.211985, 1.150419
 101140361, 28.48827, -9.480139, 3.210161, 1.158779, 26.32858, -8.094498, 3.141828, 1.177969
 101240321, 27.42153, -11.87722, 3.209473, 1.166541, 28.48827, -9.480139, 3.210161, 1.158779
 101340281, 26.3461, -8.08202, 3.154901, 1.187061, 27.42153, -11.87722, 3.209473, 1.166541
 101440241, 28.33309, -9.716002, 3.221398, 1.165523, 26.3461, -8.08202, 3.154901, 1.187061
 101540201, 26.69835, -9.810381, 3.188084, 1.177915, 28.33309, -9.716002, 3.221398, 1.165523
 101640161, 28.65111, -10.81218, 3.250827, 1.156532, 26.69835, -9.810381, 3.188084, 1.177915
 101740954, 28.93202, -11.41078, 3.26824, 1.152882, 28.65111, -10.81218, 3.250827, 1.156532
 101840914, 24.56876, -10.7496, 3.161994, 1.194983, 28.93202, -11.41078, 3.26824, 1.152882
 101940874, 28.71508, -9.947844, 3.259708, 1.159257, 24.56876, -10.7496, 3.161994, 1.194983
 102040834, 26.82477, -11.25604, 3.23132, 1.171494, 28.71508, -9.947844, 3.259708, 1.159257
 102140794, 27.27916, -10.34315, 3.239878, 1.170341, 26.82477, -11.25604, 3.23132, 1.171494
 102240754, 27.71289, -8.111238, 3.235776, 1.179566, 27.27916, -10.34315, 3.239878, 1.170341
 102340714, 27.96942, -7.971657, 3.247047, 1.179146, 27.71289, -8.111238, 3.235776, 1.179566
 102440674, 24.80651, -10.47987, 3.199841, 1.195847, 27.96942, -7.971657, 3.247047, 1.179146
 102540634, 25.03747, -11.308, 3.21727, 1.194704, 24.80651, -10.47987, 3.199841, 1.195847
 102640594, 26.38761, -9.525135, 3.237935, 1.188873, 25.03747, -11.308, 3.21727, 1.194704
 102740554, 27.23481, -9.909039, 3.267369, 1.178538, 26.38761, -9.525135, 3.237935, 1.188873
 102840514, 26.67706, -7.905936, 3.242736, 1.194379, 27.23481, -9.909039, 3.267369, 1.178538
 102940474, 27.66618, -9.17545, 3.281384, 1.183277, 26.67706, -7.905936, 3.242736, 1.194379
 103040434, 28.65181, -11.55502, 3.334181, 1.161543, 27.66618, -9.17545, 3.281384, 1.183277
 103140394, 27.26884, -7.900176, 3.273571, 1.190678, 28.65181, -11.55502, 3.334181, 1.161543
 103240354, 25.52805, -10.06421, 3.255901, 1.201573, 27.26884, -7.900176, 3.273571, 1.190678
 103340314, 25.62084, -8.621714, 3.251777, 1.207793, 25.52805, -10.06421, 3.255901, 1.201573
 103440274, 26.87372, -11.9508, 3.316892, 1.186778, 25.62084, -8.621714, 3.251777, 1.207793
 103540234, 26.51971, -8.892334, 3.287966, 1.200115, 26.87372, -11.9508, 3.316892, 1.186778
 103640194, 26.8882, -8.612254, 3.300913, 1.197696, 26.51971, -8.892334, 3.287966, 1.200115
 103740154, 24.94533, -10.05037, 3.273639, 1.213474, 26.8882, -8.612254, 3.300913, 1.197696
 103840947, 29.17318, -10.43465, 3.382148, 1.177523, 24.94533, -10.05037, 3.273639, 1.213474
 103940907, 27.41636, -8.554395, 3.327576, 1.197567, 29.17318, -10.43465, 3.382148, 1.177523
 104040867, 27.25846, -9.788513, 3.333674, 1.190288, 27.41636, -8.554395, 3.327576, 1.197567
 104140827, 26.82915, -11.79073, 3.337771, 1.186359, 27.25846, -9.788513, 3.333674, 1.190288
 104240787, 29.81517, -9.525259, 3.382605, 1.166542, 26.82915, -11.79073, 3.337771, 1.186359
 104340747, 25.27566, -10.70117, 3.280259, 1.195703, 29.81517, -9.525259, 3.382605, 1.166542
 104440707, 25.66155, -8.765693, 3.267632, 1.189699, 25.27566, -10.70117, 3.280259, 1.195703
 104540667, 25.46391, -8.684526, 3.257168, 1.185294, 25.66155, -8.765693, 3.267632, 1.189699
 104640627, 27.79238, -8.720498, 3.305839, 1.160619, 25.46391, -8.684526, 3.257168, 1.185294
 104740587, 25.85928, -11.96184, 3.284966, 1.16037, 27.79238, -8.720498, 3.305839, 1.160619
 104840547, 28.59778, -12.58789, 3.352009, 1.123916, 25.85928, -11.96184, 3.284966, 1.16037
 104940507, 29.17811, -9.955416, 3.335869, 1.125074, 28.59778, -12.58789, 3.352009, 1.123916
 105040467, 25.62776, -12.07045, 3.266241, 1.146025, 29.17811, -9.955416, 3.335869, 1.125074
 105140427, 29.2058, -10.53799, 3.333696, 1.109552, 25.62776, -12.07045, 3.266241, 1.146025
 105240387, 29.53488, -9.120251, 3.325596, 1.107101, 29.2058, -10.53799, 3.333696, 1.109552
 105340347, 27.20236, -11.94711, 3.29109, 1.110863, 29.53488, -9.120251, 3.325596, 1.107101
 105440307, 25.97375, -9.620462, 3.236092, 1.124606, 27.20236, -11.94711, 3.29109, 1.110863
 105540267, 25.30637, -11.76243, 3.236497, 1.119928, 25.97375, -9.620462, 3.236092, 1.124606
 105640227, 27.27714, -10.58434, 3.267574, 1.09917, 25.30637, -11.76243, 3.236497, 1.119928
 105740187, 26.51187, -12.0149, 3.26025, 1.096275, 27.27714, -10.58434, 3.267574, 1.09917
 105840147, 25.56563, -9.233007, 3.209693, 1.109044, 26.51187, -12.0149, 3.26025, 1.096275
 105940940, 26.40397, -9.560701, 3.228229, 1.097811, 25.56563, -9.233007, 3.209693, 1.109044
 106040900, 29.2441, -9.556853, 3.293806, 1.068973, 26.40397, -9.560701, 3.228229, 1.097811
 106140860, 25.86944, -9.507389, 3.209424, 1.095044, 29.2441, -9.556853, 3.293806, 1.068973
 106240820, 25.55162, -9.111352, 3.195295, 1.095542, 25.86944, -9.507389, 3.209424, 1.095044
 106340780, 29.16831, -9.730058, 3.284184, 1.05713, 25.55162, -9.111352, 3.195295, 1.095542
 106440740, 27.52544, -11.894, 3.261678, 1.059178, 29.16831, -9.730058, 3.284184, 1.05713
 106540700, 25.1559, -10.75603, 3.190705, 1.083902, 27.52544, -11.894, 3.261678, 1.059178
 106640660, 26.362, -10.93384, 3.21673, 1.069898, 25.1559, -10.75603, 3.190705, 1.083902
 106740620, 26.38845, -9.303024, 3.198841, 1.075741, 26.362, -10.93384, 3.21673, 1.069898
 106840580, 24.87409, -10.74034, 3.175599, 1.077241, 26.38845, -9.303024, 3.198841, 1.075741
 106940540, 26.36609, -8.435896, 3.188233, 1.069016, 24.87409, -10.74034, 3.175599, 1.077241
 107040500, 28.08989, -13.15106, 3.273026, 1.030136, 26.36609, -8.435896, 3.188233, 1.069016
 107140460, 26.02143, -8.473952, 3.177164, 1.063313, 28.08989, -13.15106, 3.273026, 1.030136
 107240420, 28.53309, -12.06688, 3.269738, 1.021134, 26.02143, -8.473952, 3.177164, 1.063313
 107340380, 27.81577, -12.28549, 3.253112, 1.023326, 28.53309, -12.06688, 3.269738, 1.021134
 107440340, 25.94782, -9.177604, 3.177498, 1.051008, 27.81577, -12.28549, 3.253112, 1.023326
 107540300, 27.92347, -12.86186, 3.260323, 1.016608, 25.94782, -9.177604, 3.177498, 1.051008
 107640260, 27.35647, -9.717159, 3.215716, 1.032619, 27.92347, -12.86186, 3.260323, 1.016608
 107740220, 27.39945, -12.99671, 3.249699, 1.018528, 27.35647, -9.717159, 3.215716, 1.032619
 107840180, 28.6883, -10.40383, 3.252633, 1.022855, 27.39945, -12.99671, 3.249699, 1.018528
 107940973, 29.26405, -9.971859, 3.262525, 1.020678, 28.6883, -10.40383, 3.252633, 1.022855
 108040933, 26.63806, -12.23577, 3.219404, 1.040435, 29.26405, -9.971859, 3.262525, 1.020678
 108140893, 25.29207, -10.65773, 3.195269, 1.030671, 26.63806, -12.23577, 3.219404, 1.040435
 108240853, 23.98889, -11.3731, 3.226628, 1.042227, 25.29207, -10.65773, 3.195269, 1.030671
 108340813, 22.91078, -11.73406, 3.311804, 1.097243, 23.98889, -11.3731, 3.226628, 1.042227
 108440773, 24.15003, -13.89086, 3.52244, 1.164194, 22.91078, -11.73406, 3.311804, 1.097243
 108540733, 24.39784, -9.771163, 3.766937, 1.267917, 24.15003, -13.89086, 3.52244, 1.164194
 108640693, 23.40394, -11.01247, 4.165699, 1.374634, 24.39784, -9.771163, 3.766937, 1.267917
 108740653, 20.61826, -8.872896, 4.66735, 1.474394, 23.40394, -11.01247, 4.165699, 1.374634
 108840613, 15.48679, -10.04668, 5.126413, 1.466553, 20.61826, -8.872896, 4.66735, 1.474394
 108940573, 16.12321, -7.480397, 5.362604, 1.300888, 15.48679, -10.04668, 5.126413, 1.466553
 109040533, 13.66194, -8.34963, 5.304622, 0.9993293, 16.12321, -7.480397, 5.362604, 1.300888
 109140493, 12.97756, -13.03732, 5.074096, 0.650064, 13.66194, -8.34963, 5.304622, 0.9993293
