TimeUS,CAN,CAE,CAD,CAe
 196160671, 0, 0, 0, 0
 196236474, -0.3076859, 3.531769, -0.06221827, 0.5092275
 196336434, 1.796427E-05, 0.003653309, -0.0001286254, 0.0002593961
 196436394, 0.0001189114, 0.0035239, -0.0001204688, 0.0002593961
 196536354, 5.797431E-05, 0.003462953, -3.144794E-05, 0.0002593961
 196636314, -0.0002103248, 0.003519978, -6.553412E-05, 0.0002593961
 196736274, -4.025605E-05, 0.003442541, -0.0001112755, 0.0002593961
 196836234, 3.261472E-05, 0.003282654, -3.199727E-05, 0.0002593961
 196936194, -0.0001973401, 0.003513534, -2.159804E-05, 0.0002593961
 197036154, -0.0001362161, 0.003378794, 6.156961E-05, 0.0002593961
 197136114, 1.101336E-05, 0.003724729, -7.244072E-05, 0.0002593961
 197236074, 0.0002633658, 0.003549465, -6.671856E-05, 0.0002593961
 197336034, 0.0001038282, 0.003521944, -8.832734E-05, 0.0002593961
 197435994, -8.439927E-05, 0.003605473, -0.0001034752, 0.0002593961
 197535954, -6.783451E-05, 0.003355298, -0.0001710958, 0.0002593961
 197635914, -1.954268E-05, 0.003557781, -0.0001738234, 0.0002593961
 197735874, 0.0002867422, 0.003622133, -0.0001160837, 0.0002593961
 197835834, 0.0001817235, 0.003664529, -0.0001502783, 0.0002593961
 197935794, 0.0001835481, 0.003656688, -0.0001529832, 0.0002593961
 198035754, 0.0001539905, 0.003609091, -0.0002917494, 0.0002593961
 198135714, 3.416495E-05, 0.003750759, -4.281714E-05, 0.0002593961
 198235674, 0.0002201343, 0.003592877, 2.799106E-05, 0.0002593961
 198336467, -3.570761E-05, 0.003520244, -9.838936E-05, 0.0002615578
 198436427, -8.884864E-05, 0.003640546, -5.791372E-05, 0.0002593961
 198536387, -0.0001337915, 0.003619174, 1.969749E-06, 0.0002593961
 198636347, 5.699839E-05, 0.003508404, -0.0001386803, 0.0002593961
 198736307, 0.0001123137, 0.003480299, 0.0002169254, 0.0002593961
 198836267, 0.000139529, 0.003541976, -0.0001666618, 0.0002593961
 198936227, 0.000217589, 0.00370253, -0.0001182226, 0.0002593961
 199036187, -9.550082E-05, 0.003862642, -2.702108E-05, 0.0002593961
 199136147, -8.364931E-05, 0.00338135, -0.0001245036, 0.0002593961
 199236107, -6.111411E-05, 0.003582344, 1.472004E-05, 0.0002593961
 199336067, -0.0001654213, 0.003424175, -1.157297E-05, 0.0002593961
 199436027, 0.0001907737, 0.003589142, -0.0001616785, 0.0002593961
 199535987, -9.056454E-05, 0.003547512, 1.22796E-05, 0.0002593961
 199635947, 8.037195E-05, 0.003372065, 5.716177E-06, 0.0002593961
 199735907, -1.263754E-05, 0.003604046, 7.458329E-06, 0.0002593961
 199835867, -0.0002504864, 0.003868774, -0.0001301602, 0.0002593961
 199935827, -0.0001217209, 0.003520523, -5.42221E-05, 0.0002593961
 200035787, 0.0001927623, 0.003485046, 4.260146E-05, 0.0002593961
 200135747, -2.709677E-05, 0.003481861, 8.632306E-05, 0.0002593961
 200235707, 0.0002499873, 0.003436015, 0.0001033536, 0.0002593961
 200335667, -0.0001916486, 0.003498404, -0.0003654221, 0.0002593961
 200436460, 0.0001587713, 0.003542168, -0.0001851716, 0.0002615578
 200536420, -8.522077E-05, 0.003711735, -0.0001511351, 0.0002593961
 200636380, -0.0001916724, 0.003634345, -5.906483E-05, 0.0002593961
 200736340, 7.250739E-05, 0.003517885, 0.0001260039, 0.0002593961
 200836300, 8.769739E-05, 0.003429724, -7.972746E-05, 0.0002593961
 200936260, -6.777726E-05, 0.00352791, 8.45976E-05, 0.0002593961
 201036220, 0.0001658724, 0.003604069, 2.706637E-05, 0.0002593961
 201136180, -8.630063E-05, 0.003483903, -0.0001744359, 0.0002593961
 201236140, -6.906353E-05, 0.003368283, 1.303747E-05, 0.0002593961
 201336100, -0.0002276556, 0.003487144, 7.999913E-05, 0.0002593961
 201436060, -0.0001686843, 0.003557152, -8.562834E-05, 0.0002593961
 201536020, 4.589197E-05, 0.003475719, -9.048894E-05, 0.0002593961
 201635980, 5.334209E-05, 0.003373129, 0.000160115, 0.0002593961
 201735940, -8.427944E-05, 0.00349512, -8.929853E-05, 0.0002593961
 201835900, -0.0001664435, 0.003576583, -2.691871E-06, 0.0002593961
 201935860, 7.107546E-06, 0.003589869, -8.229777E-05, 0.0002593961
 202035820, 0.0001518973, 0.003507744, -0.0001337779, 0.0002593961
 202135780, 5.711042E-05, 0.003682938, 9.193673E-05, 0.0002593961
 202235740, -9.989535E-06, 0.003527641, -0.0002726918, 0.0002593961
 202335700, 0.0001814918, 0.003611336, -7.923295E-05, 0.0002593961
 202435660, -2.219393E-05, 0.003412272, -0.0001924543, 0.0002593961
 202536453, 0.0002214304, 0.003549605, -5.249189E-05, 0.0002615578
 202636413, 9.03053E-05, 0.003434729, 1.018832E-05, 0.0002593961
 202736373, 5.466494E-05, 0.003645544, -7.407919E-05, 0.0002593961
 202836333, 9.749492E-05, 0.00348201, -7.820459E-05, 0.0002593961
 202936293, -4.791841E-05, 0.003517752, -0.0002292109, 0.0002593961
 203036253, 0.0001268723, 0.003723126, 7.286613E-05, 0.0002593961
 203136213, 7.122033E-05, 0.003553697, -8.855973E-05, 0.0002593961
 203236173, -0.0001796768, 0.003619649, -0.0002602347, 0.0002593961
 203336133, -7.473397E-05, 0.003595427, -0.0001424649, 0.0002593961
 203436093, 0.0001654147, 0.003333951, 4.034574E-05, 0.0002593961
 203536053, -0.0001911281, 0.003748132, 0.0001885566, 0.0002593961
 203636013, 0.0002408794, 0.003594269, 2.693053E-05, 0.0002593961
 203735973, 2.213398E-05, 0.003703497, -0.0001122026, 0.0002593961
 203835933, -1.313608E-06, 0.003710249, -2.121196E-05, 0.0002593961
 203935893, 0.0001381845, 0.003740923, -5.765515E-05, 0.0002593961
 204035853, 8.708716E-05, 0.003509016, -0.0001358025, 0.0002593961
 204135813, -2.563838E-05, 0.003520898, 2.058039E-05, 0.0002593961
 204235773, 8.500651E-05, 0.003664892, -0.0001585457, 0.0002593961
 204335733, 7.516917E-05, 0.003675139, -0.0002388189, 0.0002593961
 204435693, 6.836051E-06, 0.003476594, -8.008851E-05, 0.0002593961
 204536486, 9.024874E-06, 0.003520665, 8.510886E-05, 0.0002593961
 204636446, 3.323215E-05, 0.003552342, 0.0001480309, 0.0002615578
 204736406, 0.0001233622, 0.003391231, 0.0001335337, 0.0002593961
 204836366, 5.19823E-05, 0.003374447, 3.303517E-05, 0.0002593961
 204936326, 2.738629E-05, 0.003530751, -0.000115756, 0.0002593961
 205036286, -8.029701E-05, 0.003693482, -0.0002736821, 0.0002593961
 205136246, -4.31548E-05, 0.003573346, -1.471766E-05, 0.0002593961
 205236206, 1.316611E-05, 0.003556601, -0.0001634945, 0.0002593961
 205336166, -4.366285E-05, 0.003417855, 4.526116E-05, 0.0002593961
 205436126, 0.0001099834, 0.003440608, 1.963425E-05, 0.0002593961
 205536086, 0.0002189764, 0.003701977, -0.0001467154, 0.0002593961
 205636046, 5.341721E-05, 0.003573572, -0.0001095155, 0.0002593961
 205736006, -4.815929E-05, 0.003429925, -9.864198E-05, 0.0002593961
 205835966, -0.0001086952, 0.003738694, -6.406133E-06, 0.0002593961
 205935926, 0.000181795, 0.003523702, -0.0001295787, 0.0002593961
 206035886, -5.523766E-05, 0.003447558, -0.0002083291, 0.0002593961
 206135846, 0.0003001771, 0.003467259, -0.0001110336, 0.0002593961
 206235806, -8.333539E-05, 0.003481044, -3.160762E-05, 0.0002593961
 206335766, 0.0001151546, 0.003405129, 1.21676E-05, 0.0002593961
 206435726, 9.917725E-05, 0.003437888, 4.446396E-05, 0.0002593961
 206535686, 5.02747E-05, 0.003442214, -0.0001029449, 0.0002593961
 206636479, 1.873873E-05, 0.003702292, 4.967531E-05, 0.0002615578
 206736439, 0.0001554817, 0.003592864, -8.093459E-06, 0.0002593961
 206836399, -0.0001424968, 0.003705643, 1.710328E-05, 0.0002593961
 206936359, -0.0001472618, 0.003271017, -5.52743E-05, 0.0002593961
 207036319, 9.06956E-05, 0.003668232, -0.0002564453, 0.0002593961
 207136279, 4.563559E-05, 0.003660632, -5.226544E-05, 0.0002593961
 207236239, 9.22376E-05, 0.003396502, 2.451513E-05, 0.0002593961
 207336199, 6.312688E-06, 0.003443664, -3.497155E-05, 0.0002593961
 207436159, -0.0001387056, 0.003455079, 8.594531E-05, 0.0002593961
 207536119, 0.0001604851, 0.003373599, -0.0002518171, 0.0002593961
 207636079, 3.493406E-05, 0.003658892, 5.337606E-05, 0.0002593961
 207736039, -4.916811E-05, 0.003436798, -9.59132E-06, 0.0002593961
 207835999, -2.68685E-06, 0.003397288, 5.532553E-05, 0.0002593961
 207935959, 4.852288E-05, 0.003712937, -0.0001768608, 0.0002593961
 208035919, -0.0001518708, 0.003738522, 0.0001068403, 0.0002593961
 208135879, 2.094765E-05, 0.003496266, 7.172932E-05, 0.0002593961
 208235839, 0.000202889, 0.003630187, -0.0001284074, 0.0002593961
 208335799, -0.0001632546, 0.003595436, 0.0002469362, 0.0002593961
 208435759, 2.383179E-06, 0.003544238, -9.050801E-05, 0.0002593961
 208535719, 0.0001066913, 0.003640272, -0.0001201184, 0.0002593961
 208635679, -3.050075E-05, 0.003667, -0.0001407549, 0.0002593961
 208736472, -4.069567E-05, 0.003785021, 5.94417E-06, 0.0002615578
 208836432, 0.0001545561, 0.003657904, -5.189846E-05, 0.0002593961
 208936392, 9.771281E-05, 0.003651171, -0.000125215, 0.0002593961
 209036352, 0.0002110004, 0.00345559, 0.0002504325, 0.0002593961
 209136312, 0.0001270162, 0.003567055, -1.695075E-05, 0.0002593961
 209236272, -8.947755E-06, 0.003556317, 3.045413E-05, 0.0002593961
 209336232, 8.458994E-05, 0.003765606, -2.220458E-05, 0.0002593961
 209436192, -5.341759E-05, 0.003394646, -0.000104668, 0.0002593961
 209536152, -0.0002186224, 0.003490556, -4.344275E-05, 0.0002593961
 209636112, 1.646407E-05, 0.003585197, 0.0001271419, 0.0002593961
 209736072, -6.619977E-05, 0.003429203, -9.537696E-05, 0.0002593961
 209836032, -8.414E-05, 0.003764349, 5.09702E-05, 0.0002593961
 209935992, 6.694322E-05, 0.003501429, 0.0001017688, 0.0002593961
 210035952, 7.73857E-05, 0.003640828, -3.574372E-05, 0.0002593961
 210135912, -0.0001573194, 0.003533673, 1.249529E-05, 0.0002593961
 210235872, -5.893792E-05, 0.003600708, 0.0001911221, 0.0002593961
 210335832, 3.782878E-05, 0.003608881, -0.0001451782, 0.0002593961
 210435792, 5.667418E-06, 0.003521183, 6.361085E-05, 0.0002593961
 210535752, -0.0001301493, 0.003222295, 5.171568E-07, 0.0002593961
 210635712, 6.854603E-05, 0.003412008, -4.206764E-05, 0.0002593961
 210735672, -0.0001193868, 0.003533871, 0.0001194214, 0.0002593961
 210836465, 2.345629E-05, 0.003714869, -8.271802E-06, 0.0002615578
 210936425, -7.507331E-05, 0.003642944, 2.109995E-05, 0.0002593961
 211036385, 0.0001807492, 0.003600228, -9.083682E-06, 0.0002593961
 211136345, -1.368848E-05, 0.003344321, -1.813045E-05, 0.0002593961
 211236305, -3.177052E-05, 0.003485612, -0.0002894817, 0.0002593961
 211336265, -0.0001785747, 0.003499194, -0.0002029251, 0.0002593961
 211436225, -0.0001050228, 0.00369429, 1.111186E-05, 0.0002593961
 211536185, -4.85329E-05, 0.003421606, -0.0003977615, 0.0002593961
 211636145, -6.622259E-05, 0.003536696, -3.667795E-05, 0.0002593961
 211736105, -0.0001988504, 0.003507285, 4.092846E-05, 0.0002593961
 211836065, -0.0001843164, 0.003519161, -8.911383E-05, 0.0002593961
 211936025, 8.458782E-05, 0.003652073, 7.785663E-05, 0.0002593961
 212035985, 3.169577E-05, 0.003641014, -0.0001074957, 0.0002593961
 212135945, 7.876327E-05, 0.003369851, -6.520284E-05, 0.0002593961
 212235905, -7.938874E-06, 0.003591664, 0.000171856, 0.0002593961
 212335865, -2.709438E-05, 0.003587253, 1.29064E-05, 0.0002593961
 212435825, 0.0001517112, 0.003324194, -0.0001421074, 0.0002593961
 212535785, -3.729687E-05, 0.003600855, 9.049967E-05, 0.0002593961
 212635745, 7.662452E-05, 0.003435207, -4.522187E-06, 0.0002593961
 212735705, -0.0001263203, 0.003444244, -5.993829E-05, 0.0002593961
 212835665, -0.0002203805, 0.003455787, -7.030059E-05, 0.0002593961
 212936458, 9.841294E-05, 0.003476746, -0.0002108807, 0.0002615578
 213036418, -0.0001079218, 0.003482113, -0.0002531862, 0.0002593961
 213136378, 0.0001392696, 0.003632174, 8.028751E-05, 0.0002593961
 213236338, -2.235403E-05, 0.003659687, 0.0001261719, 0.0002593961
 213336298, 2.201294E-05, 0.003500738, -2.723677E-05, 0.0002593961
 213436258, 8.296742E-06, 0.003549861, -6.401839E-05, 0.0002593961
 213536218, -2.100288E-05, 0.003559164, -6.445332E-05, 0.0002593961
 213636178, 1.854742E-05, 0.00338156, -0.0001778666, 0.0002593961
 213736138, -0.000102983, 0.003569583, -4.08331E-05, 0.0002593961
 213836098, 5.591888E-05, 0.003442827, -7.197361E-05, 0.0002593961
 213936058, 9.437354E-05, 0.003607957, -7.303533E-05, 0.0002593961
 214036018, 0.000213739, 0.003728469, 6.423526E-05, 0.0002593961
 214135978, 1.112958E-05, 0.003715874, -2.637404E-05, 0.0002593961
 214235938, 3.617533E-05, 0.003529743, -1.772052E-05, 0.0002593961
 214335898, 0.0004430433, 0.003516829, 8.128488E-05, 0.0002593961
 214435858, 7.997621E-05, 0.003555027, -3.555783E-05, 0.0002593961
 214535818, 0.0001441581, 0.003642307, -0.0001818906, 0.0002593961
 214635778, 5.906114E-05, 0.00364047, -9.241578E-05, 0.0002593961
 214735738, 3.282212E-05, 0.003797653, -1.444596E-05, 0.0002593961
 214835698, 9.530445E-05, 0.003719658, -7.86681E-05, 0.0002593961
 214935658, -5.055924E-06, 0.003583559, -0.0003356103, 0.0002593961
 215036451, 6.341362E-05, 0.003573107, -0.0002030883, 0.0002615578
 215136411, -0.0001193979, 0.003721381, -2.641218E-05, 0.0002593961
 215236371, -1.721656E-05, 0.003719217, -8.520052E-06, 0.0002593961
 215336331, -6.269986E-05, 0.003524108, -5.163269E-06, 0.0002593961
 215436291, 0.0001011819, 0.003301142, 1.690666E-05, 0.0002593961
 215536251, -4.958301E-05, 0.003599084, -8.833688E-05, 0.0002593961
 215636211, 3.138275E-06, 0.003492191, 2.360711E-05, 0.0002593961
 215736171, 0.0002528578, 0.003425708, -0.0001290056, 0.0002593961
 215836131, 0.0001476574, 0.003413301, 0.0001096466, 0.0002593961
 215936091, 0.0001086713, 0.003420223, -6.145998E-05, 0.0002593961
 216036051, -3.238879E-06, 0.003427303, -6.286954E-06, 0.0002593961
 216136011, -1.052834E-05, 0.003549105, -7.638619E-05, 0.0002593961
 216235971, 6.092859E-05, 0.003398565, 8.201179E-05, 0.0002593961
 216335931, 0.00021501, 0.003288936, -0.0002088498, 0.0002593961
 216435891, 0.0001117003, 0.003727188, -0.0001120429, 0.0002593961
 216535851, -9.052407E-05, 0.00345802, -0.00011325, 0.0002593961
 216635811, -0.0001089158, 0.003464713, 8.567481E-05, 0.0002593961
 216735771, -0.0002457004, 0.003501446, -0.0002028702, 0.0002593961
 216835731, 2.934643E-05, 0.003370817, -0.0002592754, 0.0002593961
 216935691, -8.415976E-06, 0.0034997, -0.0002824607, 0.0002593961
 217036484, 5.753466E-05, 0.003479244, -0.0002484393, 0.0002615578
 217136444, 1.162879E-05, 0.003428451, -8.470603E-05, 0.0002593961
 217236404, 0.0001415843, 0.003543585, 0.0001636542, 0.0002593961
 217336364, 4.718605E-06, 0.003455883, 5.861918E-05, 0.0002593961
 217436324, 1.552523E-05, 0.003463746, -0.0002048329, 0.0002593961
 217536284, -0.0002082405, 0.003512579, 2.356538E-05, 0.0002593961
 217636244, -0.0001395551, 0.003458644, -0.0001215115, 0.0002593961
 217736204, -0.0001200141, 0.003695056, 8.952492E-05, 0.0002593961
 217836164, -0.000162952, 0.003656622, -3.218913E-05, 0.0002593961
 217936124, 8.370496E-05, 0.003528497, -0.0001954537, 0.0002593961
 218036084, -8.608733E-05, 0.003560718, -3.240361E-05, 0.0002593961
 218136044, -5.789428E-05, 0.003510244, -2.220696E-05, 0.0002593961
 218236004, 4.362003E-05, 0.003465314, -7.522674E-05, 0.0002593961
 218335964, 1.696972E-05, 0.003701165, 2.251559E-05, 0.0002593961
 218435924, 0.0001924654, 0.003561488, -0.0001565819, 0.0002593961
 218535884, 2.083954E-05, 0.003526891, -0.0003306163, 0.0002593961
 218635844, -7.096897E-05, 0.003549429, -8.19116E-06, 0.0002593961
 218735804, 4.876659E-05, 0.003577919, -8.69403E-05, 0.0002593961
 218835764, 6.367648E-05, 0.003618103, -0.0001947422, 0.0002593961
 218935724, -5.69456E-05, 0.003681519, 2.32937E-05, 0.0002593961
 219035684, -5.62682E-05, 0.003578513, -0.0001690808, 0.0002593961
 219136477, 0.0002001618, 0.003923868, -0.0001586967, 0.0002615578
 219236437, 6.178526E-05, 0.003616421, -7.422577E-05, 0.0002593961
 219336397, 4.440573E-05, 0.003487446, 0.0001176661, 0.0002593961
 219436357, 0.0002017472, 0.003601052, -0.0001571586, 0.0002593961
 219536317, 2.069443E-05, 0.003505307, -0.000368437, 0.0002593961
 219636277, -7.968652E-05, 0.00344256, 4.94604E-05, 0.0002593961
 219736237, -2.353179E-05, 0.003699355, -0.0001500233, 0.0002593961
 219836197, 9.424478E-05, 0.003565944, -2.064713E-05, 0.0002593961
 219936157, -2.646591E-05, 0.003497726, -0.0002047339, 0.0002593961
 220036117, 4.397157E-05, 0.003680495, 7.672816E-06, 0.0002593961
 220136077, 0.0001029655, 0.003590547, -0.0001505309, 0.0002593961
 220236037, -3.62628E-06, 0.003244098, -4.662316E-05, 0.0002593961
 220335997, -8.425507E-05, 0.00352582, 2.844627E-05, 0.0002593961
 220435957, 3.804349E-05, 0.003632, -1.910041E-05, 0.0002593961
 220535917, -3.680996E-05, 0.003514347, -4.218796E-05, 0.0002593961
 220635877, -8.300514E-05, 0.00378835, -8.178061E-05, 0.0002593961
 220735837, 5.151217E-05, 0.00353282, 0.0001177055, 0.0002593961
 220835797, -0.0001768336, 0.00377857, -2.781113E-05, 0.0002593961
 220935757, 4.811833E-05, 0.003635015, -0.0002548557, 0.0002593961
 221035717, 3.272455E-05, 0.003557698, 5.33975E-05, 0.0002593961
 221135677, 0.0002294735, 0.003538769, -2.228918E-05, 0.0002593961
 221236470, -2.395748E-05, 0.003515926, -0.0002911364, 0.0002615578
 221336430, -0.0001337189, 0.003622909, -0.0002952872, 0.0002593961
 221436390, 5.402027E-05, 0.003657226, 3.180067E-05, 0.0002593961
 221536350, 0.0001250655, 0.003561062, 0.0002120552, 0.0002593961
 221636310, 0.0002201081, 0.003453674, -0.0002413797, 0.0002593961
 221736270, -0.0001286221, 0.003431714, -0.000204467, 0.0002593961
 221836230, -0.0001266526, 0.003621505, -0.0001431643, 0.0002593961
 221936190, 0.0001037452, 0.003711824, -6.359059E-05, 0.0002593961
 222036150, 9.803796E-05, 0.00363801, -9.181402E-06, 0.0002593961
 222136110, 3.550985E-05, 0.00357659, -5.262296E-05, 0.0002593961
 222236070, -1.080798E-05, 0.003659721, -0.0001275232, 0.0002593961
 222336030, -6.787119E-05, 0.003683462, -0.0002227202, 0.0002593961
 222435990, 2.33319E-05, 0.003594188, -0.0001582454, 0.0002593961
 222535950, -0.0003292107, 0.003377731, -0.0002184745, 0.0002593961
 222635910, -2.233653E-05, 0.003525511, -7.207372E-05, 0.0002593961
 222735870, 0.0001527934, 0.003544101, -9.938197E-05, 0.0002593961
 222835830, 0.0001666096, 0.003795801, 9.067127E-05, 0.0002593961
 222935790, -0.0001038937, 0.003466943, -0.0002077451, 0.0002593961
 223035750, 5.316023E-05, 0.003434198, -0.0002598307, 0.0002593961
 223135710, -0.0001252862, 0.003506984, -7.257298E-05, 0.0002593961
 223235670, -0.0001459901, 0.003427272, -2.56412E-05, 0.0002593961
 223336463, -3.821991E-06, 0.00346721, -1.980903E-05, 0.0002615578
 223436423, -7.798169E-05, 0.00361782, -0.0001617619, 0.0002593961
 223536383, 0.0001480195, 0.003621891, -0.0001677319, 0.0002593961
 223636343, -0.0002386782, 0.003622533, -3.411123E-05, 0.0002593961
 223736303, -3.678944E-05, 0.003573168, -7.541857E-05, 0.0002593961
 223836263, -0.0002050446, 0.003637497, -2.29827E-05, 0.0002593961
 223936223, -0.0001287858, 0.003737976, 0.0001539377, 0.0002593961
 224036183, -0.0003105621, 0.003683873, -0.0001443023, 0.0002593961
 224136143, -7.375013E-05, 0.003689614, -7.805799E-05, 0.0002593961
 224236103, 1.764038E-05, 0.003565277, -0.0001241533, 0.0002593961
 224336063, 0.0001156648, 0.003415189, -0.0001891107, 0.0002593961
 224436023, 5.635271E-05, 0.003561833, -6.821884E-05, 0.0002593961
 224535983, -6.43407E-05, 0.003584413, -0.0001108274, 0.0002593961
 224635943, -0.0001535587, 0.003598647, -0.0001600055, 0.0002593961
 224735903, 0.0002307344, 0.003669375, -6.117638E-05, 0.0002593961
 224835863, 3.594136E-06, 0.00344919, -3.503709E-05, 0.0002593961
 224935823, -4.709003E-05, 0.003577768, 1.385493E-05, 0.0002593961
 225035783, -7.670737E-05, 0.003536649, -1.055416E-05, 0.0002593961
 225135743, 0.0001782743, 0.00346359, 5.87979E-05, 0.0002593961
 225235703, 0.0001221898, 0.003542085, -3.086047E-05, 0.0002593961
 225335663, -3.964476E-05, 0.003708075, -0.000249217, 0.0002593961
 225436456, -1.102183E-05, 0.003489685, -6.408789E-05, 0.0002615578
 225536416, -0.0001907507, 0.00355061, -0.0001954417, 0.0002593961
 225636376, -0.0001602057, 0.003568016, -0.0001461183, 0.0002593961
 225736336, -2.839359E-05, 0.003762825, -3.851065E-05, 0.0002593961
 225836296, 0.0003218564, 0.003743273, 3.066049E-06, 0.0002593961
 225936256, 7.55217E-05, 0.003541864, 3.052089E-05, 0.0002593961
 226036216, -6.234783E-05, 0.003568542, -6.356557E-05, 0.0002593961
 226136176, 7.672219E-05, 0.00348545, -0.0001360861, 0.0002593961
 226236136, 8.907846E-05, 0.003512737, -5.69247E-05, 0.0002593961
 226336096, -0.0002048388, 0.003625009, -0.0003178243, 0.0002593961
 226436056, 9.046933E-05, 0.003571518, -0.0002355134, 0.0002593961
 226536016, 2.599537E-05, 0.003623617, 3.69818E-05, 0.0002593961
 226635976, -0.0001180217, 0.003769823, -0.0001830084, 0.0002593961
 226735936, -2.829067E-05, 0.003563929, -0.0002485902, 0.0002593961
 226835896, -0.000158373, 0.003558946, -6.341661E-05, 0.0002593961
 226935856, -0.0001459542, 0.003613352, -6.270998E-05, 0.0002593961
 227035816, 7.841433E-05, 0.003541034, -7.498245E-05, 0.0002593961
 227135776, 0.0001181269, 0.003871055, -4.20557E-05, 0.0002593961
 227235736, 5.599054E-06, 0.003546058, -0.0002321888, 0.0002593961
 227335696, 6.407798E-05, 0.003486819, -0.0001948662, 0.0002593961
 227435656, -4.60548E-05, 0.003724496, -2.547914E-05, 0.0002593961
 227536449, -8.442064E-05, 0.003770598, 5.751573E-05, 0.0002615578
 227636409, 1.492998E-05, 0.003704841, 0.0001027519, 0.0002593961
 227736369, 0.0002102736, 0.003861523, -0.0002660795, 0.0002593961
 227836329, 3.311832E-05, 0.00361407, -0.000249584, 0.0002593961
 227936289, 7.32842E-06, 0.00333997, -7.226436E-05, 0.0002593961
 228036249, 0.0001010839, 0.003606599, -0.0001629916, 0.0002593961
 228136209, -7.00558E-05, 0.003567273, 5.451405E-05, 0.0002593961
 228236169, 5.866968E-05, 0.003728066, -0.0001293511, 0.0002593961
 228336129, 3.674156E-05, 0.003625806, 0.0001760899, 0.0002593961
 228436089, 0.0003016936, 0.003460521, -0.0002313451, 0.0002593961
 228536049, 1.177184E-05, 0.00372679, 9.476804E-05, 0.0002593961
 228636009, 0.0002781767, 0.003455481, -7.128246E-05, 0.0002593961
 228735969, 4.753617E-05, 0.003712038, -3.416483E-05, 0.0002593961
 228835929, 9.996448E-05, 0.003694217, 7.63683E-05, 0.0002593961
 228935889, 0.000174015, 0.003756397, 6.364302E-05, 0.0002593961
 229035849, -0.0002339427, 0.003587315, -8.657567E-05, 0.0002593961
 229135809, -0.0001067508, 0.003562055, -7.543524E-05, 0.0002593961
 229235769, -8.792828E-05, 0.003607047, -0.000211811, 0.0002593961
 229335729, 0.0001544729, 0.003699523, -0.0001923626, 0.0002593961
 229435689, 0.0001163745, 0.003676601, 7.268858E-05, 0.0002593961
 229536482, 0.0001303267, 0.003648656, 0.000104073, 0.0002615578
 229636442, 0.0001204954, 0.003476878, -6.409708E-06, 0.0002593961
 229736402, -0.0001044809, 0.003824957, 7.243835E-05, 0.0002593961
 229836362, 0.0002312313, 0.003767246, -0.0001232262, 0.0002593961
 229936322, -0.0001437446, 0.003543302, -0.0002681339, 0.0002593961
 230036282, -0.0001411006, 0.003661057, -0.0002477584, 0.0002593961
 230136242, -0.0001067432, 0.003474885, -0.0001295203, 0.0002593961
 230236202, 8.987617E-05, 0.003730307, -3.094985E-05, 0.0002593961
 230336162, 4.503632E-05, 0.003661511, -4.776593E-05, 0.0002593961
 230436122, -0.0001036035, 0.003484792, 3.998824E-05, 0.0002593961
 230536082, 3.035169E-05, 0.003631433, 3.769916E-05, 0.0002593961
 230636042, 6.99681E-05, 0.003539828, -8.549252E-05, 0.0002593961
 230736002, 2.291405E-05, 0.003773577, 6.439731E-05, 0.0002593961
 230835962, 6.739075E-05, 0.003766805, -0.0001056951, 0.0002593961
 230935922, -0.000125292, 0.003646116, -0.0001031248, 0.0002593961
 231035882, 9.028067E-05, 0.003488898, -0.0001279104, 0.0002593961
 231135842, -0.0001398629, 0.003787982, -0.0001504821, 0.0002593961
 231235802, -7.833669E-05, 0.003645622, -0.0001879822, 0.0002593961
 231335762, -0.0002833032, 0.003575222, -0.0001791356, 0.0002593961
 231435722, -1.108445E-05, 0.00359037, -5.189011E-05, 0.0002593961
 231535682, 0.0001894251, 0.003579499, -0.0003058985, 0.0002593961
 231636475, -0.0001857655, 0.003587978, -0.0001685636, 0.0002615578
 231736435, -0.0001774497, 0.003481433, -0.0001110848, 0.0002593961
 231836395, 3.216574E-05, 0.003707529, 9.417103E-05, 0.0002593961
 231936355, -9.483578E-05, 0.003531484, 1.06745E-05, 0.0002593961
 232036315, -6.039133E-05, 0.003454964, -0.0001250375, 0.0002593961
 232136275, -0.000190333, 0.003587729, -1.752629E-05, 0.0002593961
 232236235, -7.673475E-05, 0.003395849, -0.0001074456, 0.0002593961
 232336195, 0.0001894793, 0.003566246, -0.000135314, 0.0002593961
 232436155, -8.035296E-06, 0.003467579, -1.09152E-05, 0.0002593961
 232536115, -0.0002139237, 0.003397017, -0.0002793863, 0.0002593961
 232636075, 0.0001691535, 0.003590835, 0.0001390818, 0.0002593961
 232736035, 9.845995E-05, 0.003714414, 0.0001068379, 0.0002593961
 232835995, 3.136989E-05, 0.003528178, 1.425888E-05, 0.0002593961
 232935955, 7.619368E-06, 0.00370561, -0.0001589568, 0.0002593961
 233035915, 0.0001941207, 0.003847276, -3.179351E-05, 0.0002593961
 233135875, -0.0001386929, 0.003537312, -0.0002131169, 0.0002593961
 233235835, -0.0002315496, 0.003386337, -3.223202E-05, 0.0002593961
 233335795, -0.0001174677, 0.003489811, 1.228198E-05, 0.0002593961
 233435755, -0.0001679558, 0.00352375, -5.633485E-05, 0.0002593961
 233535715, -7.135716E-05, 0.003513262, -0.0001535588, 0.0002593961
 233635675, -0.0002418668, 0.003720484, 0.0001045083, 0.0002593961
 233736468, -0.000155069, 0.003603748, -8.303577E-05, 0.0002615578
 233836428, -1.56852E-06, 0.003464372, -0.0002293265, 0.0002593961
 233936388, 0.0001878676, 0.003714921, 6.778508E-05, 0.0002593961
 234036348, 1.570305E-05, 0.003603049, -0.0002234137, 0.0002593961
 234136308, 0.0001037581, 0.003557608, -9.957502E-05, 0.0002593961
 234236268, 0.000141008, 0.003671358, -0.0001501246, 0.0002593961
 234336228, 7.544472E-05, 0.003532407, 0.000166178, 0.0002593961
 234436188, 7.677927E-05, 0.003551352, -0.000103978, 0.0002593961
 234536148, -0.0001861409, 0.003762445, -5.933295E-05, 0.0002593961
 234636108, 5.535243E-05, 0.003800699, -0.0002146732, 0.0002593961
 234736068, -5.976793E-05, 0.003812651, -4.996208E-05, 0.0002593961
 234836028, 5.549399E-05, 0.003675963, -0.0001296419, 0.0002593961
 234935988, 0.0001040325, 0.003519036, -8.730614E-05, 0.0002593961
 235035948, -0.0001814016, 0.00359857, -0.0001183525, 0.0002593961
 235135908, -4.795405E-05, 0.003583005, -0.0003092184, 0.0002593961
 235235868, 0.0001475771, 0.003530173, -1.731776E-05, 0.0002593961
 235335828, 4.869941E-05, 0.003577214, -3.887647E-05, 0.0002593961
 235435788, -1.808962E-05, 0.003593283, -4.816155E-05, 0.0002593961
 235535748, 0.0001163042, 0.003563097, -0.0001175684, 0.0002593961
 235635708, -9.656003E-05, 0.003721809, -0.0001060848, 0.0002593961
 235735668, -5.604321E-05, 0.003525921, -0.0001029926, 0.0002593961
 235836461, -0.00016265, 0.003471675, 4.673121E-05, 0.0002615578
 235936421, -0.0001830394, 0.003497503, -0.0001941881, 0.0002593961
 236036381, -0.0003714629, 0.003604191, 1.139781E-05, 0.0002593961
 236136341, -9.392038E-05, 0.003467282, 0.0001976426, 0.0002593961
 236236301, 2.605753E-05, 0.003575443, -0.0001861602, 0.0002593961
 236336261, 8.102768E-05, 0.003461121, -3.31293E-05, 0.0002593961
 236436221, 0.0001298075, 0.00359936, -0.0001918132, 0.0002593961
 236536181, -3.545812E-05, 0.003371685, -0.0001145489, 0.0002593961
 236636141, 3.946969E-06, 0.003477056, -0.0002524153, 0.0002593961
 236736101, -2.226925E-05, 0.003454501, 2.157778E-05, 0.0002593961
 236836061, -9.557418E-05, 0.00357019, 3.809834E-05, 0.0002593961
 236936021, 6.852924E-05, 0.003607486, -5.393611E-05, 0.0002593961
 237035981, 0.0001546178, 0.003801561, 8.343458E-05, 0.0002593961
 237135941, -0.0002203389, 0.003697526, 9.710003E-05, 0.0002593961
 237235901, 5.765651E-05, 0.003710108, -0.0001772314, 0.0002593961
 237335861, -0.0001529896, 0.003569475, -0.0002260877, 0.0002593961
 237435821, -0.0003050258, 0.003664142, 1.532895E-05, 0.0002593961
 237535781, 3.063234E-05, 0.003667163, -1.78254E-05, 0.0002593961
 237635741, -0.0001024192, 0.003294664, 3.159571E-05, 0.0002593961
 237735701, -4.022862E-05, 0.003376173, 9.243128E-05, 0.0002593961
 237835661, 2.2866E-06, 0.003697766, 5.862394E-05, 0.0002593961
 237936454, 5.966007E-05, 0.003717347, -0.0002686757, 0.0002615578
 238036414, -6.948724E-06, 0.003764732, -1.556489E-05, 0.0002593961
 238136374, -0.0001590491, 0.00360384, 5.659223E-05, 0.0002593961
 238236334, 7.719517E-06, 0.003529406, -0.0001109609, 0.0002593961
 238336294, -8.571245E-07, 0.003426493, -1.720932E-05, 0.0002593961
 238436254, 5.417858E-05, 0.003706413, -0.0001148682, 0.0002593961
 238536214, 1.306715E-05, 0.003704372, -3.253946E-05, 0.0002593961
 238636174, -5.038921E-05, 0.003625937, 5.15195E-05, 0.0002593961
 238736134, -0.0002942791, 0.003442786, -9.160786E-05, 0.0002593961
 238836094, 1.220754E-05, 0.003650748, -8.503968E-05, 0.0002593961
 238936054, 0.0001779967, 0.003484208, -1.82639E-05, 0.0002593961
 239036014, -1.495783E-05, 0.00346026, -6.072476E-05, 0.0002593961
 239135974, -8.673046E-05, 0.003590351, -0.0001536327, 0.0002593961
 239235934, -7.384199E-05, 0.003559955, -0.0001262827, 0.0002593961
 239335894, 0.0001409754, 0.003531661, -0.0001961686, 0.0002593961
 239435854, 1.73479E-05, 0.00365199, 3.556616E-05, 0.0002593961
 239535814, -6.114622E-05, 0.003677567, 6.194852E-05, 0.0002593961
 239635774, -0.0001451359, 0.003622254, -0.000225766, 0.0002593961
 239735734, 2.764763E-05, 0.003865341, -6.508963E-05, 0.0002593961
 239835694, 0.0001888391, 0.003567829, 0.000100172, 0.0002593961
 239935654, 0.000116149, 0.003683234, 0.0001549637, 0.0002593961
 240036447, 5.306175E-05, 0.003620373, 9.190538E-05, 0.0002615578
 240136407, -0.000184133, 0.003689142, -1.241426E-05, 0.0002593961
 240236367, -0.0001707528, 0.003694242, -0.0001682776, 0.0002593961
 240336327, 5.678488E-05, 0.003676923, 1.694359E-05, 0.0002593961
 240436287, -4.831813E-05, 0.003487925, 0.0001538615, 0.0002593961
 240536247, -0.0003264121, 0.003614999, -0.0001517344, 0.0002593961
 240636207, -4.70217E-05, 0.003623661, -9.795201E-05, 0.0002593961
 240736167, 0.0001172654, 0.00365157, -0.0001331345, 0.0002593961
 240836127, -0.0001873451, 0.003516483, -0.0001683038, 0.0002593961
 240936087, 0.0001134081, 0.003325316, 4.112268E-05, 0.0002593961
 241036047, 4.041675E-05, 0.003356193, -0.0001296276, 0.0002593961
 241136007, -0.0002564428, 0.003671738, -4.193417E-05, 0.0002593961
 241235967, -0.0001812711, 0.003614641, 4.656597E-05, 0.0002593961
 241335927, -5.995644E-06, 0.003621823, 7.356322E-05, 0.0002593961
 241435887, -0.0001467942, 0.003500534, -0.0001116914, 0.0002593961
 241535847, 0.000103768, 0.003535251, -1.939117E-05, 0.0002593961
 241635807, -0.0001557901, 0.0035665, -0.0001073682, 0.0002593961
 241735767, 9.501272E-05, 0.003572502, -9.951663E-05, 0.0002593961
 241835727, 1.19569E-05, 0.003409574, -0.0002541574, 0.0002593961
 241935687, -8.888187E-06, 0.003695887, -8.531615E-05, 0.0002593961
 242036480, 1.993425E-05, 0.00370527, 0.0001144917, 0.0002615578
 242136440, 1.626203E-05, 0.003414562, -0.0001075326, 0.0002593961
 242236400, -1.584489E-05, 0.00361, 6.645998E-05, 0.0002593961
 242336360, -4.322139E-05, 0.003529616, -0.0003046259, 0.0002593961
 242436320, -0.0001076396, 0.00351812, -3.970465E-05, 0.0002593961
 242536280, -2.897809E-05, 0.003735851, -9.115147E-05, 0.0002593961
 242636240, 6.531369E-05, 0.003462457, -0.0002023936, 0.0002593961
 242736200, -0.0001667043, 0.003508835, -0.0003138931, 0.0002593961
 242836160, -0.0001006308, 0.003440928, -5.874907E-05, 0.0002593961
 242936120, -3.517779E-05, 0.003658162, -0.0001926974, 0.0002593961
 243036080, 5.396186E-05, 0.003711894, -1.675768E-05, 0.0002593961
 243136040, -0.0001477364, 0.003651633, 8.704874E-05, 0.0002593961
 243236000, -8.492751E-05, 0.003528524, -4.172324E-05, 0.0002593961
 243335960, -0.0001509006, 0.003593004, -0.0001405773, 0.0002593961
 243435920, 0.0002538412, 0.003493359, -8.195343E-05, 0.0002593961
 243535880, 0.0001953909, 0.003814008, -2.484997E-05, 0.0002593961
 243635840, -4.051159E-05, 0.003562577, 5.233697E-05, 0.0002593961
 243735800, -3.806104E-05, 0.003797971, -0.0001571348, 0.0002593961
 243835760, -8.103446E-05, 0.003655768, -4.81699E-05, 0.0002593961
 243935720, -0.0001043401, 0.003478524, 0.0001829774, 0.0002593961
 244035680, -3.715474E-05, 0.003603958, -0.0001808575, 0.0002593961
 244136473, -0.0003316218, 0.003721923, -9.891685E-05, 0.0002615578
 244236433, -0.0001339964, 0.003618082, -0.000192172, 0.0002593961
 244336393, -4.949476E-05, 0.003584384, -6.282081E-05, 0.0002593961
 244436353, 0.0001214331, 0.003679244, -8.77768E-05, 0.0002593961
 244536313, -0.0001837914, 0.003713135, -0.0001969372, 0.0002593961
 244636273, 9.155791E-05, 0.003618159, -0.0001110777, 0.0002593961
 244736233, -2.978877E-05, 0.003662948, -8.662572E-05, 0.0002593961
 244836193, -7.228087E-05, 0.003545429, -6.047451E-05, 0.0002593961
 244936153, 4.290663E-05, 0.003698351, -5.001093E-05, 0.0002593961
 245036113, 5.732356E-06, 0.003560452, -6.872289E-05, 0.0002593961
 245136073, 0.0001178945, 0.003731559, -0.0001592452, 0.0002593961
 245236033, 0.0001443951, 0.00372567, 9.17759E-05, 0.0002593961
 245335993, -6.071625E-05, 0.003568584, -8.346077E-06, 0.0002593961
 245435953, -5.365208E-05, 0.00363853, -0.0001439067, 0.0002593961
 245535913, -0.0002010915, 0.003677879, -0.0001251888, 0.0002593961
 245635873, -0.0001752105, 0.003490376, 8.829517E-05, 0.0002593961
 245735833, -0.0001277106, 0.003372252, -5.991803E-05, 0.0002593961
 245835793, 6.932273E-05, 0.00337919, -0.0001699685, 0.0002593961
 245935753, 0.0001713863, 0.003508784, -0.0001438662, 0.0002593961
 246035713, 0.0003227907, 0.00343418, 1.676483E-05, 0.0002593961
 246135673, 0.0001443403, 0.003443547, -0.0001554487, 0.0002593961
 246236466, -7.434012E-05, 0.003572831, -1.779123E-05, 0.0002615578
 246336426, -0.0001115823, 0.003748977, -0.0004169201, 0.0002593961
 246436386, -6.917868E-05, 0.003641203, -0.0002524665, 0.0002593961
 246536346, 9.987666E-05, 0.003638035, -4.954144E-05, 0.0002593961
 246636306, -2.402788E-05, 0.003704876, -0.0001284777, 0.0002593961
 246736266, 0.0001349293, 0.003343611, -4.150997E-05, 0.0002593961
 246836226, -7.35744E-05, 0.003392681, -4.416845E-05, 0.0002593961
 246936186, 7.212883E-06, 0.00369957, -1.213184E-05, 0.0002593961
 247036146, -4.746568E-05, 0.003722515, -8.164958E-06, 0.0002593961
 247136106, -9.872552E-05, 0.003644163, -4.782432E-05, 0.0002593961
 247236066, -3.109622E-05, 0.003625085, 8.095126E-05, 0.0002593961
 247336026, -9.360647E-05, 0.003602318, 0.0001182774, 0.0002593961
 247435986, 1.58097E-05, 0.003689477, 8.397795E-05, 0.0002593961
 247535946, -7.392726E-05, 0.003459994, 6.911968E-05, 0.0002593961
 247635906, -0.0001346447, 0.003757463, -6.365373E-05, 0.0002593961
 247735866, 3.603664E-05, 0.003580241, 1.190782E-05, 0.0002593961
 247835826, 0.0002373972, 0.003622218, -0.069148, 0.0002593961
 247935786, 0.0003389357, 0.003830772, -0.1900381, 0.0002593961
 248035746, 4.769568E-05, 0.003622267, -0.05576654, 0.0002593961
 248135706, -0.0001855755, 0.003464056, 0.0366757, 0.0002593961
 248235666, -0.0001536238, 0.003469097, 0.05697098, 0.0002593961
 248336459, -0.0001094162, 0.003495742, 0.03703539, 0.0002615578
 248436419, -0.0001754811, 0.003394825, -0.4314787, 0.0002593961
 248536379, -0.002344414, 0.0009327337, -0.7139516, 0.0002593961
 248636339, -0.005449322, -0.002170974, -0.4949135, 0.0002593961
 248736299, -0.007677518, -0.004191659, -0.2144069, 0.0002593961
 248836259, -0.008748701, -0.005064647, -0.06959653, 0.0002593961
 248936219, -0.008725312, -0.005136968, -0.05360775, 0.0002593961
 249036179, -0.008477863, -0.004785137, -0.08947201, 0.0002593961
 249136139, -0.007930173, -0.004017618, -0.1187301, 0.0002593961
 249236099, -0.007217566, -0.003550824, -0.124251, 0.0002593961
 249336059, -0.006597098, -0.002734517, -0.1138837, 0.0002593961
 249436019, -0.006151902, -0.002232578, -0.09987231, 0.0002593961
 249535979, -0.005481943, -0.001626661, -0.08926097, 0.0002593961
 249635939, -0.004926716, -0.001153581, -0.0825243, 0.0002593961
 249735899, -0.004470979, -0.0006573615, -0.07822593, 0.0002593961
 249835859, -0.003924728, -0.0001952297, -0.07436305, 0.0002593961
 249935819, -0.003518527, 0.0003795775, -0.07011712, 0.0002593961
 250035779, -0.003293866, 0.0008752203, -0.06559477, 0.0002593961
 250135739, -0.002773938, 0.001415227, -0.06098603, 0.0002593961
 250235699, -0.002547761, 0.001522333, -0.05696205, 0.0002593961
 250335659, -0.002228196, 0.001891623, -0.05370011, 0.0002593961
 250436452, -0.001905638, 0.002018126, -0.05082239, 0.0002615578
 250536412, -0.001452163, 0.002365998, -0.047275, 0.0002593961
 250636372, -0.001468483, 0.002630322, -0.04417432, 0.0002593961
 250736332, -0.001526483, 0.002683159, -0.04141173, 0.0002593961
 250836292, -0.001576055, 0.002970524, -0.03818616, 0.0002593961
 250936252, -0.00160361, 0.003035852, -0.03572373, 0.0002593961
 251036212, -0.001701867, 0.003244713, -0.03309484, 0.0002593961
 251136172, -0.001720382, 0.002933809, -0.03171276, 0.0002593961
 251236132, -0.001696866, 0.002861905, -0.03007586, 0.0002593961
 251336092, -0.001675379, 0.002751891, -0.02803337, 0.0002593961
 251436052, -0.001852018, 0.00249889, -0.02644448, 0.0002593961
 251536012, -0.001730629, 0.002256485, -0.02470032, 0.0002593961
 251635972, -0.001696295, 0.002148183, -0.02321168, 0.0002593961
 251735932, -0.001412489, 0.002229248, -0.02165582, 0.0002593961
 251835892, -0.001367695, 0.001889939, -0.02037918, 0.0002593961
 251935852, -0.001396999, 0.001841304, -0.01895202, 0.0002593961
 252035812, -0.001422653, 0.001608531, -0.01784983, 0.0002593961
 252135772, -0.001199342, 0.001653012, -0.0167757, 0.0002593961
 252235732, -0.001046884, 0.001484511, -0.01558198, 0.0002593961
 252335692, -0.00124035, 0.001600405, -0.01464158, 0.0002593961
 252436485, -0.0009634137, 0.001384312, -0.01379156, 0.0002615578
 252536445, -0.0008484427, 0.00150352, -0.01279248, 0.0002593961
 252636405, -0.0005711112, 0.001534344, -0.01221688, 0.0002593961
 252736365, -0.0004203584, 0.00167534, -0.01151281, 0.0002593961
 252836325, -0.0003547853, 0.001940299, -0.01077105, 0.0002593961
 252936285, -0.0002984697, 0.002306167, -0.00991827, 0.0002593961
 253036245, 2.757604E-05, 0.002501475, -0.009039242, 0.0002593961
 253136205, 0.0001241495, 0.002689821, -0.008817521, 0.0002593961
 253236165, 0.0002032151, 0.002972863, -0.008183897, 0.0002593961
 253336125, 0.0002126336, 0.003125619, -0.007856668, 0.0002593961
 253436085, 0.0005006807, 0.003410846, -0.007254638, 0.0002593961
 253536045, 0.0004668049, 0.003526027, -0.006700828, 0.0002593961
 253636005, 0.0005728536, 0.003727983, -0.006239816, 0.0002593961
 253735965, 0.0007370363, 0.003907071, -0.005431762, 0.0002593961
 253835925, 0.0007629023, 0.004091286, -0.005211202, 0.0002593961
 253935885, 0.0008395838, 0.004189288, -0.005035962, 0.0002593961
 254035845, 0.0007946634, 0.00420442, -0.005020875, 0.0002593961
 254135805, 0.0006339092, 0.004276891, -0.00455535, 0.0002593961
 254235765, 0.0009519022, 0.004406898, -0.0042967, 0.0002593961
 254335725, 0.0007156211, 0.004379569, -0.004100166, 0.0002593961
 254435685, 0.0007556693, 0.004394123, -0.003690981, 0.0002593961
 254536478, 0.0008080445, 0.004550018, -0.003586785, 0.0002615578
 254636438, 0.0008014227, 0.004689991, -0.003503656, 0.0002593961
 254736398, 0.0006861898, 0.004611825, -0.003187873, 0.0002593961
 254836358, 0.0006779366, 0.004872293, -0.002829153, 0.0002593961
 254936318, 0.000759299, 0.00474298, -0.003029777, 0.0002593961
 255036278, 0.0007469603, 0.004777294, -0.002754872, 0.0002593961
 255136238, 0.001677338, 0.005685499, 0.2157632, 0.0002593961
 255236198, 0.002098675, 0.006216636, 0.3121254, 0.0002593961
 255336158, 0.00200713, 0.006408167, 0.3023613, 0.0002593961
 255436118, 0.001972479, 0.006432518, 0.2826636, 0.0002593961
 255536078, 0.001739633, 0.006278566, 0.264732, 0.0002593961
 255636038, 0.001742076, 0.006124648, 0.2482316, 0.0002593961
 255735998, 0.001606405, 0.005969736, 0.2326795, 0.0002593961
 255835958, 0.001423893, 0.005872997, 0.2179416, 0.0002593961
 255935918, 0.001519694, 0.00565504, 0.2041241, 0.0002593961
 256035878, 0.001351483, 0.0054667, 0.1913339, 0.0002593961
 256135838, 0.001075115, 0.005262373, 0.1790288, 0.0002593961
 256235798, 0.001041834, 0.004703437, 0.1451254, 0.0002593961
 256335758, 0.004406304, 0.002245339, 0.1249855, 0.0002593961
 256435718, 0.01251987, -0.003390984, 0.114174, 0.0002593961
 256535678, 0.02227337, -0.008154869, 0.1062722, 0.0002593961
 256636471, 0.03044156, -0.007849956, 0.1019297, 0.0002615578
 256736431, 0.03268523, -0.0004053764, 0.09588166, 0.0002593961
 256836391, 0.0299521, 0.01243897, 0.08869241, 0.0002593961
 256936351, 0.02330749, 0.0252681, 0.08121554, 0.0002593961
 257036311, 0.0155534, 0.03372781, 0.07301996, 0.0002593961
 257136271, 0.01129771, 0.03704407, 0.06579555, 0.0002593961
 257236231, 0.01288113, 0.03636257, 0.05826607, 0.0002593961
 257336191, 0.02000352, 0.03216301, 0.05156869, 0.0002593961
 257436151, 0.03020831, 0.02599747, 0.04519917, 0.0002593961
 257536111, 0.0394926, 0.02359807, 0.03939707, 0.0002593961
 257636071, 0.04504414, 0.02699528, 0.03482734, 0.0002593961
 257736031, 0.04343314, 0.02743323, 0.03048597, 0.0002593961
 257835991, 0.03433472, 0.01974789, 0.02609561, 0.0002593961
 257935951, 0.01933682, 0.006922254, 0.02292475, 0.0002593961
 258035911, 0.001699699, -0.005395281, 0.01999603, 0.0002593961
 258135871, -0.01609888, -0.01446113, 0.01822662, 0.0002593961
 258235831, -0.03077701, -0.01892811, 0.0161593, 0.0002593961
 258335791, -0.04016818, -0.0183016, 0.01440493, 0.0002593961
 258435751, -0.04395743, -0.01356511, 0.01233956, 0.0002593961
 258535711, -0.04191877, -0.006901592, 0.01050116, 0.0002593961
 258635671, -0.03541448, -0.0004083901, 0.008815892, 0.0002593961
 258736464, -0.02588856, 0.003599965, 0.007946332, 0.0002615578
 258836424, -0.01458371, 0.00486827, 0.006540386, 0.0002593961
 258936384, -0.007532833, 0.003308999, 0.006184275, 0.0002593961
 259036344, -0.007298854, 0.0007168674, 0.004926442, 0.0002593961
 259136304, -0.01505039, -0.00126, 0.004518162, 0.0002593961
 259236264, -0.02856263, -0.001981938, 0.003881937, 0.0002593961
 259336224, -0.03681513, -0.002114722, 0.003557247, 0.0002593961
 259436184, -0.03453805, -0.002863787, 0.002764793, 0.0002593961
 259536144, -0.02425772, -0.006599042, 0.002211002, 0.0002593961
 259636104, -0.0125612, -0.01360578, 0.001961705, 0.0002593961
 259736064, -0.003921517, -0.02052907, 0.001795551, 0.0002593961
 259836024, -0.0008274104, -0.02360291, 0.001443786, 0.0002593961
 259935984, -0.001506079, -0.02078506, 0.0009458762, 0.0002593961
 260035944, -0.003322089, -0.01210785, 0.000426987, 0.0002593961
 260135904, -0.003977743, -0.001854527, 0.0004413913, 0.0002593961
 260235864, -0.002995264, 0.006851727, 0.0004481561, 0.0002593961
 260335824, -0.0004161771, 0.01123498, 0.0001738091, 0.0002593961
 260435784, 0.002482936, 0.01138272, -0.0001324207, 0.0002593961
 260535744, 0.00110491, 0.01143585, -6.226551E-05, 0.0002593961
 260635704, -0.005763941, 0.01513443, -8.806047E-06, 0.0002593961
 260735664, -0.013046, 0.02006179, -0.0001876974, 0.0002593961
 260836457, -0.01574886, 0.02335672, -0.0001892711, 0.0002615578
 260936417, -0.01214932, 0.02179568, -0.0003378422, 0.0002593961
 261036377, -0.003603445, 0.01563062, -0.0006551374, 0.0002593961
 261136337, 0.007288872, 0.005837502, -0.0003681498, 0.0002593961
 261236297, 0.01647633, -0.004328927, -0.0002891337, 0.0002593961
 261336257, 0.01969731, -0.01016096, -0.0003250299, 0.0002593961
 261436217, 0.01516278, -0.009812842, -0.0004528999, 0.0002593961
 261536177, 0.006462428, -0.009249851, -0.0004728237, 0.0002593961
 261636137, -0.001807654, -0.01190172, -0.0003596571, 0.0002593961
 261736097, -0.006897229, -0.01820912, -0.0001625317, 0.0002593961
 261836057, -0.009213576, -0.02508495, -4.84535E-05, 0.0002593961
 261936017, -0.01265975, -0.02707566, -0.000309782, 0.0002593961
 262035977, -0.01963926, -0.02157279, -0.0003597143, 0.0002593961
 262135937, -0.02908725, -0.01125819, -0.000325658, 0.0002593961
 262235897, -0.03805967, -0.0002807872, -9.637432E-05, 0.0002593961
 262335857, -0.03858672, 0.00879478, -0.0007326139, 0.0002593961
 262435817, -0.02687764, 0.01481521, -0.001027374, 0.0002593961
 262535777, -0.007092888, 0.01818767, -0.0009862588, 0.0002593961
 262635737, 0.01430614, 0.01931243, -0.0005351953, 0.0002593961
 262735697, 0.03093079, 0.01793258, -0.0008224628, 0.0002593961
 262835657, 0.03951625, 0.01429101, -0.001175295, 0.0002593961
 262936450, 0.04142126, 0.008549449, -0.0008323203, 0.0002615578
 263036410, 0.0390038, 0.002300001, -0.0007513985, 0.0002593961
 263136370, 0.03424264, 0.001776063, -0.000610304, 0.0002593961
 263236330, 0.02782038, 0.008370756, -0.0003683917, 0.0002593961
 263336290, 0.01805571, 0.01068399, -0.0006794249, 0.0002593961
 263436250, 0.006053799, 0.003056636, -0.0008460391, 0.0002593961
 263536210, -0.004123254, -0.01350164, -0.0006830022, 0.0002593961
 263636170, -0.01120378, -0.03432753, -1.197587E-06, 0.0002593961
 263736130, -0.01469009, -0.05360188, 0.0008370327, 0.0002593961
 263836090, -0.01551875, -0.06751042, 0.0008564156, 0.0002593961
 263936050, -0.01385115, -0.07473324, 0.0004093462, 0.0002593961
 264036010, -0.01128307, -0.07522577, -9.533167E-05, 0.0002593961
 264135970, -0.008731589, -0.07181682, 0.0001477485, 0.0002593961
 264235930, -0.007305058, -0.06684572, -0.0001314424, 0.0002593961
 264335890, -0.006567133, -0.0628612, 7.67651E-05, 0.0002593961
 264435850, -0.006904748, -0.0609637, -0.0002174854, 0.0002593961
 264535810, -0.00802229, -0.0621103, -0.0001571896, 0.0002593961
 264635770, -0.009202791, -0.06501683, -0.0001160968, 0.0002593961
 264735730, -0.01020471, -0.06902738, -0.001009725, 0.0002593961
 264835690, -0.01095006, -0.07291549, -0.0002345017, 0.0002593961
 264936483, -0.01151205, -0.07617471, 0.0003421114, 0.0002615578
 265036443, -0.01120248, -0.07674634, 5.059006E-05, 0.0002593961
 265136403, -0.01092264, -0.07655699, -0.000542513, 0.0002593961
 265236363, -0.01059116, -0.07569777, -0.001131371, 0.0002593961
 265336323, -0.01048531, -0.07490519, -0.0007621232, 0.0002593961
 265436283, -0.01037597, -0.07474859, -0.0006961885, 0.0002593961
 265536243, -0.01051735, -0.07512243, -0.0005867673, 0.0002593961
 265636203, -0.01102165, -0.0761538, -0.0003593437, 0.0002593961
 265736163, -0.01135306, -0.07778469, -0.0002839824, 0.0002593961
 265836123, -0.01151966, -0.07928963, -0.0005540442, 0.0002593961
 265936083, -0.0114406, -0.08103438, -0.0002859653, 0.0002593961
 266036043, -0.01160599, -0.08225022, -0.0003451814, 0.0002593961
 266136003, -0.01139801, -0.08334023, -0.0001645526, 0.0002593961
 266235963, -0.01139289, -0.08390095, -0.0004427032, 0.0002593961
 266335923, -0.01141639, -0.08440892, -0.0001423123, 0.0002593961
 266435883, -0.011211, -0.08535139, -0.0003573871, 0.0002593961
 266535843, -0.01144116, -0.08624517, -0.0001265055, 0.0002593961
 266635803, -0.01140567, -0.08701347, -0.0002947462, 0.0002593961
 266735763, -0.01155135, -0.08799691, -0.0001824185, 0.0002593961
 266835723, -0.01176901, -0.08883043, -0.000509634, 0.0002593961
 266935683, -0.01166968, -0.08953859, -0.0007352283, 0.0002593961
 267036476, -0.01183869, -0.09110528, -0.001072473, 0.0002615578
 267136436, -0.01159305, -0.09108465, -0.000912306, 0.0002593961
 267236396, -0.01155454, -0.09176902, -0.001140919, 0.0002593961
 267336356, -0.01155575, -0.09288168, -0.001405409, 0.0002593961
 267436316, -0.01156867, -0.09391306, -0.001623929, 0.0002593961
 267536276, -0.01136385, -0.09475508, -0.001806706, 0.0002593961
 267636236, -0.01146287, -0.09558146, -0.002278269, 0.0002593961
 267736196, -0.011285, -0.09580841, -0.002244624, 0.0002593961
 267836156, -0.01109376, -0.09680384, -0.002814612, 0.0002593961
 267936116, -0.01093418, -0.09767495, -0.002953722, 0.0002593961
 268036076, -0.01088973, -0.0987812, -0.003304632, 0.0002593961
 268136036, -0.01085458, -0.09972513, -0.003346964, 0.0002593961
 268235996, -0.01075483, -0.1007929, -0.004049481, 0.0002593961
 268335956, -0.01076002, -0.1020849, -0.004227967, 0.0002593961
 268435916, -0.01069213, -0.1030367, -0.004700312, 0.0002593961
 268535876, -0.01036199, -0.103747, -0.004780662, 0.0002593961
 268635836, -0.01041257, -0.1045972, -0.005661108, 0.0002593961
 268735796, -0.01046488, -0.1052627, -0.005711324, 0.0002593961
 268835756, -0.01038007, -0.1063038, -0.006266304, 0.0002593961
 268935716, -0.0102475, -0.1070255, -0.006612991, 0.0002593961
 269035676, -0.01035206, -0.107826, -0.007665639, 0.0002593961
 269136469, -0.01027602, -0.1093411, -0.00752459, 0.0002615578
 269236429, -0.01013265, -0.1098842, -0.008132135, 0.0002593961
 269336389, -0.009774406, -0.1103956, -0.00831272, 0.0002593961
 269436349, -0.009899685, -0.1119822, -0.009066647, 0.0002593961
 269536309, -0.009784869, -0.1125299, -0.009037359, 0.0002593961
 269636269, -0.009708717, -0.1139883, -0.01009905, 0.0002593961
 269736229, -0.009593507, -0.1146886, -0.0101264, 0.0002593961
 269836189, -0.009391055, -0.1159116, -0.01104115, 0.0002593961
 269936149, -0.009414122, -0.1166605, -0.01122337, 0.0002593961
 270036109, -0.009362585, -0.1179716, -0.01215716, 0.0002593961
 270136069, -0.009315744, -0.1187041, -0.01211732, 0.0002593961
 270236029, -0.009256329, -0.1201427, -0.01331615, 0.0002593961
 270335989, -0.009045288, -0.1206471, -0.01332135, 0.0002593961
 270435949, -0.008991442, -0.1223599, -0.01440874, 0.0002593961
 270535909, -0.008635501, -0.1231334, -0.01476682, 0.0002593961
 270635869, -0.008571752, -0.1247072, -0.01559416, 0.0002593961
 270735829, -0.008228334, -0.1255012, -0.01557893, 0.0002593961
 270835789, -0.008456014, -0.127235, -0.0171372, 0.0002593961
 270935749, -0.008098976, -0.1277279, -0.01718497, 0.0002593961
 271035709, -0.008341944, -0.1293613, -0.01855813, 0.0002593961
 271135669, -0.008108091, -0.1296038, -0.01865553, 0.0002593961
 271236462, -0.008337585, -0.1320724, -0.02012505, 0.0002615578
 271336422, -0.008156904, -0.1315288, -0.01998738, 0.0002593961
 271436382, -0.00819653, -0.1330028, -0.02145698, 0.0002593961
 271536342, -0.00783434, -0.1338395, -0.02131817, 0.0002593961
 271636302, -0.007608109, -0.1357245, -0.02289939, 0.0002593961
 271736262, -0.007395097, -0.1364523, -0.02295751, 0.0002593961
 271836222, -0.00740455, -0.1382732, -0.02446842, 0.0002593961
 271936182, -0.007143448, -0.138952, -0.02469099, 0.0002593961
 272036142, -0.007090485, -0.1409334, -0.02619487, 0.0002593961
 272136102, -0.006344534, -0.1387106, -0.02796061, 0.0002593961
 272236062, -0.003722429, -0.128868, -0.03347533, 0.0002593961
 272336022, 0.001634235, -0.1061153, -0.03723239, 0.0002593961
 272435982, 0.008797422, -0.07719902, -0.04199309, 0.0002593961
 272535942, 0.01729786, -0.04325024, -0.04403652, 0.0002593961
 272635902, 0.02539686, -0.01051368, -0.04594465, 0.0002593961
 272735862, 0.03307385, 0.02067111, -0.04454426, 0.0002593961
 272835822, 0.0387264, 0.04635714, -0.04432073, 0.0002593961
 272935782, 0.04349632, 0.06850826, -0.04214651, 0.0002593961
 273035742, 0.04668552, 0.08484346, -0.04202088, 0.0002593961
 273135702, 0.04897621, 0.09919944, -0.04107641, 0.0002593961
 273235662, 0.05086813, 0.1097245, -0.04209245, 0.0002593961
 273336455, 0.05326423, 0.1212442, -0.04248253, 0.0002615578
 273436415, 0.05461461, 0.128474, -0.0439526, 0.0002593961
 273536375, 0.05677105, 0.1376347, -0.04455292, 0.0002593961
 273636335, 0.0590922, 0.145667, -0.04607382, 0.0002593961
 273736295, 0.06136454, 0.1544099, -0.04625122, 0.0002593961
 273836255, 0.06378438, 0.1626895, -0.04683497, 0.0002593961
 273936215, 0.06616281, 0.171295, -0.04586983, 0.0002593961
 274036175, 0.06734839, 0.1789983, -0.04494746, 0.0002593961
 274136135, 0.06812745, 0.1865669, -0.04261555, 0.0002593961
 274236095, 0.06814809, 0.1925239, -0.04027758, 0.0002593961
 274336055, 0.06803557, 0.1981532, -0.03626601, 0.0002593961
 274436015, 0.06768273, 0.201711, -0.03223318, 0.0002593961
 274535975, 0.06775215, 0.2045025, -0.02699784, 0.0002593961
 274635935, 0.06737015, 0.2048648, -0.02191373, 0.0002593961
 274735895, 0.06719176, 0.2047331, -0.01584001, 0.0002593961
 274835855, 0.06641909, 0.202584, -0.009905848, 0.0002593961
 274935815, 0.06543748, 0.1997617, -0.00342274, 0.0002593961
 275035775, 0.06396334, 0.1954363, 0.003121112, 0.0002593961
 275135735, 0.06224667, 0.1906715, 0.009675631, 0.0002593961
 275235695, 0.06041646, 0.1847088, 0.015736, 0.0002593961
 275335655, 0.05827594, 0.1784019, 0.02193636, 0.0002593961
 275436448, 0.0563292, 0.1731289, 0.02806548, 0.0002615578
 275536408, 0.05328824, 0.1640162, 0.03285231, 0.0002593961
 275636368, 0.05069995, 0.156148, 0.03788664, 0.0002593961
 275736328, 0.0482235, 0.1479556, 0.04189203, 0.0002593961
 275836288, 0.04562926, 0.1391487, 0.04522377, 0.0002593961
 275936248, 0.04295525, 0.1308414, 0.04799538, 0.0002593961
 276036208, 0.04040297, 0.1218951, 0.0492338, 0.0002593961
 276136168, 0.03781309, 0.1140707, 0.05076361, 0.0002593961
 276236128, 0.03510686, 0.105763, 0.05110849, 0.0002593961
 276336088, 0.03287466, 0.09784874, 0.05081022, 0.0002593961
 276436048, 0.03043458, 0.0902939, 0.05017493, 0.0002593961
 276536008, 0.02787972, 0.08275563, 0.04814351, 0.0002593961
 276635968, 0.02506917, 0.07605226, 0.0461149, 0.0002593961
 276735928, 0.02260928, 0.069669, 0.04313388, 0.0002593961
 276835888, 0.020149, 0.06411879, 0.04001176, 0.0002593961
 276935848, 0.01801408, 0.05945999, 0.03645292, 0.0002593961
 277035808, 0.01593568, 0.05525476, 0.03270741, 0.0002593961
 277135768, 0.01401823, 0.05175916, 0.02911947, 0.0002593961
 277235728, 0.01247943, 0.04876869, 0.02496536, 0.0002593961
 277335688, 0.01105512, 0.04667522, 0.02062458, 0.0002593961
 277436481, 0.01003444, 0.045589, 0.01711918, 0.0002615578
 277536441, 0.008982717, 0.04397807, 0.01316866, 0.0002593961
 277636401, 0.008115315, 0.0436214, 0.009498277, 0.0002593961
 277736361, 0.007430471, 0.04388835, 0.006352478, 0.0002593961
 277836321, 0.006840625, 0.04454075, 0.003764831, 0.0002593961
 277936281, 0.006539753, 0.0456602, 0.001212851, 0.0002593961
 278036241, 0.006113625, 0.04680181, -0.001018765, 0.0002593961
 278136201, 0.006182571, 0.04819303, -0.002656222, 0.0002593961
 278236161, 0.005748261, 0.04936583, -0.004315324, 0.0002593961
 278336121, 0.00568997, 0.0508506, -0.005585351, 0.0002593961
 278436081, 0.00536443, 0.05232108, -0.006678531, 0.0002593961
 278536041, 0.005044442, 0.05340998, -0.007330392, 0.0002593961
 278636001, 0.004314801, 0.05520568, -0.008310207, 0.0002593961
 278735961, 0.004083693, 0.05729675, -0.008847713, 0.0002593961
 278835921, 0.004106835, 0.05972813, -0.009730423, 0.0002593961
 278935881, 0.004648241, 0.06326863, -0.0100116, 0.0002593961
 279035841, 0.005327837, 0.06661801, -0.009950673, 0.0002593961
 279135801, 0.006414647, 0.06930059, -0.009758315, 0.0002593961
 279235761, 0.007114539, 0.07218044, -0.008994396, 0.0002593961
 279335721, 0.007598577, 0.07445574, -0.00836012, 0.0002593961
 279435681, 0.007872477, 0.07623855, -0.00779538, 0.0002593961
 279536474, 0.007885691, 0.07847385, -0.006916612, 0.0002615578
 279636434, 0.00746625, 0.07929181, -0.006224851, 0.0002593961
 279736394, 0.007207531, 0.07986625, -0.005893799, 0.0002593961
 279836354, 0.00705343, 0.08059178, -0.005035697, 0.0002593961
 279936314, 0.006977753, 0.08153176, -0.004298994, 0.0002593961
 280036274, 0.006742149, 0.08211915, -0.003805791, 0.0002593961
 280136234, 0.006635084, 0.08255246, -0.003107242, 0.0002593961
 280236194, 0.006878158, 0.082894, -0.00246162, 0.0002593961
 280336154, 0.006913873, 0.08269747, -0.001910662, 0.0002593961
 280436114, 0.006662162, 0.08291885, -0.001504737, 0.0002593961
 280536074, 0.006802619, 0.08309693, -0.0006196104, 0.0002593961
 280636034, 0.00603066, 0.0829161, -0.0005544673, 0.0002593961
 280735994, 0.005651273, 0.08258487, -0.000179225, 0.0002593961
 280835954, 0.005573807, 0.0822506, 9.341196E-05, 0.0002593961
 280935914, 0.005186444, 0.08231477, 0.0008111153, 0.0002593961
 281035874, 0.004526177, 0.08155783, 0.0009066208, 0.0002593961
 281135834, 0.004017556, 0.08085191, 0.001056014, 0.0002593961
 281235794, 0.003698098, 0.08022485, 0.001133416, 0.0002593961
 281335754, 0.003506067, 0.07971145, 0.001458813, 0.0002593961
 281435714, 0.003110197, 0.07938758, 0.001448944, 0.0002593961
 281535674, 0.002428381, 0.07881023, 0.00180176, 0.0002593961
 281636467, 0.001778337, 0.07898713, 0.001709015, 0.0002615578
 281736427, 0.001321846, 0.07725493, 0.001762367, 0.0002593961
 281836387, 0.0009619163, 0.07629282, 0.001801691, 0.0002593961
 281936347, 0.0005363991, 0.07536756, 0.00160037, 0.0002593961
 282036307, 5.312801E-05, 0.0742983, 0.001707502, 0.0002593961
 282136267, -0.0003111502, 0.07327033, 0.001678659, 0.0002593961
 282236227, -0.0008651959, 0.07236053, 0.001553157, 0.0002593961
 282336187, -0.001497394, 0.07144731, 0.001336762, 0.0002593961
 282436147, -0.00225808, 0.07059688, 0.001245285, 0.0002593961
 282536107, -0.002916104, 0.06957379, 0.001117785, 0.0002593961
 282636067, -0.003471676, 0.06845266, 0.0008408245, 0.0002593961
 282736027, -0.003977017, 0.06797808, 0.0008539275, 0.0002593961
 282835987, -0.004450541, 0.06679297, 0.0009728367, 0.0002593961
 282935947, -0.0044062, 0.06560747, 0.001049133, 0.0002593961
 283035907, -0.005052682, 0.06413044, 0.0004315688, 0.0002593961
 283135867, -0.00575032, 0.06330552, 0.0004280476, 0.0002593961
 283235827, -0.006092741, 0.06249051, 0.0004195573, 0.0002593961
 283335787, -0.00656244, 0.06104776, 0.0001409884, 0.0002593961
 283435747, -0.00722029, 0.0597051, -0.0001130331, 0.0002593961
 283535707, -0.00761173, 0.05888049, -0.0001024254, 0.0002593961
 283635667, -0.008470139, 0.05761401, -0.0007045323, 0.0002593961
 283736460, -0.008710585, 0.05798693, -0.0002388753, 0.0002615578
 283836420, -0.00966413, 0.05571664, -0.0008429313, 0.0002593961
 283936380, -0.009676039, 0.05504616, -0.0007353403, 0.0002593961
 284036340, -0.01039142, 0.05360824, -0.001115726, 0.0002593961
 284136300, -0.0107278, 0.0527884, -0.0007771638, 0.0002593961
 284236260, -0.01122735, 0.05118956, -0.001508229, 0.0002593961
 284336220, -0.01147843, 0.05048778, -0.001048326, 0.0002593961
 284436180, -0.01251708, 0.04951821, -0.00124243, 0.0002593961
 284536140, -0.01327553, 0.04839543, -0.001890788, 0.0002593961
 284636100, -0.01325652, 0.04699612, -0.001965005, 0.0002593961
 284736060, -0.01231926, 0.04560969, -0.001605892, 0.0002593961
 284836020, -0.01140333, 0.04352674, -0.002196467, 0.0002593961
 284935980, -0.01085751, 0.04165826, -0.002482235, 0.0002593961
 285035940, -0.009972616, 0.0399386, -0.002572116, 0.0002593961
 285135900, -0.009404527, 0.03900133, -0.002197027, 0.0002593961
 285235860, -0.009707908, 0.03747113, -0.002910957, 0.0002593961
 285335820, -0.009771065, 0.03675713, -0.002673518, 0.0002593961
 285435780, -0.00978845, 0.03538148, -0.002736419, 0.0002593961
 285535740, -0.01011791, 0.03427512, -0.002872523, 0.0002593961
 285635700, -0.01044836, 0.03314372, -0.003152974, 0.0002593961
 285735660, -0.01057168, 0.03206991, -0.003389267, 0.0002593961
 285836453, -0.01083807, 0.03152027, -0.003349343, 0.0002615578
 285936413, -0.01126569, 0.03041702, -0.003007214, 0.0002593961
 286036373, -0.01191026, 0.02975649, -0.003191651, 0.0002593961
 286136333, -0.01225191, 0.02909696, -0.003176302, 0.0002593961
 286236293, -0.01239324, 0.02834813, -0.00306055, 0.0002593961
 286336253, -0.01264497, 0.02719286, -0.003297896, 0.0002593961
 286436213, -0.01281587, 0.02643922, -0.00298376, 0.0002593961
 286536173, -0.01255308, 0.0255041, -0.002531589, 0.0002593961
 286636133, -0.01276729, 0.02430178, -0.003074519, 0.0002593961
 286736093, -0.012248, 0.02354179, -0.002822464, 0.0002593961
 286836053, -0.01225601, 0.02193208, -0.003333502, 0.0002593961
 286936013, -0.01217963, 0.02135774, -0.00324388, 0.0002593961
 287035973, -0.01223535, 0.02054956, -0.003089123, 0.0002593961
 287135933, -0.01251891, 0.01966525, -0.002974614, 0.0002593961
 287235893, -0.01218793, 0.01895506, -0.002620418, 0.0002593961
 287335853, -0.01214609, 0.01830621, -0.002557605, 0.0002593961
 287435813, -0.01240551, 0.01705926, -0.002783826, 0.0002593961
 287535773, -0.01233683, 0.01626598, -0.002893089, 0.0002593961
 287635733, -0.01223259, 0.0156474, -0.002552345, 0.0002593961
 287735693, -0.01188582, 0.01516951, -0.002230706, 0.0002593961
 287836486, -0.01233155, 0.01419786, -0.002785703, 0.0002593961
 287936446, -0.01219641, 0.01366515, -0.002325234, 0.0002615578
 288036406, -0.01156979, 0.01306781, -0.002060978, 0.0002593961
 288136366, -0.01121376, 0.01208997, -0.002376691, 0.0002593961
 288236326, -0.01145059, 0.01143401, -0.00263635, 0.0002593961
 288336286, -0.01140544, 0.01098728, -0.002754865, 0.0002593961
 288436246, -0.01096339, 0.01070249, -0.002090551, 0.0002593961
 288536206, -0.01066482, 0.01058076, -0.001739315, 0.0002593961
 288636166, -0.01063655, 0.009845504, -0.001697244, 0.0002593961
 288736126, -0.01047109, 0.008988649, -0.001979361, 0.0002593961
 288836086, -0.009415334, 0.008436879, -0.001648675, 0.0002593961
 288936046, -0.0088101, 0.00775748, -0.001309118, 0.0002593961
 289036006, -0.00895034, 0.006684714, -0.001424345, 0.0002593961
 289135966, -0.00892788, 0.006631644, -0.001529142, 0.0002593961
 289235926, -0.009181025, 0.006305114, -0.001595282, 0.0002593961
 289335886, -0.0086642, 0.00532906, -0.001781349, 0.0002593961
 289435846, -0.007691037, 0.005108856, -0.001281682, 0.0002593961
 289535806, -0.007192531, 0.004480312, -0.001058402, 0.0002593961
 289635766, -0.007507472, 0.003782534, -0.001491621, 0.0002593961
 289735726, -0.007101387, 0.003735873, -0.001171039, 0.0002593961
 289835686, -0.006584091, 0.003801185, -0.00122627, 0.0002593961
 289936479, -0.005936945, 0.003965841, -0.0009483743, 0.0002615578
 290036439, -0.005748836, 0.003034891, -0.00103728, 0.0002593961
 290136399, -0.005163402, 0.002380224, -0.001001044, 0.0002593961
 290236359, -0.004450918, 0.002285261, -0.0005416861, 0.0002593961
 290336319, -0.004228053, 0.001340676, -0.0009670716, 0.0002593961
 290436279, -0.004031751, 0.0007731009, -0.0005017025, 0.0002593961
 290536239, -0.003851724, 0.0004201754, -0.0005981734, 0.0002593961
 290636199, -0.004111952, 0.0004814099, -0.000668144, 0.0002593961
 290736159, -0.003608997, 0.0005503622, -0.0008878244, 0.0002593961
 290836119, -0.002880419, 0.0005969621, -0.0004518429, 0.0002593961
 290936079, -0.002060709, 0.0005124224, -0.0003434702, 0.0002593961
 291036039, -0.001299675, 0.0001304429, -0.0005360592, 0.0002593961
 291135999, -0.0005220111, -0.0008385691, -0.0004097813, 0.0002593961
 291235959, 0.0003836418, -0.001426127, -0.0002152547, 0.0002593961
 291335919, 0.0006117019, -0.002089187, -3.788268E-05, 0.0002593961
 291435879, 0.0006751337, -0.002286759, -0.0005891206, 0.0002593961
 291535839, 0.0006935019, -0.002106095, -0.0003874146, 0.0002593961
 291635799, 0.001631384, -0.001987411, -0.0004257179, 0.0002593961
 291735759, 0.002165453, -0.00174963, -0.0002520876, 0.0002593961
 291835719, 0.002761531, -0.001582185, -6.115255E-05, 0.0002593961
 291935679, 0.003387496, -0.00138827, 5.215585E-05, 0.0002593961
 292036472, 0.004278271, -0.00166455, 0.0001803924, 0.0002615578
 292136432, 0.005167979, -0.001812397, 0.0003833512, 0.0002593961
 292236392, 0.005381156, -0.002714513, 0.0003645452, 0.0002593961
 292336352, 0.005490873, -0.003037446, 0.0001181404, 0.0002593961
 292436312, 0.006066392, -0.003480359, 0.0004413424, 0.0002593961
 292536272, 0.006475308, -0.004031885, 0.0002447592, 0.0002593961
 292636232, 0.006580777, -0.003683842, -0.0001455594, 0.0002593961
 292736192, 0.006828364, -0.003945428, 0.0002255479, 0.0002593961
 292836152, 0.007186932, -0.004291309, 0.0002646901, 0.0002593961
 292936112, 0.00761257, -0.004201544, 0.0004865428, 0.0002593961
 293036072, 0.007926436, -0.003940609, 0.001022717, 0.0002593961
 293136032, 0.008194232, -0.004391726, 0.0002798903, 0.0002593961
 293235992, 0.008899561, -0.002844998, 0.0003191088, 0.0002593961
 293335952, 0.009415784, -0.003982798, -7.688187E-05, 0.0002593961
 293435912, 0.01031212, -0.004551622, 0.0002073543, 0.0002593961
 293535872, 0.01121047, -0.004550184, -8.117645E-05, 0.0002593961
 293635832, 0.01177202, -0.004393351, 0.0007413962, 0.0002593961
 293735792, 0.01217018, -0.004840227, 0.0003357164, 0.0002593961
 293835752, 0.01258371, -0.004669389, 0.0005545745, 0.0002593961
 293935712, 0.0128549, -0.004818182, 0.0006198488, 0.0002593961
 294035672, 0.01298156, -0.004817665, 0.0007728787, 0.0002593961
 294136465, 0.01327649, -0.005041211, 0.000366561, 0.0002615578
 294236425, 0.01409657, -0.004647474, 0.0006566817, 0.0002593961
 294336385, 0.01440211, -0.005007476, 0.0005313381, 0.0002593961
 294436345, 0.01520175, -0.004764104, 0.0001256273, 0.0002593961
 294536305, 0.01574445, -0.004346912, 0.0003689124, 0.0002593961
 294636265, 0.01614564, -0.004110946, 0.0005257266, 0.0002593961
 294736225, 0.01687021, -0.004136165, 0.0006537433, 0.0002593961
 294836185, 0.01725086, -0.004335536, 0.001079341, 0.0002593961
 294936145, 0.01750509, -0.005101564, 0.001210315, 0.0002593961
 295036105, 0.01806663, -0.005823051, 0.0008669186, 0.0002593961
 295136065, 0.01941035, -0.006924201, 0.0006717343, 0.0002593961
 295236025, 0.02117312, -0.01320527, 0.0004348791, 0.0002593961
 295335985, 0.0234758, -0.0123716, 0.0007473495, 0.0002593961
 295435945, 0.02609138, -0.01303099, 0.000646572, 0.0002593961
 295535905, 0.0279314, -0.0101509, 0.0007283431, 0.0002593961
 295635865, 0.02990498, -0.006545346, 0.0008346973, 0.0002593961
 295735825, 0.03121382, -0.01352192, 0.001099345, 0.0002593961
 295835785, 0.03251466, -0.02162792, 0.000734082, 0.0002593961
 295935745, 0.03359985, -0.02436297, 0.0004540987, 0.0002593961
 296035705, 0.03422705, -0.01822789, -0.0005926228, 0.0002593961
 296135665, 0.03472438, -0.01633879, 0.0005715694, 0.0002593961
 296236458, 0.03483719, -0.01592918, 0.0008965457, 0.0002615578
 296336418, 0.03448555, -0.01557135, 0.0004223718, 0.0002593961
 296436378, 0.03507574, -0.01588857, 0.0005576858, 0.0002593961
 296536338, 0.03553798, -0.01616518, 0.001117453, 0.0002593961
 296636298, 0.03617905, -0.01574009, 0.000693231, 0.0002593961
 296736258, 0.03705296, -0.01604154, 0.001037463, 0.0002593961
 296836218, 0.03764415, -0.01667201, 0.001602024, 0.0002593961
 296936178, 0.03800164, -0.01684985, 0.001703028, 0.0002593961
 297036138, 0.03809877, -0.01711679, 0.001584687, 0.0002593961
 297136098, 0.03838076, -0.01724955, 0.001215865, 0.0002593961
 297236058, 0.03895333, -0.01716912, 0.001171581, 0.0002593961
 297336018, 0.03917745, -0.01688855, 0.001601782, 0.0002593961
 297435978, 0.03970282, -0.01698965, 0.00126365, 0.0002593961
 297535938, 0.04002672, -0.01725114, 0.001656662, 0.0002593961
 297635898, 0.04038901, -0.01803861, 0.001695697, 0.0002593961
 297735858, 0.04065694, -0.01825721, 0.00144081, 0.0002593961
 297835818, 0.04081153, -0.01870987, 0.001211312, 0.0002593961
 297935778, 0.04126372, -0.01933684, 0.001318186, 0.0002593961
 298035738, 0.04156522, -0.0191719, 0.001402195, 0.0002593961
 298135698, 0.0416141, -0.01906352, 0.001069645, 0.0002593961
 298235658, 0.04198474, -0.01887716, 0.0009519808, 0.0002593961
 298336451, 0.04220216, -0.01940933, 0.001237512, 0.0002615578
 298436411, 0.04199669, -0.01916815, 0.001304558, 0.0002593961
 298536371, 0.04225519, -0.01925557, 0.001124659, 0.0002593961
 298636331, 0.04227053, -0.01913367, 0.0008787632, 0.0002593961
 298736291, 0.04252617, -0.01909677, 0.0008201858, 0.0002593961
 298836251, 0.04289138, -0.0190067, 0.0009060418, 0.0002593961
 298936211, 0.04311634, -0.0186577, 0.0009628187, 0.0002593961
 299036171, 0.04312799, -0.01868895, 0.0008860631, 0.0002593961
 299136131, 0.04346173, -0.01914518, 0.0008484318, 0.0002593961
 299236091, 0.04363777, -0.01904302, 0.0009147178, 0.0002593961
 299336051, 0.0436242, -0.0193582, 0.0007474161, 0.0002593961
 299436011, 0.04351761, -0.01976357, 0.0006508857, 0.0002593961
 299535971, 0.04355848, -0.01965444, 0.0005740169, 0.0002593961
 299635931, 0.04359568, -0.01977723, 0.0004092403, 0.0002593961
 299735891, 0.04357928, -0.01967624, 0.000290373, 0.0002593961
 299835851, 0.04371215, -0.01950006, 6.363348E-05, 0.0002593961
 299935811, 0.04386696, -0.01980859, -0.0001594418, 0.0002593961
 300035771, 0.04407228, -0.01969527, -0.0001860553, 0.0002593961
 300135731, 0.0440613, -0.01981749, 1.18387E-05, 0.0002593961
 300235691, 0.04410535, -0.02044106, -0.0001008739, 0.0002593961
 300336484, 0.04427041, -0.02071562, -0.0002821676, 0.0002615578
 300436444, 0.04369559, -0.02030587, -0.00032508, 0.0002593961
 300536404, 0.04357157, -0.0203503, -0.0006555116, 0.0002593961
 300636364, 0.04354591, -0.02002133, -0.0004191045, 0.0002593961
 300736324, 0.04360745, -0.02066647, -0.0008490585, 0.0002593961
 300836284, 0.04357305, -0.02022945, -0.0007095227, 0.0002593961
 300936244, 0.04366011, -0.02027625, -0.001084403, 0.0002593961
 301036204, 0.04395114, -0.01986199, -0.001063926, 0.0002593961
 301136164, 0.04376486, -0.01992024, -0.001178095, 0.0002593961
 301236124, 0.04382377, -0.01992613, -0.001320161, 0.0002593961
 301336084, 0.04373596, -0.01981024, -0.001322589, 0.0002593961
 301436044, 0.04385663, -0.0196824, -0.001484046, 0.0002593961
 301536004, 0.0437761, -0.0196581, -0.001533809, 0.0002593961
 301635964, 0.04320129, -0.01930134, -0.001975335, 0.0002593961
 301735924, 0.04342419, -0.01894365, -0.001822457, 0.0002593961
 301835884, 0.04341026, -0.01886271, -0.002091221, 0.0002593961
 301935844, 0.0434753, -0.0187109, -0.001942514, 0.0002593961
 302035804, 0.04365116, -0.01844707, -0.002269366, 0.0002593961
 302135764, 0.04362637, -0.01819713, -0.002223226, 0.0002593961
 302235724, 0.04353429, -0.01828868, -0.002633503, 0.0002593961
 302335684, 0.04308955, -0.01788551, -0.002843107, 0.0002593961
 302436477, 0.04302461, -0.01773401, -0.002522718, 0.0002615578
 302536437, 0.04223943, -0.01709145, -0.002621857, 0.0002593961
 302636397, 0.04172924, -0.01723379, -0.002842154, 0.0002593961
 302736357, 0.04114247, -0.01698264, -0.003099595, 0.0002593961
 302836317, 0.04130913, -0.01668387, -0.003149149, 0.0002593961
 302936277, 0.0410049, -0.01628127, -0.003075524, 0.0002593961
 303036237, 0.04080212, -0.01625957, -0.003407485, 0.0002593961
 303136197, 0.04069509, -0.01605668, -0.003463625, 0.0002593961
 303236157, 0.04077754, -0.01584188, -0.003362234, 0.0002593961
 303336117, 0.04066198, -0.01599874, -0.003571265, 0.0002593961
 303436077, 0.04044075, -0.01609872, -0.003547333, 0.0002593961
 303536037, 0.04017149, -0.01597393, -0.00347288, 0.0002593961
 303635997, 0.03946433, -0.01566443, -0.003754875, 0.0002593961
 303735957, 0.0391383, -0.01537532, -0.0039858, 0.0002593961
 303835917, 0.03847047, -0.01511144, -0.005074842, 0.0002593961
 303935877, 0.03792403, -0.01386843, -0.004655793, 0.0002593961
 304035837, 0.0378458, -0.01316262, -0.004302826, 0.0002593961
 304135797, 0.03798077, -0.01261279, -0.004302314, 0.0002593961
 304235757, 0.03783207, -0.01243937, -0.004555874, 0.0002593961
 304335717, 0.03759707, -0.01164507, -0.004225385, 0.0002593961
 304435677, 0.03711994, -0.01163863, -0.00480898, 0.0002593961
 304536470, 0.03674945, -0.01091605, -0.004627468, 0.0002615578
 304636430, 0.03584314, -0.01041159, -0.00445205, 0.0002593961
 304736390, 0.03559009, -0.00995289, -0.004584801, 0.0002593961
 304836350, 0.0354022, -0.009543321, -0.005280102, 0.0002593961
 304936310, 0.03517303, -0.00922128, -0.005321372, 0.0002593961
 305036270, 0.03535587, -0.008342627, -0.005321135, 0.0002593961
 305136230, 0.03546464, -0.008005085, -0.005195168, 0.0002593961
 305236190, 0.0350751, -0.00784448, -0.005158063, 0.0002593961
 305336150, 0.03186673, -0.01738413, -0.004843276, 0.0002593961
 305436110, 0.02627453, -0.03477964, -0.003848358, 0.0002593961
 305536070, 0.02147275, -0.04145449, -0.003492816, 0.0002593961
 305636030, 0.0165089, -0.03842198, -0.00211243, 0.0002593961
 305735990, 0.008097286, -0.03547671, -0.001334058, 0.0002593961
 305835950, -0.001856552, -0.03185856, -0.0007030211, 0.0002593961
 305935910, -0.01200737, -0.02799987, -0.0005404218, 0.0002593961
 306035870, -0.02119034, -0.02421874, -0.000223179, 0.0002593961
 306135830, -0.02898049, -0.02158985, -0.0002757626, 0.0002593961
 306235790, -0.0359084, -0.01825362, -6.564375E-05, 0.0002593961
 306335750, -0.05580132, -0.004862739, 0.001992805, 0.0002593961
 306435710, -0.0339543, 0.0649203, -0.02217848, 0.0002593961
 306535670, 0.07735683, 0.3016593, -0.07745934, 0.0002593961
 306636463, 0.1889863, 0.5968618, -0.0582577, 0.0002615578
 306736423, 0.2399078, 0.7602737, -0.000503116, 0.0002593961
 306836383, 0.2476958, 0.8138263, 0.03712887, 0.0002593961
 306936343, 0.2320298, 0.7985026, 0.05823616, 0.0002593961
 307036303, 0.2080936, 0.7500386, 0.07237099, 0.0002593961
 307136263, 0.1837542, 0.6906145, 0.08468094, 0.0002593961
 307236223, 0.1620987, 0.6317121, 0.0952263, 0.0002593961
 307336183, 0.1440179, 0.5803364, 0.1005698, 0.0002593961
 307436143, 0.1268268, 0.5306342, 0.08819755, 0.0002593961
 307536103, 0.1056698, 0.4714213, 0.07073958, 0.0002593961
 307636063, 0.08823898, 0.4224407, 0.07174665, 0.0002593961
 307736023, 0.07668801, 0.3887688, 0.07491513, 0.0002593961
 307835983, 0.06944159, 0.3681532, 0.07633728, 0.0002593961
 307935943, 0.06566665, 0.3550057, 0.07846661, 0.0002593961
 308035903, 0.06288276, 0.3453865, 0.07997861, 0.0002593961
 308135863, 0.06036627, 0.3348977, 0.07870255, 0.0002593961
 308235823, 0.05728094, 0.3229805, 0.0737391, 0.0002593961
 308335783, 0.05288931, 0.3091171, 0.06447649, 0.0002593961
 308435743, 0.04812277, 0.2935978, 0.05183046, 0.0002593961
 308535703, 0.04308266, 0.277048, 0.03742919, 0.0002593961
 308635663, 0.03785598, 0.2599654, 0.02139855, 0.0002593961
 308736456, 0.03316676, 0.2447312, 0.005115063, 0.0002615578
 308836416, 0.02820929, 0.226652, -0.006243604, 0.0002593961
 308936376, 0.02386196, 0.2116527, -0.01424334, 0.0002593961
 309036336, 0.01985973, 0.1976102, -0.01933476, 0.0002593961
 309136296, 0.01605753, 0.1845842, -0.02199344, 0.0002593961
 309236256, 0.0128797, 0.1728405, -0.02250022, 0.0002593961
 309336216, 0.009882513, 0.162103, -0.02095868, 0.0002593961
 309436176, 0.007245247, 0.152178, -0.01799895, 0.0002593961
 309536136, 0.004826314, 0.1434286, -0.01409602, 0.0002593961
 309636096, 0.002659999, 0.1349611, -0.007629714, 0.0002593961
 309736056, 0.0005708202, 0.1274197, -0.001188865, 0.0002593961
 309836016, -0.001190757, 0.1205159, 0.007107127, 0.0002593961
 309935976, -0.003015792, 0.1142582, 0.01383179, 0.0002593961
 310035936, -0.004480456, 0.1086892, 0.0211354, 0.0002593961
 310135896, -0.005945483, 0.1035777, 0.02550445, 0.0002593961
 310235856, -0.007103126, 0.09882253, 0.03389228, 0.0002593961
 310335816, -0.008095977, 0.09467292, 0.04009628, 0.0002593961
 310435776, -0.009152819, 0.09050081, 0.03800815, 0.0002593961
 310535736, -0.01016902, 0.08659918, 0.02944629, 0.0002593961
 310635696, -0.01109599, 0.08235474, 0.01557513, 0.0002593961
 310735656, -0.01183097, 0.07810847, -0.001226681, 0.0002593961
 310836449, -0.01258307, 0.07460517, -0.01945971, 0.0002615578
 310936409, -0.01315939, 0.06965603, -0.03673225, 0.0002593961
 311036369, -0.01370661, 0.06538098, -0.04807838, 0.0002593961
 311136329, -0.0142906, 0.06083648, -0.05902842, 0.0002593961
 311236289, -0.01501908, 0.05704618, -0.06920494, 0.0002593961
 311336249, -0.0153794, 0.05314828, -0.08023224, 0.0002593961
 311436209, -0.01602659, 0.04947349, -0.09037128, 0.0002593961
 311536169, -0.01626265, 0.04597129, -0.0960836, 0.0002593961
 311636129, -0.01668498, 0.04320403, -0.09487079, 0.0002593961
 311736089, -0.01692116, 0.04109499, -0.09077737, 0.0002593961
 311836049, -0.01718894, 0.03925885, -0.0836926, 0.0002593961
 311936009, -0.01738727, 0.0379444, -0.07491218, 0.0002593961
 312035969, -0.01765445, 0.03694198, -0.06397288, 0.0002593961
 312135929, -0.01764504, 0.03646026, -0.0523255, 0.0002593961
 312235889, -0.01790476, 0.03642223, -0.03939796, 0.0002593961
 312335849, -0.01794649, 0.03683602, -0.02644807, 0.0002593961
 312435809, -0.017959, 0.03718296, -0.01309849, 0.0002593961
 312535769, -0.01781911, 0.03754658, -0.002701352, 0.0002593961
 312635729, -0.01763489, 0.03827899, 0.004540194, 0.0002593961
 312735689, -0.01769117, 0.03863233, 0.00929197, 0.0002593961
 312836482, -0.01785738, 0.03947628, 0.01254881, 0.0002615578
 312936442, -0.01782637, 0.03976945, 0.01378486, 0.0002593961
 313036402, -0.0179346, 0.04027468, 0.01483694, 0.0002593961
 313136362, -0.0178232, 0.04044067, 0.01415116, 0.0002593961
 313236322, -0.01783041, 0.04054179, 0.01331666, 0.0002593961
 313336282, -0.01914208, 0.04059126, 0.01190006, 0.0002593961
 313436242, -0.01683861, 0.04059404, 0.01013556, 0.0002593961
 313536202, -0.01792711, 0.04056317, 0.00828558, 0.0002593961
 313636162, -0.01844826, 0.04056611, 0.006830198, 0.0002593961
 313736122, -0.01885094, 0.0403486, 0.00462727, 0.0002593961
 313836082, -0.0233748, 0.04011846, 0.002957397, 0.0002593961
 313936042, -0.02194151, 0.03966171, 0.001667655, 0.0002593961
 314036002, -0.02067257, 0.03919983, 0.000669457, 0.0002593961
 314135962, -0.02024877, 0.03864673, -0.0008949119, 0.0002593961
 314235922, -0.02010942, 0.03782343, -0.001000004, 0.0002593961
 314335882, -0.01692048, 0.03702716, -0.002492278, 0.0002593961
 314435842, -0.01762795, 0.03613653, -0.002230729, 0.0002593961
 314535802, -0.02076566, 0.03555107, -0.00370381, 0.0002593961
 314635762, -0.02103764, 0.03456356, -0.003552873, 0.0002593961
 314735722, -0.02134917, 0.03376082, -0.003474494, 0.0002593961
 314835682, -0.02306655, 0.03269337, -0.003211031, 0.0002593961
 314936475, -0.02274311, 0.03212637, -0.003952449, 0.0002615578
 315036435, -0.02126135, 0.03100818, -0.00345722, 0.0002593961
 315136395, -0.02108013, 0.02990991, -0.003694202, 0.0002593961
 315236355, -0.02199189, 0.02885323, -0.003172947, 0.0002593961
 315336315, -0.02405049, 0.02809438, -0.003378947, 0.0002593961
 315436275, -0.02352196, 0.02707937, -0.002680255, 0.0002593961
 315536235, -0.02224588, 0.02592333, -0.003195935, 0.0002593961
 315636195, -0.02270694, 0.02484516, -0.002126157, 0.0002593961
 315736155, -0.02339396, 0.02400355, -0.002794061, 0.0002593961
 315836115, -0.02304728, 0.02277846, -0.001789278, 0.0002593961
 315936075, -0.02302781, 0.02173748, -0.00240159, 0.0002593961
 316036035, -0.02304092, 0.02076166, -0.001369799, 0.0002593961
 316135995, -0.02316391, 0.01979847, -0.001981427, 0.0002593961
 316235955, -0.02309386, 0.01867428, -0.001005639, 0.0002593961
 316335915, -0.0233192, 0.01780121, -0.001625823, 0.0002593961
 316435875, -0.02331721, 0.01667521, -0.0006784514, 0.0002593961
 316535835, -0.02315709, 0.01557819, -0.001775029, 0.0002593961
 316635795, -0.02299641, 0.01454571, -0.0001729714, 0.0002593961
 316735755, -0.02314464, 0.01365943, -0.001486049, 0.0002593961
 316835715, -0.02303467, 0.01256916, -0.0002885296, 0.0002593961
 316935675, -0.0228228, 0.01165162, -0.00110497, 0.0002593961
 317036468, -0.02294282, 0.01075021, -8.668607E-06, 0.0002615578
 317136428, -0.02256866, 0.009881196, -0.0003500801, 0.0002593961
 317236388, -0.02250802, 0.008945165, 0.0002237879, 0.0002593961
 317336348, -0.02219254, 0.008050816, 1.712114E-05, 0.0002593961
 317436308, -0.02224764, 0.007195354, 4.397065E-06, 0.0002593961
 317536268, -0.02209348, 0.006004777, -0.0006381831, 0.0002593961
 317636228, -0.02192425, 0.005142876, -0.0004095549, 0.0002593961
 317736188, -0.02182382, 0.004505068, -0.001190197, 0.0002593961
 317836148, -0.02172117, 0.00355009, -0.0004688259, 0.0002593961
 317936108, -0.02139764, 0.002914262, -0.001464104, 0.0002593961
 318036068, -0.02130978, 0.001938535, -0.0001455369, 0.0002593961
 318136028, -0.02114782, 0.001228657, -0.001179461, 0.0002593961
 318235988, -0.02112127, 0.0002657912, -1.584851E-05, 0.0002593961
 318335948, -0.02080863, -0.0004257126, -0.0009774778, 0.0002593961
 318435908, -0.02055718, -0.001293521, 0.0002096839, 0.0002593961
 318535868, -0.02064906, -0.001883436, -0.0007152854, 0.0002593961
 318635828, -0.02023404, -0.002679482, 2.390858E-05, 0.0002593961
 318735788, -0.02023529, -0.003519859, -0.0004067093, 0.0002593961
 318835748, -0.01985233, -0.004149242, -0.0001426281, 0.0002593961
 318935708, -0.01985573, -0.004863821, -1.082821E-05, 0.0002593961
 319035668, -0.01935855, -0.002433141, -4.021465E-05, 0.0002593961
 319136461, -0.01922635, -0.003638985, 0.0002244762, 0.0002615578
 319236421, -0.01899625, -0.005937362, 0.0002025855, 0.0002593961
 319336381, -0.01861121, -0.006990033, 0.0001924519, 0.0002593961
 319436341, -0.01819993, -0.007741765, 0.0007006893, 0.0002593961
 319536301, -0.01781047, -0.00840361, 0.0003611181, 0.0002593961
 319636261, -0.0175291, -0.008878335, 0.0006916152, 0.0002593961
 319736221, -0.01708063, -0.009697646, 0.0005031182, 0.0002593961
 319836181, -0.01662251, -0.01049043, 0.001193415, 0.0002593961
 319936141, -0.01639826, -0.02331299, 0.0002102607, 0.0002593961
 320036101, -0.01613562, -0.01813349, 0.001080495, 0.0002593961
 320136061, -0.01578879, -0.01443802, 0.0001575471, 0.0002593961
 320236021, -0.01531203, -0.01328022, 0.0009310489, 0.0002593961
 320335981, -0.01502138, -0.009964149, 0.0006847645, 0.0002593961
 320435941, -0.01466807, 0.003311535, 0.0009160906, 0.0002593961
 320535901, -0.01450526, -0.01801872, 0.00101445, 0.0002593961
 320635861, -0.01420007, -0.0157511, 0.001002496, 0.0002593961
 320735821, -0.01386393, -0.014893, 0.0007208133, 0.0002593961
 320835781, -0.01376962, -0.01488048, 0.0007961508, 0.0002593961
 320935741, -0.01354467, -0.01131539, 0.0002214595, 0.0002593961
 321035701, -0.01298549, -0.007682317, 0.0005634676, 0.0002593961
 321135661, -0.012697, -0.01292026, 0.0004148874, 0.0002593961
 321236454, -0.01252995, -0.01537545, 0.0004608544, 0.0002615578
 321336414, -0.01209232, -0.01626094, 5.152547E-05, 0.0002593961
 321436374, -0.01173741, -0.02917178, 0.0004964356, 0.0002593961
 321536334, -0.01134283, -0.02830796, 0.0005546985, 0.0002593961
 321636294, -0.01065811, -0.02121397, 0.0006471334, 0.0002593961
 321736254, -0.01023539, -0.01110347, 0.0003719403, 0.0002593961
 321836214, -0.009641456, -0.002956882, 0.001025166, 0.0002593961
 321936174, -0.00937935, -0.02011803, 0.0009104326, 0.0002593961
 322036134, -0.008917104, -0.01864435, 0.001573189, 0.0002593961
 322136094, -0.008875119, -0.01826628, 0.0004889963, 0.0002593961
 322236054, -0.008555843, -0.02088348, 0.00159881, 0.0002593961
 322336014, -0.008447674, -0.02059296, 0.0004918133, 0.0002593961
 322435974, -0.008154293, -0.01930703, 0.0009891248, 0.0002593961
 322535934, -0.007961604, -0.01874506, 7.934495E-05, 0.0002593961
 322635894, -0.00784272, -0.009619142, 0.0006446678, 0.0002593961
 322735854, -0.007611976, -0.01419201, -0.0003784966, 0.0002593961
 322835814, -0.007332789, -0.01689238, 0.0007386935, 0.0002593961
 322935774, -0.006993481, -0.017741, -0.0002036782, 0.0002593961
 323035734, -0.006918066, -0.03144224, 0.0001325089, 0.0002593961
 323135694, -0.006578675, -0.02687414, -0.000188528, 0.0002593961
 323235654, -0.006509134, -0.02103814, -9.665554E-05, 0.0002593961
 323336447, -0.00633698, -0.004662529, -8.955193E-05, 0.0002615578
 323436407, -0.005879672, -0.0110521, -0.000205723, 0.0002593961
 323536367, -0.00551371, -0.01798397, -0.0001158382, 0.0002593961
 323636327, -0.00555422, -0.01744178, -9.06796E-05, 0.0002593961
 323736287, -0.005302525, -0.01702858, -0.0003446738, 0.0002593961
 323836247, -0.00491177, -0.02433215, -0.0003941461, 0.0002593961
 323936207, -0.004600244, -0.02128359, -0.0004142653, 0.0002593961
 324036167, -0.00424827, -0.01833534, -0.0001940547, 0.0002593961
 324136127, -0.004011217, -0.01653329, -0.0006761289, 0.0002593961
 324236087, -0.003598066, -0.001497849, -0.0002420661, 0.0002593961
 324336047, -0.00316454, -0.01387446, -0.001046561, 0.0002593961
 324436007, -0.002488188, -0.01514571, -0.0007169572, 0.0002593961
 324535967, -0.002225411, -0.01543473, -0.001404105, 0.0002593961
 324635927, -0.00181234, -0.01598567, -0.000195605, 0.0002593961
 324735887, -0.001561632, -0.03023632, -0.001024606, 0.0002593961
 324835847, -0.001343781, -0.02103059, 0.0001773911, 0.0002593961
 324935807, -0.001140413, -0.01671392, -0.001001263, 0.0002593961
 325035767, -0.001095161, -0.01059743, 3.085112E-06, 0.0002593961
 325135727, -0.001023004, 0.001780469, -0.001413605, 0.0002593961
 325235687, -0.0007796098, -0.01908759, 5.608344E-05, 0.0002593961
 325336480, -0.0006408415, -0.01528389, -0.0009950331, 0.0002615578
 325436440, -0.0004532795, -0.01356948, 1.816984E-05, 0.0002593961
 325536400, -0.0003398592, -0.01264069, -0.0009689864, 0.0002593961
 325636360, -7.360308E-05, -0.01050237, 0.0002931804, 0.0002593961
 325736320, 1.109085E-05, -0.003502243, -0.0008210426, 0.0002593961
 325836280, 0.0002575025, -0.009441483, 0.0003020258, 0.0002593961
 325936240, 0.0005173786, -0.01029151, -0.0005111329, 0.0002593961
 326036200, 0.0006883722, -0.01033695, 0.0003571667, 0.0002593961
 326136160, 0.0008430741, -0.01014026, -0.0004090651, 0.0002593961
 326236120, 0.0009155829, -0.00979588, 0.0005301285, 0.0002593961
 326336080, 0.001049402, -0.01331137, -0.0001675519, 0.0002593961
 326436040, 0.001471059, -0.02389656, 0.0006928652, 0.0002593961
 326536000, 0.001419547, -0.01397613, 0.0006592723, 0.0002593961
 326635960, 0.001434673, -0.01038697, 0.000717397, 0.0002593961
 326735920, 0.001638098, -0.008725561, 0.000545137, 0.0002593961
 326835880, 0.001869259, -0.007849962, 0.0006331367, 0.0002593961
 326935840, 0.001883663, -0.004647674, 0.00077637, 0.0002593961
 327035800, 0.001722066, 0.002044268, 0.001023821, 0.0002593961
 327135760, 0.001861125, -0.0006280324, 0.0005243111, 0.0002593961
 327235720, 0.001929325, -0.004912652, 0.001580649, 0.0002593961
 327335680, 0.001735338, -0.006566682, 0.001129808, 0.0002593961
 327436473, 0.001950185, -0.005334196, 0.001628982, 0.0002615578
 327536433, 0.002394571, -0.004645782, 0.001601607, 0.0002593961
 327636393, 0.002399816, -0.004228346, 0.001385637, 0.0002593961
 327736353, 0.003398616, -0.003983335, 0.001624477, 0.0002593961
 327836313, 0.003131435, -0.003526018, 0.001437415, 0.0002593961
 327936273, 0.003053271, -0.003247583, 0.001288208, 0.0002593961
 328036233, 0.002651855, -0.002970412, 0.002107118, 0.0002593961
 328136193, 0.0001590785, -0.002386578, 0.001618342, 0.0002593961
 328236153, 0.002107718, -0.002061132, 0.002529423, 0.0002593961
 328336113, 0.003016838, -0.001789606, 0.00197842, 0.0002593961
 328436073, 0.004268649, -0.001170347, 0.002303132, 0.0002593961
 328536033, 0.007432315, -0.0009508992, 0.002423606, 0.0002593961
 328635993, 0.004982325, -0.0006256437, 0.002371375, 0.0002593961
 328735953, 0.001802109, -0.0003072642, 0.00279792, 0.0002593961
 328835913, -0.001694746, 1.577226E-05, 0.003319764, 0.0002593961
 328935873, 0.001587566, 0.0006929528, 0.002706682, 0.0002593961
 329035833, 0.07655223, 0.1533676, -0.1708017, 0.0002593961
 329135793, 0.1653857, 0.3359881, -0.3825713, 0.0002593961
 329235753, 0.05205735, 0.1041266, -0.1213776, 0.0002593961
 329335713, -0.02172208, -0.04698047, 0.04468097, 0.0002593961
 329435673, -0.03658058, -0.06923231, 0.0797208, 0.0002593961
 329536466, -0.02185331, -0.03495096, 0.04615588, 0.0002615578
 329636426, -0.003663378, -0.01274781, 0.006567078, 0.0002593961
 329736386, 0.003549568, -0.004395544, -0.01171186, 0.0002593961
 329836346, 0.0002112958, -0.001568291, -0.01138691, 0.0002593961
 329936306, -0.001084578, -0.0005655196, -0.004758383, 0.0002593961
 330036266, -0.001295039, -0.0002093154, 0.0003877197, 0.0002593961
 330136226, -0.00172039, -0.0001750348, 0.002164717, 0.0002593961
 330236186, -0.001549831, -3.684523E-05, 0.001469495, 0.0002593961
 330336146, -0.001697639, 7.587125E-05, 0.0002778659, 0.0002593961
 330436106, -0.001612061, -3.002746E-05, -0.0003654638, 0.0002593961
 330536066, -0.001577981, -6.989444E-05, -1.887162E-05, 0.0002593961
 330636026, -0.001750502, 1.07012E-05, -0.0001589437, 0.0002593961
 330735986, -0.001557546, 0.0001759922, -0.0001228437, 0.0002593961
 330835946, -0.001625755, 8.199491E-05, -6.432464E-05, 0.0002593961
 330935906, -0.001558229, -1.287454E-05, 2.605588E-05, 0.0002593961
 331035866, -0.001635276, -8.491061E-05, -8.483948E-05, 0.0002593961
 331135826, -0.001566178, 2.451309E-05, -0.0002211663, 0.0002593961
 331235786, -0.00138679, -5.502561E-05, -5.046255E-05, 0.0002593961
 331335746, -0.001400315, 3.065983E-05, -0.0001465235, 0.0002593961
 331435706, -0.001467096, 0.0001872214, -1.636565E-05, 0.0002593961
 331535666, -0.001576025, -2.543273E-05, -0.000197471, 0.0002593961
 331636459, -0.001471048, 0.0003663696, 4.200169E-05, 0.0002615578
 331736419, -0.001417696, 6.804692E-05, -2.798271E-05, 0.0002593961
 331836379, -0.001305858, 0.0001191371, -0.000146844, 0.0002593961
 331936339, -0.001511551, 3.970069E-05, -0.0001831788, 0.0002593961
 332036299, -0.001573065, 9.024304E-05, 1.656228E-05, 0.0002593961
 332136259, -0.001368517, 0.0001538253, 9.538291E-05, 0.0002593961
 332236219, -0.001423126, -4.012543E-05, -1.759063E-05, 0.0002593961
 332336179, -0.001257811, 8.59513E-05, -0.0001321526, 0.0002593961
 332436139, -0.001427303, 0.0001050004, 0.0001221061, 0.0002593961
 332536099, -0.001423493, 0.0002952791, -5.801025E-05, 0.0002593961
 332636059, -0.001271216, 0.0002012982, 8.141116E-06, 0.0002593961
 332736019, -0.001551282, 0.0001935951, -0.0001495013, 0.0002593961
 332835979, -0.001321504, 0.00022556, -2.720816E-05, 0.0002593961
 332935939, -0.001441527, 0.000240261, -0.0001110622, 0.0002593961
