TimeUS,CAN,CAE,CAD,CAe,NAN,NAE,NAD,NAe,m10,m00
 196160671, -3.917787E-06, 4.496068E-05, -7.91233E-07, 6.484905E-06, 0, 0, 0, 0, -0.9999978, -0.001443414
 196231476, -0.2587638, 3.429483, -0.1218783, 0.5092208, -0.1925483, 3.43437, 0.0004293441, 0.5092143, -0.9999978, -0.001442874
 196431396, -0.1924698, 3.441796, 0.0001778702, 0.5097404, -4.790312E-05, 0.004182424, -0.0001906502, 0.0005187925, -0.9999978, -0.001438949
 196631316, -0.0002378817, 0.01141707, -0.0003684203, 0.00104407, -0.0003987435, 0.003961852, 1.107964E-05, 0.0005187925, -0.9999978, -0.00143287
 196831236, -0.0004326321, 0.01084233, -0.0001440259, 0.00104407, 0.0001924467, 0.004110239, -6.95868E-05, 0.0005187925, -0.9999978, -0.001425967
 197031156, -0.0002791659, 0.01118723, -2.70711E-05, 0.00104407, -0.0005187989, 0.003931674, -0.0002435103, 0.0005187925, -0.9999978, -0.001420143
 197231076, -0.0002405577, 0.01145549, -0.0004401342, 0.00104407, 0.0001167687, 0.004260274, -0.0001641463, 0.0005187925, -0.9999978, -0.001414099
 197430996, 0.000139325, 0.01157085, -0.000469934, 0.00104407, -7.878562E-06, 0.00388643, -0.0004939153, 0.0005187925, -0.9999978, -0.001408981
 197630916, -5.714845E-05, 0.01100545, -0.0008839348, 0.00104407, 5.159987E-05, 0.003995183, -0.0001979179, 0.0005187925, -0.9999978, -0.001403784
 197830836, 0.0004331052, 0.01156927, -0.0004648815, 0.00104407, 0.0001660507, 0.004324477, -0.0003319294, 0.0005187925, -0.9999978, -0.001396895
 198030756, 0.0004153253, 0.01175433, -0.0008588037, 0.00104407, -1.667264E-05, 0.004380681, -0.0003571882, 0.0005187925, -0.9999978, -0.001390379
 198230676, 0.0001037887, 0.01191823, -0.0003443259, 0.00104407, 0.0003567857, 0.004039671, -0.0003232854, 0.0005187925, -0.9999978, -0.001383547
 198431429, 0.0002753202, 0.01138111, -0.0004934242, 0.001046232, 0.0001034456, 0.004128554, -0.0001311099, 0.0005209541, -0.9999978, -0.001379105
 198631349, -2.099381E-05, 0.01145023, -0.0002009018, 0.001046232, -0.0002275586, 0.004208298, -0.0001422766, 0.0005187925, -0.9999978, -0.001384923
 198831269, 2.874449E-05, 0.01142637, -0.0001070131, 0.00104407, 0.0001896455, 0.004125988, -0.0005052463, 0.0005187925, -0.9999978, -0.001389582
 199031189, 0.0002988453, 0.01191947, -0.0006638802, 0.00104407, 0.00023731, 0.00474982, -0.0002938358, 0.0005187925, -0.9999978, -0.001395147
 199231109, 0.0001279905, 0.01191385, -0.0004149577, 0.00104407, -0.0001384398, 0.004263312, -2.455087E-05, 0.0005187925, -0.9999978, -0.001398999
 199431029, -0.0001952081, 0.01145074, -3.454854E-05, 0.00104407, 7.172264E-05, 0.00413348, 3.21081E-05, 0.0005187925, -0.9999978, -0.00140176
 199630949, 3.023358E-05, 0.01124952, 0.0001429534, 0.00104407, 0.0001547198, 0.003789781, 5.253955E-05, 0.0005187925, -0.9999978, -0.001403779
 199830869, -7.156241E-05, 0.01144062, 2.235715E-05, 0.00104407, -0.0003767505, 0.004603362, -0.000157969, 0.0005187925, -0.9999978, -0.00140527
 200030789, -0.0003034384, 0.01184402, -0.0003129029, 0.00104407, 0.0005358804, 0.003849129, -0.0002665884, 0.0005187925, -0.9999978, -0.001405813
 200230709, 0.0007598079, 0.01102249, -4.588199E-05, 0.00104407, 0.0003070982, 0.004245372, 4.502164E-05, 0.0005187925, -0.9999978, -0.00140578
 200431462, 0.0003243696, 0.01140444, -0.0004629492, 0.001046232, 0.0001496628, 0.003896137, -0.000403345, 0.0005209541, -0.9999978, -0.001407013
 200631382, -2.996307E-05, 0.01144992, -0.0006613536, 0.001046232, -0.0001102524, 0.004230603, -0.0002703229, 0.0005187925, -0.9999978, -0.00140613
 200831302, 2.299129E-05, 0.01129603, -0.0002818184, 0.00104407, -2.75866E-05, 0.00423794, -3.636335E-05, 0.0005187925, -0.9999978, -0.001403764
 201031222, 4.747087E-05, 0.01151172, 4.854048E-05, 0.00104407, 0.0003803022, 0.00398677, -0.0002457804, 0.0005187925, -0.9999979, -0.001398232
 201231142, 0.0002797407, 0.01096269, -0.0003694581, 0.00104407, -0.0001015876, 0.003900267, 0.0001453486, 0.0005187925, -0.9999979, -0.00139331
 201431062, -0.0004246816, 0.0111252, 0.0001609182, 0.00104407, -0.0002312577, 0.003975047, 8.133968E-06, 0.0005187925, -0.9999979, -0.001388299
 201630982, -4.717721E-05, 0.01093931, 4.772063E-05, 0.00104407, 0.0001033819, 0.003768705, 0.0003816902, 0.0005187925, -0.9999979, -0.001382786
 201830902, -0.0001381129, 0.01095723, 0.0002096446, 0.00104407, -0.0007017707, 0.004352214, 3.504544E-06, 0.0005187925, -0.9999979, -0.001376563
 202030822, -0.000599789, 0.01172052, -0.0002117836, 0.00104407, 0.0002165225, 0.003955781, -0.000173572, 0.0005187925, -0.9999979, -0.001370503
 202230742, 0.000308076, 0.01131484, -0.0003502994, 0.00104407, 0.0002779014, 0.00424851, 0.0002781208, 0.0005187925, -0.9999979, -0.001363581
 202430662, 0.0005213831, 0.01145699, -2.946273E-05, 0.00104407, 0.0002102836, 0.004096992, -0.0003626588, 0.0005187925, -0.9999979, -0.001357379
 202631415, 0.0004201381, 0.0113155, -0.0005557517, 0.001046232, 0.0003050814, 0.003831868, -0.0002003651, 0.0005209541, -0.9999979, -0.001352824
 202831335, 0.0004954253, 0.01108607, -0.0003914132, 0.001046232, -0.0001082258, 0.003811744, 3.772537E-05, 0.0005187925, -0.9999979, -0.001346439
 203031255, -9.533354E-05, 0.01128107, -2.30029E-05, 0.00104407, 0.000449995, 0.004692324, 0.000211401, 0.0005187925, -0.9999978, -0.001338956
 203231175, 0.0003411777, 0.01198904, -0.0001492559, 0.00104407, 5.165167E-05, 0.004317418, -0.0005468444, 0.0005187925, -0.9999978, -0.001331763
 203431095, 0.000156034, 0.01140657, -0.0005738989, 0.00104407, 0.0002684924, 0.004122586, 0.0001712138, 0.0005187925, -0.9999978, -0.001322836
 203631015, 0.0004299462, 0.01161758, 0.0003243388, 0.00104407, 0.000430371, 0.004209276, 2.716527E-05, 0.0005187925, -0.9999978, -0.001315597
 203830935, 0.0004612729, 0.01177184, -1.232012E-05, 0.00104407, -0.0002123347, 0.004330025, -5.01289E-05, 0.0005187925, -0.9999978, -0.001322496
 204030855, 9.349019E-05, 0.01174139, -0.0002990909, 0.00104407, 0.0001584118, 0.004287591, -0.0003141124, 0.0005187925, -0.9999978, -0.001329283
 204230775, 0.0002663393, 0.01160712, -0.0005063737, 0.00104407, 0.0004297447, 0.004100329, -0.0002557709, 0.0005187925, -0.9999978, -0.001334533
 204430695, 0.0005906133, 0.01133875, -0.0005899238, 0.00104407, -0.0001397279, 0.004242623, -0.0002154847, 0.0005187925, -0.9999978, -0.001338868
 204631448, -0.0001138119, 0.01153507, -3.417672E-05, 0.001046232, -1.030601E-05, 0.004491099, -0.0003133358, 0.0005209541, -0.9999979, -0.001344857
 204831368, 0.0001450983, 0.01142675, -0.0001664619, 0.001046232, -9.981701E-05, 0.00390286, 0.0001338554, 0.0005187925, -0.9999978, -0.001346593
 205031288, -0.0002065064, 0.01128679, -0.0003098774, 0.00104407, 1.524854E-05, 0.004399258, -0.0002634735, 0.0005187925, -0.9999978, -0.001347742
 205231208, -7.152228E-05, 0.01165363, -0.0003832834, 0.00104407, 0.0002180303, 0.004175725, -0.0002500583, 0.0005187925, -0.9999978, -0.001348836
 205431128, 0.0002992253, 0.01130674, -0.0002007766, 0.00104407, -0.000175412, 0.003595399, 0.0003008342, 0.0005187925, -0.9999978, -0.001350239
 205631048, 7.817212E-05, 0.01106074, -2.023958E-05, 0.00104407, 1.898722E-05, 0.003892448, 0.000300609, 0.0005187925, -0.9999978, -0.001350295
 205830968, -6.725454E-05, 0.01122257, 0.0001772946, 0.00104407, -0.0001530731, 0.004424763, 0.000171265, 0.0005187925, -0.9999978, -0.001348388
 206030888, 6.083264E-06, 0.01159672, -0.0001404105, 0.00104407, -0.0001844158, 0.003976133, -0.0002015261, 0.0005187925, -0.9999978, -0.001346634
 206230808, 6.720283E-05, 0.01111312, -0.0002107253, 0.00104407, 5.655317E-05, 0.004209923, 6.348931E-05, 0.0005187925, -0.9999978, -0.001344863
 206430728, 0.0002153379, 0.01134915, 0.0001606942, 0.00104407, 0.0003190204, 0.004108829, -0.0001404534, 0.0005187925, -0.9999979, -0.00134299
 206631481, 0.0004903036, 0.01137882, -0.0001202575, 0.001046232, -8.001196E-07, 0.004371379, 9.018548E-06, 0.0005209541, -0.9999978, -0.001342186
 206831401, -8.592683E-05, 0.01187716, 9.258181E-05, 0.001046232, -5.812326E-05, 0.004158967, -1.08449E-05, 0.0005187925, -0.9999979, -0.001340664
 207031321, -0.0001848395, 0.01120431, -0.0003327159, 0.00104407, -0.0001202837, 0.004475929, -0.0004644788, 0.0005187925, -0.9999979, -0.001338081
 207231241, 4.083926E-05, 0.01174234, -0.0004913952, 0.00104407, -9.257098E-05, 0.003841149, -2.181856E-06, 0.0005187925, -0.9999979, -0.001333343
 207431161, -0.0001823721, 0.01089793, 3.551612E-05, 0.00104407, -0.0002812223, 0.00417838, 0.0001050279, 0.0005187925, -0.9999979, -0.001328447
 207631081, -0.0001146657, 0.01138934, -7.225123E-05, 0.00104407, 0.0002360787, 0.004461291, 0.0001353009, 0.0005187925, -0.9999979, -0.001323577
 207831001, 0.0001311203, 0.0115153, 0.0001815344, 0.00104407, -1.428353E-05, 0.003710917, 0.0006072929, 0.0005187925, -0.9999979, -0.001318768
 208030921, -0.0001855476, 0.01136272, 0.0004758516, 0.00104407, -0.0001750194, 0.004352413, 0.0004428868, 0.0005187925, -0.9999979, -0.001313385
 208230841, -1.090326E-05, 0.01164236, 0.0003381496, 0.00104407, 0.0002124824, 0.004016838, -0.0002642408, 0.0005187925, -0.9999979, -0.001307436
 208430761, -3.215485E-05, 0.01129202, -0.0003072534, 0.00104407, -0.0002269483, 0.004470134, -0.0002232743, 0.0005187925, -0.9999979, -0.001302493
 208630681, -0.0001615196, 0.01190522, -0.0004451103, 0.00104407, -3.774655E-05, 0.004207174, -0.0001108441, 0.0005187925, -0.9999978, -0.001296298
 208831434, 4.650914E-05, 0.01200669, -0.0001105971, 0.001046232, 0.0002323663, 0.004456051, -4.289341E-05, 0.0005209541, -0.9999979, -0.001292282
 209031354, 0.0005222349, 0.01184206, 7.981088E-05, 0.001046232, 0.0005781368, 0.004156759, 0.000710333, 0.0005187925, -0.9999979, -0.001300963
 209231274, 0.0006545141, 0.01145556, 0.00077022, 0.00104407, 0.0001213017, 0.003985585, 0.0005110448, 0.0005187925, -0.9999979, -0.00130736
 209431194, 6.598924E-05, 0.01139829, 0.0003366612, 0.00104407, -0.0003780127, 0.003721685, -0.0003019245, 0.0005187925, -0.9999979, -0.001313012
 209631114, -0.0006302716, 0.01103056, -0.0002268098, 0.00104407, 1.488979E-05, 0.004255923, 2.767648E-05, 0.0005187925, -0.9999979, -0.001317868
 209831034, -0.0001125492, 0.01159605, 1.563638E-05, 0.00104407, 0.0001330494, 0.00479522, 2.156587E-05, 0.0005187925, -0.9999979, -0.001321343
 210030954, 0.0002529178, 0.01212986, 0.0001558717, 0.00104407, 2.794341E-05, 0.004245426, -0.000218714, 0.0005187925, -0.9999979, -0.00132509
 210230874, -0.0001620244, 0.01159445, -8.250512E-05, 0.00104407, -0.0003045292, 0.004162956, 0.0002436128, 0.0005187925, -0.9999979, -0.001327733
 210430794, -0.0002124005, 0.01149994, 0.0001300303, 0.00104407, 0.0001876855, 0.004379349, -4.786722E-05, 0.0005187925, -0.9999979, -0.001328918
 210630714, 0.0001077522, 0.01115007, -6.48823E-05, 0.00104407, 0.0004009453, 0.003873941, -0.00014481, 0.0005187925, -0.9999979, -0.001327298
 210831467, 0.0002845615, 0.01135535, -2.028564E-05, 0.001046232, 0.0001126037, 0.003763667, 7.549722E-05, 0.0005209541, -0.9999979, -0.001327837
 211031387, 0.0001499817, 0.01117758, 9.345845E-05, 0.001046232, 3.74049E-06, 0.004262551, -0.0003960205, 0.0005187925, -0.9999979, -0.001327742
 211231307, 5.85812E-05, 0.01125957, -0.0007090009, 0.00104407, -6.737919E-05, 0.003741227, 2.049492E-07, 0.0005187925, -0.9999979, -0.001326744
 211431227, -0.0002905504, 0.01109074, -0.0003058819, 0.00104407, 0.0003254308, 0.004328186, 0.0001817834, 0.0005187925, -0.9999979, -0.001324061
 211631147, 0.0002374697, 0.01148798, -0.0001292915, 0.00104407, -0.0004244735, 0.004056427, -0.0001948673, 0.0005187925, -0.9999979, -0.001322356
 211831067, -0.0008235314, 0.01129176, -0.0002054691, 0.00104407, -0.0001014111, 0.004309672, -0.0004208669, 0.0005187925, -0.9999979, -0.001319979
 212030987, 1.519003E-05, 0.01175642, -0.0004078973, 0.00104407, 0.0002301251, 0.004443049, 5.966422E-05, 0.0005187925, -0.9999979, -0.00131637
 212230907, 0.0002378577, 0.01152752, 0.0001796373, 0.00104407, 6.059813E-05, 0.004017076, 0.0002935547, 0.0005187925, -0.9999979, -0.001313097
 212430827, 0.0001965711, 0.01110449, 0.00015425, 0.00104407, 0.000318942, 0.004049122, -0.0003098559, 0.0005187925, -0.9999979, -0.001308454
 212630747, 0.0003772546, 0.01117815, -0.0002460484, 0.00104407, 0.0001145687, 0.003731741, 0.0001267629, 0.0005187925, -0.9999979, -0.001303985
 212830667, -0.0001984701, 0.01071267, -6.225596E-05, 0.00104407, -0.0003140895, 0.004180911, -0.0001623624, 0.0005187925, -0.9999979, -0.001299126
 213031420, -0.0002855964, 0.0113881, -0.0006162815, 0.001046232, -0.0005167878, 0.003701381, -0.0001831824, 0.0005209541, -0.9999979, -0.001295708
 213231340, -0.0004602537, 0.01124564, 4.410531E-05, 0.001046232, 0.0002285214, 0.004086807, 0.0004851092, 0.0005187925, -0.9999979, -0.001290823
 213431260, 0.0002524926, 0.01138202, 0.0005273092, 0.00104407, -0.000184496, 0.004320855, -0.0001577104, 0.0005187925, -0.9999979, -0.001283487
 213631180, -0.0001543848, 0.01144914, -0.0003607093, 0.00104407, -4.263571E-05, 0.00394679, -0.0005155276, 0.0005187925, -0.9999979, -0.00127802
 213831100, -0.0001247564, 0.0111904, -0.0007244368, 0.00104407, -8.726535E-05, 0.003804215, -0.0003269901, 0.0005187925, -0.9999979, -0.001272241
 214031020, 0.0002394057, 0.01140462, -0.0003980784, 0.00104407, 3.295807E-05, 0.004446247, 7.425079E-05, 0.0005187925, -0.9999979, -0.00126628
 214230940, 0.00020461, 0.01195166, 7.893977E-05, 0.00104407, -7.14473E-05, 0.00390247, 4.459027E-06, 0.0005187925, -0.9999979, -0.001275765
 214430860, 0.0003918248, 0.01115034, 2.716704E-07, 0.00104407, -6.744414E-05, 0.004139184, 7.876583E-06, 0.0005187925, -0.9999979, -0.00128439
 214630780, 0.0001777385, 0.01169538, -0.0003071438, 0.00104407, -8.363136E-05, 0.004247583, -0.0003335047, 0.0005187925, -0.9999979, -0.001291763
 214830700, 4.133502E-05, 0.01190674, -0.0003881189, 0.00104407, 7.853431E-05, 0.004640676, -6.836777E-05, 0.0005187925, -0.9999979, -0.001298574
 215031453, 0.0001155466, 0.0120423, -0.0006343092, 0.001046232, 0.0001920938, 0.004571861, -0.0003624658, 0.0005209541, -0.9999979, -0.001303929
 215231373, 6.250278E-05, 0.01221525, -0.0005520041, 0.001046232, -5.345442E-06, 0.004387664, 1.037064E-05, 0.0005187925, -0.9999979, -0.001307997
 215431293, 0.000145569, 0.01150178, 6.328793E-05, 0.00104407, 6.764114E-05, 0.003891461, 0.0003577947, 0.0005187925, -0.9999979, -0.001310147
 215631213, 9.007904E-05, 0.01117294, 0.0002745007, 0.00104407, -0.0001522487, 0.003716754, -0.0002372567, 0.0005187925, -0.9999979, -0.001311777
 215831133, 0.0002315056, 0.01068911, -0.0001915285, 0.00104407, 0.0003305748, 0.004201483, -9.845133E-06, 0.0005187925, -0.9999979, -0.001313105
 216031053, 0.0005035915, 0.01130722, -8.188665E-05, 0.00104407, 0.0001618027, 0.004339243, -9.518272E-05, 0.0005187925, -0.9999979, -0.001313379
 216230973, 0.0003386691, 0.01159419, -0.0002264738, 0.00104407, 0.0002441872, 0.003625463, 2.331277E-05, 0.0005187925, -0.9999979, -0.001313599
 216430893, 0.0007149285, 0.01083149, -0.0002973427, 0.00104407, 0.000304744, 0.004293659, -0.0002462546, 0.0005187925, -0.9999979, -0.001312963
 216630813, 9.783374E-05, 0.01144481, -0.0002860485, 0.00104407, 0.0002383802, 0.00428561, 0.0004968597, 0.0005187925, -0.9999979, -0.001312383
 216830733, -4.903637E-05, 0.01149113, 4.840918E-05, 0.00104407, -0.0003327155, 0.003684038, -0.0003061786, 0.0005187925, -0.9999979, -0.001310057
 217031486, -0.0001952248, 0.0107866, -0.0009199659, 0.001046232, -0.0001126369, 0.003814469, -0.0002793982, 0.0005187925, -0.9999979, -0.001306277
 217231406, 0.000121451, 0.01101617, -0.0001258822, 0.001046232, -6.592682E-05, 0.004165122, 0.0001143264, 0.0005209541, -0.9999979, -0.001304731
 217431326, -1.267713E-05, 0.01130189, 1.89602E-05, 0.001046232, 0.0003245718, 0.0041729, -9.900662E-05, 0.0005187925, -0.9999979, -0.001301434
 217631246, -0.0001264653, 0.01124302, -0.0003043185, 0.00104407, -0.0003468801, 0.004236283, -0.0003430471, 0.0005187925, -0.9999979, -0.001296027
 217831166, -0.0006872042, 0.01179344, -0.000376268, 0.00104407, -0.0001951976, 0.004251342, 1.949484E-05, 0.0005187925, -0.9999979, -0.001293669
 218031086, -0.0001133753, 0.01154837, -0.0003062966, 0.00104407, -0.0001171282, 0.00410437, -0.0001564806, 0.0005187925, -0.9999979, -0.001290754
 218231006, -0.0001693331, 0.01123072, -0.0003676005, 0.00104407, -0.0001477402, 0.003995565, -0.0001027364, 0.0005187925, -0.9999979, -0.001287271
 218430926, 0.0001000841, 0.01141895, -0.00015379, 0.00104407, -5.378566E-05, 0.004403883, -0.0001294822, 0.0005187925, -0.9999979, -0.001284023
 218630846, -9.177746E-05, 0.01161802, -0.0005148498, 0.00104407, 0.0001032225, 0.004277578, 0.0004033716, 0.0005187925, -0.9999978, -0.001280204
 218830766, 0.0001707809, 0.01174637, 7.252297E-05, 0.00104407, -0.0002442318, 0.004368221, -0.000390153, 0.0005187925, -0.9999978, -0.001276379
 219030686, -0.0004050853, 0.01180762, -0.0003690399, 0.00104407, -5.170296E-05, 0.004250457, -0.0002337307, 0.0005187925, -0.9999978, -0.001273209
 219231439, 0.0002381298, 0.01198421, -0.0005471278, 0.001046232, 0.0001598468, 0.004228997, -0.000291051, 0.0005209541, -0.9999978, -0.001269673
 219431359, 0.0004273884, 0.01145978, -0.0002849702, 0.001046232, 0.000493087, 0.004494317, -9.88231E-05, 0.0005187925, -0.9999978, -0.00127954
 219631279, 0.0005673763, 0.011604, -0.000442963, 0.00104407, 3.70301E-05, 0.004071416, -0.0001979703, 0.0005187925, -0.9999978, -0.001287651
 219831199, 0.0001226639, 0.01147584, -0.0004127984, 0.00104407, 0.0001238181, 0.004236031, 5.441515E-05, 0.0005187925, -0.9999978, -0.001295848
 220031119, 0.0001580138, 0.01161273, -0.0001749614, 0.00104407, -1.039633E-05, 0.004499011, 9.573565E-05, 0.0005187925, -0.9999978, -0.001303726
 220231039, 7.346892E-05, 0.0115277, -0.0002198758, 0.00104407, -0.0001171266, 0.003856153, 5.234889E-05, 0.0005187925, -0.9999978, -0.001311888
 220430959, -0.0002464973, 0.01115403, 0.000126011, 0.00104407, -0.0001160059, 0.004248581, 4.014079E-05, 0.0005187925, -0.9999978, -0.00131933
 220630879, -0.0003312998, 0.01176334, -5.398256E-05, 0.00104407, -0.0002725338, 0.004211297, -8.34596E-05, 0.0005187925, -0.9999978, -0.001324652
 220830799, -0.0003905589, 0.01169746, 0.0001338435, 0.00104407, -0.0004771294, 0.004969895, 0.0001555238, 0.0005187925, -0.9999978, -0.001329562
 221030719, -0.0004103874, 0.0124014, -0.0001246954, 0.00104407, 0.0004458299, 0.004025656, 0.0002124151, 0.0005187925, -0.9999978, -0.001333399
 221231472, 0.0006536454, 0.01115348, -8.8433E-05, 0.001046232, 0.0002811308, 0.003800199, -6.736007E-05, 0.0005209541, -0.9999978, -0.001334458
 221431392, 0.0001809585, 0.01128521, -0.0003646289, 0.001046232, 0.0001655662, 0.00445521, 0.0004590248, 0.0005187925, -0.9999978, -0.001338174
 221631312, 0.0005337654, 0.01165997, 0.0004770505, 0.00104407, 0.0004465895, 0.004114857, -0.0001663556, 0.0005187925, -0.9999978, -0.001341112
 221831232, 0.0002657655, 0.0113769, -0.0005974908, 0.00104407, -0.0004910487, 0.004323229, -0.0001561375, 0.0005187925, -0.9999978, -0.001341328
 222031152, -0.0003662263, 0.01183426, -0.0002969757, 0.00104407, -0.0001190745, 0.004104919, 0.000182863, 0.0005187925, -0.9999978, -0.001341526
 222231072, -0.0001021623, 0.01152931, -3.236548E-05, 0.00104407, 0.0002315306, 0.004176565, 0.0002399974, 0.0005187925, -0.9999978, -0.001341384
 222430992, 0.0001959062, 0.01161015, -0.0001755525, 0.00104407, 0.0001062781, 0.004286449, -0.0004002638, 0.0005187925, -0.9999978, -0.001341628
 222630912, -0.0002524814, 0.01133073, -0.0007104857, 0.00104407, -0.0002165457, 0.004143274, -0.0007018808, 0.0005187925, -0.9999978, -0.001343242
 222830832, 6.404125E-05, 0.01154655, -0.0007148993, 0.00104407, -0.0002393795, 0.004870831, -0.0001434563, 0.0005187925, -0.9999978, -0.001343805
 223030752, -0.0002773117, 0.01195543, -0.0005114714, 0.00104407, -0.0002871825, 0.003944713, -0.0002497103, 0.0005187925, -0.9999978, -0.001342979
 223230672, -0.0006367171, 0.01106205, -0.0003261394, 0.00104407, -1.851318E-05, 0.004243797, -0.0001734004, 0.0005187925, -0.9999978, -0.001341401
 223431425, 8.365075E-06, 0.01149053, -0.0003706744, 0.001046232, -7.814911E-07, 0.004092967, -0.0005207009, 0.0005209541, -0.9999978, -0.001339354
 223631345, -5.932356E-05, 0.01148159, -0.000846347, 0.001046232, -0.0003528455, 0.004370031, -0.0001839521, 0.0005187925, -0.9999978, -0.001336851
 223831265, -0.0005848945, 0.01168214, -0.0002808353, 0.00104407, -0.0001730638, 0.004400977, 6.599885E-05, 0.0005187925, -0.9999978, -0.001333122
 224031185, -0.0005556439, 0.01198667, 5.811753E-05, 0.00104407, -0.0005565153, 0.004587954, -0.0001826593, 0.0005187925, -0.9999978, -0.001330275
 224231105, -0.0005500857, 0.01200975, -0.0004262197, 0.00104407, -9.719073E-05, 0.004080882, -0.0003390648, 0.0005187925, -0.9999978, -0.001327267
 224431025, 4.648509E-05, 0.01131441, -0.0005355005, 0.00104407, -0.0003090832, 0.004490238, 0.000102274, 0.0005187925, -0.9999978, -0.001323938
 224630945, -0.0005125562, 0.01173645, -0.0001973173, 0.00104407, -0.0002836697, 0.004283045, -8.590598E-05, 0.0005187925, -0.9999977, -0.001336416
 224830865, -2.342814E-05, 0.01171645, -6.87217E-05, 0.00104407, -1.207671E-05, 0.003886308, -0.0001038613, 0.0005187925, -0.9999977, -0.001347814
 225030785, -0.0001358677, 0.01123646, -1.905157E-05, 0.00104407, -0.0004815864, 0.004211084, 0.0001686268, 0.0005187925, -0.9999977, -0.001360224
 225230705, -0.0001139714, 0.01138479, 0.0001139078, 0.00104407, 0.000276076, 0.004646679, -8.08738E-05, 0.0005187925, -0.9999977, -0.001369747
 225431458, 0.000212377, 0.01197198, -0.0004079752, 0.001046232, 0.0001509541, 0.004383292, 5.595436E-06, 0.0005209541, -0.9999977, -0.001378862
 225631378, -0.0001710091, 0.01170899, -0.0004146625, 0.001046232, -0.0001370188, 0.003928133, -0.0003497894, 0.0005187925, -0.9999977, -0.001386656
 225831298, 0.0001383542, 0.01176034, -0.0004301103, 0.00104407, 0.0001223141, 0.004354388, -0.0001206488, 0.0005187925, -0.9999977, -0.001392376
 226031218, 0.0002287611, 0.01162591, -0.0001635672, 0.00104407, -0.0002031067, 0.004172104, 6.695214E-05, 0.0005187925, -0.9999977, -0.001396942
 226231138, -8.599735E-05, 0.01136234, -0.0001691952, 0.00104407, -0.0001356454, 0.00422335, 1.081869E-05, 0.0005187925, -0.9999977, -0.001402247
 226431058, -0.0002223812, 0.011568, -0.000506053, 0.00104407, 3.646861E-05, 0.00419161, -0.0003455568, 0.0005187925, -0.9999977, -0.00140743
 226630978, -2.185942E-05, 0.01176427, -0.000448057, 0.00104407, 0.0001234472, 0.004446421, -0.000278159, 0.0005187925, -0.9999977, -0.001411174
 226830898, -0.0001234877, 0.01177467, -0.0006816128, 0.00104407, -0.0002246692, 0.00407112, -0.0001996219, 0.0005187925, -0.9999977, -0.001414768
 227030818, -0.0002749642, 0.01145604, -0.0003455627, 0.00104407, 0.0002626132, 0.004098592, -0.0002325999, 0.0005187925, -0.9999977, -0.001417887
 227230738, 0.0003723326, 0.01173312, -0.0004216749, 0.00104407, 0.0002504826, 0.00406914, -0.0003980557, 0.0005187925, -0.9999977, -0.00141954
 227430658, 0.0003153574, 0.01151944, -0.0006009416, 0.00104407, -0.0003771387, 0.004427155, -7.590714E-05, 0.0005187925, -0.9999977, -0.001423127
 227631411, -0.0004756354, 0.0120482, 8.621938E-05, 0.001046232, -1.917791E-05, 0.004352476, 0.0001102412, 0.0005209541, -0.9999977, -0.00142442
 227831331, 0.0001753063, 0.01214427, -0.0004214508, 0.001046232, 0.0001863014, 0.004392564, -0.0003509345, 0.0005187925, -0.9999977, -0.001424753
 228031251, 0.0003588294, 0.01148909, -0.0006382009, 0.00104407, -0.0001631884, 0.004447107, -2.877276E-05, 0.0005187925, -0.9999977, -0.001423832
 228231171, -0.0001481005, 0.01199503, -0.0001023324, 0.00104407, 0.0003412478, 0.004502377, -0.0005736274, 0.0005187925, -0.9999977, -0.00142296
 228431091, 0.0006502149, 0.01180822, -0.0006137729, 0.00104407, 0.0005435435, 0.004381811, -0.0003152992, 0.0005187925, -0.9999977, -0.001421258
 228631011, 0.0007932513, 0.01173611, -0.0002749273, 0.00104407, 0.0001189202, 0.003965309, -2.745603E-05, 0.0005187925, -0.9999977, -0.001420702
 228830931, 0.0003417052, 0.01153995, -4.288508E-05, 0.00104407, 0.0001849717, 0.004741063, 0.000256487, 0.0005187925, -0.9999976, -0.001418866
 229030851, 0.000151917, 0.01220922, 0.0002421268, 0.00104407, -0.0002218384, 0.004364475, -0.0003469903, 0.0005187925, -0.9999976, -0.001416828
 229230771, -0.00048211, 0.01171181, -0.0006272977, 0.00104407, -7.477719E-05, 0.004013265, -0.0001980645, 0.0005187925, -0.9999976, -0.001414639
 229430691, 0.0002491213, 0.01155241, -0.0004052495, 0.00104407, -0.0001346415, 0.004343063, 0.0003436978, 0.0005187925, -0.9999976, -0.001412929
 229631444, 9.525123E-05, 0.01161084, 0.0003821257, 0.001046232, -3.99288E-05, 0.004370032, 8.201298E-05, 0.0005209541, -0.9999976, -0.001413095
 229831364, 0.0001027924, 0.01207824, -1.440666E-05, 0.001046232, 0.0001558626, 0.004812882, -0.0001209466, 0.0005187925, -0.9999976, -0.001425641
 230031284, -0.0001419629, 0.01216664, -0.0007220298, 0.00104407, -3.354617E-05, 0.0042304, -0.0003448823, 0.0005187925, -0.9999976, -0.001436096
 230231204, -8.994048E-05, 0.01149884, -0.0005648427, 0.00104407, -0.000158513, 0.004497003, 7.067355E-05, 0.0005187925, -0.9999976, -0.001447175
 230431124, -0.0001989003, 0.01187899, 9.84239E-05, 0.00104407, -0.0001834032, 0.003970515, 0.0002700571, 0.0005187925, -0.9999976, -0.001455971
 230631044, 2.507644E-06, 0.01141566, 0.0002007957, 0.00104407, 0.0001091017, 0.004723346, -0.0001013112, 0.0005187925, -0.9999976, -0.001464005
 230830964, 0.0001691876, 0.01232516, -0.0001816535, 0.00104407, -0.000300324, 0.004614577, -0.000196364, 0.0005187925, -0.9999976, -0.00147051
 231030884, -0.0004133967, 0.01187175, -0.0003795964, 0.00104407, 9.725992E-05, 0.00431098, 0.0001127197, 0.0005187925, -0.9999976, -0.001476398
 231230804, -0.0001259699, 0.01186613, -0.0002751024, 0.00104407, -0.0004274948, 0.004313655, -0.0001257894, 0.0005187925, -0.9999976, -0.001481498
 231430724, -0.0007089198, 0.01158895, -0.0004191581, 0.00104407, 3.620294E-05, 0.004219586, -4.812941E-06, 0.0005187925, -0.9999976, -0.001483998
 231631477, -1.963342E-05, 0.01158758, -0.0005058211, 0.001046232, -8.18163E-05, 0.00397754, -0.0001643322, 0.0005209541, -0.9999976, -0.001487122
 231831397, -0.0002505862, 0.01123596, -0.0001326649, 0.001046232, -0.0001663411, 0.004402685, 0.0001420561, 0.0005187925, -0.9999976, -0.001491181
 232031317, -0.0003464005, 0.0115713, 0.0001006892, 0.00104407, -0.0001275879, 0.004073842, 5.499665E-05, 0.0005187925, -0.9999976, -0.001492861
 232231237, -0.0003440453, 0.01126959, -1.507037E-05, 0.00104407, -0.0002353816, 0.004027472, -0.0002037186, 0.0005187925, -0.9999976, -0.001491833
 232431157, -2.925292E-06, 0.01125207, -0.0003179362, 0.00104407, 0.0001080767, 0.004035295, -0.000223291, 0.0005187925, -0.9999976, -0.001491404
 232631077, 3.080486E-05, 0.01110837, -0.000413441, 0.00104407, -0.0001743359, 0.004321903, 0.0001767119, 0.0005187925, -0.9999976, -0.001491333
 232830997, -6.62306E-05, 0.01188785, 0.0003114527, 0.00104407, -3.060613E-05, 0.004364779, -0.0001005879, 0.0005187925, -0.9999976, -0.001491123
 233030917, 0.0001237738, 0.01215499, -0.0003167053, 0.00104407, -0.0001107747, 0.004574263, 3.057329E-05, 0.0005187925, -0.9999976, -0.001490014
 233230837, -0.0003893025, 0.01172474, -0.0003179541, 0.00104407, -0.0005605915, 0.004195077, 0.0003696226, 0.0005187925, -0.9999976, -0.001488005
 233430757, -0.0008390778, 0.0114036, 0.0004369275, 0.00104407, -0.0003027513, 0.004071636, 0.0001831192, 0.0005187925, -0.9999976, -0.001485976
 233630677, -0.0005518516, 0.01145558, 7.347145E-05, 0.00104407, -0.0001283812, 0.004210529, 0.0002496674, 0.0005187925, -0.9999976, -0.001482677
 233831430, -0.0003260505, 0.01152347, -0.0001148519, 0.001046232, -0.0001060967, 0.004149579, -3.134983E-05, 0.0005209541, -0.9999976, -0.001482356
 234031350, 0.0001261113, 0.0116438, -0.0001717377, 0.001046232, -0.0003494644, 0.00399228, -0.0001694919, 0.0005187925, -0.9999976, -0.001478845
 234231270, -0.0001168859, 0.01139286, -0.0004417916, 0.00104407, 0.0004307599, 0.00407396, -0.0004465843, 0.0005187925, -0.9999976, -0.001474599
 234431190, 0.0006301879, 0.01133837, -0.0003248965, 0.00104407, -0.0001611109, 0.004000921, -0.0003304149, 0.0005187925, -0.9999976, -0.001471024
 234631110, -0.0001699648, 0.01165438, -0.0006403316, 0.00104407, 8.706318E-05, 0.004386993, 0.0001024754, 0.0005187925, -0.9999976, -0.001468301
 234831030, 4.778105E-05, 0.01213658, -0.0001025195, 0.00104407, 0.0001553162, 0.004380456, -0.0002414024, 0.0005187925, -0.9999976, -0.001464291
 235030950, 7.214637E-05, 0.01160218, -0.0005298724, 0.00104407, -9.74081E-05, 0.004069943, -0.0005268325, 0.0005187925, -0.9999976, -0.001474975
 235230870, -9.447799E-05, 0.01131542, -0.0008828922, 0.00104407, 0.0001109099, 0.004152641, -6.849647E-05, 0.0005187925, -0.9999976, -0.001485215
 235430790, 0.0002066934, 0.01146683, -0.0001539067, 0.00104407, 0.0002931523, 0.004600041, -0.0001160098, 0.0005187925, -0.9999976, -0.001493614
 235630710, 0.0003561536, 0.01197025, -0.000323718, 0.00104407, 0.0001544964, 0.00447717, 0.0002115762, 0.0005187925, -0.9999976, -0.001502539
 235831463, -7.337033E-05, 0.01167409, 0.0002533896, 0.001046232, -0.0002159184, 0.003764675, -2.300296E-05, 0.0005209541, -0.9999976, -0.001511247
 236031383, -0.0007498268, 0.01112583, -0.0001905847, 0.001046232, -0.000740875, 0.004497935, -5.835939E-05, 0.0005187925, -0.9999974, -0.001517607
 236231303, -0.0008029681, 0.01168188, -9.547108E-05, 0.00104407, -6.96831E-05, 0.004216705, 0.0001173277, 0.0005187925, -0.9999974, -0.001522992
 236431223, 0.0002586344, 0.01138981, -0.0001755727, 0.00104407, 0.0003467225, 0.004517543, -0.0005021482, 0.0005187925, -0.9999974, -0.00152623
 236631143, 0.0003489379, 0.01139196, -0.0007774507, 0.00104407, -0.0001899556, 0.004154448, -0.0004172301, 0.0005187925, -0.9999974, -0.00153093
 236831063, -0.0002860861, 0.01132298, -0.0002987024, 0.00104407, -0.000524655, 0.004156338, 0.0002076188, 0.0005187925, -0.9999974, -0.001534293
 237030983, -0.0003072235, 0.01161991, 0.0001801223, 0.00104407, 0.0002389576, 0.004502611, -0.00026607, 0.0005187925, -0.9999974, -0.001537756
 237230903, 6.062732E-05, 0.01216283, -0.0004077448, 0.00104407, 0.0005180091, 0.004150514, -0.0002978539, 0.0005187925, -0.9999974, -0.001540082
 237430823, 2.709879E-05, 0.01159685, -0.0005161818, 0.00104407, -0.0002243984, 0.004437492, -0.0001640462, 0.0005187925, -0.9999974, -0.001542217
 237630743, -0.0002317749, 0.01158865, -5.951883E-05, 0.00104407, -0.0001745035, 0.00366411, -0.0001519191, 0.0005187925, -0.9999974, -0.001543229
 237830663, -0.0002219016, 0.01085716, -9.193912E-05, 0.00104407, 0.0003273763, 0.004357737, -0.0001182143, 0.0005187925, -0.9999974, -0.001544295
 238031416, 0.0004725741, 0.0120566, -0.0004384775, 0.001046232, 4.154371E-05, 0.004448588, -0.0002244604, 0.0005209541, -0.9999974, -0.001546444
 238231336, -8.994107E-05, 0.01175207, -0.0003937294, 0.001046232, -4.989334E-05, 0.004114812, -0.0001952356, 0.0005187925, -0.9999974, -0.001547259
 238431256, 8.201524E-05, 0.01152581, -0.0002788023, 0.00104407, 0.000153534, 0.004338888, -0.0001721814, 0.0005187925, -0.9999974, -0.001544931
 238631176, 0.0001200246, 0.01179209, -6.391595E-05, 0.00104407, -1.200478E-05, 0.004237715, -0.0001064745, 0.0005187925, -0.9999974, -0.001544237
 238831096, -0.0002510051, 0.01138532, -0.000243477, 0.00104407, -0.0002009272, 0.004279621, -0.0001323528, 0.0005187925, -0.9999974, -0.001541967
 239031016, -0.0001731185, 0.01131354, -0.000166545, 0.00104407, -0.0004807856, 0.003837334, -0.0001894646, 0.0005187925, -0.9999974, -0.001539948
 239230936, -0.0004820706, 0.01115349, -0.0004994003, 0.00104407, -0.0004933361, 0.004248317, -0.0003602148, 0.0005187925, -0.9999974, -0.001537677
 239430856, -0.0003226873, 0.01157039, -0.000497869, 0.00104407, 5.506686E-05, 0.004133129, 0.0002833878, 0.0005187925, -0.9999974, -0.001535115
 239630776, -5.701252E-05, 0.01165393, 0.000124798, 0.00104407, -4.446045E-05, 0.004281919, -8.817966E-06, 0.0005187925, -0.9999974, -0.001532516
 239830696, 0.0002098964, 0.01180281, -1.199482E-05, 0.00104407, 0.0002969775, 0.004186549, 0.0001280666, 0.0005187925, -0.9999974, -0.001530154
 240031449, 0.0004097088, 0.01162157, 0.000401759, 0.001046232, -1.716818E-05, 0.004196362, -4.178605E-07, 0.0005209541, -0.9999974, -0.001530259
 240231369, -0.0004455011, 0.01175532, -0.0001166636, 0.001046232, -0.0002399098, 0.004481378, -0.0001200434, 0.0005187925, -0.9999974, -0.001539739
 240431289, -0.0002001949, 0.01187116, 0.0001110967, 0.00104407, -6.394248E-05, 0.003977727, -1.708182E-05, 0.0005187925, -0.9999974, -0.001547011
 240631209, -0.0005240376, 0.0113832, -0.0002495887, 0.00104407, -0.0001427665, 0.004380436, -0.0003777351, 0.0005187925, -0.9999974, -0.001554267
 240831129, -0.0003178004, 0.01184534, -0.0007127497, 0.00104407, -0.0004114666, 0.004246243, -0.0003272523, 0.0005187925, -0.9999974, -0.001561789
 241031049, -0.0002268449, 0.01115539, -0.0004434612, 0.00104407, -9.2223E-05, 0.00369483, -9.397085E-05, 0.0005187925, -0.9999974, -0.001567652
 241230969, -0.0005446385, 0.01115123, -0.0001212993, 0.00104407, -0.0002830767, 0.004350968, 0.0001159001, 0.0005187925, -0.9999974, -0.001572746
 241430889, -0.0003507902, 0.01170902, 0.00010779, 0.00104407, -0.000155263, 0.004259215, -0.0003586966, 0.0005187925, -0.9999974, -0.001577594
 241630809, -0.0002447564, 0.01156074, -0.000509778, 0.00104407, -0.0002511042, 0.004239226, 3.510382E-05, 0.0005187925, -0.9999973, -0.00158174
 241830729, -9.311254E-05, 0.01144671, -0.0002960785, 0.00104407, 0.000334439, 0.003645502, -0.0001572421, 0.0005187925, -0.9999974, -0.001584686
 242031482, 0.00034709, 0.01132838, -9.964253E-05, 0.001046232, -1.671379E-05, 0.004281013, -3.266339E-05, 0.0005209541, -0.9999973, -0.001589129
 242231402, -3.124315E-05, 0.01152728, -5.569615E-05, 0.001046232, -0.0001887776, 0.004748382, 7.757897E-05, 0.0005187925, -0.9999973, -0.001592679
 242431322, -0.000291928, 0.01205901, -0.0003434428, 0.00104407, 7.838632E-06, 0.004460966, -0.0002471757, 0.0005187925, -0.9999973, -0.001594796
 242631242, 8.333207E-06, 0.01185495, -0.0005023258, 0.00104407, 0.0001922353, 0.003768761, 2.810188E-05, 0.0005187925, -0.9999973, -0.001593177
 242831162, 1.672691E-05, 0.01093685, -0.0003352588, 0.00104407, -0.0002413952, 0.004185386, 4.312459E-05, 0.0005187925, -0.9999973, -0.001593693
 243031082, -0.0002901636, 0.01176531, -0.0001463829, 0.00104407, 0.0003248518, 0.004107864, 0.0004319632, 0.0005187925, -0.9999973, -0.001593244
 243231002, 5.836003E-05, 0.01146664, 0.0004501376, 0.00104407, -0.0002299468, 0.00436911, -7.385517E-05, 0.0005187925, -0.9999973, -0.001593751
 243430922, -0.0001181775, 0.01162337, -0.000258775, 0.00104407, 0.0004881647, 0.004029333, -3.808882E-05, 0.0005187925, -0.9999973, -0.001593043
 243630842, 0.000609835, 0.0117106, -2.252274E-05, 0.00104407, -0.0001369089, 0.004441292, -0.0001232012, 0.0005187925, -0.9999973, -0.001591872
 243830762, -0.0003091135, 0.01209047, -0.0003036798, 0.00104407, -0.0003450922, 0.004484773, 8.197008E-05, 0.0005187925, -0.9999973, -0.001590122
 244030682, -0.0005274448, 0.01167382, 0.0001172014, 0.00104407, 8.043529E-05, 0.00452485, -0.0001785041, 0.0005187925, -0.9999973, -0.001587299
 244231435, -0.0004619349, 0.01205437, -0.0004164491, 0.001046232, -0.0001421555, 0.00450819, 0.0001397022, 0.0005209541, -0.9999973, -0.001587942
 244431355, -6.978325E-05, 0.01197109, -0.000149833, 0.001046232, 0.0001881198, 0.004458105, -0.0001738627, 0.0005187925, -0.9999973, -0.00158478
 244631275, 9.093512E-05, 0.01197583, -0.000490561, 0.00104407, 0.0002914536, 0.004350245, 7.532204E-05, 0.0005187925, -0.9999973, -0.00157847
 244831195, 0.0002139153, 0.01167313, -0.0002205908, 0.00104407, -0.0002585054, 0.004243772, 9.497177E-06, 0.0005187925, -0.9999973, -0.001574001
 245031115, -0.0003595409, 0.01174123, -0.0001978488, 0.00104407, 0.0002548607, 0.004472652, -8.705352E-05, 0.0005187925, -0.9999973, -0.001567394
 245231035, 0.0005347413, 0.01206397, -0.0001341115, 0.00104407, -0.0003297626, 0.00442818, -3.090337E-05, 0.0005187925, -0.9999973, -0.001562544
 245430955, -0.0004434546, 0.01183265, -0.0001481405, 0.00104407, -0.0003016271, 0.004430839, -0.0005584676, 0.0005187925, -0.9999973, -0.001572022
 245630875, -0.0007322683, 0.0118688, -0.0006259861, 0.00104407, -0.0002491749, 0.004147858, 0.0002476453, 0.0005187925, -0.9999974, -0.001579734
 245830795, -0.0003660797, 0.01096793, 0.0001370347, 0.00104407, 0.0001938953, 0.003995216, -0.000489753, 0.0005187925, -0.9999974, -0.00158671
 246030715, 0.0006567886, 0.01114975, -0.0006299965, 0.00104407, 0.0004616924, 0.00392089, -0.0003658178, 0.0005187925, -0.9999974, -0.001591508
 246231468, 0.0005620517, 0.01115178, -0.0005485142, 0.001046232, -0.0004977683, 0.004041251, -0.0002386044, 0.0005209541, -0.9999974, -0.001597185
 246431388, -0.0005673937, 0.01163256, -0.0009877414, 0.001046232, -1.829217E-05, 0.004037329, -0.0001144416, 0.0005187925, -0.9999973, -0.001602447
 246631308, 0.0001141363, 0.01154294, -0.0002783425, 0.00104407, 7.151446E-05, 0.004674052, -0.0001698792, 0.0005187925, -0.9999974, -0.001605879
 246831228, 8.6254E-05, 0.0115366, -0.0003111762, 0.00104407, -0.0001871779, 0.003819441, -0.0006587647, 0.0005187925, -0.9999974, -0.001606586
 247031148, -0.0002518656, 0.01133272, -0.0006043628, 0.00104407, -4.79943E-05, 0.004391978, 0.0004416153, 0.0005187925, -0.9999974, -0.001608144
 247231068, -0.0002848862, 0.01185747, 0.0005021375, 0.00104407, 3.353098E-05, 0.004311654, 4.100232E-05, 0.0005187925, -0.9999974, -0.001609307
 247430988, -3.652176E-05, 0.0117353, 3.24334E-05, 0.00104407, -4.185023E-05, 0.004245686, 0.0002683686, 0.0005187925, -0.9999974, -0.001608442
 247630908, -0.0001354009, 0.01164238, -0.0190785, 0.00104407, 2.4787E-05, 0.004355293, -0.01687059, 0.0005187925, -0.9999974, -0.001608412
 247830828, 0.0007300687, 0.01219086, -0.3165133, 0.00104407, 0.0003674059, 0.004592749, -0.0888437, 0.0005187925, -0.9999974, -0.001606999
 248030748, 0.0001270173, 0.01179363, -0.02040927, 0.00104407, -0.0003945945, 0.004014632, 0.06965775, 0.0005187925, -0.9999974, -0.001604776
 248230668, -0.000752971, 0.01110922, -0.06827137, 0.00104407, 3.581756E-05, 0.004459385, -0.4001254, 0.0005187925, -0.9999985, -0.001618104
 248431421, -0.005571879, 0.005570513, -1.731139, 0.001046232, -0.005946227, -0.001877022, -0.6468199, 0.0005209541, -0.9999897, -0.001746988
 248631341, -0.02111503, -0.01108099, -1.070964, 0.001046232, -0.009811109, -0.00660204, -0.09074803, 0.0005187925, -0.9999734, -0.001911894
 248831261, -0.02701811, -0.0175265, -0.2183918, 0.00104407, -0.009923267, -0.005972628, -0.09794927, 0.0005187925, -0.9999694, -0.002062377
 249031181, -0.02540169, -0.01472738, -0.3388039, 0.00104407, -0.008478759, -0.004530777, -0.1474615, 0.0005187925, -0.9999709, -0.002210596
 249231101, -0.02204988, -0.01030928, -0.3766536, 0.00104407, -0.007238366, -0.002868537, -0.1197363, 0.0005187925, -0.9999732, -0.002356618
 249431021, -0.01883689, -0.005974971, -0.3015788, 0.00104407, -0.006352401, -0.001351661, -0.09831695, 0.0005187925, -0.9999756, -0.002497234
 249630941, -0.01605953, -0.002064336, -0.2578316, 0.00104407, -0.005248265, -0.0001956591, -0.08836773, 0.0005187925, -0.9999776, -0.002636051
 249830861, -0.01323032, 0.0007353966, -0.2309572, 0.00104407, -0.004062616, 0.0007726868, -0.07828046, 0.0005187925, -0.9999794, -0.002765242
 250030781, -0.0107281, 0.003343682, -0.2030491, 0.00104407, -0.00359724, 0.00177628, -0.06788832, 0.0005187925, -0.999981, -0.002887963
 250230701, -0.00902817, 0.005825579, -0.1771099, 0.00104407, -0.003109998, 0.002559823, -0.05967411, 0.0005187925, -0.9999821, -0.002999711
 250431454, -0.00754635, 0.007405923, -0.1559839, 0.001046232, -0.002243696, 0.002830338, -0.05257505, 0.0005209541, -0.9999826, -0.00309473
 250631374, -0.005472758, 0.008464807, -0.1369072, 0.001046232, -0.001839137, 0.003129083, -0.04631764, 0.0005187925, -0.9999827, -0.003191016
 250831294, -0.004583787, 0.009124767, -0.1193533, 0.00104407, -0.001625956, 0.003485538, -0.03974773, 0.0005187925, -0.9999822, -0.003370704
 251031214, -0.004023683, 0.009398372, -0.1038112, 0.00104407, -0.001224927, 0.003311597, -0.03505247, 0.0005187925, -0.9999795, -0.00383115
 251231134, -0.003557279, 0.008496668, -0.09211941, 0.00104407, -0.001391585, 0.002756832, -0.03149276, 0.0005187925, -0.9999752, -0.004387266
 251431054, -0.003793353, 0.007560907, -0.08162962, 0.00104407, -0.001206777, 0.002686541, -0.0278008, 0.0005187925, -0.9999708, -0.004912212
 251630974, -0.003630854, 0.006853758, -0.07192008, 0.00104407, -0.001558748, 0.002452239, -0.02437683, 0.0005187925, -0.9999663, -0.005409068
 251830894, -0.003682214, 0.006596795, -0.06304803, 0.00104407, -0.001121013, 0.002192479, -0.02120584, 0.0005187925, -0.9999617, -0.005878759
 252030814, -0.003427349, 0.005805146, -0.05507432, 0.00104407, -0.001388017, 0.002006332, -0.01837801, 0.0005187925, -0.999957, -0.006330092
 252230734, -0.003140412, 0.00535613, -0.04812126, 0.00104407, -0.0009624211, 0.002029869, -0.01620467, 0.0005187925, -0.9999522, -0.006761828
 252430654, -0.002558537, 0.005331492, -0.04233535, 0.00104407, -0.0006815457, 0.001838345, -0.01451949, 0.0005187925, -0.9999476, -0.007172319
 252631407, -0.001442914, 0.005208294, -0.03760267, 0.001046232, -7.397955E-05, 0.001995703, -0.01277084, 0.0005209541, -0.9999449, -0.007555312
 252831327, -0.0002010295, 0.005989209, -0.03326617, 0.001046232, -0.0003489072, 0.002483467, -0.01113397, 0.0005187925, -0.9999434, -0.007905924
 253031247, -0.0001053163, 0.007475031, -0.02860962, 0.00104407, 0.0002238981, 0.002919261, -0.009615827, 0.0005187925, -0.9999419, -0.008235743
 253231167, 0.001027386, 0.008527935, -0.02526562, 0.00104407, 0.0006801545, 0.003469295, -0.008459267, 0.0005187925, -0.9999402, -0.008548192
 253431087, 0.001737779, 0.009555676, -0.02159457, 0.00104407, 0.000977405, 0.003795594, -0.007144505, 0.0005187925, -0.9999381, -0.008935142
 253631007, 0.002039188, 0.01084047, -0.01886876, 0.00104407, 0.0007326156, 0.004286216, -0.006593568, 0.0005187925, -0.9999357, -0.009459696
 253830927, 0.001824036, 0.01240803, -0.01732787, 0.00104407, 0.0003266484, 0.005164438, -0.005986468, 0.0005187925, -0.999933, -0.009965792
 254030847, 0.001306361, 0.01403436, -0.0153608, 0.00104407, 0.0004331752, 0.004830372, -0.005179323, 0.0005187925, -0.9999301, -0.01044438
 254230767, 0.001266594, 0.01412453, -0.01331189, 0.00104407, 0.0006780609, 0.005627824, -0.004509273, 0.0005187925, -0.9999269, -0.01089663
 254430687, 0.001335535, 0.01531374, -0.01165545, 0.00104407, 0.0002449224, 0.005413305, -0.003594412, 0.0005187925, -0.9999237, -0.01132309
 254631440, 0.001012656, 0.01564825, -0.01012291, 0.001046232, 0.0004862639, 0.006187202, -0.003596091, 0.0005209541, -0.9999204, -0.01172834
 254831360, 0.0009906185, 0.01676729, -0.009236591, 0.001046232, 0.000179702, 0.006492347, -0.00298518, 0.0005187925, -0.999917, -0.01210834
 255031280, 0.002486413, 0.01851047, 0.3405844, 0.00104407, 0.00223974, 0.007566595, 0.3933911, 0.0005187925, -0.9999122, -0.01253454
 255231200, 0.005746644, 0.02014036, 1.018289, 0.00104407, 0.001567026, 0.00715714, 0.3409639, 0.0005187925, -0.9999056, -0.01302554
 255431120, 0.004640046, 0.01912181, 0.8874209, 0.00104407, 0.001516041, 0.006712759, 0.2994859, 0.0005187925, -0.9998991, -0.01348905
 255631040, 0.004132534, 0.01790742, 0.7799661, 0.00104407, 0.00148978, 0.006564105, 0.263317, 0.0005187925, -0.9998929, -0.01392594
 255830960, 0.003674462, 0.01723771, 0.6849234, 0.00104407, 0.001112667, 0.006324701, 0.2308236, 0.0005187925, -0.9998861, -0.01435612
 256030880, 0.003180644, 0.01639918, 0.6005985, 0.00104407, 0.001247744, 0.005596986, 0.2027366, 0.0005187925, -0.9998794, -0.014764
 256230800, 0.00272944, 0.01483648, 0.4964085, 0.00104407, 0.0008975559, 0.005230946, 0.1476543, 0.0005187925, -0.9998739, -0.01519628
 256430720, 0.007140514, 0.01701628, 0.3816244, 0.00104407, 0.005392143, 0.008102772, 0.1279847, 0.0005187925, -0.9998745, -0.01574367
 256631473, 0.01978431, 0.02442117, 0.331384, 0.001046232, 0.009776226, 0.01023822, 0.1098004, 0.0005209541, -0.9998668, -0.01630059
 256831393, 0.02710287, 0.02877467, 0.2745364, 0.001046232, 0.009834549, 0.01046821, 0.08695789, 0.0005187925, -0.9998561, -0.01684897
 257031313, 0.02408363, 0.03074437, 0.2164757, 0.00104407, 0.006955507, 0.01264963, 0.06725189, 0.0005187925, -0.999838, -0.01734043
 257231233, 0.01789042, 0.03845752, 0.1664933, 0.00104407, 0.006038859, 0.01642816, 0.05071184, 0.0005187925, -0.9997997, -0.01781056
 257431153, 0.01643391, 0.04663882, 0.1256777, 0.00104407, 0.005689453, 0.01782498, 0.03860416, 0.0005187925, -0.9997633, -0.0182693
 257631073, 0.01570801, 0.0486367, 0.09401276, 0.00104407, 0.005831887, 0.01752066, 0.02852435, 0.0005187925, -0.9997441, -0.01868555
 257830993, 0.01439324, 0.04575974, 0.06987154, 0.00104407, 0.004437536, 0.01541185, 0.02131173, 0.0005187925, -0.9997416, -0.01909035
 258030913, 0.01064961, 0.03997072, 0.05211939, 0.00104407, 0.003337354, 0.01332474, 0.01624611, 0.0005187925, -0.9997411, -0.0194819
 258230833, 0.007109452, 0.0345587, 0.03960879, 0.00104407, 0.001715266, 0.01156386, 0.01274726, 0.0005187925, -0.9997426, -0.01984366
 258430753, 0.003941777, 0.02981232, 0.03086556, 0.00104407, 0.001053982, 0.009936325, 0.009338272, 0.0005187925, -0.9997422, -0.02025356
 258630673, 0.00241521, 0.02525253, 0.02320137, 0.00104407, 0.000382818, 0.008236291, 0.006651823, 0.0005187925, -0.999744, -0.02064702
 258831426, 0.002021504, 0.02087143, 0.01726243, 0.001046232, 0.001294638, 0.007072392, 0.004732445, 0.0005209541, -0.9997444, -0.02105398
 259031346, 0.003050484, 0.01667534, 0.01302892, 0.001046232, 0.0006826196, 0.00513476, 0.004151692, 0.0005187925, -0.999746, -0.02142868
 259231266, 0.001046465, 0.01209928, 0.01085611, 0.00104407, 1.778765E-05, 0.003462845, 0.003710137, 0.0005187925, -0.9997457, -0.02177588
 259431186, -0.000694497, 0.008927269, 0.009219976, 0.00104407, -0.0008255448, 0.003056583, 0.0027139, 0.0005187925, -0.9997414, -0.02212881
 259631106, -0.001249377, 0.007739501, 0.006913137, 0.00104407, -0.0002146952, 0.002589142, 0.001895156, 0.0005187925, -0.9997369, -0.02246659
 259831026, 0.0002352735, 0.006119253, 0.004557416, 0.00104407, 0.0001382301, 0.00180235, 0.0008479801, 0.0005187925, -0.9997281, -0.02302827
 260030946, -0.0001017999, 0.0040917, 0.002567178, 0.00104407, -0.0001919283, 0.0009331272, -1.311255E-05, 0.0005187925, -0.9997201, -0.02348017
 260230866, -0.0006937157, 0.002746631, 0.001322999, 0.00104407, -0.000423968, 0.001293676, 0.0002615907, 0.0005187925, -0.9997124, -0.02385139
 260430786, -0.001076601, 0.003148596, 0.0007022994, 0.00104407, -0.0004298491, 0.001185202, -0.0002048984, 0.0005187925, -0.9997053, -0.02417327
 260630706, -0.001056424, 0.003500085, 4.799952E-05, 0.00104407, -0.0005824408, 0.001908425, 1.760613E-05, 0.0005187925, -0.9996974, -0.02447551
 260831459, -0.001708916, 0.005446677, 9.277921E-05, 0.001046232, -0.0003758728, 0.002294004, 2.290089E-05, 0.0005209541, -0.9996889, -0.02479725
 261031379, -0.0009813602, 0.006240624, -0.0007482903, 0.001046232, -0.0002457225, 0.002290094, -0.001488121, 0.0005187925, -0.9996811, -0.02513754
 261231299, 0.00104564, 0.006049138, -0.002536131, 0.00104407, 0.001027929, 0.002037417, -0.0009161609, 0.0005187925, -0.9996691, -0.02564596
 261431219, 0.0027977, 0.005952721, -0.002653406, 0.00104407, 0.0008498433, 0.002552082, -0.001716743, 0.0005187925, -0.9996545, -0.02620249
 261631139, 0.001506372, 0.006453777, -0.003301542, 0.00104407, 7.164486E-05, 0.002137881, -0.001775237, 0.0005187925, -0.9996433, -0.02664698
 261831059, 0.0006141472, 0.006067316, -0.003054154, 0.00104407, 0.0002767092, 0.002480057, -0.001165795, 0.0005187925, -0.9996336, -0.02701605
 262030979, 0.001075272, 0.006944544, -0.002654172, 0.00104407, 0.0001627255, 0.002650684, -0.00131846, 0.0005187925, -0.9996248, -0.02733278
 262230899, 0.0007245311, 0.007950657, -0.002774551, 0.00104407, 0.0003138304, 0.003238831, -0.001186446, 0.0005187925, -0.9996133, -0.02772652
 262430819, 0.0006973332, 0.008846823, -0.002457107, 0.00104407, 0.0002025706, 0.003156493, -0.001244913, 0.0005187925, -0.9996026, -0.02817513
 262630739, 0.00101091, -0.006488715, -0.002105576, 0.00104407, 0.000431486, -0.01227617, -0.0009188039, 0.0005187925, -0.9994763, -0.02839197
 262830659, 0.001121687, -0.06214745, -0.001514348, 0.00104407, 0.0001798574, -0.03730145, -0.0004392344, 0.0005187925, -0.9987636, -0.02829195
 263031412, -0.0004268296, -0.1211238, 0.0001309992, 0.001046232, -0.0003484799, -0.05171488, 0.0006098215, 0.0005209541, -0.9979855, -0.02810917
 263231332, -0.001242065, -0.1401781, 0.0003537955, 0.001046232, -0.0007999808, -0.04875405, -0.0006905213, 0.0005187925, -0.9978398, -0.02829066
 263431252, -0.001042195, -0.1249488, -0.002105818, 0.00104407, -0.0004268988, -0.04093591, -0.0007368692, 0.0005187925, -0.99788, -0.02884841
 263631172, -0.0004485373, -0.1084868, -0.002059391, 0.00104407, 0.000187624, -0.03815199, -0.0008923394, 0.0005187925, -0.9976467, -0.02951901
 263831092, -9.209204E-05, -0.1065021, -0.001791049, 0.00104407, -0.0005381067, -0.03995376, -9.390888E-05, 0.0005187925, -0.9971063, -0.03006763
 264031012, -0.001538884, -0.1138945, -0.0006324228, 0.00104407, -0.0003771176, -0.04336051, -0.0006516197, 0.0005187925, -0.9964256, -0.03057523
 264230932, -0.0005041772, -0.1213448, -0.001789614, 0.00104407, -0.0002266743, -0.04525843, -0.0009356022, 0.0005187925, -0.9957658, -0.03110892
 264430852, 7.839643E-05, -0.1239591, -0.001644646, 0.00104407, -8.406632E-05, -0.04462946, -0.0007198075, 0.0005187925, -0.9951462, -0.0315657
 264630772, 0.0001608004, -0.123217, -0.0001747039, 0.00104407, -9.809545E-06, -0.04505694, -0.0005045303, 0.0005187925, -0.994432, -0.03211536
 264830692, -0.0003785137, -0.1240038, -0.001002087, 0.00104407, -0.0005776408, -0.04542693, -0.0004598935, 0.0005187925, -0.9936262, -0.03265779
 265031445, -0.00200866, -0.1255195, -0.001497585, 0.001046232, -0.00053834, -0.04621711, -0.0005198874, 0.0005209541, -0.992677, -0.03331801
 265231365, -0.001243702, -0.1271356, 0.0001708125, 0.001046232, -3.576421E-05, -0.04664527, 0.0005138093, 0.0005187925, -0.9916353, -0.03411508
 265431285, 0.0002981925, -0.1293061, 0.0001517116, 0.00104407, 0.0003356617, -0.04781152, -0.0006802638, 0.0005187925, -0.9904524, -0.03503327
 265631205, 0.001449711, -0.1319593, -0.002186677, 0.00104407, 0.0002744923, -0.04852334, -0.001058694, 0.0005187925, -0.9891567, -0.03605106
 265831125, 0.0004781345, -0.1340081, -0.002195077, 0.00104407, -0.0003542129, -0.04896752, -0.001200635, 0.0005187925, -0.9877756, -0.03708167
 266031045, -0.000311981, -0.135106, -0.002792904, 0.00104407, 0.0001764227, -0.04939534, -0.001673796, 0.0005187925, -0.9863068, -0.03811214
 266230965, 0.0009370396, -0.1359912, -0.003575805, 0.00104407, 0.0007080529, -0.0495817, -0.001525694, 0.0005187925, -0.9847152, -0.03929761
 266430885, 0.002248027, -0.1368139, -0.002883875, 0.00104407, 0.001254628, -0.05060879, -0.001117115, 0.0005187925, -0.9829088, -0.04047824
 266630805, 0.002730736, -0.139654, -0.002385051, 0.00104407, 0.0007338754, -0.05148471, -0.001039923, 0.0005187925, -0.9809417, -0.04168392
 266830725, 0.002379583, -0.1413611, -0.002823036, 0.00104407, 0.001092343, -0.05127656, -0.0006320904, 0.0005187925, -0.9789373, -0.0429265
 267031478, 0.003433731, -0.1411469, -0.003133901, 0.001046232, 0.001550374, -0.05167776, -0.001558334, 0.0005209541, -0.9768358, -0.04425262
 267231398, 0.003454404, -0.140901, -0.00384698, 0.001046232, 0.0007315431, -0.05093832, -0.001215663, 0.0005187925, -0.9745598, -0.04568229
 267431318, 0.002101677, -0.1408683, -0.00424565, 0.00104407, 0.0007268829, -0.05170901, -0.001650785, 0.0005187925, -0.972061, -0.04724706
 267631238, 0.002426546, -0.1423216, -0.004806937, 0.00104407, 0.0008924142, -0.05191194, -0.002193021, 0.0005187925, -0.9694059, -0.04889334
 267831158, 0.003738128, -0.1427066, -0.005788186, 0.00104407, 0.001964002, -0.05224849, -0.002157739, 0.0005187925, -0.9665779, -0.05053315
 268031078, 0.005910431, -0.144092, -0.006442651, 0.00104407, 0.002544464, -0.05266703, -0.002397422, 0.0005187925, -0.9635478, -0.052178
 268230998, 0.00688776, -0.1448927, -0.006741106, 0.00104407, 0.002684529, -0.05281551, -0.002799293, 0.0005187925, -0.9603782, -0.05387671
 268430918, 0.007165554, -0.1462022, -0.007724619, 0.00104407, 0.002525065, -0.05363373, -0.003309307, 0.0005187925, -0.9570332, -0.05557278
 268630838, 0.008107117, -0.1470491, -0.008534092, 0.00104407, 0.003655128, -0.05340355, -0.003274144, 0.0005187925, -0.9535677, -0.05730893
 268830758, 0.009597654, -0.1470924, -0.008649265, 0.00104407, 0.003540542, -0.05374663, -0.00347505, 0.0005187925, -0.9499143, -0.05910217
 269030678, 0.01042992, -0.1476243, -0.01003702, 0.00104407, 0.003990009, -0.05368618, -0.004128727, 0.0005187925, -0.9461185, -0.0609328
 269231431, 0.01149141, -0.1480621, -0.01097523, 0.001046232, 0.00442875, -0.05424581, -0.004074579, 0.0005209541, -0.9420984, -0.06282634
 269431351, 0.01269099, -0.14844, -0.01135485, 0.001046232, 0.004694661, -0.05449538, -0.004491386, 0.0005187925, -0.937882, -0.06477632
 269631271, 0.01320255, -0.1493224, -0.01213091, 0.00104407, 0.00492092, -0.05472027, -0.005094927, 0.0005187925, -0.9334807, -0.06678993
 269831191, 0.01381731, -0.1503084, -0.01336819, 0.00104407, 0.005292604, -0.05493623, -0.00495526, 0.0005187925, -0.9288601, -0.06891434
 270031111, 0.01453769, -0.1512201, -0.01362267, 0.00104407, 0.005436355, -0.05559999, -0.005397623, 0.0005187925, -0.9240326, -0.0711416
 270231031, 0.0152834, -0.1527284, -0.01458159, 0.00104407, 0.005755298, -0.05576071, -0.006179249, 0.0005187925, -0.9190881, -0.07342678
 270430951, 0.01668663, -0.1531956, -0.01615159, 0.00104407, 0.006523136, -0.05665861, -0.006600527, 0.0005187925, -0.9140087, -0.07584011
 270630871, 0.01858438, -0.154466, -0.01717819, 0.00104407, 0.006969073, -0.05641539, -0.006482549, 0.0005187925, -0.9086434, -0.07835566
 270830791, 0.01988291, -0.1553904, -0.01736804, 0.00104407, 0.007393509, -0.05738977, -0.00716208, 0.0005187925, -0.9031721, -0.08090412
 271030711, 0.0204203, -0.1566452, -0.01901279, 0.00104407, 0.007331393, -0.05722407, -0.007853685, 0.0005187925, -0.8976882, -0.08350031
 271231464, 0.02041452, -0.1563919, -0.02040209, 0.001046232, 0.007511179, -0.05701013, -0.008072771, 0.0005209541, -0.8920267, -0.08616656
 271431384, 0.02068883, -0.1558891, -0.02102536, 0.001046232, 0.007797512, -0.05695518, -0.008498762, 0.0005187925, -0.8861553, -0.08897716
 271631304, 0.02220728, -0.1572035, -0.0219126, 0.00104407, 0.008565489, -0.05831423, -0.00848675, 0.0005187925, -0.8799723, -0.09182229
 271831224, 0.02441681, -0.1591217, -0.02245686, 0.00104407, 0.009144497, -0.05794589, -0.008983705, 0.0005187925, -0.8739287, -0.09473222
 272031144, 0.02587305, -0.1583379, -0.02363105, 0.00104407, 0.009656615, -0.05771819, -0.009113505, 0.0005187925, -0.867836, -0.09768176
 272231064, 0.02719469, -0.1577082, -0.02449737, 0.00104407, 0.01035716, -0.05753056, -0.009564714, 0.0005187925, -0.861511, -0.1006693
 272430984, 0.02875037, -0.1580105, -0.0255837, 0.00104407, 0.01076991, -0.05825457, -0.0098122, 0.0005187925, -0.854959, -0.1036699
 272630904, 0.0301765, -0.1594716, -0.02666414, 0.00104407, 0.0108643, -0.05836597, -0.01059716, 0.0005187925, -0.8483766, -0.1066845
 272830824, 0.03114918, -0.1598484, -0.02798917, 0.00104407, 0.01189047, -0.05848239, -0.01114274, 0.0005187925, -0.8417668, -0.1096924
 273030744, 0.0337124, -0.1602476, -0.02918593, 0.00104407, 0.01314885, -0.05900915, -0.0116098, 0.0005187925, -0.8353161, -0.1127179
 273230664, 0.03756569, -0.1497901, -0.03366435, 0.00104407, 0.01499465, -0.04701526, -0.01468233, 0.0005187925, -0.8341036, -0.1161899
 273431417, 0.02672, -0.09863526, -0.04170788, 0.001046232, -0.0005454407, -0.02010645, -0.01714808, 0.0005209541, -0.8363926, -0.1200241
 273631337, -0.03798232, -0.02647712, -0.04387038, 0.001046232, -0.03300272, 0.00275132, -0.01567846, 0.0005187925, -0.8358604, -0.1238331
 273831257, -0.1153189, 0.0169171, -0.0385575, 0.00104407, -0.0522786, 0.008451159, -0.01338975, 0.0005187925, -0.8305308, -0.1269491
 274031177, -0.140868, 0.01614504, -0.03364384, 0.00104407, -0.04792993, 0.0004713466, -0.01238231, 0.0005187925, -0.8225249, -0.1300793
 274231097, -0.116628, -0.008154224, -0.03283988, 0.00104407, -0.03479475, -0.008510022, -0.0129846, 0.0005187925, -0.8149432, -0.133853
 274431017, -0.08705105, -0.02425445, -0.03517143, 0.00104407, -0.02855815, -0.00931882, -0.01418651, 0.0005187925, -0.8095808, -0.1379976
 274630937, -0.08050219, -0.01873287, -0.03823869, 0.00104407, -0.03135172, -0.003693824, -0.01486818, 0.0005187925, -0.805662, -0.1416597
 274830857, -0.09221503, -0.002436175, -0.03891324, 0.00104407, -0.03667328, 0.001787175, -0.01482227, 0.0005187925, -0.8014359, -0.1442493
 275030777, -0.1034336, 0.007982517, -0.0379962, 0.00104407, -0.03866187, 0.002888278, -0.01373288, 0.0005187925, -0.7963313, -0.1456507
 275230697, -0.1051721, 0.008238043, -0.03574137, 0.00104407, -0.03763089, 0.001865333, -0.01369587, 0.0005187925, -0.790814, -0.1461035
 275431450, -0.1024526, 0.005866957, -0.03502171, 0.001046232, -0.03714984, 0.001834952, -0.01257317, 0.0005209541, -0.785739, -0.1459331
 275631370, -0.1024916, 0.007357362, -0.03324657, 0.001046232, -0.03782265, 0.003146394, -0.01227412, 0.0005187925, -0.7812996, -0.14537
 275831290, -0.1057208, 0.01203094, -0.03281794, 0.00104407, -0.03956581, 0.005173946, -0.01280088, 0.0005187925, -0.7771873, -0.1445579
 276031210, -0.1094802, 0.01800408, -0.03274003, 0.00104407, -0.03995543, 0.007078634, -0.01234776, 0.0005187925, -0.7729604, -0.1436348
 276231130, -0.109055, 0.02162255, -0.03135011, 0.00104407, -0.039528, 0.008030582, -0.01152377, 0.0005187925, -0.7685453, -0.1426471
 276431050, -0.1070467, 0.02359835, -0.0300484, 0.00104407, -0.0386096, 0.008534376, -0.0111479, 0.0005187925, -0.7642635, -0.1416657
 276630970, -0.1057007, 0.02582088, -0.02950434, 0.00104407, -0.03906138, 0.01003611, -0.01078252, 0.0005187925, -0.7601455, -0.1406812
 276830890, -0.1074252, 0.02922715, -0.02886607, 0.00104407, -0.03983201, 0.01089819, -0.01103384, 0.0005187925, -0.7561268, -0.1394006
 277030810, -0.1095057, 0.03229414, -0.0289333, 0.00104407, -0.04014289, 0.01203914, -0.01110707, 0.0005187925, -0.7522931, -0.1378052
 277230730, -0.1104382, 0.03530204, -0.02835787, 0.00104407, -0.04054491, 0.01303687, -0.01071341, 0.0005187925, -0.7486479, -0.1359407
 277431483, -0.111419, 0.03804423, -0.02872976, 0.001046232, -0.04118806, 0.01409387, -0.01123457, 0.0005209541, -0.7451041, -0.1338063
 277631403, -0.1126755, 0.04073929, -0.02935981, 0.001046232, -0.04132596, 0.01512105, -0.0111048, 0.0005187925, -0.7417179, -0.1315053
 277831323, -0.1138934, 0.04392042, -0.02942437, 0.00104407, -0.04178366, 0.01616152, -0.01096256, 0.0005187925, -0.7385203, -0.1291156
 278031243, -0.1150916, 0.04664484, -0.02953722, 0.00104407, -0.04262732, 0.01700611, -0.01161605, 0.0005187925, -0.7353566, -0.1266194
 278231163, -0.1164535, 0.04879434, -0.03044718, 0.00104407, -0.04261338, 0.01766512, -0.01175418, 0.0005187925, -0.7323326, -0.1241067
 278431083, -0.1170582, 0.05097647, -0.03133932, 0.00104407, -0.04317313, 0.01860273, -0.01202752, 0.0005187925, -0.7295114, -0.1216158
 278631003, -0.1149829, 0.05962072, -0.03429704, 0.00104407, -0.03974187, 0.02729273, -0.0149433, 0.0005187925, -0.7305822, -0.1205011
 278830923, -0.09634043, 0.1006489, -0.04380346, 0.00104407, -0.02783835, 0.05018551, -0.01890477, 0.0005187925, -0.7364379, -0.120526
 279030843, -0.06011114, 0.1724487, -0.0497365, 0.00104407, -0.01407856, 0.07948083, -0.01803187, 0.0005187925, -0.7436421, -0.1198323
 279230763, -0.02463595, 0.2467236, -0.04591234, 0.00104407, -0.002781292, 0.1028568, -0.01600787, 0.0005187925, -0.7496176, -0.117363
 279430683, 0.001145789, 0.3012089, -0.03949679, 0.00104407, 0.004508333, 0.1179374, -0.0136578, 0.0005187925, -0.7536412, -0.1133076
 279631436, 0.01635394, 0.3348687, -0.03324153, 0.001046232, 0.007600576, 0.1263014, -0.01160094, 0.0005209541, -0.7563201, -0.1085728
 279831356, 0.02419524, 0.3524816, -0.02866595, 0.001046232, 0.0102282, 0.1308032, -0.01004092, 0.0005187925, -0.7583569, -0.1040637
 280031276, 0.03245785, 0.3632635, -0.02523068, 0.00104407, 0.01412753, 0.1340623, -0.00889561, 0.0005187925, -0.759928, -0.1000695
 280231196, 0.04411059, 0.3709749, -0.02168328, 0.00104407, 0.01875087, 0.136606, -0.007517428, 0.0005187925, -0.7614132, -0.09672011
 280431116, 0.05711606, 0.3774943, -0.01763145, 0.00104407, 0.02337327, 0.1389238, -0.005597627, 0.0005187925, -0.7627628, -0.09361421
 280631036, 0.06912793, 0.3833993, -0.01134972, 0.00104407, 0.02720028, 0.140532, -0.002766742, 0.0005187925, -0.7638855, -0.0903289
 280830956, 0.07646541, 0.386085, -0.004097832, 0.00104407, 0.02851461, 0.1401534, -0.0005002415, 0.0005187925, -0.7647146, -0.08650697
 281030876, 0.07847305, 0.3846869, 0.003230096, 0.00104407, 0.02801251, 0.1393608, 0.002175692, 0.0005187925, -0.7655318, -0.08211512
 281230796, 0.07644769, 0.3813324, 0.01011513, 0.00104407, 0.02702499, 0.1380231, 0.004643745, 0.0005187925, -0.7664384, -0.07717852
 281430716, 0.07354194, 0.3769086, 0.01638118, 0.00104407, 0.02610382, 0.1364297, 0.007299137, 0.0005187925, -0.7673235, -0.07180119
 281631469, 0.06936555, 0.3716243, 0.02233861, 0.001046232, 0.02381959, 0.1337643, 0.009300203, 0.0005209541, -0.7683097, -0.06625561
 281831389, 0.06303547, 0.362218, 0.02677869, 0.001046232, 0.02193056, 0.1296384, 0.01050902, 0.0005187925, -0.7692486, -0.06084668
 282031309, 0.05709352, 0.3512691, 0.02946702, 0.00104407, 0.01934353, 0.1254585, 0.01116937, 0.0005187925, -0.7699271, -0.05547266
 282231229, 0.05041354, 0.3390189, 0.03124711, 0.00104407, 0.01726477, 0.1211442, 0.01195616, 0.0005187925, -0.770867, -0.05048186
 282431149, 0.04422388, 0.3272468, 0.03127892, 0.00104407, 0.01483169, 0.1168528, 0.01123735, 0.0005187925, -0.7719883, -0.04579849
 282631069, 0.03861282, 0.3148776, 0.02954061, 0.00104407, 0.01300495, 0.111902, 0.01006189, 0.0005187925, -0.7732185, -0.04121265
 282830989, 0.03394599, 0.3027233, 0.0266144, 0.00104407, 0.01113437, 0.1073399, 0.008857889, 0.0005187925, -0.7746633, -0.03669177
 283030909, 0.02828351, 0.2904229, 0.02321989, 0.00104407, 0.008524262, 0.1030171, 0.007321774, 0.0005187925, -0.7765329, -0.03222656
 283230829, 0.021206, 0.2817139, 0.01893627, 0.00104407, 0.006505435, 0.1017991, 0.005991534, 0.0005187925, -0.7792085, -0.02798995
 283430749, 0.01639498, 0.2782689, 0.01562914, 0.00104407, 0.005469254, 0.1011411, 0.005576366, 0.0005187925, -0.7821993, -0.02361311
 283630669, 0.01312011, 0.2759165, 0.01310955, 0.00104407, 0.004174901, 0.09980358, 0.003743765, 0.0005187925, -0.7855341, -0.01926405
 283831422, 0.008280034, 0.2798867, 0.008357904, 0.001046232, 0.0005821508, 0.1056069, 0.001438235, 0.0005209541, -0.7914068, -0.01598978
 284031342, 0.001807051, 0.2993736, 0.002401158, 0.001046232, 0.001130955, 0.1137049, -0.0006109166, 0.0005187925, -0.7982352, -0.01248214
 284231262, 0.01065566, 0.3167734, -0.002296217, 0.00104407, 0.007908889, 0.1170363, -0.002404206, 0.0005187925, -0.8042424, -0.007579751
 284431182, 0.03144209, 0.3218341, -0.005486758, 0.00104407, 0.0158945, 0.1171204, -0.002203505, 0.0005187925, -0.8095676, -0.002316186
 284631102, 0.04739387, 0.3227484, -0.006659079, 0.00104407, 0.01883497, 0.1178171, -0.003194936, 0.0005187925, -0.8150256, 0.002373657
 284831022, 0.05214674, 0.3255303, -0.008843417, 0.00104407, 0.01840828, 0.1190592, -0.004169059, 0.0005187925, -0.8205663, 0.006560159
 285030942, 0.05026026, 0.3276772, -0.01053951, 0.00104407, 0.01762299, 0.1192476, -0.004618286, 0.0005187925, -0.8258906, 0.01050574
 285230862, 0.04964189, 0.3267886, -0.01214952, 0.00104407, 0.01819691, 0.118298, -0.005300214, 0.0005187925, -0.8309968, 0.01439669
 285430782, 0.05184869, 0.323716, -0.01409268, 0.00104407, 0.01950116, 0.1169282, -0.005823379, 0.0005187925, -0.8360793, 0.01830923
 285630702, 0.05339523, 0.3205975, -0.01419486, 0.00104407, 0.01831047, 0.1160244, -0.00510145, 0.0005187925, -0.8412453, 0.02230279
 285831455, 0.05004627, 0.3182793, -0.01461621, 0.001046232, 0.01785606, 0.1154928, -0.006174393, 0.0005209541, -0.8467627, 0.02637027
 286031375, 0.04764689, 0.3161765, -0.01613847, 0.001046232, 0.01618825, 0.1152822, -0.006608714, 0.0005187925, -0.8527483, 0.03054823
 286231295, 0.0441514, 0.3169175, -0.01633493, 0.00104407, 0.01482585, 0.1152787, -0.00671157, 0.0005187925, -0.8588777, 0.03503652
 286431215, 0.04098658, 0.315897, -0.01676683, 0.00104407, 0.01376627, 0.1145667, -0.006438961, 0.0005187925, -0.8649251, 0.03978353
 286631135, 0.03802407, 0.3135369, -0.01693852, 0.00104407, 0.01249318, 0.1136347, -0.006978571, 0.0005187925, -0.8710511, 0.0444974
 286831055, 0.0373635, 0.3125052, -0.0185277, 0.00104407, 0.01468267, 0.1139104, -0.007332643, 0.0005187925, -0.8775308, 0.04890962
 287030975, 0.04228212, 0.3112417, -0.01846588, 0.00104407, 0.01553896, 0.111964, -0.006669042, 0.0005187925, -0.8832952, 0.05437144
 287230895, 0.04147553, 0.3041719, -0.01737809, 0.00104407, 0.01394799, 0.1090438, -0.006559102, 0.0005187925, -0.8889462, 0.05945588
 287430815, 0.0356131, 0.298219, -0.01782365, 0.00104407, 0.01128062, 0.1077896, -0.007273018, 0.0005187925, -0.8950152, 0.06379987
 287630735, 0.03186508, 0.2960665, -0.01956601, 0.00104407, 0.01105905, 0.107323, -0.007683072, 0.0005187925, -0.9010551, 0.0681405
 287830655, 0.03155538, 0.2939833, -0.02045056, 0.00104407, 0.01091258, 0.1064778, -0.007678052, 0.0005187925, -0.9069074, 0.07268189
 288031408, 0.02970896, 0.2910254, -0.02056685, 0.001046232, 0.009631386, 0.104951, -0.008550326, 0.0005209541, -0.9126871, 0.07713863
 288231328, 0.02536405, 0.2866652, -0.02264655, 0.001046232, 0.007935931, 0.1040361, -0.008878408, 0.0005187925, -0.9185476, 0.08144524
 288431248, 0.02217968, 0.2846533, -0.02351308, 0.00104407, 0.00742244, 0.1031541, -0.009075014, 0.0005187925, -0.9244167, 0.08572052
 288631168, 0.02148421, 0.2830207, -0.02411347, 0.00104407, 0.007208755, 0.1023412, -0.009329539, 0.0005187925, -0.930048, 0.09008856
 288831088, 0.01950253, 0.2804053, -0.02466395, 0.00104407, 0.005766651, 0.1015193, -0.009965562, 0.0005187925, -0.9355094, 0.09439023
 289031008, 0.01616511, 0.2776432, -0.02615293, 0.00104407, 0.004715798, 0.100402, -0.01023421, 0.0005187925, -0.940868, 0.0986381
 289230928, 0.01378517, 0.2758023, -0.02653363, 0.00104407, 0.003982783, 0.1000304, -0.01026254, 0.0005187925, -0.9460509, 0.1027286
 289430848, 0.01265034, 0.2746999, -0.02730194, 0.00104407, 0.004230879, 0.09977724, -0.01079646, 0.0005187925, -0.951052, 0.106739
 289630768, 0.0129013, 0.2733457, -0.02806854, 0.00104407, 0.004233297, 0.099019, -0.01053921, 0.0005187925, -0.9557494, 0.1107109
 289830688, 0.01234904, 0.2715204, -0.02782388, 0.00104407, 0.003277897, 0.09831037, -0.01134626, 0.0005187925, -0.960225, 0.1143075
 290031441, 0.01013593, 0.2710026, -0.02908659, 0.001046232, 0.002690787, 0.09852963, -0.0109255, 0.0005209541, -0.9644284, 0.1176749
 290231361, 0.008882843, 0.2696737, -0.02908823, 0.001046232, 0.002385702, 0.09766961, -0.01136501, 0.0005187925, -0.9683201, 0.1209511
 290431281, 0.00817275, 0.2675346, -0.03020907, 0.00104407, 0.00255565, 0.0970378, -0.01179207, 0.0005187925, -0.9719259, 0.1240324
 290631201, 0.008883755, 0.2665847, -0.03114692, 0.00104407, 0.002605064, 0.09746483, -0.0118171, 0.0005187925, -0.975251, 0.1268613
 290831121, 0.009056187, 0.2667571, -0.0316503, 0.00104407, 0.003047106, 0.09649018, -0.01205192, 0.0005187925, -0.9782651, 0.129614
 291031041, 0.010042, 0.2659015, -0.03211923, 0.00104407, 0.003399425, 0.09709951, -0.01258976, 0.0005187925, -0.9809585, 0.1322882
 291230961, 0.01189197, 0.2669307, -0.03279227, 0.00104407, 0.003908135, 0.09736258, -0.01262408, 0.0005187925, -0.9832733, 0.1349655
 291430881, 0.01425221, 0.2672347, -0.03333025, 0.00104407, 0.005241368, 0.09743647, -0.01306134, 0.0005187925, -0.9851827, 0.1376276
 291630801, 0.01708255, 0.2671154, -0.03394608, 0.00104407, 0.006379262, 0.09733803, -0.01331927, 0.0005187925, -0.9867454, 0.1399146
 291830721, 0.02048295, 0.2674224, -0.03401456, 0.00104407, 0.007426571, 0.09754264, -0.01304753, 0.0005187925, -0.9879223, 0.1419378
 292031474, 0.02332731, 0.2676712, -0.03406104, 0.001046232, 0.00855232, 0.09722529, -0.01298167, 0.0005209541, -0.9886732, 0.1438991
 292231394, 0.02652048, 0.2654241, -0.03407735, 0.001046232, 0.009761553, 0.09617981, -0.01341146, 0.0005187925, -0.9890753, 0.1455454
 292431314, 0.02921481, 0.2633699, -0.03493579, 0.00104407, 0.01062426, 0.09534118, -0.0134845, 0.0005187925, -0.9891146, 0.1470806
 292631234, 0.03217449, 0.2611892, -0.03541174, 0.00104407, 0.0116893, 0.09516677, -0.01356947, 0.0005187925, -0.9888327, 0.1483088
 292831154, 0.03607012, 0.2604551, -0.0359568, 0.00104407, 0.01332779, 0.09461901, -0.01401159, 0.0005187925, -0.9881987, 0.1494244
 293031074, 0.04057193, 0.259608, -0.03631837, 0.00104407, 0.01504124, 0.09455226, -0.0136609, 0.0005187925, -0.9871972, 0.1504818
 293230994, 0.04522396, 0.259048, -0.0362749, 0.00104407, 0.0170599, 0.09423998, -0.01407955, 0.0005187925, -0.9858189, 0.1515834
 293430914, 0.0508028, 0.2583598, -0.03685523, 0.00104407, 0.01880934, 0.09367616, -0.01411533, 0.0005187925, -0.9840681, 0.1527227
 293630834, 0.05527283, 0.2569726, -0.03641012, 0.00104407, 0.02023161, 0.09363106, -0.01379895, 0.0005187925, -0.9819753, 0.1537231
 293830754, 0.06009022, 0.2561355, -0.03651189, 0.00104407, 0.02253584, 0.09334168, -0.01418096, 0.0005187925, -0.9795514, 0.154664
 294030674, 0.06668547, 0.2545541, -0.03689999, 0.00104407, 0.02510779, 0.09198195, -0.01418364, 0.0005187925, -0.9768383, 0.1557482
 294231427, 0.07288158, 0.2518253, -0.03677478, 0.001046232, 0.02708556, 0.09132089, -0.01403264, 0.0005209541, -0.9738488, 0.1568778
 294431347, 0.07801526, 0.2402151, -0.03758023, 0.001046232, 0.02914528, 0.08125251, -0.01465777, 0.0005187925, -0.9710507, 0.1611137
 294631267, 0.08435506, 0.2051716, -0.03966511, 0.00104407, 0.03142015, 0.06595353, -0.01543965, 0.0005187925, -0.9690267, 0.1646864
 294831187, 0.09137154, 0.169704, -0.04086531, 0.00104407, 0.03434212, 0.05688687, -0.01587472, 0.0005187925, -0.9675653, 0.1643498
 295031107, 0.09866169, 0.152582, -0.04128009, 0.00104407, 0.03637517, 0.05449211, -0.01565769, 0.0005187925, -0.9660713, 0.1618285
 295231027, 0.1058594, 0.1479254, -0.04073152, 0.00104407, 0.04040687, 0.05342479, -0.0151926, 0.0005187925, -0.9641546, 0.1599297
 295430947, 0.1265266, 0.1450714, -0.0430413, 0.00104407, 0.05459452, 0.05223825, -0.01740564, 0.0005187925, -0.9617734, 0.1601814
 295630867, 0.1724018, 0.1429773, -0.04593819, 0.00104407, 0.0729439, 0.05235681, -0.01683025, 0.0005187925, -0.9588511, 0.1609634
 295830787, 0.2129076, 0.1445757, -0.04022437, 0.00104407, 0.08092787, 0.05375684, -0.01276248, 0.0005187925, -0.955238, 0.1614064
 296030707, 0.2165266, 0.1471069, -0.03143429, 0.00104407, 0.07339282, 0.05391391, -0.01113343, 0.0005187925, -0.9510504, 0.1623026
 296231460, 0.1928791, 0.1465184, -0.0288607, 0.001046232, 0.0651411, 0.0529609, -0.01080096, 0.0005209541, -0.9465677, 0.1639296
 296431380, 0.1761682, 0.1437089, -0.03104672, 0.001046232, 0.06323434, 0.05200804, -0.01304804, 0.0005187925, -0.9421405, 0.1660154
 296631300, 0.1819402, 0.1396846, -0.0353967, 0.00104407, 0.07071602, 0.04974231, -0.01354473, 0.0005187925, -0.9380075, 0.1682406
 296831220, 0.2051448, 0.1340355, -0.03526198, 0.00104407, 0.07898811, 0.04765251, -0.01296979, 0.0005187925, -0.9341651, 0.1698748
 297031140, 0.2231207, 0.1275018, -0.03104035, 0.00104407, 0.08299305, 0.04511119, -0.009738158, 0.0005187925, -0.9304686, 0.1706757
 297231060, 0.2269334, 0.1202465, -0.02370852, 0.00104407, 0.08115259, 0.0424958, -0.007852216, 0.0005187925, -0.9267058, 0.1709369
 297430980, 0.2203861, 0.1139628, -0.01923113, 0.00104407, 0.07841051, 0.04076442, -0.00693702, 0.0005187925, -0.922644, 0.1715041
 297630900, 0.2153901, 0.1103477, -0.01732048, 0.00104407, 0.07806892, 0.03967659, -0.006526974, 0.0005187925, -0.9182258, 0.1726825
 297830820, 0.2181031, 0.1079911, -0.01611207, 0.00104407, 0.0807435, 0.03888668, -0.005758982, 0.0005187925, -0.9134548, 0.1745193
 298030740, 0.2266824, 0.106185, -0.01391868, 0.00104407, 0.08413153, 0.03881362, -0.004754824, 0.0005187925, -0.9083144, 0.1766779
 298230660, 0.233572, 0.1055658, -0.0108398, 0.00104407, 0.08561419, 0.03837081, -0.003920621, 0.0005187925, -0.902962, 0.1791608
 298431413, 0.2368126, 0.102915, -0.008705629, 0.001046232, 0.08596788, 0.03685295, -0.003260153, 0.0005209541, -0.8974968, 0.181762
 298631333, 0.2359459, 0.09946293, -0.007251455, 0.001046232, 0.08505238, 0.03570675, -0.002571117, 0.0005187925, -0.8920581, 0.184184
 298831253, 0.2335322, 0.09586325, -0.006280705, 0.00104407, 0.08450896, 0.03447231, -0.003210427, 0.0005187925, -0.8867558, 0.1865776
 299031173, 0.2340133, 0.09205517, -0.007084564, 0.00104407, 0.08569051, 0.03272827, -0.002867872, 0.0005187925, -0.8817323, 0.1888556
 299231093, 0.2384118, 0.08768009, -0.007084704, 0.00104407, 0.08783361, 0.03100553, -0.002440174, 0.0005187925, -0.8768989, 0.190841
 299431013, 0.242309, 0.0836084, -0.006612032, 0.00104407, 0.08844776, 0.02986839, -0.003143014, 0.0005187925, -0.8722366, 0.1926466
 299630933, 0.2439185, 0.07883614, -0.007183492, 0.00104407, 0.08828454, 0.02758732, -0.002407077, 0.0005187925, -0.8676459, 0.1944005
 299830853, 0.2428856, 0.07381395, -0.006259616, 0.00104407, 0.08791135, 0.02645016, -0.003016551, 0.0005187925, -0.8629691, 0.1960915
 300030773, 0.2422814, 0.07077805, -0.007260453, 0.00104407, 0.08822118, 0.02517842, -0.002994678, 0.0005187925, -0.8581413, 0.1979448
 300230693, 0.2426497, 0.06780034, -0.00686991, 0.00104407, 0.08849961, 0.02471415, -0.002396519, 0.0005187925, -0.853111, 0.1999511
 300431446, 0.2437639, 0.06738739, -0.006734127, 0.001046232, 0.08871246, 0.02469486, -0.003146913, 0.0005209541, -0.8479446, 0.2021172
 300631366, 0.2445606, 0.06633508, -0.008019612, 0.001046232, 0.08910218, 0.02345785, -0.003597463, 0.0005187925, -0.8429686, 0.2046221
 300831286, 0.2460586, 0.06281278, -0.008981902, 0.00104407, 0.08959371, 0.02224918, -0.003547144, 0.0005187925, -0.8381286, 0.2070382
 301031206, 0.2462351, 0.05985874, -0.008884205, 0.00104407, 0.08943544, 0.02162329, -0.003610958, 0.0005187925, -0.8333983, 0.2090973
 301231126, 0.2440975, 0.05751197, -0.009431541, 0.00104407, 0.08809677, 0.02057806, -0.004392928, 0.0005187925, -0.8288742, 0.2111135
 301431046, 0.2424177, 0.05411412, -0.01063558, 0.00104407, 0.0878625, 0.01923957, -0.004146622, 0.0005187925, -0.8246362, 0.2131668
 301630966, 0.2415791, 0.05022126, -0.01112513, 0.00104407, 0.08764747, 0.01766256, -0.004538973, 0.0005187925, -0.8205424, 0.2150865
 301830886, 0.2414783, 0.04714905, -0.01205598, 0.00104407, 0.08784194, 0.01723549, -0.004893866, 0.0005187925, -0.8164893, 0.2168598
 302030806, 0.2422447, 0.04556005, -0.0128255, 0.00104407, 0.08808777, 0.01646506, -0.005109444, 0.0005187925, -0.8124896, 0.2185703
 302230726, 0.2417961, 0.04356192, -0.01306414, 0.00104407, 0.08763374, 0.0158933, -0.005054756, 0.0005187925, -0.8085632, 0.2203219
 302431479, 0.2400773, 0.0415678, -0.01345894, 0.001046232, 0.08726234, 0.01442584, -0.005673195, 0.0005209541, -0.8047345, 0.2222016
 302631399, 0.2379455, 0.03893361, -0.01446179, 0.001046232, 0.08574805, 0.01402139, -0.005758079, 0.0005187925, -0.8008056, 0.2239714
 302831319, 0.2342676, 0.03786818, -0.01540485, 0.00104407, 0.08446255, 0.01381834, -0.006600882, 0.0005187925, -0.7970018, 0.2258375
 303031239, 0.2314415, 0.0361944, -0.01656255, 0.00104407, 0.0836153, 0.01293427, -0.006046927, 0.0005187925, -0.7933968, 0.2277523
 303231159, 0.2298407, 0.03519733, -0.01703187, 0.00104407, 0.08340598, 0.0131344, -0.00721938, 0.0005187925, -0.7898644, 0.2294257
 303431079, 0.2292189, 0.03504341, -0.01846663, 0.00104407, 0.08297767, 0.01274544, -0.007501481, 0.0005187925, -0.7865418, 0.2310492
 303630999, 0.2264486, 0.03329532, -0.01860826, 0.00104407, 0.08124877, 0.01155595, -0.006977879, 0.0005187925, -0.7834471, 0.2327144
 303830919, 0.2220922, 0.03065266, -0.01888199, 0.00104407, 0.07967243, 0.0114629, -0.007844181, 0.0005187925, -0.7804733, 0.2342075
 304030839, 0.2187391, 0.02995958, -0.0201952, 0.00104407, 0.07917401, 0.01097809, -0.007813748, 0.0005187925, -0.7776105, 0.2356347
 304230759, 0.2169664, 0.02949153, -0.02096856, 0.00104407, 0.07840676, 0.01080891, -0.008038464, 0.0005187925, -0.7747547, 0.237025
 304430679, 0.2143696, 0.02884744, -0.02143989, 0.00104407, 0.07724059, 0.01076416, -0.008815877, 0.0005187925, -0.7720681, 0.2383946
 304631432, 0.2116669, 0.02833583, -0.02299015, 0.001046232, 0.07599206, 0.01073865, -0.009204749, 0.0005209541, -0.7695835, 0.2397973
 304831352, 0.1807148, 0.05133564, -0.02315647, 0.001046232, 0.0487917, 0.03268144, -0.007179765, 0.0005187925, -0.7518372, 0.2242319
 305031272, 0.1108586, 0.091734, -0.01062831, 0.00104407, 0.02739181, 0.03247447, 0.001292625, 0.0005187925, -0.7462007, 0.2253412
 305231192, 0.03364885, 0.08699339, 0.01430084, 0.00104407, -0.006508442, 0.03239943, 0.01138111, 0.0005187925, -0.7375577, 0.2235315
 305431112, -0.05044504, 0.08444808, 0.05158672, 0.00104407, -0.03924789, 0.0253105, 0.03042942, 0.0005187925, -0.728978, 0.2227669
 305631032, -0.1591483, 0.03851792, 0.1089824, 0.00104407, -0.08294807, -0.003262071, 0.05317048, 0.0005187925, -0.723729, 0.2247878
 305830952, -0.1749915, -0.04966154, 0.1483609, 0.00104407, 0.01101152, -0.04063773, 0.04160452, 0.0005187925, -0.7537804, 0.2624514
 306030872, 0.6548746, -0.4295826, 0.07205942, 0.00104407, 0.5576858, -0.3626149, 0.04008539, 0.0005187925, -0.9029486, 0.3523336
 306230792, 1.721787, -1.245706, 0.2323146, 0.00104407, 0.683507, -0.551251, 0.1348004, 0.0005187925, -0.9543641, 0.2981698
 306430712, 1.777911, -1.505023, 0.3868845, 0.00104407, 0.5892712, -0.5327403, 0.1456735, 0.0005187925, -0.9684049, 0.2490322
 306631465, 1.495807, -1.382331, 0.3963508, 0.001046232, 0.4832919, -0.4605739, 0.1414183, 0.0005209541, -0.9715714, 0.2365904
 306831385, 1.226005, -1.181831, 0.3551669, 0.001046232, 0.3950738, -0.3886772, 0.1025926, 0.0005187925, -0.9665937, 0.2537108
 307031305, 0.9734995, -0.9804585, 0.2381136, 0.00104407, 0.3021856, -0.3168997, 0.06570313, 0.0005187925, -0.9565953, 0.2826037
 307231225, 0.7724826, -0.8259519, 0.1518722, 0.00104407, 0.2569831, -0.2822825, 0.04062403, 0.0005187925, -0.9487217, 0.3092494
 307431145, 0.6826991, -0.7555674, 0.104945, 0.00104407, 0.2388351, -0.2669095, 0.03742425, 0.0005187925, -0.9453439, 0.3234201
 307631065, 0.6371278, -0.7156916, 0.09715297, 0.00104407, 0.2223999, -0.2520947, 0.03196228, 0.0005187925, -0.9461686, 0.3230244
 307830985, 0.5836368, -0.670661, 0.08243721, 0.00104407, 0.1982843, -0.2334389, 0.02804988, 0.0005187925, -0.9495516, 0.31348
 308030905, 0.5137101, -0.6158734, 0.07013194, 0.00104407, 0.1715013, -0.2117234, 0.02234908, 0.0005187925, -0.9531588, 0.3024327
 308230825, 0.4399047, -0.5562147, 0.05383202, 0.00104407, 0.1449213, -0.189939, 0.01676052, 0.0005187925, -0.955267, 0.2957231
 308430745, 0.3699771, -0.49874, 0.04139259, 0.00104407, 0.1209543, -0.1707788, 0.01405164, 0.0005187925, -0.955282, 0.2956855
 308630665, 0.3095762, -0.4487576, 0.04022683, 0.00104407, 0.1014619, -0.1541115, 0.01806711, 0.0005187925, -0.9536083, 0.30105
 308831418, 0.2615526, -0.4083067, 0.05473064, 0.001046232, 0.08671296, -0.1417207, 0.02245348, 0.0005209541, -0.9510733, 0.3089393
 309031338, 0.2222853, -0.3738514, 0.05723577, 0.001046232, 0.07341357, -0.1290356, 0.01913309, 0.0005187925, -0.9485629, 0.3164724
 309231258, 0.1881369, -0.3421316, 0.04202939, 0.00104407, 0.0618926, -0.1184929, 0.01036267, 0.0005187925, -0.9466794, 0.3219321
 309431178, 0.1583102, -0.3140885, 0.004423596, 0.00104407, 0.05247784, -0.1088694, -0.0229595, 0.0005187925, -0.9455495, 0.3251061
 309631098, 0.1338257, -0.2884603, -0.1160933, 0.00104407, 0.04396815, -0.09997168, -0.07446393, 0.0005187925, -0.944966, 0.3266934
 309831018, 0.1115267, -0.2641193, -0.2409056, 0.00104407, 0.03626842, -0.09106219, -0.1093304, 0.0005187925, -0.9446045, 0.3276611
 310030938, 0.09092382, -0.2411794, -0.3105199, 0.00104407, 0.0289263, -0.08332039, -0.1196155, 0.0005187925, -0.9440984, 0.329036
 310230858, 0.07179815, -0.2212991, -0.3190312, 0.00104407, 0.02234823, -0.07711994, -0.1128131, 0.0005187925, -0.9431313, 0.3316515
 310430778, 0.05497416, -0.205772, -0.2851453, 0.00104407, 0.01688805, -0.07238384, -0.09346106, 0.0005187925, -0.9415858, 0.3357356
 310630698, 0.04154674, -0.1956136, -0.2246507, 0.00104407, 0.01272547, -0.07003773, -0.06797369, 0.0005187925, -0.9395077, 0.3410188
 310831451, 0.03200854, -0.191411, -0.1559143, 0.001046232, 0.0101371, -0.06926589, -0.04395986, 0.0005209541, -0.9370465, 0.3469743
 311031371, 0.02481458, -0.1893052, -0.09191476, 0.001046232, 0.007736542, -0.06888169, -0.02137876, 0.0005187925, -0.9344261, 0.3529437
 311231291, 0.01906259, -0.189292, -0.03782764, 0.00104407, 0.005895014, -0.06916089, -0.005145762, 0.0005187925, -0.9318017, 0.3585769
 311431211, 0.01370102, -0.1894911, 0.001005437, 0.00104407, 0.00362245, -0.06906498, 0.006293298, 0.0005187925, -0.9292799, 0.3637014
 311631131, 0.007925015, -0.1888235, 0.02726415, 0.00104407, 0.001556112, -0.06875824, 0.01345276, 0.0005187925, -0.9268671, 0.3684259
 311831051, 0.001684994, -0.1863517, 0.04167096, 0.00104407, -0.0006051519, -0.06705355, 0.01608596, 0.0005187925, -0.9244715, 0.3730409
 312030971, -0.004983945, -0.1823725, 0.04715838, 0.00104407, -0.003424657, -0.06580558, 0.0177202, 0.0005187925, -0.9219803, 0.3778848
 312230891, -0.01271496, -0.1780653, 0.04853342, 0.00104407, -0.006250448, -0.06366739, 0.01696275, 0.0005187925, -0.919342, 0.3830914
 312430811, -0.02028026, -0.1716705, 0.04498667, 0.00104407, -0.008841783, -0.06103282, 0.01528193, 0.0005187925, -0.9168927, 0.3879036
 312630731, -0.02823909, -0.1646082, 0.03996732, 0.00104407, -0.0125805, -0.05834101, 0.01326595, 0.0005187925, -0.9152136, 0.390988
 312831484, -0.03687712, -0.1574358, 0.03531548, 0.001046232, -0.01473807, -0.05601887, 0.0115793, 0.0005209541, -0.9146917, 0.3914898
 313031404, -0.04367135, -0.1494219, 0.03060518, 0.001046232, -0.01779295, -0.05227166, 0.01086902, 0.0005187925, -0.9152333, 0.3896563
 313231324, -0.0527105, -0.1402964, 0.0280249, 0.00104407, -0.02142396, -0.04927015, 0.009477712, 0.0005187925, -0.9163836, 0.3865065
 313431244, -0.06099361, -0.1316142, 0.02661887, 0.00104407, -0.02351051, -0.04601747, 0.01021264, 0.0005187925, -0.9176555, 0.3831669
 313631164, -0.06733203, -0.1223719, 0.02727765, 0.00104407, -0.02586597, -0.04254233, 0.01039188, 0.0005187925, -0.9185635, 0.38074
 313831084, -0.07401291, -0.1129548, 0.02885926, 0.00104407, -0.02880342, -0.03888271, 0.01116763, 0.0005187925, -0.9190312, 0.3794954
 314031004, -0.08106555, -0.1034363, 0.02999604, 0.00104407, -0.03074123, -0.03622244, 0.01084544, 0.0005187925, -0.9191441, 0.3792006
 314230924, -0.08721706, -0.09451632, 0.03197054, 0.00104407, -0.03336949, -0.03228405, 0.01299273, 0.0005187925, -0.9191841, 0.3792551
 314430844, -0.09394082, -0.08457195, 0.03619702, 0.00104407, -0.03555167, -0.0287141, 0.0140623, 0.0005187925, -0.9193286, 0.3791399
 314630764, -0.09654336, -0.07525273, 0.03703976, 0.00104407, -0.03557265, -0.02575729, 0.01324689, 0.0005187925, -0.9196868, 0.3785587
 314830684, -0.1007823, -0.06778309, 0.0230641, 0.00104407, -0.03822317, -0.02337063, 0.0006348846, 0.0005187925, -0.9202289, 0.3776475
 315031437, -0.1114444, -0.06323069, -0.0239391, 0.001046232, -0.04192646, -0.02217041, -0.02218623, 0.0005209541, -0.9208581, 0.376584
 315231357, -0.1083086, -0.06000175, -0.08872411, 0.001046232, -0.03130364, -0.02116535, -0.04686784, 0.0005187925, -0.9215035, 0.375533
 315431277, -0.09205105, -0.05722478, -0.1581552, 0.00104407, -0.03798743, -0.02031389, -0.07255229, 0.0005187925, -0.9221225, 0.374595
 315631197, -0.11577, -0.05624574, -0.2299589, 0.00104407, -0.05269138, -0.02093483, -0.09863119, 0.0005187925, -0.9226878, 0.3738326
 315831117, -0.1274406, -0.05305672, -0.2752361, 0.00104407, -0.03447474, -0.01689562, -0.09960551, 0.0005187925, -0.9232171, 0.3732002
 316031037, -0.1008516, -0.04163797, -0.2551177, 0.00104407, -0.04196274, -0.01293603, -0.08322003, 0.0005187925, -0.9237298, 0.3726246
 316230957, -0.12948, -0.0302633, -0.1984038, 0.00104407, -0.04952411, -0.00791768, -0.0564935, 0.0005187925, -0.9242429, 0.3720864
 316430877, -0.1317372, -0.01611004, -0.1208497, 0.00104407, -0.04770258, -0.002895074, -0.02641563, 0.0005187925, -0.9247765, 0.3714897
 316630797, -0.1326775, -0.002636911, -0.03795983, 0.00104407, -0.0503325, 0.00195621, 0.004735921, 0.0005187925, -0.9253384, 0.3708317
 316830717, -0.1386665, 0.008686014, 0.03101009, 0.00104407, -0.05071079, 0.00473796, 0.02038338, 0.0005187925, -0.9259031, 0.3701473
 317031470, -0.1397868, 0.01645751, 0.06114914, 0.001046232, -0.05128093, 0.007445448, 0.02448305, 0.0005209541, -0.9264578, 0.3694532
 317231390, -0.1405241, 0.02353149, 0.0659878, 0.001046232, -0.05105336, 0.009432519, 0.02318952, 0.0005187925, -0.926999, 0.3687594
 317431310, -0.1406644, 0.02697578, 0.05695695, 0.00104407, -0.05171838, 0.01065683, 0.01781115, 0.0005187925, -0.9275401, 0.3681005
 317631230, -0.1415531, 0.03157208, 0.04400956, 0.00104407, -0.05148261, 0.01272736, 0.01402316, 0.0005187925, -0.9280548, 0.367478
 317831150, -0.1413063, 0.03602499, 0.03369496, 0.00104407, -0.05149977, 0.01387252, 0.01012417, 0.0005187925, -0.928544, 0.3668843
 318031070, -0.1412123, 0.03984931, 0.02230653, 0.00104407, -0.05139956, 0.01521869, 0.00613587, 0.0005187925, -0.9290164, 0.3662937
 318230990, -0.1410872, 0.0433473, 0.01088786, 0.00104407, -0.05157517, 0.01658386, 0.001543046, 0.0005187925, -0.9294777, 0.365689
 318430910, -0.1406468, 0.04725399, 0.001955739, 0.00104407, -0.05115831, 0.01816678, -0.0007168251, 0.0005187925, -0.9299318, 0.3650597
 318630830, -0.14, 0.05115648, -0.003099431, 0.00104407, -0.05084187, 0.01944025, -0.00104085, 0.0005187925, -0.9304303, 0.3642676
 318830750, -0.1390119, 0.05445413, -0.006297458, 0.00104407, -0.05062, 0.02070115, -0.003519864, 0.0005187925, -0.9309179, 0.3634594
 319030670, -0.1380116, 0.05765225, -0.01166207, 0.00104407, -0.04995169, 0.02164952, -0.005161984, 0.0005187925, -0.9313832, 0.3626555
 319231423, -0.1364952, 0.06084257, -0.01480628, 0.001046232, -0.04941457, 0.0227874, -0.00543102, 0.0005209541, -0.9318283, 0.3618546
 319431343, -0.1342113, 0.06387032, -0.01577916, 0.001046232, -0.04828186, 0.02402565, -0.006271014, 0.0005187925, -0.9322454, 0.3610727
 319631263, -0.1320754, 0.06677936, -0.0188928, 0.00104407, -0.04806731, 0.02476571, -0.007704549, 0.0005187925, -0.9326389, 0.3602992
 319831183, -0.1302205, 0.06906239, -0.02154017, 0.00104407, -0.04677595, 0.02566504, -0.008193727, 0.0005187925, -0.9330115, 0.3595283
 320031103, -0.1274616, 0.07116666, -0.02382967, 0.00104407, -0.04600121, 0.02643145, -0.009308863, 0.0005187925, -0.9333618, 0.3587643
 320231023, -0.1249292, 0.07306617, -0.02544693, 0.00104407, -0.04493307, 0.027094, -0.01055926, 0.0005187925, -0.9336901, 0.3580079
 320430943, -0.1219641, 0.07428996, -0.02801713, 0.00104407, -0.04393021, 0.02740339, -0.01119181, 0.0005187925, -0.9340006, 0.3572537
 320630863, -0.119372, 0.07566006, -0.02856971, 0.00104407, -0.04301094, 0.02793701, -0.009922921, 0.0005187925, -0.9342995, 0.3564889
 320830783, -0.1163844, 0.07723113, -0.02624659, 0.00104407, -0.04177773, 0.02844638, -0.009507619, 0.0005187925, -0.934585, 0.3557176
 321030703, -0.1127708, 0.07831244, -0.02521413, 0.00104407, -0.0400868, 0.02886649, -0.009032467, 0.0005187925, -0.9348486, 0.3549685
 321231456, -0.1090207, 0.07916117, -0.02264681, 0.001046232, -0.03890229, 0.02877032, -0.006089616, 0.0005209541, -0.9350929, 0.3542401
 321431376, -0.104473, 0.07872764, -0.007243117, 0.001046232, -0.0369788, 0.02862525, 0.003108541, 0.0005187925, -0.9353161, 0.3535406
 321631296, -0.0996842, 0.07856798, 0.01568334, 0.00104407, -0.03555939, 0.02882282, 0.009084285, 0.0005187925, -0.9355222, 0.3528605
 321831216, -0.09548841, 0.07860826, 0.02790743, 0.00104407, -0.03409006, 0.02838175, 0.01193925, 0.0005187925, -0.9357215, 0.352182
 322031136, -0.09107026, 0.07746761, 0.0326896, 0.00104407, -0.03231792, 0.0284203, 0.01290977, 0.0005187925, -0.9359118, 0.3515133
 322231056, -0.08693843, 0.07727779, 0.03343404, 0.00104407, -0.03072376, 0.02808603, 0.01129682, 0.0005187925, -0.9360954, 0.3508488
 322430976, -0.08301422, 0.0759865, 0.02964977, 0.00104407, -0.02972538, 0.02772765, 0.009983799, 0.0005187925, -0.9362701, 0.3501996
 322630896, -0.07973408, 0.07483669, 0.0246485, 0.00104407, -0.02812698, 0.02701731, 0.008691697, 0.0005187925, -0.9364444, 0.3495562
 322830816, -0.07542522, 0.07304771, 0.01941147, 0.00104407, -0.02652238, 0.02594987, 0.006143987, 0.0005187925, -0.9366204, 0.3489113
 323030736, -0.07111271, 0.07100955, 0.01309735, 0.00104407, -0.02504656, 0.02553077, 0.002965851, 0.0005187925, -0.9367887, 0.3482844
 323230656, -0.06725831, 0.06927863, 0.008020411, 0.00104407, -0.02360717, 0.02479411, 0.00278422, 0.0005187925, -0.9369524, 0.3476724
 323431409, -0.06373687, 0.06786882, 0.006651629, 0.001046232, -0.02215375, 0.02446185, 0.002343622, 0.0005209541, -0.937113, 0.3470962
 323631329, -0.05875942, 0.06567221, 0.008317553, 0.001046232, -0.02028884, 0.02340394, 0.004319562, 0.0005187925, -0.9373183, 0.3464201
 323831249, -0.0538482, 0.06290217, 0.0136029, 0.00104407, -0.01851675, 0.02234687, 0.005881284, 0.0005187925, -0.9375181, 0.3457762
 324031169, -0.04883302, 0.05982764, 0.01932242, 0.00104407, -0.01661675, 0.02113745, 0.009566951, 0.0005187925, -0.9377121, 0.3451598
 324231089, -0.04375526, 0.05706723, 0.03011375, 0.00104407, -0.01444261, 0.02017027, 0.01248205, 0.0005187925, -0.9379052, 0.3445678
 324431009, -0.03847516, 0.05434989, 0.03517727, 0.00104407, -0.01327459, 0.01900276, 0.0125846, 0.0005187925, -0.9380919, 0.3439971
 324630929, -0.0344608, 0.05153349, 0.03739158, 0.00104407, -0.011559, 0.01819209, 0.01580238, 0.0005187925, -0.9382728, 0.3434704
 324830849, -0.02977416, 0.04870953, 0.04685976, 0.00104407, -0.009712849, 0.01728589, 0.01976631, 0.0005187925, -0.9384482, 0.342977
 325030769, -0.02505618, 0.0459789, 0.0567513, 0.00104407, -0.008042297, 0.01601281, 0.02353436, 0.0005187925, -0.9386271, 0.3424889
 325230689, -0.02088196, 0.04284, 0.06343274, 0.00104407, -0.006816614, 0.01493613, 0.02341696, 0.0005187925, -0.9388146, 0.3419916
 325431442, -0.01716272, 0.03996588, 0.06492887, 0.001046232, -0.005577389, 0.01385276, 0.02431395, 0.0005209541, -0.9390079, 0.3414973
 325631362, -0.01357882, 0.03702596, 0.06506763, 0.001046232, -0.004167962, 0.01311137, 0.02486191, 0.0005187925, -0.9391983, 0.3410357
 325831282, -0.01004051, 0.03416771, 0.06819972, 0.00104407, -0.002829378, 0.0114509, 0.02576044, 0.0005187925, -0.9393827, 0.3406035
 326031202, -0.006555274, 0.03120944, 0.06705725, 0.00104407, -0.001660616, 0.0110587, 0.02410812, 0.0005187925, -0.9395685, 0.3401792
 326231122, -0.003435796, 0.02897359, 0.06856703, 0.00104407, -0.0008336434, 0.01012787, 0.02664352, 0.0005187925, -0.9397556, 0.3397611
 326431042, -0.0008512693, 0.02538375, 0.07481854, 0.00104407, 0.0003436323, 0.007926023, 0.02925383, 0.0005187925, -0.9399457, 0.3393495
 326630962, 0.002073567, 0.02152685, 0.07890612, 0.00104407, 0.001399969, 0.007513776, 0.02796661, 0.0005187925, -0.9401334, 0.3389554
 326830882, 0.004883599, 0.01998738, 0.07614682, 0.00104407, 0.002551022, 0.006913442, 0.02890071, 0.0005187925, -0.9403162, 0.338585
 327030802, 0.007798933, 0.01761682, 0.08036356, 0.00104407, 0.003169373, 0.005970753, 0.02951286, 0.0005187925, -0.9404908, 0.3382496
 327230722, 0.009802884, 0.01482218, 0.08142321, 0.00104407, 0.003973499, 0.004475745, 0.03109986, 0.0005187925, -0.940658, 0.3379298
 327431475, 0.01175937, 0.01181132, 0.08496451, 0.001046232, 0.00500847, 0.003786417, 0.03249183, 0.0005209541, -0.9408311, 0.3375932
 327631395, 0.01425793, 0.009489095, 0.09215406, 0.001046232, 0.00562137, 0.002989307, 0.03664014, 0.0005187925, -0.9410037, 0.3372568
 327831315, 0.01598273, 0.006836965, 0.1018575, 0.00104407, 0.006085286, 0.002174798, 0.03940307, 0.0005187925, -0.9411728, 0.3369338
 328031235, 0.01801726, 0.006582652, 0.1104885, 0.00104407, 0.007020754, 0.006129193, 0.04391447, 0.0005187925, -0.9413381, 0.3366185
 328231155, 0.01938806, 0.008054902, 0.120764, 0.00104407, 0.006686213, 0.0004422198, 0.04580704, 0.0005187925, -0.9414958, 0.3363217
 328431075, 0.0847557, -0.05384233, -0.2412869, 0.00104407, 0.1581523, -0.1252442, -0.7933764, 0.0005187925, -0.9417142, 0.3360995
 328630995, 0.4531727, -0.3676075, -2.4307, 0.00104407, 0.04405549, -0.03794503, -0.2744368, 0.0005187925, -0.9419153, 0.3358013
 328830915, -0.04410575, 0.02971511, 0.109632, 0.00104407, -0.06228891, 0.04852616, 0.2847614, 0.0005187925, -0.942109, 0.3352651
 329030835, -0.1157648, 0.08352242, 0.4593415, 0.00104407, -0.01777686, 0.003318785, 0.002942152, 0.0005187925, -0.9422956, 0.3347492
 329230755, -0.02755083, 0.004166024, -0.06932772, 0.00104407, -0.007365738, 0.003099205, -0.03836131, 0.0005187925, -0.942475, 0.3342496
 329430675, -0.02164616, 0.01102282, -0.05326614, 0.00104407, -0.008629964, 0.004916667, 0.004061866, 0.0005187925, -0.9426453, 0.3337676
 329631428, -0.02325467, 0.0138017, 0.01538746, 0.001046232, -0.00825892, 0.005020109, 0.004516926, 0.0005209541, -0.9428151, 0.3332881
 329831348, -0.0230092, 0.01422636, 0.004922179, 0.001046232, -0.008648262, 0.005172934, -0.0008609819, 0.0005187925, -0.9429791, 0.332825
 330031268, -0.02303007, 0.01413883, -0.002517481, 0.00104407, -0.00809732, 0.00530218, -0.0006919845, 0.0005187925, -0.943138, 0.3323752
 330231188, -0.02214481, 0.01424695, -0.0004857969, 0.00104407, -0.007823866, 0.005244556, 8.458209E-05, 0.0005187925, -0.9432951, 0.3319299
 330431108, -0.02187825, 0.01432087, 3.499299E-05, 0.00104407, -0.00794112, 0.005217188, -9.453805E-05, 0.0005187925, -0.9434465, 0.3314997
 330631028, -0.02168863, 0.01418306, -9.962625E-05, 0.00104407, -0.008161331, 0.004999809, 7.711901E-05, 0.0005187925, -0.9435936, 0.3310814
 330830948, -0.02183211, 0.01416345, -8.791505E-05, 0.00104407, -0.00806042, 0.005375841, 7.908278E-05, 0.0005187925, -0.9437378, 0.3306708
 331030868, -0.02137774, 0.01405952, 5.117395E-05, 0.00104407, -0.007707341, 0.004814944, -0.0001341986, 0.0005187925, -0.9438781, 0.3302707
 331230788, -0.02070122, 0.0135159, -0.0003886525, 0.00104407, -0.007415064, 0.005174382, -4.362745E-05, 0.0005187925, -0.944015, 0.3298794
 331430708, -0.02032884, 0.01434806, -0.0002323937, 0.00104407, -0.007741807, 0.005212041, 0.0002463475, 0.0005187925, -0.9441488, 0.3294967
 331631461, -0.02084504, 0.01426278, 0.0001225811, 0.001046232, -0.007144275, 0.005380243, -0.0001139836, 0.0005209541, -0.9442805, 0.3291197
