TimeUS,CGpN,CGpE,CGpD,CGpe,PGpN,PGpE,PGpD,PGpe
 8040949, 0, 0, 0, 0.01, 0, 0, 0, 0
 8220877, 0, 0, 0, 0.01, 0, 0, 0, 0.01
 8420797, 0, 0, 0, 0.01, 0, 0, 0, 0.01
 8620717, 0, 0, 0, 0.01, 0, 0, 0, 0.01
 8820637, 0, 0, 0, 0.01, 0, 0, 0, 0.01
 9020557, 0, 0, 0, 0.01, 0, 0, 0, 0.01
 9220477, 0, 0, 0, 0.01, 0, 0, 0, 0.01
 9420397, 0, 0, 0, 0.01, 0, 0, 0, 0.01
 9620317, 0, 0, 0, 0.01, 0, 0, 0, 0.01
 9820237, 0, 0, 0, 0.01, 0, 0, 0, 0.01
 10020157, 0, 0, 0, 0.01, 0, 0, 0, 0.01
 10220910, 0, 0, 0, 0.01, 0, 0, 0, 0.01
 10420830, 0, 0, 0, 0.01, 0, 0, 0, 0.01
 10620750, 0, 0, 0, 0.01, 0, 0, 0, 0.01
 10820670, 0, 0, 0, 0.01, 0, 0, 0, 0.01
 11020590, 0, 0, 0, 0.01, 0, 0, 0, 0.01
 11220510, 0, 0, 0, 0.01, 0, 0, 0, 0.01
 11420430, 0, 0, 0, 0.01, 0, 0, 0, 0.01
 11620350, 0, 0, 0, 0.01, 0, 0, 0, 0.01
 11820270, 0, 0, 0, 0.01, 0, 0, 0, 0.01
 12020190, 0, 0, 0, 0.01, 0, 0, 0, 0.01
 12220943, 0, 0, 0, 0.01, 0, 0, 0, 0.01
 12420863, 0, 0, 0, 0.01, 0, 0, 0, 0.01
 12620783, 0, 0, 0, 0.01, 0, 0, 0, 0.01
 12820703, 0, 0, 0, 0.01, 0, 0, 0, 0.01
 13020623, 0, 0, 0, 0.01, 0, 0, 0, 0.01
 13220543, 0, 0, 0, 0.01, 0, 0, 0, 0.01
 13420463, 0, 0, 0, 0.01, 0, 0, 0, 0.01
 13620383, 0, 0, 0, 0.01, 0, 0, 0, 0.01
 13820303, 0, 0, 0, 0.01, 0, 0, 0, 0.01
 14020223, 0, 0, 0, 0.01, 0, 0, 0, 0.01
 14220976, 0, 0, 0, 0.01, 0, 0, 0, 0.01
 14420896, 0, 0, 0, 0.01, 0, 0, 0, 0.01
 14620816, 0, 0, 0, 0.01, 0, 0, 0, 0.01
 14820736, 0, 0, 0, 0.01, 0, 0, 0, 0.01
 15020656, 0, 0, 0, 0.01, 0, 0, 0, 0.01
 15220576, 0, 0, 0, 0.01, 0, 0, 0, 0.01
 15420496, 0, 0, 0, 0.01, 0, 0, 0, 0.01
 15620416, 0, 0, 0, 0.01, 0, 0, 0, 0.01
 15820336, 0, 0, 0, 0.01, 0, 0, 0, 0.01
 16020256, 0, 0, 0, 0.01, 0, 0, 0, 0.01
 16220176, 0, 0, 0, 0.01, 0, 0, 0, 0.01
 16420929, 0, 0, 0, 0.01, 0, 0, 0, 0.01
 16620849, 0, 0, 0, 0.01, 0, 0, 0, 0.01
 16820769, 0, 0, 0, 0.01, 0, 0, 0, 0.01
 17020689, 0, 0, 0, 0.01, 0, 0, 0, 0.01
 17220609, 0, 0, 0, 0.01, 0, 0, 0, 0.01
 17420529, 0, 0, 0, 0.01, 0, 0, 0, 0.01
 17620449, 0, 0, 0, 0.01, 0, 0, 0, 0.01
 17820369, 0, 0, 0, 0.01, 0, 0, 0, 0.01
 18020289, 0, 0, 0, 0.01, 0, 0, 0, 0.01
 18220209, 0, 0, 0, 0.01, 0, 0, 0, 0.01
 18420962, 0, 0, 0, 0.01, 0, 0, 0, 0.01
 18620882, 0, 0, 0, 0.01, 0, 0, 0, 0.01
 18820802, 0, 0, 0, 0.01, 0, 0, 0, 0.01
 19020722, 0, 0, 0, 0.01, 0, 0, 0, 0.01
 19220642, 0, 0, 0, 0.01, 0, 0, 0, 0.01
 19420562, 0, 0, 0, 0.01, 0, 0, 0, 0.01
 19620482, 0, 0, 0, 0.01, 0, 0, 0, 0.01
 19820402, 0, 0, 0, 0.01, 0, 0, 0, 0.01
 20020322, 0, 0, 0, 0.01, 0, 0, 0, 0.01
 20220242, 0, 0, 0, 0.01, 0, 0, 0, 0.01
 20420162, 0, 0, 0, 0.01, 0, 0, 0, 0.01
 20620915, 0, 0, 0, 0.01, 0, 0, 0, 0.01
 20820835, 0.01, -0.001, 0, 0.01, 0, 0, 0, 0.01
 21020755, 0.251, -0.026, 0, 0.01, 0.01, -0.001, 0, 0.01
 21220675, 0.943, -0.09900001, 0.012, 0.01, 0.251, -0.026, 0, 0.01
 21420595, 2.108, -0.22, 0.038, 0.01, 0.943, -0.09900001, 0.012, 0.01
 21620515, 3.719, -0.391, 0.07600001, 0.01, 2.108, -0.22, 0.038, 0.01
 21820435, 5.726, -0.6020001, 0.126, 0.01, 3.719, -0.391, 0.07600001, 0.01
 22020355, 7.846, -0.8240001, 0.185, 0.01, 5.726, -0.6020001, 0.126, 0.01
 22220275, 9.822001, -1.032, 0.244, 0.01, 7.846, -0.8240001, 0.185, 0.01
 22420195, 11.589, -1.218, 0.278, 0.01, 9.822001, -1.032, 0.244, 0.01
 22620948, 13.135, -1.378, 0.207, 0.01, 11.589, -1.218, 0.278, 0.01
 22820868, 14.475, -1.522, 0.273, 0.01, 13.135, -1.378, 0.207, 0.01
 23020788, 16.232, -1.704, -0.395, 0.01, 14.475, -1.522, 0.273, 0.01
 23220708, 17.914, -1.89, -2.117, 0.01, 16.232, -1.704, -0.395, 0.01
 23420628, 19.338, -2.053, -2.851, 0.01, 17.914, -1.89, -2.117, 0.01
 23620548, 20.682, -2.201, -2.94, 0.01, 19.338, -2.053, -2.851, 0.01
 23820468, 21.895, -2.345, -3.063, 0.01, 20.682, -2.201, -2.94, 0.01
 24020388, 22.894, -2.465, -3.55, 0.01, 21.895, -2.345, -3.063, 0.01
 24220308, 23.715, -2.568, -4.104, 0.01, 22.894, -2.465, -3.55, 0.01
 24420228, 24.392, -2.83, -4.531, 0.01, 23.715, -2.568, -4.104, 0.01
 24620148, 24.943, -3.152, -4.951, 0.01, 24.392, -2.83, -4.531, 0.01
 24820901, 25.432, -3.401, -5.171, 0.01, 24.943, -3.152, -4.951, 0.01
 25020821, 25.838, -3.637, -5.393, 0.01, 25.432, -3.401, -5.171, 0.01
 25220741, 26.172, -3.947, -5.542, 0.01, 25.838, -3.637, -5.393, 0.01
 25420661, 26.437, -4.241, -5.713, 0.01, 26.172, -3.947, -5.542, 0.01
 25620581, 26.516, -4.58, -6.241, 0.01, 26.437, -4.241, -5.713, 0.01
 25820501, 26.484, -4.944, -6.924, 0.01, 26.516, -4.58, -6.241, 0.01
 26020421, 26.463, -5.222, -7.318, 0.01, 26.484, -4.944, -6.924, 0.01
 26220341, 26.547, -5.411, -7.303, 0.01, 26.463, -5.222, -7.318, 0.01
 26420261, 26.678, -5.594, -7.111001, 0.01, 26.547, -5.411, -7.303, 0.01
 26620181, 26.788, -5.778, -6.962, 0.01, 26.678, -5.594, -7.111001, 0.01
 26820934, 26.857, -5.979, -6.916, 0.01, 26.788, -5.778, -6.962, 0.01
 27020854, 26.923, -6.210001, -6.81, 0.01, 26.857, -5.979, -6.916, 0.01
 27220774, 27.026, -6.402, -6.578001, 0.01, 26.923, -6.210001, -6.81, 0.01
 27420694, 27.109, -6.591, -6.41, 0.01, 27.026, -6.402, -6.578001, 0.01
 27620614, 27.212, -6.78, -6.177001, 0.01, 27.109, -6.591, -6.41, 0.01
 27820534, 27.254, -7, -6.163, 0.01, 27.212, -6.78, -6.177001, 0.01
 28020454, 27.276, -7.214, -6.164001, 0.01, 27.254, -7, -6.163, 0.01
 28220374, 27.258, -7.417, -6.271, 0.01, 27.276, -7.214, -6.164001, 0.01
 28420294, 27.176, -7.57, -6.282, 0.01, 27.258, -7.417, -6.271, 0.01
 28620214, 27.034, -7.683001, -6.207, 0.01, 27.176, -7.57, -6.282, 0.01
 28820967, 27.015, -7.787, -5.355, 0.01, 27.034, -7.683001, -6.207, 0.01
 29020887, 27.223, -7.5, -3.677, 0.01, 27.015, -7.787, -5.355, 0.01
 29220807, 27.432, -6.972, -2.249, 0.01, 27.223, -7.5, -3.677, 0.01
 29420727, 27.64, -6.212, -1.78, 0.01, 27.432, -6.972, -2.249, 0.01
 29620647, 27.817, -5.428, -2.001, 0.01, 27.64, -6.212, -1.78, 0.01
 29820567, 27.92, -4.936, -2.071, 0.01, 27.817, -5.428, -2.001, 0.01
 30020487, 27.967, -4.693, -1.741, 0.01, 27.92, -4.936, -2.071, 0.01
 30220407, 27.991, -4.404, -1.416, 0.01, 27.967, -4.693, -1.741, 0.01
 30420327, 28.012, -4.064, -1.132, 0.01, 27.991, -4.404, -1.416, 0.01
 30620247, 27.813, -3.574, -1.144, 0.01, 28.012, -4.064, -1.132, 0.01
 30820167, 27.206, -2.932, -1.599, 0.01, 27.813, -3.574, -1.144, 0.01
 31020920, 26.549, -2.443, -1.743, 0.01, 27.206, -2.932, -1.599, 0.01
 31220840, 26.107, -2.205, -1.211, 0.01, 26.549, -2.443, -1.743, 0.01
 31420760, 25.827, -2.07, -0.398, 0.01, 26.107, -2.205, -1.211, 0.01
 31620680, 25.621, -1.899, 0.216, 0.01, 25.827, -2.07, -0.398, 0.01
 31820600, 25.47, -1.674, 0.554, 0.01, 25.621, -1.899, 0.216, 0.01
 32020520, 25.375, -1.445, 0.763, 0.01, 25.47, -1.674, 0.554, 0.01
 32220440, 25.321, -1.209, 0.8710001, 0.01, 25.375, -1.445, 0.763, 0.01
 32420360, 25.3, -1.014, 1.032, 0.01, 25.321, -1.209, 0.8710001, 0.01
 32620280, 25.307, -0.837, 1.197, 0.01, 25.3, -1.014, 1.032, 0.01
 32820200, 25.325, -0.686, 1.421, 0.01, 25.307, -0.837, 1.197, 0.01
 33020953, 25.378, -0.535, 1.546, 0.01, 25.325, -0.686, 1.421, 0.01
 33220873, 25.434, -0.393, 1.563, 0.01, 25.378, -0.535, 1.546, 0.01
 33420793, 25.488, -0.261, 1.527, 0.01, 25.434, -0.393, 1.563, 0.01
 33620713, 25.545, -0.137, 1.547, 0.01, 25.488, -0.261, 1.527, 0.01
 33820633, 25.61, -0.027, 1.631, 0.01, 25.545, -0.137, 1.547, 0.01
 34020553, 25.684, 0.07, 1.659, 0.01, 25.61, -0.027, 1.631, 0.01
 34220473, 25.76, 0.162, 1.62, 0.01, 25.684, 0.07, 1.659, 0.01
 34420393, 25.84, 0.214, 1.627, 0.01, 25.76, 0.162, 1.62, 0.01
 34620313, 25.921, 0.251, 1.656, 0.01, 25.84, 0.214, 1.627, 0.01
 34820233, 26.008, 0.296, 1.65, 0.01, 25.921, 0.251, 1.656, 0.01
 35020153, 26.088, 0.332, 1.594, 0.01, 26.008, 0.296, 1.65, 0.01
 35220906, 26.17, 0.386, 1.559, 0.01, 26.088, 0.332, 1.594, 0.01
 35420826, 26.25, 0.405, 1.523, 0.01, 26.17, 0.386, 1.559, 0.01
 35620746, 26.33, 0.417, 1.489, 0.01, 26.25, 0.405, 1.523, 0.01
 35820666, 26.421, 0.45, 1.512, 0.01, 26.33, 0.417, 1.489, 0.01
 36020586, 26.512, 0.475, 1.474, 0.01, 26.421, 0.45, 1.512, 0.01
 36220506, 26.601, 0.476, 1.496, 0.01, 26.512, 0.475, 1.474, 0.01
 36420426, 26.69, 0.482, 1.397, 0.01, 26.601, 0.476, 1.496, 0.01
 36620346, 26.774, 0.473, 1.344, 0.01, 26.69, 0.482, 1.397, 0.01
 36820266, 26.86, 0.476, 1.377, 0.01, 26.774, 0.473, 1.344, 0.01
 37020186, 26.952, 0.473, 1.36, 0.01, 26.86, 0.476, 1.377, 0.01
 37220939, 27.04, 0.47, 1.329, 0.01, 26.952, 0.473, 1.36, 0.01
 37420859, 27.132, 0.458, 1.237, 0.01, 27.04, 0.47, 1.329, 0.01
 37620779, 27.213, 0.425, 1.17, 0.01, 27.132, 0.458, 1.237, 0.01
 37820699, 27.279, 0.401, 1.117, 0.01, 27.213, 0.425, 1.17, 0.01
 38020619, 27.354, 0.408, 1.09, 0.01, 27.279, 0.401, 1.117, 0.01
 38220539, 27.426, 0.417, 1.033, 0.01, 27.354, 0.408, 1.09, 0.01
 38420459, 27.497, 0.409, 1.013, 0.01, 27.426, 0.417, 1.033, 0.01
 38620379, 27.566, 0.408, 1.004, 0.01, 27.497, 0.409, 1.013, 0.01
 38820299, 27.624, 0.422, 0.85, 0.01, 27.566, 0.408, 1.004, 0.01
 39020219, 27.679, 0.414, 0.689, 0.01, 27.624, 0.422, 0.85, 0.01
 39220972, 27.734, 0.408, 0.714, 0.01, 27.679, 0.414, 0.689, 0.01
 39420892, 27.794, 0.404, 0.6900001, 0.01, 27.734, 0.408, 0.714, 0.01
 39620812, 27.839, 0.41, 0.59, 0.01, 27.794, 0.404, 0.6900001, 0.01
 39820732, 27.878, 0.422, 0.578, 0.01, 27.839, 0.41, 0.59, 0.01
 40020652, 27.913, 0.437, 0.5700001, 0.01, 27.878, 0.422, 0.578, 0.01
 40220572, 27.948, 0.447, 0.502, 0.01, 27.913, 0.437, 0.5700001, 0.01
 40420492, 27.993, 0.433, 0.441, 0.01, 27.948, 0.447, 0.502, 0.01
 40620412, 28.037, 0.42, 0.357, 0.01, 27.993, 0.433, 0.441, 0.01
 40820332, 28.079, 0.399, 0.313, 0.01, 28.037, 0.42, 0.357, 0.01
 41020252, 28.125, 0.386, 0.28, 0.01, 28.079, 0.399, 0.313, 0.01
 41220172, 28.163, 0.39, 0.308, 0.01, 28.125, 0.386, 0.28, 0.01
 41420925, 28.196, 0.393, 0.368, 0.01, 28.163, 0.39, 0.308, 0.01
 41620845, 28.222, 0.389, 0.308, 0.01, 28.196, 0.393, 0.368, 0.01
 41820765, 28.259, 0.406, 0.252, 0.01, 28.222, 0.389, 0.308, 0.01
 42020685, 28.291, 0.406, 0.144, 0.01, 28.259, 0.406, 0.252, 0.01
 42220605, 28.319, 0.399, 0.106, 0.01, 28.291, 0.406, 0.144, 0.01
 42420525, 28.34, 0.405, 0.096, 0.01, 28.319, 0.399, 0.106, 0.01
 42620445, 28.364, 0.416, 0.146, 0.01, 28.34, 0.405, 0.096, 0.01
 42820365, 28.377, 0.418, 0.094, 0.01, 28.364, 0.416, 0.146, 0.01
 43020285, 28.406, 0.424, 0.041, 0.01, 28.377, 0.418, 0.094, 0.01
 43220205, 28.439, 0.455, -0.003, 0.01, 28.406, 0.424, 0.041, 0.01
 43420958, 28.464, 0.464, -0.047, 0.01, 28.439, 0.455, -0.003, 0.01
 43620878, 28.483, 0.459, -0.047, 0.01, 28.464, 0.464, -0.047, 0.01
 43820798, 28.495, 0.465, -0.063, 0.01, 28.483, 0.459, -0.047, 0.01
 44020718, 28.505, 0.48, -0.054, 0.01, 28.495, 0.465, -0.063, 0.01
 44220638, 28.519, 0.491, -0.09, 0.01, 28.505, 0.48, -0.054, 0.01
 44420558, 28.543, 0.487, -0.111, 0.01, 28.519, 0.491, -0.09, 0.01
 44620478, 28.568, 0.522, -0.114, 0.01, 28.543, 0.487, -0.111, 0.01
 44820398, 28.589, 0.553, -0.102, 0.01, 28.568, 0.522, -0.114, 0.01
 45020318, 28.615, 0.5560001, -0.056, 0.01, 28.589, 0.553, -0.102, 0.01
 45220238, 28.619, 0.569, -0.093, 0.01, 28.615, 0.5560001, -0.056, 0.01
 45420158, 28.634, 0.571, -0.097, 0.01, 28.619, 0.569, -0.093, 0.01
 45620911, 28.643, 0.574, -0.161, 0.01, 28.634, 0.571, -0.097, 0.01
 45820831, 28.654, 0.59, -0.178, 0.01, 28.643, 0.574, -0.161, 0.01
 46020751, 28.653, 0.587, -0.233, 0.01, 28.654, 0.59, -0.178, 0.01
 46220671, 28.656, 0.587, -0.241, 0.01, 28.653, 0.587, -0.233, 0.01
 46420591, 28.656, 0.58, -0.222, 0.01, 28.656, 0.587, -0.241, 0.01
 46620511, 28.665, 0.582, -0.112, 0.01, 28.656, 0.58, -0.222, 0.01
 46820431, 28.673, 0.5790001, -0.132, 0.01, 28.665, 0.582, -0.112, 0.01
 47020351, 28.675, 0.561, -0.194, 0.01, 28.673, 0.5790001, -0.132, 0.01
 47220271, 28.678, 0.545, -0.19, 0.01, 28.675, 0.561, -0.194, 0.01
 47420191, 28.683, 0.548, -0.127, 0.01, 28.678, 0.545, -0.19, 0.01
 47620944, 28.691, 0.564, -0.134, 0.01, 28.683, 0.548, -0.127, 0.01
 47820864, 28.716, 0.546, -0.179, 0.01, 28.691, 0.564, -0.134, 0.01
 48020784, 28.735, 0.553, -0.199, 0.01, 28.716, 0.546, -0.179, 0.01
 48220704, 28.733, 0.553, -0.166, 0.01, 28.735, 0.553, -0.199, 0.01
 48420624, 28.743, 0.552, -0.138, 0.01, 28.733, 0.553, -0.166, 0.01
 48620544, 28.762, 0.562, -0.194, 0.01, 28.743, 0.552, -0.138, 0.01
 48820464, 28.775, 0.549, -0.177, 0.01, 28.762, 0.562, -0.194, 0.01
 49020384, 28.773, 0.537, -0.193, 0.01, 28.775, 0.549, -0.177, 0.01
 49220304, 28.765, 0.541, -0.233, 0.01, 28.773, 0.537, -0.193, 0.01
 49420224, 28.773, 0.539, -0.131, 0.01, 28.765, 0.541, -0.233, 0.01
 49620977, 28.786, 0.5420001, -0.156, 0.01, 28.773, 0.539, -0.131, 0.01
 49820897, 28.796, 0.528, -0.216, 0.01, 28.786, 0.5420001, -0.156, 0.01
 50020817, 28.807, 0.524, -0.249, 0.01, 28.796, 0.528, -0.216, 0.01
 50220737, 28.809, 0.508, -0.238, 0.01, 28.807, 0.524, -0.249, 0.01
 50420657, 28.82, 0.513, -0.131, 0.01, 28.809, 0.508, -0.238, 0.01
 50620577, 28.834, 0.515, -0.117, 0.01, 28.82, 0.513, -0.131, 0.01
 50820497, 28.842, 0.527, -0.145, 0.01, 28.834, 0.515, -0.117, 0.01
 51020417, 28.847, 0.518, -0.182, 0.01, 28.842, 0.527, -0.145, 0.01
 51220337, 28.856, 0.503, -0.254, 0.01, 28.847, 0.518, -0.182, 0.01
 51420257, 28.856, 0.52, -0.235, 0.01, 28.856, 0.503, -0.254, 0.01
 51620177, 28.851, 0.509, -0.188, 0.01, 28.856, 0.52, -0.235, 0.01
 51820930, 28.839, 0.486, -0.124, 0.01, 28.851, 0.509, -0.188, 0.01
 52020850, 28.848, 0.48, -0.152, 0.01, 28.839, 0.486, -0.124, 0.01
 52220770, 28.847, 0.474, -0.154, 0.01, 28.848, 0.48, -0.152, 0.01
 52420690, 28.846, 0.491, -0.191, 0.01, 28.847, 0.474, -0.154, 0.01
 52620610, 28.85, 0.514, -0.179, 0.01, 28.846, 0.491, -0.191, 0.01
 52820530, 28.857, 0.495, -0.15, 0.01, 28.85, 0.514, -0.179, 0.01
 53020450, 28.859, 0.498, -0.128, 0.01, 28.857, 0.495, -0.15, 0.01
 53220370, 28.866, 0.503, -0.089, 0.01, 28.859, 0.498, -0.128, 0.01
 53420290, 28.871, 0.504, -0.137, 0.01, 28.866, 0.503, -0.089, 0.01
 53620210, 28.872, 0.512, -0.184, 0.01, 28.871, 0.504, -0.137, 0.01
 53820963, 28.871, 0.525, -0.165, 0.01, 28.872, 0.512, -0.184, 0.01
 54020883, 28.873, 0.512, -0.158, 0.01, 28.871, 0.525, -0.165, 0.01
 54220803, 28.875, 0.501, -0.119, 0.01, 28.873, 0.512, -0.158, 0.01
 54420723, 28.88, 0.497, -0.098, 0.01, 28.875, 0.501, -0.119, 0.01
 54620643, 28.89, 0.509, -0.039, 0.01, 28.88, 0.497, -0.098, 0.01
 54820563, 28.898, 0.536, -0.066, 0.01, 28.89, 0.509, -0.039, 0.01
 55020483, 28.901, 0.532, -0.079, 0.01, 28.898, 0.536, -0.066, 0.01
 55220403, 28.917, 0.5100001, -0.109, 0.01, 28.901, 0.532, -0.079, 0.01
 55420323, 28.929, 0.509, -0.068, 0.01, 28.917, 0.5100001, -0.109, 0.01
 55620243, 28.924, 0.505, -0.1, 0.01, 28.929, 0.509, -0.068, 0.01
 55820163, 28.93, 0.528, -0.06, 0.01, 28.924, 0.505, -0.1, 0.01
 56020916, 28.949, 0.5470001, -0.135, 0.01, 28.93, 0.528, -0.06, 0.01
 56220836, 28.954, 0.5330001, -0.187, 0.01, 28.949, 0.5470001, -0.135, 0.01
 56420756, 28.948, 0.527, -0.119, 0.01, 28.954, 0.5330001, -0.187, 0.01
 56620676, 28.952, 0.521, -0.047, 0.01, 28.948, 0.527, -0.119, 0.01
 56820596, 28.952, 0.541, -0.081, 0.01, 28.952, 0.521, -0.047, 0.01
 57020516, 28.95, 0.559, -0.09, 0.01, 28.952, 0.541, -0.081, 0.01
 57220436, 28.941, 0.563, -0.171, 0.01, 28.95, 0.559, -0.09, 0.01
 57420356, 28.929, 0.58, -0.222, 0.01, 28.941, 0.563, -0.171, 0.01
 57620276, 28.938, 0.561, -0.177, 0.01, 28.929, 0.58, -0.222, 0.01
 57820196, 28.943, 0.545, -0.122, 0.01, 28.938, 0.561, -0.177, 0.01
 58020949, 28.947, 0.5560001, -0.086, 0.01, 28.943, 0.545, -0.122, 0.01
 58220869, 28.959, 0.563, -0.07300001, 0.01, 28.947, 0.5560001, -0.086, 0.01
 58420789, 28.964, 0.5700001, -0.039, 0.01, 28.959, 0.563, -0.07300001, 0.01
 58620709, 28.959, 0.58, -0.126, 0.01, 28.964, 0.5700001, -0.039, 0.01
 58820629, 28.951, 0.572, -0.219, 0.01, 28.959, 0.58, -0.126, 0.01
 59020549, 28.953, 0.586, -0.141, 0.01, 28.951, 0.572, -0.219, 0.01
 59220469, 28.962, 0.618, -0.079, 0.01, 28.953, 0.586, -0.141, 0.01
 59420389, 28.962, 0.625, -0.017, 0.01, 28.962, 0.618, -0.079, 0.01
 59620309, 28.96, 0.631, -0.016, 0.01, 28.962, 0.625, -0.017, 0.01
 59820229, 28.974, 0.631, -0.048, 0.01, 28.96, 0.631, -0.016, 0.01
 60020149, 28.973, 0.6390001, -0.027, 0.01, 28.974, 0.631, -0.048, 0.01
 60220902, 28.968, 0.594, -0.106, 0.01, 28.973, 0.6390001, -0.027, 0.01
 60420822, 28.97, 0.582, -0.142, 0.01, 28.968, 0.594, -0.106, 0.01
 60620742, 28.984, 0.58, -0.066, 0.01, 28.97, 0.582, -0.142, 0.01
 60820662, 28.987, 0.572, -0.035, 0.01, 28.984, 0.58, -0.066, 0.01
 61020582, 28.987, 0.557, -0.072, 0.01, 28.987, 0.572, -0.035, 0.01
 61220502, 28.979, 0.559, -0.052, 0.01, 28.987, 0.557, -0.072, 0.01
 61420422, 28.986, 0.566, -0.06900001, 0.01, 28.979, 0.559, -0.052, 0.01
 61620342, 28.991, 0.549, -0.019, 0.01, 28.986, 0.566, -0.06900001, 0.01
 61820262, 28.991, 0.5700001, 0.019, 0.01, 28.991, 0.549, -0.019, 0.01
 62020182, 28.986, -0.05, -0.048, 0.01, 28.991, 0.5700001, 0.019, 0.01
 62220935, 28.977, -1.234, 0.114, 0.01, 28.986, -0.05, -0.048, 0.01
 62420855, 28.983, -3.012, 0.442, 0.01, 28.977, -1.234, 0.114, 0.01
 62620775, 28.901, -5.659, 0.777, 0.01, 28.983, -3.012, 0.442, 0.01
 62820695, 28.376, -9.109, 0.591, 0.01, 28.901, -5.659, 0.777, 0.01
 63020615, 27.201, -12.853, -0.079, 0.01, 28.376, -9.109, 0.591, 0.01
 63220535, 25.696, -16.019, -0.742, 0.01, 27.201, -12.853, -0.079, 0.01
 63420455, 24.132, -18.396, -1.113, 0.01, 25.696, -16.019, -0.742, 0.01
 63620375, 22.577, -20.162, -1.192, 0.01, 24.132, -18.396, -1.113, 0.01
 63820295, 21.055, -21.568, -1.106, 0.01, 22.577, -20.162, -1.192, 0.01
 64020215, 19.553, -22.745, -0.927, 0.01, 21.055, -21.568, -1.106, 0.01
 64220968, 18.087, -23.759, -0.7220001, 0.01, 19.553, -22.745, -0.927, 0.01
 64420888, 16.571, -24.684, -0.501, 0.01, 18.087, -23.759, -0.7220001, 0.01
 64620808, 14.958, -25.561, -0.355, 0.01, 16.571, -24.684, -0.501, 0.01
 64820728, 13.342, -26.317, -0.204, 0.01, 14.958, -25.561, -0.355, 0.01
 65020648, 11.747, -26.968, -0.06500001, 0.01, 13.342, -26.317, -0.204, 0.01
 65220568, 10.182, -27.503, 0.07, 0.01, 11.747, -26.968, -0.06500001, 0.01
 65420488, 8.67, -27.925, 0.219, 0.01, 10.182, -27.503, 0.07, 0.01
 65620408, 7.187, -28.247, 0.353, 0.01, 8.67, -27.925, 0.219, 0.01
 65820328, 5.765, -28.471, 0.489, 0.01, 7.187, -28.247, 0.353, 0.01
 66020248, 4.362, -28.629, 0.583, 0.01, 5.765, -28.471, 0.489, 0.01
 66220168, 2.987, -28.73, 0.6390001, 0.01, 4.362, -28.629, 0.583, 0.01
 66420921, 1.725, -28.759, 0.702, 0.01, 2.987, -28.73, 0.6390001, 0.01
 66620841, 0.548, -28.739, 0.7590001, 0.01, 1.725, -28.759, 0.702, 0.01
 66820761, -0.552, -28.664, 0.821, 0.01, 0.548, -28.739, 0.7590001, 0.01
 67020681, -1.582, -28.559, 0.891, 0.01, -0.552, -28.664, 0.821, 0.01
 67220601, -2.516, -28.436, 0.933, 0.01, -1.582, -28.559, 0.891, 0.01
 67420521, -3.387, -28.295, 0.904, 0.01, -2.516, -28.436, 0.933, 0.01
 67620441, -4.18, -28.13, 0.8470001, 0.01, -3.387, -28.295, 0.904, 0.01
 67820361, -4.88, -27.959, 0.809, 0.01, -4.18, -28.13, 0.8470001, 0.01
 68020281, -5.444, -27.819, 0.878, 0.01, -4.88, -27.959, 0.809, 0.01
 68220201, -5.960001, -27.683, 0.8800001, 0.01, -5.444, -27.819, 0.878, 0.01
 68420954, -6.412, -27.561, 0.854, 0.01, -5.960001, -27.683, 0.8800001, 0.01
 68620874, -6.799, -27.449, 0.675, 0.01, -6.412, -27.561, 0.854, 0.01
 68820794, -7.078001, -27.359, 0.632, 0.01, -6.799, -27.449, 0.675, 0.01
 69020714, -7.276, -27.298, 0.585, 0.01, -7.078001, -27.359, 0.632, 0.01
 69220634, -7.423, -27.261, 0.5700001, 0.01, -7.276, -27.298, 0.585, 0.01
 69420554, -7.521, -27.24, 0.655, 0.01, -7.423, -27.261, 0.5700001, 0.01
 69620474, -7.585001, -27.242, 0.6900001, 0.01, -7.521, -27.24, 0.655, 0.01
 69820394, -7.589, -27.281, 0.603, 0.01, -7.585001, -27.242, 0.6900001, 0.01
 70020314, -7.53, -27.327, 0.541, 0.01, -7.589, -27.281, 0.603, 0.01
 70220234, -7.460001, -27.376, 0.462, 0.01, -7.53, -27.327, 0.541, 0.01
 70420154, -7.367001, -27.433, 0.378, 0.01, -7.460001, -27.376, 0.462, 0.01
 70620907, -7.223001, -27.497, 0.344, 0.01, -7.367001, -27.433, 0.378, 0.01
 70820827, -7.05, -27.56, 0.302, 0.01, -7.223001, -27.497, 0.344, 0.01
 71020747, -6.846, -27.628, 0.254, 0.01, -7.05, -27.56, 0.302, 0.01
 71220667, -6.636, -27.688, 0.233, 0.01, -6.846, -27.628, 0.254, 0.01
 71420587, -6.427001, -27.748, 0.248, 0.01, -6.636, -27.688, 0.233, 0.01
 71620507, -6.137, -27.822, 0.104, 0.01, -6.427001, -27.748, 0.248, 0.01
 71820427, -5.843, -27.893, 0.027, 0.01, -6.137, -27.822, 0.104, 0.01
 72020347, -5.575, -27.966, 0.056, 0.01, -5.843, -27.893, 0.027, 0.01
 72220267, -5.332, -28.032, 0.06500001, 0.01, -5.575, -27.966, 0.056, 0.01
 72420187, -5.077, -28.096, 0.06900001, 0.01, -5.332, -28.032, 0.06500001, 0.01
 72620940, -4.791, -28.154, 0.018, 0.01, -5.077, -28.096, 0.06900001, 0.01
 72820860, -4.489, -28.219, -0.028, 0.01, -4.791, -28.154, 0.018, 0.01
 73020780, -4.186, -28.286, -0.067, 0.01, -4.489, -28.219, -0.028, 0.01
 73220700, -3.901, -28.346, -0.062, 0.01, -4.186, -28.286, -0.067, 0.01
 73420620, -3.62, -28.392, -0.108, 0.01, -3.901, -28.346, -0.062, 0.01
 73620540, -3.343, -28.443, -0.128, 0.01, -3.62, -28.392, -0.108, 0.01
 73820460, -3.081, -28.482, -0.145, 0.01, -3.343, -28.443, -0.128, 0.01
 74020380, -2.846, -28.517, -0.096, 0.01, -3.081, -28.482, -0.145, 0.01
 74220300, -2.601, -28.551, -0.1, 0.01, -2.846, -28.517, -0.096, 0.01
 74420220, -2.319, -28.583, -0.243, 0.01, -2.601, -28.551, -0.1, 0.01
 74620973, -2.093, -28.618, -0.294, 0.01, -2.319, -28.583, -0.243, 0.01
 74820893, -1.87, -28.656, -0.225, 0.01, -2.093, -28.618, -0.294, 0.01
 75020813, -1.673, -28.69, -0.184, 0.01, -1.87, -28.656, -0.225, 0.01
 75220733, -1.473, -28.7, -0.247, 0.01, -1.673, -28.69, -0.184, 0.01
 75420653, -1.263, -28.713, -0.347, 0.01, -1.473, -28.7, -0.247, 0.01
 75620573, -1.067, -28.728, -0.392, 0.01, -1.263, -28.713, -0.347, 0.01
 75820493, -0.904, -28.74, -0.318, 0.01, -1.067, -28.728, -0.392, 0.01
 76020413, -0.753, -28.756, -0.294, 0.01, -0.904, -28.74, -0.318, 0.01
 76220333, -0.61, -28.761, -0.373, 0.01, -0.753, -28.756, -0.294, 0.01
 76420253, -0.463, -28.763, -0.418, 0.01, -0.61, -28.761, -0.373, 0.01
 76620173, -0.37, -28.769, -0.405, 0.01, -0.463, -28.763, -0.418, 0.01
 76820926, -0.282, -28.772, -0.353, 0.01, -0.37, -28.769, -0.405, 0.01
 77020846, -0.197, -28.781, -0.311, 0.01, -0.282, -28.772, -0.353, 0.01
 77220766, -0.09900001, -28.785, -0.311, 0.01, -0.197, -28.781, -0.311, 0.01
 77420686, -0.002, -28.778, -0.358, 0.01, -0.09900001, -28.785, -0.311, 0.01
 77620606, 0.064, -28.771, -0.398, 0.01, -0.002, -28.778, -0.358, 0.01
 77820526, 0.1, -28.773, -0.413, 0.01, 0.064, -28.771, -0.398, 0.01
 78020446, 0.148, -28.774, -0.447, 0.01, 0.1, -28.773, -0.413, 0.01
 78220366, 0.198, -28.765, -0.451, 0.01, 0.148, -28.774, -0.447, 0.01
 78420286, 0.237, -28.746, -0.387, 0.01, 0.198, -28.765, -0.451, 0.01
 78620206, 0.267, -28.735, -0.341, 0.01, 0.237, -28.746, -0.387, 0.01
 78820959, 0.295, -28.738, -0.343, 0.01, 0.267, -28.735, -0.341, 0.01
 79020879, 0.329, -28.749, -0.367, 0.01, 0.295, -28.738, -0.343, 0.01
 79220799, 0.341, -28.746, -0.208, 0.01, 0.329, -28.749, -0.367, 0.01
 79420719, 0.355, -28.737, -0.241, 0.01, 0.341, -28.746, -0.208, 0.01
 79620639, 0.366, -28.736, -0.283, 0.01, 0.355, -28.737, -0.241, 0.01
 79820559, 0.376, -28.739, -0.29, 0.01, 0.366, -28.736, -0.283, 0.01
 80020479, 0.392, -28.732, -0.238, 0.01, 0.376, -28.739, -0.29, 0.01
 80220399, 0.373, -28.739, -0.235, 0.01, 0.392, -28.732, -0.238, 0.01
 80420319, 0.357, -28.738, -0.23, 0.01, 0.373, -28.739, -0.235, 0.01
 80620239, 0.36, -28.741, -0.254, 0.01, 0.357, -28.738, -0.23, 0.01
 80820159, 0.365, -28.756, -0.202, 0.01, 0.36, -28.741, -0.254, 0.01
 81020912, 0.351, -28.762, -0.191, 0.01, 0.365, -28.756, -0.202, 0.01
 81220832, 0.33, -28.752, -0.217, 0.01, 0.351, -28.762, -0.191, 0.01
 81420752, 0.317, -28.739, -0.303, 0.01, 0.33, -28.752, -0.217, 0.01
 81620672, 0.286, -28.733, -0.34, 0.01, 0.317, -28.739, -0.303, 0.01
 81820592, 0.279, -28.739, -0.228, 0.01, 0.286, -28.733, -0.34, 0.01
 82020512, 0.256, -28.738, -0.132, 0.01, 0.279, -28.739, -0.228, 0.01
 82220432, 0.222, -28.741, -0.066, 0.01, 0.256, -28.738, -0.132, 0.01
 82420352, 0.194, -28.746, -0.102, 0.01, 0.222, -28.741, -0.066, 0.01
 82620272, 0.172, -28.741, -0.109, 0.01, 0.194, -28.746, -0.102, 0.01
 82820192, 0.152, -28.762, -0.106, 0.01, 0.172, -28.741, -0.109, 0.01
 83020945, 0.151, -28.776, -0.115, 0.01, 0.152, -28.762, -0.106, 0.01
 83220865, 0.15, -28.774, -0.15, 0.01, 0.151, -28.776, -0.115, 0.01
 83420785, 0.148, -28.786, -0.168, 0.01, 0.15, -28.774, -0.15, 0.01
 83620705, 0.138, -28.802, -0.09200001, 0.01, 0.148, -28.786, -0.168, 0.01
 83820625, 0.106, -28.806, -0.041, 0.01, 0.138, -28.802, -0.09200001, 0.01
 84020545, 0.086, -28.817, 0.046, 0.01, 0.106, -28.806, -0.041, 0.01
 84220465, 0.066, -28.84, 0.003, 0.01, 0.086, -28.817, 0.046, 0.01
 84420385, 0.048, -28.84, -0.105, 0.01, 0.066, -28.84, 0.003, 0.01
 84620305, 0.022, -28.826, -0.128, 0.01, 0.048, -28.84, -0.105, 0.01
 84820225, 0.015, -28.828, -0.141, 0.01, 0.022, -28.826, -0.128, 0.01
 85020145, 0.008, -28.815, -0.083, 0.01, 0.015, -28.828, -0.141, 0.01
 85220898, 0.024, -28.819, -0.008, 0.01, 0.008, -28.815, -0.083, 0.01
 85420818, 0.036, -28.831, -0.08000001, 0.01, 0.024, -28.819, -0.008, 0.01
 85620738, 0.018, -28.838, -0.119, 0.01, 0.036, -28.831, -0.08000001, 0.01
 85820658, 0.024, -28.851, -0.07, 0.01, 0.018, -28.838, -0.119, 0.01
 86020578, 0.049, -28.862, 0.011, 0.01, 0.024, -28.851, -0.07, 0.01
 86220498, 0.064, -28.869, -0.03, 0.01, 0.049, -28.862, 0.011, 0.01
 86420418, 0.06900001, -28.878, -0.07600001, 0.01, 0.064, -28.869, -0.03, 0.01
 86620338, 0.068, -28.877, -0.107, 0.01, 0.06900001, -28.878, -0.07600001, 0.01
 86820258, 0.07, -28.883, -0.07, 0.01, 0.068, -28.877, -0.107, 0.01
 87020178, 0.074, -28.893, -0.007, 0.01, 0.07, -28.883, -0.07, 0.01
 87220931, 0.07300001, -28.901, -0.001, 0.01, 0.074, -28.893, -0.007, 0.01
 87420851, 0.081, -28.905, -0.044, 0.01, 0.07300001, -28.901, -0.001, 0.01
 87620771, 0.09, -28.9, -0.166, 0.01, 0.081, -28.905, -0.044, 0.01
 87820691, 0.08400001, -28.901, -0.121, 0.01, 0.09, -28.9, -0.166, 0.01
 88020611, 0.086, -28.896, -0.078, 0.01, 0.08400001, -28.901, -0.121, 0.01
 88220531, 0.101, -28.897, -0.07300001, 0.01, 0.086, -28.896, -0.078, 0.01
 88420451, 0.105, -28.904, -0.074, 0.01, 0.101, -28.897, -0.07300001, 0.01
 88620371, 0.121, -28.904, -0.09, 0.01, 0.105, -28.904, -0.074, 0.01
 88820291, 0.117, -28.904, -0.124, 0.01, 0.121, -28.904, -0.09, 0.01
 89020211, 0.115, -28.907, -0.126, 0.01, 0.117, -28.904, -0.124, 0.01
 89220964, 0.12, -28.907, -0.06900001, 0.01, 0.115, -28.907, -0.126, 0.01
 89420884, 0.119, -28.915, -0.036, 0.01, 0.12, -28.907, -0.06900001, 0.01
 89620804, 0.121, -28.919, -0.063, 0.01, 0.119, -28.915, -0.036, 0.01
 89820724, 0.106, -28.918, -0.07, 0.01, 0.121, -28.919, -0.063, 0.01
 90020644, 0.117, -28.918, -0.07, 0.01, 0.106, -28.918, -0.07, 0.01
 90220564, 0.114, -28.92, -0.057, 0.01, 0.117, -28.918, -0.07, 0.01
 90420484, 0.098, -28.923, -0.098, 0.01, 0.114, -28.92, -0.057, 0.01
 90620404, 0.087, -28.923, -0.07600001, 0.01, 0.098, -28.923, -0.098, 0.01
 90820324, 0.081, -28.927, -0.054, 0.01, 0.087, -28.923, -0.07600001, 0.01
 91020244, 0.075, -28.929, -0.085, 0.01, 0.081, -28.927, -0.054, 0.01
 91220164, 0.072, -28.928, -0.075, 0.01, 0.075, -28.929, -0.085, 0.01
 91420917, 0.06, -28.926, -0.074, 0.01, 0.072, -28.928, -0.075, 0.01
 91620837, 0.051, -28.928, -0.034, 0.01, 0.06, -28.926, -0.074, 0.01
 91820757, 0.066, -28.926, -0.09100001, 0.01, 0.051, -28.928, -0.034, 0.01
 92020677, 0.074, -28.927, -0.09900001, 0.01, 0.066, -28.926, -0.09100001, 0.01
 92220597, 0.07300001, -28.921, -0.124, 0.01, 0.074, -28.927, -0.09900001, 0.01
 92420517, 0.072, -28.917, -0.086, 0.01, 0.07300001, -28.921, -0.124, 0.01
 92620437, 0.059, -28.919, -0.055, 0.01, 0.072, -28.917, -0.086, 0.01
 92820357, 0.07700001, -28.921, -0.041, 0.01, 0.059, -28.919, -0.055, 0.01
 93020277, -0.524, -28.909, -0.114, 0.01, 0.07700001, -28.921, -0.041, 0.01
 93220197, -1.694, -28.895, 0.112, 0.01, -0.524, -28.909, -0.114, 0.01
 93420950, -3.429, -28.871, 0.446, 0.01, -1.694, -28.895, 0.112, 0.01
 93620870, -5.915, -28.784, 0.8420001, 0.01, -3.429, -28.871, 0.446, 0.01
 93820790, -9.397, -28.227, 0.6580001, 0.01, -5.915, -28.784, 0.8420001, 0.01
 94020710, -13.208, -26.988, -0.103, 0.01, -9.397, -28.227, 0.6580001, 0.01
 94220630, -16.329, -25.449, -0.804, 0.01, -13.208, -26.988, -0.103, 0.01
 94420550, -18.616, -23.879, -1.151, 0.01, -16.329, -25.449, -0.804, 0.01
 94620470, -20.262, -22.363, -1.145, 0.01, -18.616, -23.879, -1.151, 0.01
 94820390, -21.534, -20.952, -0.984, 0.01, -20.262, -22.363, -1.145, 0.01
 95020310, -22.687, -19.465, -0.846, 0.01, -21.534, -20.952, -0.984, 0.01
 95220230, -23.686, -17.997, -0.646, 0.01, -22.687, -19.465, -0.846, 0.01
 95420150, -24.626, -16.433, -0.5190001, 0.01, -23.686, -17.997, -0.646, 0.01
 95620903, -25.463, -14.856, -0.365, 0.01, -24.626, -16.433, -0.5190001, 0.01
 95820823, -26.215, -13.233, -0.239, 0.01, -25.463, -14.856, -0.365, 0.01
 96020743, -26.817, -11.707, -0.107, 0.01, -26.215, -13.233, -0.239, 0.01
 96220663, -27.311, -10.222, 0.037, 0.01, -26.817, -11.707, -0.107, 0.01
 96420583, -27.701, -8.779, 0.199, 0.01, -27.311, -10.222, 0.037, 0.01
 96620503, -28.011, -7.324, 0.31, 0.01, -27.701, -8.779, 0.199, 0.01
 96820423, -28.254, -5.899, 0.392, 0.01, -28.011, -7.324, 0.31, 0.01
 97020343, -28.404, -4.599, 0.507, 0.01, -28.254, -5.899, 0.392, 0.01
 97220263, -28.501, -3.346, 0.5840001, 0.01, -28.404, -4.599, 0.507, 0.01
 97420183, -28.54, -2.188, 0.716, 0.01, -28.501, -3.346, 0.5840001, 0.01
 97620936, -28.536, -1.028, 0.777, 0.01, -28.54, -2.188, 0.716, 0.01
 97820856, -28.487, 0.058, 0.8430001, 0.01, -28.536, -1.028, 0.777, 0.01
 98020776, -28.4, 1.076, 0.881, 0.01, -28.487, 0.058, 0.8430001, 0.01
 98220696, -28.294, 2.026, 0.8800001, 0.01, -28.4, 1.076, 0.881, 0.01
 98420616, -28.177, 2.849, 0.901, 0.01, -28.294, 2.026, 0.8800001, 0.01
 98620536, -28.043, 3.653, 0.844, 0.01, -28.177, 2.849, 0.901, 0.01
 98820456, -27.889, 4.335, 0.812, 0.01, -28.043, 3.653, 0.844, 0.01
 99020376, -27.754, 4.9, 0.808, 0.01, -27.889, 4.335, 0.812, 0.01
 99220296, -27.638, 5.371, 0.823, 0.01, -27.754, 4.9, 0.808, 0.01
 99420216, -27.528, 5.823, 0.77, 0.01, -27.638, 5.371, 0.823, 0.01
 99620969, -27.434, 6.179, 0.774, 0.01, -27.528, 5.823, 0.77, 0.01
 99820889, -27.356, 6.48, 0.7410001, 0.01, -27.434, 6.179, 0.774, 0.01
 100020809, -27.309, 6.704, 0.723, 0.01, -27.356, 6.48, 0.7410001, 0.01
 100220729, -27.28, 6.879, 0.725, 0.01, -27.309, 6.704, 0.723, 0.01
 100420649, -27.267, 7.003, 0.715, 0.01, -27.28, 6.879, 0.725, 0.01
 100620569, -27.277, 7.083, 0.671, 0.01, -27.267, 7.003, 0.715, 0.01
 100820489, -27.291, 7.123, 0.539, 0.01, -27.277, 7.083, 0.671, 0.01
 101020409, -27.295, 7.145, 0.439, 0.01, -27.291, 7.123, 0.539, 0.01
 101220329, -27.317, 7.116, 0.441, 0.01, -27.295, 7.145, 0.439, 0.01
 101420249, -27.368, 7.03, 0.447, 0.01, -27.317, 7.116, 0.441, 0.01
 101620169, -27.429, 6.885, 0.453, 0.01, -27.368, 7.03, 0.447, 0.01
 101820922, -27.491, 6.733, 0.397, 0.01, -27.429, 6.885, 0.453, 0.01
 102020842, -27.564, 6.568, 0.314, 0.01, -27.491, 6.733, 0.397, 0.01
 102220762, -27.637, 6.388, 0.221, 0.01, -27.564, 6.568, 0.314, 0.01
 102420682, -27.709, 6.210001, 0.245, 0.01, -27.637, 6.388, 0.221, 0.01
 102620602, -27.787, 5.997, 0.291, 0.01, -27.709, 6.210001, 0.245, 0.01
 102820522, -27.871, 5.753, 0.228, 0.01, -27.787, 5.997, 0.291, 0.01
 103020442, -27.955, 5.49, 0.151, 0.01, -27.871, 5.753, 0.228, 0.01
 103220362, -28.028, 5.217, 0.08000001, 0.01, -27.955, 5.49, 0.151, 0.01
 103420282, -28.09, 4.974, 0.04, 0.01, -28.028, 5.217, 0.08000001, 0.01
 103620202, -28.15, 4.701, 0.009000001, 0.01, -28.09, 4.974, 0.04, 0.01
 103820955, -28.216, 4.438, -0.01, 0.01, -28.15, 4.701, 0.009000001, 0.01
 104020875, -28.27, 4.16, -0.085, 0.01, -28.216, 4.438, -0.01, 0.01
 104220795, -28.327, 3.904, -0.03, 0.01, -28.27, 4.16, -0.085, 0.01
 104420715, -28.382, 3.644, -0.038, 0.01, -28.327, 3.904, -0.03, 0.01
 104620635, -28.439, 3.361, -0.105, 0.01, -28.382, 3.644, -0.038, 0.01
 104820555, -28.479, 3.117, -0.143, 0.01, -28.439, 3.361, -0.105, 0.01
 105020475, -28.508, 2.877, -0.225, 0.01, -28.479, 3.117, -0.143, 0.01
 105220395, -28.533, 2.652, -0.253, 0.01, -28.508, 2.877, -0.225, 0.01
 105420315, -28.557, 2.444, -0.201, 0.01, -28.533, 2.652, -0.253, 0.01
 105620235, -28.573, 2.239, -0.241, 0.01, -28.557, 2.444, -0.201, 0.01
 105820155, -28.588, 2.03, -0.278, 0.01, -28.573, 2.239, -0.241, 0.01
 106020908, -28.59, 1.841, -0.288, 0.01, -28.588, 2.03, -0.278, 0.01
 106220828, -28.611, 1.66, -0.257, 0.01, -28.59, 1.841, -0.288, 0.01
 106420748, -28.631, 1.474, -0.215, 0.01, -28.611, 1.66, -0.257, 0.01
 106620668, -28.655, 1.281, -0.193, 0.01, -28.631, 1.474, -0.215, 0.01
 106820588, -28.669, 1.096, -0.232, 0.01, -28.655, 1.281, -0.193, 0.01
 107020508, -28.694, 0.906, -0.269, 0.01, -28.669, 1.096, -0.232, 0.01
 107220428, -28.715, 0.7730001, -0.27, 0.01, -28.694, 0.906, -0.269, 0.01
 107420348, -28.717, 0.6580001, -0.318, 0.01, -28.715, 0.7730001, -0.27, 0.01
 107620268, -28.706, 0.543, -0.371, 0.01, -28.717, 0.6580001, -0.318, 0.01
 107820188, -28.693, 0.426, -0.399, 0.01, -28.706, 0.543, -0.371, 0.01
 108020941, -28.685, 0.335, -0.276, 0.01, -28.693, 0.426, -0.399, 0.01
 108220861, -28.686, 0.252, -0.266, 0.01, -28.685, 0.335, -0.276, 0.01
 108420781, -28.671, 0.148, -0.406, 0.01, -28.686, 0.252, -0.266, 0.01
 108620701, -28.661, 0.068, -0.461, 0.01, -28.671, 0.148, -0.406, 0.01
 108820621, -28.653, 0.038, -0.393, 0.01, -28.661, 0.068, -0.461, 0.01
 109020541, -28.65, 0, -0.286, 0.01, -28.653, 0.038, -0.393, 0.01
 109220461, -28.653, -0.051, -0.167, 0.01, -28.65, 0, -0.286, 0.01
 109420381, -28.66, -0.09, -0.197, 0.01, -28.653, -0.051, -0.167, 0.01
 109620301, -28.661, -0.147, -0.228, 0.01, -28.66, -0.09, -0.197, 0.01
 109820221, -28.674, -0.2, -0.244, 0.01, -28.661, -0.147, -0.228, 0.01
 110020974, -28.691, -0.226, -0.314, 0.01, -28.674, -0.2, -0.244, 0.01
 110220894, -28.7, -0.242, -0.267, 0.01, -28.691, -0.226, -0.314, 0.01
 110420814, -28.702, -0.274, -0.258, 0.01, -28.7, -0.242, -0.267, 0.01
 110620734, -28.697, -0.3, -0.224, 0.01, -28.702, -0.274, -0.258, 0.01
 110820654, -28.697, -0.294, -0.208, 0.01, -28.697, -0.3, -0.224, 0.01
 111020574, -28.697, -0.278, -0.215, 0.01, -28.697, -0.294, -0.208, 0.01
 111220494, -28.694, -0.252, -0.22, 0.01, -28.697, -0.278, -0.215, 0.01
 111420414, -28.698, -0.257, -0.247, 0.01, -28.694, -0.252, -0.22, 0.01
 111620334, -28.698, -0.26, -0.212, 0.01, -28.698, -0.257, -0.247, 0.01
 111820254, -28.695, -0.256, -0.218, 0.01, -28.698, -0.26, -0.212, 0.01
 112020174, -28.695, -0.285, -0.25, 0.01, -28.695, -0.256, -0.218, 0.01
 112220927, -28.69, -0.275, -0.212, 0.01, -28.695, -0.285, -0.25, 0.01
 112420847, -28.702, -0.262, -0.206, 0.01, -28.69, -0.275, -0.212, 0.01
 112620767, -28.714, -0.243, -0.188, 0.01, -28.702, -0.262, -0.206, 0.01
 112820687, -28.713, -0.248, -0.145, 0.01, -28.714, -0.243, -0.188, 0.01
 113020607, -28.714, -0.24, -0.183, 0.01, -28.713, -0.248, -0.145, 0.01
 113220527, -28.713, -0.273, -0.207, 0.01, -28.714, -0.24, -0.183, 0.01
 113420447, -28.707, 0.337, -0.233, 0.01, -28.713, -0.273, -0.207, 0.01
 113620367, -28.706, 1.496, -0.011, 0.01, -28.707, 0.337, -0.233, 0.01
 113820287, -28.699, 3.2, 0.413, 0.01, -28.706, 1.496, -0.011, 0.01
 114020207, -28.637, 5.709, 0.8430001, 0.01, -28.699, 3.2, 0.413, 0.01
 114220960, -28.096, 9.282001, 0.611, 0.01, -28.637, 5.709, 0.8430001, 0.01
 114420880, -26.882, 13.083, -0.11, 0.01, -28.096, 9.282001, 0.611, 0.01
 114620800, -25.425, 16.145, -0.7410001, 0.01, -26.882, 13.083, -0.11, 0.01
 114820720, -23.888, 18.518, -1.127, 0.01, -25.425, 16.145, -0.7410001, 0.01
 115020640, -22.375, 20.26, -1.192, 0.01, -23.888, 18.518, -1.127, 0.01
 115220560, -20.876, 21.642, -1.084, 0.01, -22.375, 20.26, -1.192, 0.01
 115420480, -19.373, 22.838, -0.941, 0.01, -20.876, 21.642, -1.084, 0.01
 115620400, -17.797, 23.933, -0.8240001, 0.01, -19.373, 22.838, -0.941, 0.01
 115820320, -16.203, 24.883, -0.739, 0.01, -17.797, 23.933, -0.8240001, 0.01
 116020240, -14.653, 25.682, -0.598, 0.01, -16.203, 24.883, -0.739, 0.01
 116220160, -13.138, 26.341, -0.392, 0.01, -14.653, 25.682, -0.598, 0.01
 116420913, -11.651, 26.903, -0.211, 0.01, -13.138, 26.341, -0.392, 0.01
 116620833, -10.19, 27.378, -0.056, 0.01, -11.651, 26.903, -0.211, 0.01
 116820753, -8.774, 27.764, 0.119, 0.01, -10.19, 27.378, -0.056, 0.01
 117020673, -7.336, 28.09, 0.262, 0.01, -8.774, 27.764, 0.119, 0.01
 117220593, -5.895, 28.347, 0.343, 0.01, -7.336, 28.09, 0.262, 0.01
 117420513, -4.493, 28.519, 0.379, 0.01, -5.895, 28.347, 0.343, 0.01
 117620433, -3.153, 28.62, 0.393, 0.01, -4.493, 28.519, 0.379, 0.01
 117820353, -1.94, 28.645, 0.463, 0.01, -3.153, 28.62, 0.393, 0.01
 118020273, -0.791, 28.627, 0.494, 0.01, -1.94, 28.645, 0.463, 0.01
 118220193, 0.227, 28.562, 0.555, 0.01, -0.791, 28.627, 0.494, 0.01
 118420946, 1.186, 28.453, 0.597, 0.01, 0.227, 28.562, 0.555, 0.01
 118620866, 2.019, 28.33, 0.696, 0.01, 1.186, 28.453, 0.597, 0.01
 118820786, 2.821, 28.201, 0.7410001, 0.01, 2.019, 28.33, 0.696, 0.01
 119020706, 3.578, 28.064, 0.721, 0.01, 2.821, 28.201, 0.7410001, 0.01
 119220626, 4.24, 27.929, 0.6900001, 0.01, 3.578, 28.064, 0.721, 0.01
 119420546, 4.801, 27.795, 0.655, 0.01, 4.24, 27.929, 0.6900001, 0.01
 119620466, 5.299, 27.668, 0.643, 0.01, 4.801, 27.795, 0.655, 0.01
 119820386, 5.697001, 27.559, 0.686, 0.01, 5.299, 27.668, 0.643, 0.01
 120020306, 6.031, 27.475, 0.696, 0.01, 5.697001, 27.559, 0.686, 0.01
 120220226, 6.298, 27.413, 0.71, 0.01, 6.031, 27.475, 0.696, 0.01
 120420146, 6.515, 27.372, 0.757, 0.01, 6.298, 27.413, 0.71, 0.01
 120620899, 6.676, 27.346, 0.723, 0.01, 6.515, 27.372, 0.757, 0.01
 120820819, 6.806, 27.336, 0.657, 0.01, 6.676, 27.346, 0.723, 0.01
 121020739, 6.878, 27.337, 0.585, 0.01, 6.806, 27.336, 0.657, 0.01
 121220659, 6.902, 27.356, 0.539, 0.01, 6.878, 27.337, 0.585, 0.01
 121420579, 6.909, 27.387, 0.47, 0.01, 6.902, 27.356, 0.539, 0.01
 121620499, 6.872, 27.423, 0.422, 0.01, 6.909, 27.387, 0.47, 0.01
 121820419, 6.778, 27.465, 0.445, 0.01, 6.872, 27.423, 0.422, 0.01
 122020339, 6.655, 27.517, 0.441, 0.01, 6.778, 27.465, 0.445, 0.01
 122220259, 6.509, 27.573, 0.372, 0.01, 6.655, 27.517, 0.441, 0.01
 122420179, 6.347, 27.635, 0.254, 0.01, 6.509, 27.573, 0.372, 0.01
 122620932, 6.153, 27.707, 0.213, 0.01, 6.347, 27.635, 0.254, 0.01
 122820852, 5.95, 27.766, 0.133, 0.01, 6.153, 27.707, 0.213, 0.01
 123020772, 5.744, 27.844, 0.157, 0.01, 5.95, 27.766, 0.133, 0.01
 123220692, 5.525, 27.917, 0.11, 0.01, 5.744, 27.844, 0.157, 0.01
 123420612, 5.293, 27.99, 0.094, 0.01, 5.525, 27.917, 0.11, 0.01
 123620532, 5.034, 28.065, 0.07700001, 0.01, 5.293, 27.99, 0.094, 0.01
 123820452, 4.777, 28.121, -0.037, 0.01, 5.034, 28.065, 0.07700001, 0.01
 124020372, 4.544, 28.172, -0.07, 0.01, 4.777, 28.121, -0.037, 0.01
 124220292, 4.307, 28.212, -0.039, 0.01, 4.544, 28.172, -0.07, 0.01
 124420212, 4.063, 28.254, -0.04, 0.01, 4.307, 28.212, -0.039, 0.01
 124620965, 3.824, 28.3, -0.056, 0.01, 4.063, 28.254, -0.04, 0.01
 124820885, 3.568, 28.362, -0.074, 0.01, 3.824, 28.3, -0.056, 0.01
 125020805, 3.339, 28.403, -0.087, 0.01, 3.568, 28.362, -0.074, 0.01
 125220725, 3.087, 28.446, -0.166, 0.01, 3.339, 28.403, -0.087, 0.01
 125420645, 2.847, 28.481, -0.266, 0.01, 3.087, 28.446, -0.166, 0.01
 125620565, 2.626, 28.502, -0.332, 0.01, 2.847, 28.481, -0.266, 0.01
 125820485, 2.437, 28.525, -0.251, 0.01, 2.626, 28.502, -0.332, 0.01
 126020405, 2.226, 28.552, -0.171, 0.01, 2.437, 28.525, -0.251, 0.01
 126220325, 1.999, 28.575, -0.254, 0.01, 2.226, 28.552, -0.171, 0.01
 126420245, 1.793, 28.593, -0.318, 0.01, 1.999, 28.575, -0.254, 0.01
 126620165, 1.625, 28.602, -0.346, 0.01, 1.793, 28.593, -0.318, 0.01
 126820918, 1.476, 28.61, -0.364, 0.01, 1.625, 28.602, -0.346, 0.01
 127020838, 1.321, 28.615, -0.331, 0.01, 1.476, 28.61, -0.364, 0.01
 127220758, 1.155, 28.63, -0.242, 0.01, 1.321, 28.615, -0.331, 0.01
 127420678, 0.9810001, 28.634, -0.254, 0.01, 1.155, 28.63, -0.242, 0.01
 127620598, 0.837, 28.624, -0.337, 0.01, 0.9810001, 28.634, -0.254, 0.01
 127820518, 0.7320001, 28.621, -0.357, 0.01, 0.837, 28.624, -0.337, 0.01
 128020438, 0.594, 28.618, -0.356, 0.01, 0.7320001, 28.621, -0.357, 0.01
 128220358, 0.48, 28.621, -0.344, 0.01, 0.594, 28.618, -0.356, 0.01
 128420278, 0.395, 28.623, -0.298, 0.01, 0.48, 28.621, -0.344, 0.01
 128620198, 0.294, 28.629, -0.251, 0.01, 0.395, 28.623, -0.298, 0.01
 128820951, 0.208, 28.641, -0.211, 0.01, 0.294, 28.629, -0.251, 0.01
 129020871, 0.141, 28.639, -0.325, 0.01, 0.208, 28.641, -0.211, 0.01
 129220791, 0.083, 28.632, -0.411, 0.01, 0.141, 28.639, -0.325, 0.01
 129420711, 0.043, 28.628, -0.349, 0.01, 0.083, 28.632, -0.411, 0.01
 129620631, 0.005, 28.635, -0.276, 0.01, 0.043, 28.628, -0.349, 0.01
 129820551, -0.024, 28.647, -0.234, 0.01, 0.005, 28.635, -0.276, 0.01
 130020471, -0.074, 28.646, -0.206, 0.01, -0.024, 28.647, -0.234, 0.01
 130220391, -0.121, 28.644, -0.282, 0.01, -0.074, 28.646, -0.206, 0.01
 130420311, -0.166, 28.642, -0.332, 0.01, -0.121, 28.644, -0.282, 0.01
 130620231, -0.196, 28.646, -0.241, 0.01, -0.166, 28.642, -0.332, 0.01
 130820151, -0.209, 28.655, -0.204, 0.01, -0.196, 28.646, -0.241, 0.01
 131020904, -0.215, 28.654, -0.218, 0.01, -0.209, 28.655, -0.204, 0.01
 131220824, -0.211, 28.655, -0.217, 0.01, -0.215, 28.654, -0.218, 0.01
 131420744, -0.229, 28.666, -0.205, 0.01, -0.211, 28.655, -0.217, 0.01
 131620664, -0.254, 28.657, -0.221, 0.01, -0.229, 28.666, -0.205, 0.01
 131820584, -0.261, 28.635, -0.202, 0.01, -0.254, 28.657, -0.221, 0.01
 132020504, -0.256, 28.617, -0.167, 0.01, -0.261, 28.635, -0.202, 0.01
 132220424, -0.248, 28.622, -0.124, 0.01, -0.256, 28.617, -0.167, 0.01
 132420344, -0.239, 28.629, -0.175, 0.01, -0.248, 28.622, -0.124, 0.01
 132620264, -0.243, 28.636, -0.204, 0.01, -0.239, 28.629, -0.175, 0.01
 132820184, -0.256, 28.649, -0.195, 0.01, -0.243, 28.636, -0.204, 0.01
 133020937, -0.253, 28.659, -0.105, 0.01, -0.256, 28.649, -0.195, 0.01
 133220857, -0.241, 28.671, -0.072, 0.01, -0.253, 28.659, -0.105, 0.01
 133420777, -0.239, 28.669, -0.116, 0.01, -0.241, 28.671, -0.072, 0.01
 133620697, -0.226, 28.655, -0.106, 0.01, -0.239, 28.669, -0.116, 0.01
 133820617, -0.212, 28.652, -0.102, 0.01, -0.226, 28.655, -0.106, 0.01
 134020537, -0.193, 28.664, -0.085, 0.01, -0.212, 28.652, -0.102, 0.01
 134220457, -0.179, 28.673, -0.1, 0.01, -0.193, 28.664, -0.085, 0.01
 134420377, -0.163, 28.679, -0.08400001, 0.01, -0.179, 28.673, -0.1, 0.01
 134620297, -0.162, 28.687, -0.047, 0.01, -0.163, 28.679, -0.08400001, 0.01
 134820217, -0.142, 28.698, 0.002, 0.01, -0.162, 28.687, -0.047, 0.01
 135020970, -0.145, 28.709, -0.028, 0.01, -0.142, 28.698, 0.002, 0.01
 135220890, -0.146, 28.719, -0.056, 0.01, -0.145, 28.709, -0.028, 0.01
 135420810, -0.136, 28.726, -0.06500001, 0.01, -0.146, 28.719, -0.056, 0.01
 135620730, -0.122, 28.732, -0.126, 0.01, -0.136, 28.726, -0.06500001, 0.01
 135820650, -0.115, 28.729, -0.128, 0.01, -0.122, 28.732, -0.126, 0.01
 136020570, -0.104, 28.733, -0.067, 0.01, -0.115, 28.729, -0.128, 0.01
 136220490, -0.09200001, 28.734, -0.04, 0.01, -0.104, 28.733, -0.067, 0.01
 136420410, -0.08800001, 28.737, -0.063, 0.01, -0.09200001, 28.734, -0.04, 0.01
 136620330, -0.082, 28.745, 0.012, 0.01, -0.08800001, 28.737, -0.063, 0.01
 136820250, -0.086, 28.754, 0.04, 0.01, -0.082, 28.745, 0.012, 0.01
 137020170, -0.108, 28.758, 0.006, 0.01, -0.086, 28.754, 0.04, 0.01
 137220923, -0.138, 28.782, -0.044, 0.01, -0.108, 28.758, 0.006, 0.01
 137420843, -0.133, 28.793, -0.014, 0.01, -0.138, 28.782, -0.044, 0.01
 137620763, -0.112, 28.796, 0.033, 0.01, -0.133, 28.793, -0.014, 0.01
 137820683, -0.106, 28.8, -0.002, 0.01, -0.112, 28.796, 0.033, 0.01
 138020603, -0.113, 28.81, -0.102, 0.01, -0.106, 28.8, -0.002, 0.01
 138220523, -0.123, 28.82, -0.126, 0.01, -0.113, 28.81, -0.102, 0.01
 138420443, -0.123, 28.813, -0.119, 0.01, -0.123, 28.82, -0.126, 0.01
 138620363, -0.116, 28.824, -0.081, 0.01, -0.123, 28.813, -0.119, 0.01
 138820283, -0.106, 28.832, -0.026, 0.01, -0.116, 28.824, -0.081, 0.01
 139020203, -0.093, 28.824, -0.09100001, 0.01, -0.106, 28.832, -0.026, 0.01
 139220956, -0.102, 28.819, -0.06, 0.01, -0.093, 28.824, -0.09100001, 0.01
 139420876, -0.126, 28.814, 0.029, 0.01, -0.102, 28.819, -0.06, 0.01
 139620796, -0.133, 28.823, -0.035, 0.01, -0.126, 28.814, 0.029, 0.01
 139820716, -0.158, 28.836, -0.101, 0.01, -0.133, 28.823, -0.035, 0.01
 140020636, -0.157, 28.838, -0.113, 0.01, -0.158, 28.836, -0.101, 0.01
 140220556, -0.144, 28.851, -0.094, 0.01, -0.157, 28.838, -0.113, 0.01
 140420476, -0.132, 28.857, -0.043, 0.01, -0.144, 28.851, -0.094, 0.01
 140620396, -0.147, 28.868, 0.001, 0.01, -0.132, 28.857, -0.043, 0.01
 140820316, -0.147, 28.872, 0.002, 0.01, -0.147, 28.868, 0.001, 0.01
 141020236, -0.14, 28.861, 0.021, 0.01, -0.147, 28.872, 0.002, 0.01
 141220156, -0.146, 28.854, -0.08400001, 0.01, -0.14, 28.861, 0.021, 0.01
 141420909, -0.147, 28.862, -0.116, 0.01, -0.146, 28.854, -0.08400001, 0.01
 141620829, -0.133, 28.86, -0.08400001, 0.01, -0.147, 28.862, -0.116, 0.01
 141820749, -0.124, 28.854, -0.05, 0.01, -0.133, 28.86, -0.08400001, 0.01
 142020669, -0.114, 28.848, -0.052, 0.01, -0.124, 28.854, -0.05, 0.01
 142220589, -0.1, 28.856, -0.072, 0.01, -0.114, 28.848, -0.052, 0.01
 142420509, -0.1, 28.868, -0.025, 0.01, -0.1, 28.856, -0.072, 0.01
 142620429, -0.108, 28.879, 0.026, 0.01, -0.1, 28.868, -0.025, 0.01
 142820349, -0.111, 28.889, 0.001, 0.01, -0.108, 28.879, 0.026, 0.01
 143020269, -0.12, 28.894, -0.06500001, 0.01, -0.111, 28.889, 0.001, 0.01
 143220189, -0.136, 28.901, -0.081, 0.01, -0.12, 28.894, -0.06500001, 0.01
 143420942, -0.144, 28.894, -0.08000001, 0.01, -0.136, 28.901, -0.081, 0.01
 143620862, -0.149, 28.874, -0.055, 0.01, -0.144, 28.894, -0.08000001, 0.01
 143820782, 0.045, 28.866, -0.113, 0.01, -0.149, 28.874, -0.055, 0.01
 144020702, 0.993, 28.847, -0.011, 0.01, 0.045, 28.866, -0.113, 0.01
 144220622, 2.399, 28.825, 0.3, 0.01, 0.993, 28.847, -0.011, 0.01
 144420542, 4.569, 28.785, 0.726, 0.01, 2.399, 28.825, 0.3, 0.01
 144620462, 7.670001, 28.508, 0.809, 0.01, 4.569, 28.785, 0.726, 0.01
 144820382, 11.422, 27.585, 0.234, 0.01, 7.670001, 28.508, 0.809, 0.01
 145020302, 14.885, 26.164, -0.565, 0.01, 11.422, 27.585, 0.234, 0.01
 145220222, 17.512, 24.633, -1.071, 0.01, 14.885, 26.164, -0.565, 0.01
 145420975, 19.428, 23.094, -1.245, 0.01, 17.512, 24.633, -1.071, 0.01
 145620895, 20.871, 21.641, -1.183, 0.01, 19.428, 23.094, -1.245, 0.01
 145820815, 22.078, 20.209, -1.003, 0.01, 20.871, 21.641, -1.183, 0.01
 146020735, 23.173, 18.723, -0.8420001, 0.01, 22.078, 20.209, -1.003, 0.01
 146220655, 24.152, 17.191, -0.686, 0.01, 23.173, 18.723, -0.8420001, 0.01
 146420575, 25.003, 15.679, -0.521, 0.01, 24.152, 17.191, -0.686, 0.01
 146620495, 25.762, 14.155, -0.405, 0.01, 25.003, 15.679, -0.521, 0.01
 146820415, 26.424, 12.628, -0.246, 0.01, 25.762, 14.155, -0.405, 0.01
 147020335, 26.987, 11.135, -0.06500001, 0.01, 26.424, 12.628, -0.246, 0.01
 147220255, 27.468, 9.624001, 0.056, 0.01, 26.987, 11.135, -0.06500001, 0.01
 147420175, 27.856, 8.102, 0.153, 0.01, 27.468, 9.624001, 0.056, 0.01
 147620928, 28.149, 6.665, 0.264, 0.01, 27.856, 8.102, 0.153, 0.01
 147820848, 28.364, 5.229, 0.342, 0.01, 28.149, 6.665, 0.264, 0.01
 148020768, 28.488, 3.865, 0.411, 0.01, 28.364, 5.229, 0.342, 0.01
 148220688, 28.535, 2.593, 0.497, 0.01, 28.488, 3.865, 0.411, 0.01
 148420608, 28.536, 1.382, 0.555, 0.01, 28.535, 2.593, 0.497, 0.01
 148620528, 28.486, 0.299, 0.646, 0.01, 28.536, 1.382, 0.555, 0.01
 148820448, 28.405, -0.772, 0.694, 0.01, 28.486, 0.299, 0.646, 0.01
 149020368, 28.294, -1.711, 0.7870001, 0.01, 28.405, -0.772, 0.694, 0.01
 149220288, 28.163, -2.575, 0.822, 0.01, 28.294, -1.711, 0.7870001, 0.01
 149420208, 28.008, -3.405, 0.789, 0.01, 28.163, -2.575, 0.822, 0.01
 149620961, 27.854, -4.127, 0.789, 0.01, 28.008, -3.405, 0.789, 0.01
 149820881, 27.707, -4.768, 0.7920001, 0.01, 27.854, -4.127, 0.789, 0.01
 150020801, 27.566, -5.328, 0.813, 0.01, 27.707, -4.768, 0.7920001, 0.01
 150220721, 27.437, -5.81, 0.7870001, 0.01, 27.566, -5.328, 0.813, 0.01
 150420641, 27.325, -6.196, 0.73, 0.01, 27.437, -5.81, 0.7870001, 0.01
 150620561, 27.241, -6.511, 0.752, 0.01, 27.325, -6.196, 0.73, 0.01
 150820481, 27.182, -6.767, 0.774, 0.01, 27.241, -6.511, 0.752, 0.01
 151020401, 27.136, -6.966001, 0.731, 0.01, 27.182, -6.767, 0.774, 0.01
 151220321, 27.109, -7.104001, 0.701, 0.01, 27.136, -6.966001, 0.731, 0.01
 151420241, 27.102, -7.208, 0.6670001, 0.01, 27.109, -7.104001, 0.701, 0.01
 151620161, 27.109, -7.266, 0.609, 0.01, 27.102, -7.208, 0.6670001, 0.01
 151820914, 27.132, -7.28, 0.597, 0.01, 27.109, -7.266, 0.609, 0.01
 152020834, 27.167, -7.252, 0.569, 0.01, 27.132, -7.28, 0.597, 0.01
 152220754, 27.227, -7.198, 0.529, 0.01, 27.167, -7.252, 0.569, 0.01
 152420674, 27.295, -7.09, 0.512, 0.01, 27.227, -7.198, 0.529, 0.01
 152620594, 27.364, -6.985, 0.44, 0.01, 27.295, -7.09, 0.512, 0.01
 152820514, 27.431, -6.834, 0.422, 0.01, 27.364, -6.985, 0.44, 0.01
 153020434, 27.507, -6.644001, 0.392, 0.01, 27.431, -6.834, 0.422, 0.01
 153220354, 27.592, -6.434, 0.337, 0.01, 27.507, -6.644001, 0.392, 0.01
 153420274, 27.677, -6.206, 0.351, 0.01, 27.592, -6.434, 0.337, 0.01
 153620194, 27.759, -5.973, 0.347, 0.01, 27.677, -6.206, 0.351, 0.01
 153820947, 27.832, -5.724, 0.244, 0.01, 27.759, -5.973, 0.347, 0.01
 154020867, 27.911, -5.441, 0.13, 0.01, 27.832, -5.724, 0.244, 0.01
 154220787, 27.993, -5.182, 0.173, 0.01, 27.911, -5.441, 0.13, 0.01
 154420707, 28.081, -4.88, 0.082, 0.01, 27.993, -5.182, 0.173, 0.01
 154620627, 28.148, -4.577, 0.002, 0.01, 28.081, -4.88, 0.082, 0.01
 154820547, 28.203, -4.291, -0.04, 0.01, 28.148, -4.577, 0.002, 0.01
 155020467, 28.246, -4.055, -0.062, 0.01, 28.203, -4.291, -0.04, 0.01
 155220387, 28.291, -3.813, -0.044, 0.01, 28.246, -4.055, -0.062, 0.01
 155420307, 28.33, -3.562, -0.042, 0.01, 28.291, -3.813, -0.044, 0.01
 155620227, 28.385, -3.303, -0.053, 0.01, 28.33, -3.562, -0.042, 0.01
 155820147, 28.436, -3.038, -0.09100001, 0.01, 28.385, -3.303, -0.053, 0.01
 156020900, 28.481, -2.758, -0.186, 0.01, 28.436, -3.038, -0.09100001, 0.01
 156220820, 28.52, -2.51, -0.207, 0.01, 28.481, -2.758, -0.186, 0.01
 156420740, 28.546, -2.272, -0.238, 0.01, 28.52, -2.51, -0.207, 0.01
 156620660, 28.561, -2.072, -0.23, 0.01, 28.546, -2.272, -0.238, 0.01
 156820580, 28.561, -1.882, -0.238, 0.01, 28.561, -2.072, -0.23, 0.01
 157020500, 28.571, -1.677, -0.226, 0.01, 28.561, -1.882, -0.238, 0.01
 157220420, 28.589, -1.481, -0.243, 0.01, 28.571, -1.677, -0.226, 0.01
 157420340, 28.607, -1.319, -0.224, 0.01, 28.589, -1.481, -0.243, 0.01
 157620260, 28.622, -1.164, -0.19, 0.01, 28.607, -1.319, -0.224, 0.01
 157820180, 28.634, -1.016, -0.247, 0.01, 28.622, -1.164, -0.19, 0.01
 158020933, 28.641, -0.862, -0.268, 0.01, 28.634, -1.016, -0.247, 0.01
 158220853, 28.638, -0.728, -0.293, 0.01, 28.641, -0.862, -0.268, 0.01
 158420773, 28.64, -0.622, -0.249, 0.01, 28.638, -0.728, -0.293, 0.01
 158620693, 28.651, -0.512, -0.21, 0.01, 28.64, -0.622, -0.249, 0.01
 158820613, 28.649, -0.409, -0.274, 0.01, 28.651, -0.512, -0.21, 0.01
 159020533, 28.655, -0.316, -0.251, 0.01, 28.649, -0.409, -0.274, 0.01
 159220453, 28.665, -0.237, -0.295, 0.01, 28.655, -0.316, -0.251, 0.01
 159420373, 28.659, -0.166, -0.37, 0.01, 28.665, -0.237, -0.295, 0.01
 159620293, 28.655, -0.105, -0.288, 0.01, 28.659, -0.166, -0.37, 0.01
 159820213, 28.66, -0.023, -0.239, 0.01, 28.655, -0.105, -0.288, 0.01
 160020966, 28.662, 0.034, -0.264, 0.01, 28.66, -0.023, -0.239, 0.01
 160220886, 28.653, 0.09, -0.304, 0.01, 28.662, 0.034, -0.264, 0.01
 160420806, 28.644, 0.129, -0.296, 0.01, 28.653, 0.09, -0.304, 0.01
 160620726, 28.638, 0.156, -0.278, 0.01, 28.644, 0.129, -0.296, 0.01
 160820646, 28.626, 0.181, -0.296, 0.01, 28.638, 0.156, -0.278, 0.01
 161020566, 28.623, 0.201, -0.366, 0.01, 28.626, 0.181, -0.296, 0.01
 161220486, 28.622, 0.235, -0.298, 0.01, 28.623, 0.201, -0.366, 0.01
 161420406, 28.625, 0.245, -0.201, 0.01, 28.622, 0.235, -0.298, 0.01
 161620326, 28.646, 0.254, -0.121, 0.01, 28.625, 0.245, -0.201, 0.01
 161820246, 28.66, 0.243, -0.139, 0.01, 28.646, 0.254, -0.121, 0.01
 162020166, 28.667, 0.242, -0.147, 0.01, 28.66, 0.243, -0.139, 0.01
 162220919, 28.677, 0.257, -0.167, 0.01, 28.667, 0.242, -0.147, 0.01
 162420839, 28.687, 0.287, -0.13, 0.01, 28.677, 0.257, -0.167, 0.01
 162620759, 28.257, 0.245, -0.159, 0.01, 28.687, 0.287, -0.13, 0.01
 162820679, 26.653, 0.359, -0.202, 0.01, 28.257, 0.245, -0.159, 0.01
 163020599, 24.898, 1.066, -0.036, 0.01, 26.653, 0.359, -0.202, 0.01
 163220519, 23.259, 2.018, 0.394, 0.01, 24.898, 1.066, -0.036, 0.01
 163420439, 21.716, 3.315, 0.9490001, 2.5, 23.259, 2.018, 0.394, 0.01
