TimeUS,CGpN,CGpE,CGpD,CGpe,PGpN,PGpE,PGpD,PGpe
 8040949, 0, 0, 0, 2.5, 0, 0, 0, 0
 8220877, 0, 0, 0, 2.5, 0, 0, 0, 2.5
 8420797, 0, 0, 0, 2.5, 0, 0, 0, 2.5
 8620717, 0, 0, 0, 2.5, 0, 0, 0, 2.5
 8820637, 0, 0, 0, 2.5, 0, 0, 0, 2.5
 9020557, 0, 0, 0, 2.5, 0, 0, 0, 2.5
 9220477, 0, 0, 0, 2.5, 0, 0, 0, 2.5
 9420397, 0, 0, 0, 2.5, 0, 0, 0, 2.5
 9620317, 0, 0, 0, 2.5, 0, 0, 0, 2.5
 9820237, 0, 0, 0, 2.5, 0, 0, 0, 2.5
 10020157, 0, 0, 0, 2.5, 0, 0, 0, 2.5
 10220910, 0, 0, 0, 2.5, 0, 0, 0, 2.5
 10420830, 0, 0, 0, 2.5, 0, 0, 0, 2.5
 10620750, 0, 0, 0, 2.5, 0, 0, 0, 2.5
 10820670, 0, 0, 0, 2.5, 0, 0, 0, 2.5
 11020590, 0, 0, 0, 2.5, 0, 0, 0, 2.5
 11220510, 0, 0, 0, 2.5, 0, 0, 0, 2.5
 11420430, 0, 0, 0, 2.5, 0, 0, 0, 2.5
 11620350, 0, 0, 0, 2.5, 0, 0, 0, 2.5
 11820270, 0, 0, 0, 2.5, 0, 0, 0, 2.5
 12020190, 0, 0, 0, 2.5, 0, 0, 0, 2.5
 12220943, 0, 0, 0, 2.5, 0, 0, 0, 2.5
 12420863, 0, 0, 0, 2.5, 0, 0, 0, 2.5
 12620783, 0, 0, 0, 2.5, 0, 0, 0, 2.5
 12820703, 0, 0, 0, 2.5, 0, 0, 0, 2.5
 13020623, 0, 0, 0, 2.5, 0, 0, 0, 2.5
 13220543, 0, 0, 0, 2.5, 0, 0, 0, 2.5
 13420463, 0, 0, 0, 2.5, 0, 0, 0, 2.5
 13620383, 0, 0, 0, 2.5, 0, 0, 0, 2.5
 13820303, 0, 0, 0, 2.5, 0, 0, 0, 2.5
 14020223, 0, 0, 0, 2.5, 0, 0, 0, 2.5
 14220976, 0, 0, 0, 2.5, 0, 0, 0, 2.5
 14420896, 0, 0, 0, 2.5, 0, 0, 0, 2.5
 14620816, 0, 0, 0, 2.5, 0, 0, 0, 2.5
 14820736, 0, 0, 0, 2.5, 0, 0, 0, 2.5
 15020656, 0, 0, 0, 2.5, 0, 0, 0, 2.5
 15220576, 0, 0, 0, 2.5, 0, 0, 0, 2.5
 15420496, 0, 0, 0, 2.5, 0, 0, 0, 2.5
 15620416, 0, 0, 0, 2.5, 0, 0, 0, 2.5
 15820336, 0, 0, 0, 2.5, 0, 0, 0, 2.5
 16020256, 0, 0, 0, 2.5, 0, 0, 0, 2.5
 16220176, 0, 0, 0, 2.5, 0, 0, 0, 2.5
 16420929, 0, 0, 0, 2.5, 0, 0, 0, 2.5
 16620849, 0, 0, 0, 2.5, 0, 0, 0, 2.5
 16820769, 0, 0, 0, 2.5, 0, 0, 0, 2.5
 17020689, 0, 0, 0, 2.5, 0, 0, 0, 2.5
 17220609, 0, 0, 0, 2.5, 0, 0, 0, 2.5
 17420529, 0, 0, 0, 2.5, 0, 0, 0, 2.5
 17620449, 0, 0, 0, 2.5, 0, 0, 0, 2.5
 17820369, 0, 0, 0, 2.5, 0, 0, 0, 2.5
 18020289, 0, 0, 0, 2.5, 0, 0, 0, 2.5
 18220209, 0, 0, 0, 2.5, 0, 0, 0, 2.5
 18420962, 0, 0, 0, 2.5, 0, 0, 0, 2.5
 18620882, 0, 0, 0, 2.5, 0, 0, 0, 2.5
 18820802, 0, 0, 0, 2.5, 0, 0, 0, 2.5
 19020722, 0, 0, 0, 2.5, 0, 0, 0, 2.5
 19220642, 0, 0, 0, 2.5, 0, 0, 0, 2.5
 19420562, 0, 0, 0, 2.5, 0, 0, 0, 2.5
 19620482, 0, 0, 0, 2.5, 0, 0, 0, 2.5
 19820402, 0, 0, 0, 2.5, 0, 0, 0, 2.5
 20020322, 0, 0, 0, 2.5, 0, 0, 0, 2.5
 20220242, 0, 0, 0, 2.5, 0, 0, 0, 2.5
 20420162, 0, 0, 0, 2.5, 0, 0, 0, 2.5
 20620915, 0, 0, 0, 2.5, 0, 0, 0, 2.5
 20820835, 0.01, -0.001, 0, 2.5, 0, 0, 0, 2.5
 21020755, 0.251, -0.026, 0, 2.5, 0.01, -0.001, 0, 2.5
 21220675, 0.943, -0.09900001, 0.012, 2.5, 0.251, -0.026, 0, 2.5
 21420595, 2.108, -0.22, 0.038, 2.5, 0.943, -0.09900001, 0.012, 2.5
 21620515, 3.719, -0.391, 0.07600001, 2.5, 2.108, -0.22, 0.038, 2.5
 21820435, 5.726, -0.6020001, 0.126, 2.5, 3.719, -0.391, 0.07600001, 2.5
 22020355, 7.846, -0.8240001, 0.185, 2.5, 5.726, -0.6020001, 0.126, 2.5
 22220275, 9.822001, -1.033, 0.244, 2.5, 7.846, -0.8240001, 0.185, 2.5
 22420195, 11.589, -1.218, 0.278, 2.5, 9.822001, -1.033, 0.244, 2.5
 22620948, 13.135, -1.378, 0.207, 2.5, 11.589, -1.218, 0.278, 2.5
 22820868, 14.475, -1.522, 0.273, 2.5, 13.135, -1.378, 0.207, 2.5
 23020788, 16.232, -1.704, -0.396, 2.5, 14.475, -1.522, 0.273, 2.5
 23220708, 17.911, -1.886, -2.131, 2.5, 16.232, -1.704, -0.396, 2.5
 23420628, 19.33, -2.046, -2.885, 2.5, 17.911, -1.886, -2.131, 2.5
 23620548, 20.669, -2.192, -2.988, 2.5, 19.33, -2.046, -2.885, 2.5
 23820468, 21.879, -2.333, -3.108, 2.5, 20.669, -2.192, -2.988, 2.5
 24020388, 22.878, -2.45, -3.581, 2.5, 21.879, -2.333, -3.108, 2.5
 24220308, 23.701, -2.55, -4.118, 2.5, 22.878, -2.45, -3.581, 2.5
 24420228, 24.381, -2.809, -4.534, 2.5, 23.701, -2.55, -4.118, 2.5
 24620148, 24.938, -3.127, -4.942, 2.5, 24.381, -2.809, -4.534, 2.5
 24820901, 25.435, -3.371, -5.14, 2.5, 24.938, -3.127, -4.942, 2.5
 25020821, 25.852, -3.607, -5.329, 2.5, 25.435, -3.371, -5.14, 2.5
 25220741, 26.2, -3.919, -5.447, 2.5, 25.852, -3.607, -5.329, 2.5
 25420661, 26.475, -4.22, -5.599, 2.5, 26.2, -3.919, -5.447, 2.5
 25620581, 26.565, -4.567, -6.117, 2.5, 26.475, -4.22, -5.599, 2.5
 25820501, 26.55, -4.937, -6.772, 2.5, 26.565, -4.567, -6.117, 2.5
 26020421, 26.551, -5.215, -7.129, 2.5, 26.55, -4.937, -6.772, 2.5
 26220341, 26.651, -5.402, -7.089, 2.5, 26.551, -5.215, -7.129, 2.5
 26420261, 26.789, -5.582, -6.901, 2.5, 26.651, -5.402, -7.089, 2.5
 26620181, 26.906, -5.759, -6.752, 2.5, 26.789, -5.582, -6.901, 2.5
 26820934, 26.987, -5.948, -6.697001, 2.5, 26.906, -5.759, -6.752, 2.5
 27020854, 27.066, -6.159, -6.58, 2.5, 26.987, -5.948, -6.697001, 2.5
 27220774, 27.181, -6.333, -6.334, 2.5, 27.066, -6.159, -6.58, 2.5
 27420694, 27.279, -6.504, -6.139, 2.5, 27.181, -6.333, -6.334, 2.5
 27620614, 27.403, -6.670001, -5.863, 2.5, 27.279, -6.504, -6.139, 2.5
 27820534, 27.466, -6.866, -5.827, 2.5, 27.403, -6.670001, -5.863, 2.5
 28020454, 27.505, -7.057, -5.824, 2.5, 27.466, -6.866, -5.827, 2.5
 28220374, 27.502, -7.24, -5.939, 2.5, 27.505, -7.057, -5.824, 2.5
 28420294, 27.446, -7.378, -5.960001, 2.5, 27.502, -7.24, -5.939, 2.5
 28620214, 27.328, -7.479001, -5.904, 2.5, 27.446, -7.378, -5.960001, 2.5
 28820967, 27.194, -7.572001, -5.601, 2.5, 27.328, -7.479001, -5.904, 2.5
 29020887, 27.302, -7.518, -4.17, 2.5, 27.194, -7.572001, -5.601, 2.5
 29220807, 27.513, -7.079, -2.529, 2.5, 27.302, -7.518, -4.17, 2.5
 29420727, 27.718, -6.424, -1.608, 2.5, 27.513, -7.079, -2.529, 2.5
 29620647, 27.921, -5.607, -1.628, 2.5, 27.718, -6.424, -1.608, 2.5
 29820567, 28.061, -4.964, -1.841, 2.5, 27.921, -5.607, -1.628, 2.5
 30020487, 28.135, -4.642, -1.705, 2.5, 28.061, -4.964, -1.841, 2.5
 30220407, 28.18, -4.361, -1.431, 2.5, 28.135, -4.642, -1.705, 2.5
 30420327, 28.212, -4.054, -1.1, 2.5, 28.18, -4.361, -1.431, 2.5
 30620247, 28.032, -3.593, -1.028, 2.5, 28.212, -4.054, -1.1, 2.5
 30820167, 27.452, -2.953, -1.456, 2.5, 28.032, -3.593, -1.028, 2.5
 31020920, 26.797, -2.42, -1.701, 2.5, 27.452, -2.953, -1.456, 2.5
 31220840, 26.343, -2.146, -1.292, 2.5, 26.797, -2.42, -1.701, 2.5
 31420760, 26.054, -2.003, -0.539, 2.5, 26.343, -2.146, -1.292, 2.5
 31620680, 25.844, -1.846, 0.086, 2.5, 26.054, -2.003, -0.539, 2.5
 31820600, 25.684, -1.638, 0.453, 2.5, 25.844, -1.846, 0.086, 2.5
 32020520, 25.581, -1.422, 0.659, 2.5, 25.684, -1.638, 0.453, 2.5
 32220440, 25.52, -1.196, 0.742, 2.5, 25.581, -1.422, 0.659, 2.5
 32420360, 25.499, -1.014, 0.891, 2.5, 25.52, -1.196, 0.742, 2.5
 32620280, 25.5, -0.85, 1.061, 2.5, 25.499, -1.014, 0.891, 2.5
 32820200, 25.527, -0.711, 1.304, 2.5, 25.5, -0.85, 1.061, 2.5
 33020953, 25.577, -0.5700001, 1.448, 2.5, 25.527, -0.711, 1.304, 2.5
 33220873, 25.628, -0.436, 1.474, 2.5, 25.577, -0.5700001, 1.448, 2.5
 33420793, 25.677, -0.312, 1.428, 2.5, 25.628, -0.436, 1.474, 2.5
 33620713, 25.728, -0.193, 1.428, 2.5, 25.677, -0.312, 1.428, 2.5
 33820633, 25.781, -0.082, 1.48, 2.5, 25.728, -0.193, 1.428, 2.5
 34020553, 25.844, 0.016, 1.483, 2.5, 25.781, -0.082, 1.48, 2.5
 34220473, 25.913, 0.112, 1.434, 2.5, 25.844, 0.016, 1.483, 2.5
 34420393, 25.987, 0.166, 1.44, 2.5, 25.913, 0.112, 1.434, 2.5
 34620313, 26.054, 0.209, 1.462, 2.5, 25.987, 0.166, 1.44, 2.5
 34820233, 26.133, 0.262, 1.443, 2.5, 26.054, 0.209, 1.462, 2.5
 35020153, 26.208, 0.306, 1.382, 2.5, 26.133, 0.262, 1.443, 2.5
 35220906, 26.285, 0.369, 1.347, 2.5, 26.208, 0.306, 1.382, 2.5
 35420826, 26.36, 0.402, 1.301, 2.5, 26.285, 0.369, 1.347, 2.5
 35620746, 26.428, 0.432, 1.263, 2.5, 26.36, 0.402, 1.301, 2.5
 35820666, 26.505, 0.483, 1.285, 2.5, 26.428, 0.432, 1.263, 2.5
 36020586, 26.575, 0.522, 1.234, 2.5, 26.505, 0.483, 1.285, 2.5
 36220506, 26.649, 0.535, 1.24, 2.5, 26.575, 0.522, 1.234, 2.5
 36420426, 26.719, 0.554, 1.134, 2.5, 26.649, 0.535, 1.24, 2.5
 36620346, 26.79, 0.561, 1.097, 2.5, 26.719, 0.554, 1.134, 2.5
 36820266, 26.86, 0.582, 1.15, 2.5, 26.79, 0.561, 1.097, 2.5
 37020186, 26.938, 0.597, 1.141, 2.5, 26.86, 0.582, 1.15, 2.5
 37220939, 27.011, 0.612, 1.113, 2.5, 26.938, 0.597, 1.141, 2.5
 37420859, 27.084, 0.62, 1.025, 2.5, 27.011, 0.612, 1.113, 2.5
 37620779, 27.156, 0.6070001, 0.965, 2.5, 27.084, 0.62, 1.025, 2.5
 37820699, 27.213, 0.604, 0.9220001, 2.5, 27.156, 0.6070001, 0.965, 2.5
 38020619, 27.277, 0.628, 0.914, 2.5, 27.213, 0.604, 0.9220001, 2.5
 38220539, 27.343, 0.6530001, 0.872, 2.5, 27.277, 0.628, 0.914, 2.5
 38420459, 27.397, 0.6580001, 0.8570001, 2.5, 27.343, 0.6530001, 0.872, 2.5
 38620379, 27.448, 0.668, 0.8470001, 2.5, 27.397, 0.6580001, 0.8570001, 2.5
 38820299, 27.501, 0.693, 0.716, 2.5, 27.448, 0.668, 0.8470001, 2.5
 39020219, 27.555, 0.693, 0.592, 2.5, 27.501, 0.693, 0.716, 2.5
 39220972, 27.609, 0.691, 0.645, 2.5, 27.555, 0.693, 0.592, 2.5
 39420892, 27.661, 0.689, 0.632, 2.5, 27.609, 0.691, 0.645, 2.5
 39620812, 27.704, 0.694, 0.534, 2.5, 27.661, 0.689, 0.632, 2.5
 39820732, 27.737, 0.703, 0.531, 2.5, 27.704, 0.694, 0.534, 2.5
 40020652, 27.781, 0.714, 0.5420001, 2.5, 27.737, 0.703, 0.531, 2.5
 40220572, 27.829, 0.7180001, 0.495, 2.5, 27.781, 0.714, 0.5420001, 2.5
 40420492, 27.872, 0.7, 0.451, 2.5, 27.829, 0.7180001, 0.495, 2.5
 40620412, 27.917, 0.6850001, 0.373, 2.5, 27.872, 0.7, 0.451, 2.5
 40820332, 27.955, 0.6620001, 0.324, 2.5, 27.917, 0.6850001, 0.373, 2.5
 41020252, 27.994, 0.648, 0.28, 2.5, 27.955, 0.6620001, 0.324, 2.5
 41220172, 28.024, 0.65, 0.315, 2.5, 27.994, 0.648, 0.28, 2.5
 41420925, 28.052, 0.652, 0.401, 2.5, 28.024, 0.65, 0.315, 2.5
 41620845, 28.086, 0.643, 0.366, 2.5, 28.052, 0.652, 0.401, 2.5
 41820765, 28.132, 0.652, 0.326, 2.5, 28.086, 0.643, 0.366, 2.5
 42020685, 28.164, 0.641, 0.211, 2.5, 28.132, 0.652, 0.326, 2.5
 42220605, 28.188, 0.622, 0.147, 2.5, 28.164, 0.641, 0.211, 2.5
 42420525, 28.206, 0.614, 0.115, 2.5, 28.188, 0.622, 0.147, 2.5
 42620445, 28.243, 0.609, 0.174, 2.5, 28.206, 0.614, 0.115, 2.5
 42820365, 28.272, 0.595, 0.144, 2.5, 28.243, 0.609, 0.174, 2.5
 43020285, 28.301, 0.585, 0.1, 2.5, 28.272, 0.595, 0.144, 2.5
 43220205, 28.328, 0.601, 0.05, 2.5, 28.301, 0.585, 0.1, 2.5
 43420958, 28.347, 0.599, 0.015, 2.5, 28.328, 0.601, 0.05, 2.5
 43620878, 28.364, 0.587, 0.029, 2.5, 28.347, 0.599, 0.015, 2.5
 43820798, 28.391, 0.589, 0.032, 2.5, 28.364, 0.587, 0.029, 2.5
 44020718, 28.421, 0.6, 0.051, 2.5, 28.391, 0.589, 0.032, 2.5
 44220638, 28.45, 0.606, 0.003, 2.5, 28.421, 0.6, 0.051, 2.5
 44420558, 28.471, 0.594, -0.036, 2.5, 28.45, 0.606, 0.003, 2.5
 44620478, 28.485, 0.62, -0.067, 2.5, 28.471, 0.594, -0.036, 2.5
 44820398, 28.496, 0.643, -0.063, 2.5, 28.485, 0.62, -0.067, 2.5
 45020318, 28.515, 0.638, -0.001, 2.5, 28.496, 0.643, -0.063, 2.5
 45220238, 28.528, 0.6440001, -0.005, 2.5, 28.515, 0.638, -0.001, 2.5
 45420158, 28.552, 0.64, -0.001, 2.5, 28.528, 0.6440001, -0.005, 2.5
 45620911, 28.576, 0.636, -0.082, 2.5, 28.552, 0.64, -0.001, 2.5
 45820831, 28.601, 0.643, -0.113, 2.5, 28.576, 0.636, -0.082, 2.5
 46020751, 28.604, 0.632, -0.17, 2.5, 28.601, 0.643, -0.113, 2.5
 46220671, 28.615, 0.623, -0.174, 2.5, 28.604, 0.632, -0.17, 2.5
 46420591, 28.623, 0.611, -0.166, 2.5, 28.615, 0.623, -0.174, 2.5
 46620511, 28.637, 0.609, -0.087, 2.5, 28.623, 0.611, -0.166, 2.5
 46820431, 28.631, 0.603, -0.13, 2.5, 28.637, 0.609, -0.087, 2.5
 47020351, 28.625, 0.581, -0.194, 2.5, 28.631, 0.603, -0.13, 2.5
 47220271, 28.632, 0.564, -0.178, 2.5, 28.625, 0.581, -0.194, 2.5
 47420191, 28.646, 0.565, -0.08800001, 2.5, 28.632, 0.564, -0.178, 2.5
 47620944, 28.652, 0.58, -0.082, 2.5, 28.646, 0.565, -0.08800001, 2.5
 47820864, 28.663, 0.562, -0.131, 2.5, 28.652, 0.58, -0.082, 2.5
 48020784, 28.678, 0.5700001, -0.16, 2.5, 28.663, 0.562, -0.131, 2.5
 48220704, 28.684, 0.5700001, -0.115, 2.5, 28.678, 0.5700001, -0.16, 2.5
 48420624, 28.701, 0.571, -0.079, 2.5, 28.684, 0.5700001, -0.115, 2.5
 48620544, 28.712, 0.583, -0.136, 2.5, 28.701, 0.571, -0.079, 2.5
 48820464, 28.713, 0.569, -0.129, 2.5, 28.712, 0.583, -0.136, 2.5
 49020384, 28.716, 0.558, -0.158, 2.5, 28.713, 0.569, -0.129, 2.5
 49220304, 28.716, 0.565, -0.209, 2.5, 28.716, 0.558, -0.158, 2.5
 49420224, 28.73, 0.566, -0.107, 2.5, 28.716, 0.565, -0.209, 2.5
 49620977, 28.732, 0.571, -0.132, 2.5, 28.73, 0.566, -0.107, 2.5
 49820897, 28.737, 0.557, -0.2, 2.5, 28.732, 0.571, -0.132, 2.5
 50020817, 28.755, 0.551, -0.234, 2.5, 28.737, 0.557, -0.2, 2.5
 50220737, 28.765, 0.534, -0.215, 2.5, 28.755, 0.551, -0.234, 2.5
 50420657, 28.781, 0.538, -0.104, 2.5, 28.765, 0.534, -0.215, 2.5
 50620577, 28.784, 0.539, -0.102, 2.5, 28.781, 0.538, -0.104, 2.5
 50820497, 28.777, 0.549, -0.149, 2.5, 28.784, 0.539, -0.102, 2.5
 51020417, 28.785, 0.539, -0.189, 2.5, 28.777, 0.549, -0.149, 2.5
 51220337, 28.79, 0.522, -0.257, 2.5, 28.785, 0.539, -0.189, 2.5
 51420257, 28.78, 0.536, -0.235, 2.5, 28.79, 0.522, -0.257, 2.5
 51620177, 28.79, 0.522, -0.179, 2.5, 28.78, 0.536, -0.235, 2.5
 51820930, 28.799, 0.496, -0.093, 2.5, 28.79, 0.522, -0.179, 2.5
 52020850, 28.818, 0.487, -0.119, 2.5, 28.799, 0.496, -0.093, 2.5
 52220770, 28.823, 0.473, -0.134, 2.5, 28.818, 0.487, -0.119, 2.5
 52420690, 28.827, 0.48, -0.177, 2.5, 28.823, 0.473, -0.134, 2.5
 52620610, 28.835, 0.495, -0.169, 2.5, 28.827, 0.48, -0.177, 2.5
 52820530, 28.844, 0.466, -0.158, 2.5, 28.835, 0.495, -0.169, 2.5
 53020450, 28.847, 0.456, -0.164, 2.5, 28.844, 0.466, -0.158, 2.5
 53220370, 28.853, 0.447, -0.137, 2.5, 28.847, 0.456, -0.164, 2.5
 53420290, 28.858, 0.436, -0.171, 2.5, 28.853, 0.447, -0.137, 2.5
 53620210, 28.856, 0.43, -0.216, 2.5, 28.858, 0.436, -0.171, 2.5
 53820963, 28.847, 0.432, -0.205, 2.5, 28.856, 0.43, -0.216, 2.5
 54020883, 28.846, 0.408, -0.201, 2.5, 28.847, 0.432, -0.205, 2.5
 54220803, 28.834, 0.388, -0.157, 2.5, 28.846, 0.408, -0.201, 2.5
 54420723, 28.838, 0.374, -0.12, 2.5, 28.834, 0.388, -0.157, 2.5
 54620643, 28.85, 0.381, -0.044, 2.5, 28.838, 0.374, -0.12, 2.5
 54820563, 28.848, 0.405, -0.072, 2.5, 28.85, 0.381, -0.044, 2.5
 55020483, 28.852, 0.401, -0.09200001, 2.5, 28.848, 0.405, -0.072, 2.5
 55220403, 28.863, 0.38, -0.123, 2.5, 28.852, 0.401, -0.09200001, 2.5
 55420323, 28.87, 0.38, -0.078, 2.5, 28.863, 0.38, -0.123, 2.5
 55620243, 28.87, 0.374, -0.105, 2.5, 28.87, 0.38, -0.078, 2.5
 55820163, 28.874, 0.392, -0.062, 2.5, 28.87, 0.374, -0.105, 2.5
 56020916, 28.879, 0.398, -0.145, 2.5, 28.874, 0.392, -0.062, 2.5
 56220836, 28.88, 0.374, -0.192, 2.5, 28.879, 0.398, -0.145, 2.5
 56420756, 28.884, 0.359, -0.102, 2.5, 28.88, 0.374, -0.192, 2.5
 56620676, 28.911, 0.347, 0.004, 2.5, 28.884, 0.359, -0.102, 2.5
 56820596, 28.931, 0.363, -0.005, 2.5, 28.911, 0.347, 0.004, 2.5
 57020516, 28.939, 0.379, -0.026, 2.5, 28.931, 0.363, -0.005, 2.5
 57220436, 28.935, 0.381, -0.14, 2.5, 28.939, 0.379, -0.026, 2.5
 57420356, 28.923, 0.394, -0.213, 2.5, 28.935, 0.381, -0.14, 2.5
 57620276, 28.915, 0.371, -0.174, 2.5, 28.923, 0.394, -0.213, 2.5
 57820196, 28.911, 0.352, -0.116, 2.5, 28.915, 0.371, -0.174, 2.5
 58020949, 28.907, 0.359, -0.068, 2.5, 28.911, 0.352, -0.116, 2.5
 58220869, 28.907, 0.363, -0.049, 2.5, 28.907, 0.359, -0.068, 2.5
 58420789, 28.923, 0.367, 0.007, 2.5, 28.907, 0.363, -0.049, 2.5
 58620709, 28.932, 0.374, -0.046, 2.5, 28.923, 0.367, 0.007, 2.5
 58820629, 28.931, 0.363, -0.142, 2.5, 28.932, 0.374, -0.046, 2.5
 59020549, 28.925, 0.373, -0.09200001, 2.5, 28.931, 0.363, -0.142, 2.5
 59220469, 28.943, 0.402, -0.054, 2.5, 28.925, 0.373, -0.09200001, 2.5
 59420389, 28.95, 0.406, 0.005, 2.5, 28.943, 0.402, -0.054, 2.5
 59620309, 28.953, 0.408, 0.009000001, 2.5, 28.95, 0.406, 0.005, 2.5
 59820229, 28.963, 0.408, -0.021, 2.5, 28.953, 0.408, 0.009000001, 2.5
 60020149, 28.962, 0.415, 0.002, 2.5, 28.963, 0.408, -0.021, 2.5
 60220902, 28.96, 0.367, -0.079, 2.5, 28.962, 0.415, 0.002, 2.5
 60420822, 28.954, 0.352, -0.123, 2.5, 28.96, 0.367, -0.079, 2.5
 60620742, 28.953, 0.346, -0.054, 2.5, 28.954, 0.352, -0.123, 2.5
 60820662, 28.952, 0.334, -0.026, 2.5, 28.953, 0.346, -0.054, 2.5
 61020582, 28.949, 0.314, -0.06, 2.5, 28.952, 0.334, -0.026, 2.5
 61220502, 28.953, 0.318, -0.036, 2.5, 28.949, 0.314, -0.06, 2.5
 61420422, 28.972, 0.328, -0.047, 2.5, 28.953, 0.318, -0.036, 2.5
 61620342, 28.992, 0.315, 0.007, 2.5, 28.972, 0.328, -0.047, 2.5
 61820262, 29.004, 0.343, 0.045, 2.5, 28.992, 0.315, 0.007, 2.5
 62020182, 28.997, -0.274, -0.036, 2.5, 29.004, 0.343, 0.045, 2.5
 62220935, 28.976, -1.46, 0.107, 2.5, 28.997, -0.274, -0.036, 2.5
 62420855, 28.966, -3.244, 0.415, 2.5, 28.976, -1.46, 0.107, 2.5
 62620775, 28.86, -5.892, 0.724, 2.5, 28.966, -3.244, 0.415, 2.5
 62820695, 28.308, -9.322001, 0.508, 2.5, 28.86, -5.892, 0.724, 2.5
 63020615, 27.114, -13.021, -0.184, 2.5, 28.308, -9.322001, 0.508, 2.5
 63220535, 25.603, -16.136, -0.86, 2.5, 27.114, -13.021, -0.184, 2.5
 63420455, 24.035, -18.459, -1.231, 2.5, 25.603, -16.136, -0.86, 2.5
 63620375, 22.485, -20.168, -1.301, 2.5, 24.035, -18.459, -1.231, 2.5
 63820295, 20.98, -21.526, -1.201, 2.5, 22.485, -20.168, -1.301, 2.5
 64020215, 19.514, -22.671, -1.004, 2.5, 20.98, -21.526, -1.201, 2.5
 64220968, 18.073, -23.676, -0.79, 2.5, 19.514, -22.671, -1.004, 2.5
 64420888, 16.57, -24.612, -0.576, 2.5, 18.073, -23.676, -0.79, 2.5
 64620808, 14.952, -25.503, -0.445, 2.5, 16.57, -24.612, -0.576, 2.5
 64820728, 13.311, -26.273, -0.323, 2.5, 14.952, -25.503, -0.445, 2.5
 65020648, 11.682, -26.929, -0.219, 2.5, 13.311, -26.273, -0.323, 2.5
 65220568, 10.103, -27.461, -0.108, 2.5, 11.682, -26.929, -0.219, 2.5
 65420488, 8.597, -27.865, 0.03, 2.5, 10.103, -27.461, -0.108, 2.5
 65620408, 7.127, -28.169, 0.159, 2.5, 8.597, -27.865, 0.03, 2.5
 65820328, 5.733, -28.378, 0.302, 2.5, 7.127, -28.169, 0.159, 2.5
 66020248, 4.369, -28.528, 0.415, 2.5, 5.733, -28.378, 0.302, 2.5
 66220168, 3.03, -28.613, 0.491, 2.5, 4.369, -28.528, 0.415, 2.5
 66420921, 1.794, -28.635, 0.5700001, 2.5, 3.03, -28.613, 0.491, 2.5
 66620841, 0.634, -28.606, 0.638, 2.5, 1.794, -28.635, 0.5700001, 2.5
 66820761, -0.444, -28.533, 0.717, 2.5, 0.634, -28.606, 0.638, 2.5
 67020681, -1.447, -28.433, 0.812, 2.5, -0.444, -28.533, 0.717, 2.5
 67220601, -2.361, -28.309, 0.8750001, 2.5, -1.447, -28.433, 0.812, 2.5
 67420521, -3.221, -28.176, 0.869, 2.5, -2.361, -28.309, 0.8750001, 2.5
 67620441, -4.007, -28.031, 0.8380001, 2.5, -3.221, -28.176, 0.869, 2.5
 67820361, -4.7, -27.872, 0.8280001, 2.5, -4.007, -28.031, 0.8380001, 2.5
 68020281, -5.261, -27.732, 0.9120001, 2.5, -4.7, -27.872, 0.8280001, 2.5
 68220201, -5.774, -27.605, 0.936, 2.5, -5.261, -27.732, 0.9120001, 2.5
 68420954, -6.219, -27.493, 0.9440001, 2.5, -5.774, -27.605, 0.936, 2.5
 68620874, -6.606, -27.384, 0.789, 2.5, -6.219, -27.493, 0.9440001, 2.5
 68820794, -6.89, -27.292, 0.7590001, 2.5, -6.606, -27.384, 0.789, 2.5
 69020714, -7.097, -27.228, 0.71, 2.5, -6.89, -27.292, 0.7590001, 2.5
 69220634, -7.258, -27.187, 0.677, 2.5, -7.097, -27.228, 0.71, 2.5
 69420554, -7.366, -27.16, 0.7410001, 2.5, -7.258, -27.187, 0.677, 2.5
 69620474, -7.437, -27.156, 0.774, 2.5, -7.366, -27.16, 0.7410001, 2.5
 69820394, -7.456, -27.189, 0.703, 2.5, -7.437, -27.156, 0.774, 2.5
 70020314, -7.418, -27.23, 0.669, 2.5, -7.456, -27.189, 0.703, 2.5
 70220234, -7.376, -27.28, 0.608, 2.5, -7.418, -27.23, 0.669, 2.5
 70420154, -7.309, -27.332, 0.527, 2.5, -7.376, -27.28, 0.608, 2.5
 70620907, -7.188, -27.401, 0.484, 2.5, -7.309, -27.332, 0.527, 2.5
 70820827, -7.039001, -27.478, 0.428, 2.5, -7.188, -27.401, 0.484, 2.5
 71020747, -6.854, -27.561, 0.365, 2.5, -7.039001, -27.478, 0.428, 2.5
 71220667, -6.661, -27.633, 0.344, 2.5, -6.854, -27.561, 0.365, 2.5
 71420587, -6.472, -27.703, 0.365, 2.5, -6.661, -27.633, 0.344, 2.5
 71620507, -6.202, -27.784, 0.212, 2.5, -6.472, -27.703, 0.365, 2.5
 71820427, -5.927, -27.853, 0.114, 2.5, -6.202, -27.784, 0.212, 2.5
 72020347, -5.686, -27.928, 0.13, 2.5, -5.927, -27.853, 0.114, 2.5
 72220267, -5.471, -27.996, 0.139, 2.5, -5.686, -27.928, 0.13, 2.5
 72420187, -5.238, -28.063, 0.141, 2.5, -5.471, -27.996, 0.139, 2.5
 72620940, -4.968, -28.125, 0.079, 2.5, -5.238, -28.063, 0.141, 2.5
 72820860, -4.674, -28.183, 0.019, 2.5, -4.968, -28.125, 0.079, 2.5
 73020780, -4.38, -28.243, -0.024, 2.5, -4.674, -28.183, 0.019, 2.5
 73220700, -4.109, -28.308, -0.012, 2.5, -4.38, -28.243, -0.024, 2.5
 73420620, -3.844, -28.367, -0.039, 2.5, -4.109, -28.308, -0.012, 2.5
 73620540, -3.579, -28.424, -0.057, 2.5, -3.844, -28.367, -0.039, 2.5
 73820460, -3.321, -28.468, -0.1, 2.5, -3.579, -28.424, -0.057, 2.5
 74020380, -3.085, -28.504, -0.082, 2.5, -3.321, -28.468, -0.1, 2.5
 74220300, -2.842, -28.539, -0.085, 2.5, -3.085, -28.504, -0.082, 2.5
 74420220, -2.564, -28.571, -0.213, 2.5, -2.842, -28.539, -0.085, 2.5
 74620973, -2.335, -28.593, -0.263, 2.5, -2.564, -28.571, -0.213, 2.5
 74820893, -2.106, -28.63, -0.194, 2.5, -2.335, -28.593, -0.263, 2.5
 75020813, -1.897, -28.661, -0.151, 2.5, -2.106, -28.63, -0.194, 2.5
 75220733, -1.681, -28.671, -0.218, 2.5, -1.897, -28.661, -0.151, 2.5
 75420653, -1.455, -28.682, -0.321, 2.5, -1.681, -28.671, -0.218, 2.5
 75620573, -1.249, -28.701, -0.359, 2.5, -1.455, -28.682, -0.321, 2.5
 75820493, -1.078, -28.72, -0.279, 2.5, -1.249, -28.701, -0.359, 2.5
 76020413, -0.918, -28.742, -0.25, 2.5, -1.078, -28.72, -0.279, 2.5
 76220333, -0.7590001, -28.745, -0.325, 2.5, -0.918, -28.742, -0.25, 2.5
 76420253, -0.595, -28.749, -0.367, 2.5, -0.7590001, -28.745, -0.325, 2.5
 76620173, -0.484, -28.76, -0.352, 2.5, -0.595, -28.749, -0.367, 2.5
 76820926, -0.376, -28.765, -0.299, 2.5, -0.484, -28.76, -0.352, 2.5
 77020846, -0.273, -28.771, -0.26, 2.5, -0.376, -28.765, -0.299, 2.5
 77220766, -0.157, -28.783, -0.258, 2.5, -0.273, -28.771, -0.26, 2.5
 77420686, -0.041, -28.776, -0.302, 2.5, -0.157, -28.783, -0.258, 2.5
 77620606, 0.051, -28.772, -0.34, 2.5, -0.041, -28.776, -0.302, 2.5
 77820526, 0.112, -28.777, -0.356, 2.5, 0.051, -28.772, -0.34, 2.5
 78020446, 0.185, -28.781, -0.395, 2.5, 0.112, -28.777, -0.356, 2.5
 78220366, 0.256, -28.782, -0.4, 2.5, 0.185, -28.781, -0.395, 2.5
 78420286, 0.31, -28.77, -0.337, 2.5, 0.256, -28.782, -0.4, 2.5
 78620206, 0.354, -28.774, -0.293, 2.5, 0.31, -28.77, -0.337, 2.5
 78820959, 0.395, -28.78, -0.303, 2.5, 0.354, -28.774, -0.293, 2.5
 79020879, 0.445, -28.782, -0.347, 2.5, 0.395, -28.78, -0.303, 2.5
 79220799, 0.469, -28.789, -0.201, 2.5, 0.445, -28.782, -0.347, 2.5
 79420719, 0.496, -28.787, -0.239, 2.5, 0.469, -28.789, -0.201, 2.5
 79620639, 0.517, -28.78, -0.285, 2.5, 0.496, -28.787, -0.239, 2.5
 79820559, 0.537, -28.779, -0.293, 2.5, 0.517, -28.78, -0.285, 2.5
 80020479, 0.559, -28.782, -0.238, 2.5, 0.537, -28.779, -0.293, 2.5
 80220399, 0.549, -28.779, -0.242, 2.5, 0.559, -28.782, -0.238, 2.5
 80420319, 0.541, -28.77, -0.263, 2.5, 0.549, -28.779, -0.242, 2.5
 80620239, 0.552, -28.772, -0.304, 2.5, 0.541, -28.77, -0.263, 2.5
 80820159, 0.558, -28.781, -0.256, 2.5, 0.552, -28.772, -0.304, 2.5
 81020912, 0.546, -28.78, -0.241, 2.5, 0.558, -28.781, -0.256, 2.5
 81220832, 0.527, -28.767, -0.252, 2.5, 0.546, -28.78, -0.241, 2.5
 81420752, 0.518, -28.768, -0.319, 2.5, 0.527, -28.767, -0.252, 2.5
 81620672, 0.492, -28.771, -0.352, 2.5, 0.518, -28.768, -0.319, 2.5
 81820592, 0.493, -28.772, -0.25, 2.5, 0.492, -28.771, -0.352, 2.5
 82020512, 0.477, -28.765, -0.165, 2.5, 0.493, -28.772, -0.25, 2.5
 82220432, 0.447, -28.762, -0.1, 2.5, 0.477, -28.765, -0.165, 2.5
 82420352, 0.421, -28.764, -0.137, 2.5, 0.447, -28.762, -0.1, 2.5
 82620272, 0.398, -28.762, -0.145, 2.5, 0.421, -28.764, -0.137, 2.5
 82820192, 0.373, -28.776, -0.145, 2.5, 0.398, -28.762, -0.145, 2.5
 83020945, 0.364, -28.778, -0.162, 2.5, 0.373, -28.776, -0.145, 2.5
 83220865, 0.354, -28.778, -0.196, 2.5, 0.364, -28.778, -0.162, 2.5
 83420785, 0.341, -28.79, -0.211, 2.5, 0.354, -28.778, -0.196, 2.5
 83620705, 0.314, -28.804, -0.133, 2.5, 0.341, -28.79, -0.211, 2.5
 83820625, 0.262, -28.803, -0.089, 2.5, 0.314, -28.804, -0.133, 2.5
 84020545, 0.224, -28.804, -0.005, 2.5, 0.262, -28.803, -0.089, 2.5
 84220465, 0.183, -28.823, -0.044, 2.5, 0.224, -28.804, -0.005, 2.5
 84420385, 0.142, -28.823, -0.145, 2.5, 0.183, -28.823, -0.044, 2.5
 84620305, 0.09500001, -28.806, -0.16, 2.5, 0.142, -28.823, -0.145, 2.5
 84820225, 0.067, -28.802, -0.175, 2.5, 0.09500001, -28.806, -0.16, 2.5
 85020145, 0.041, -28.788, -0.116, 2.5, 0.067, -28.802, -0.175, 2.5
 85220898, 0.04, -28.794, -0.036, 2.5, 0.041, -28.788, -0.116, 2.5
 85420818, 0.036, -28.808, -0.102, 2.5, 0.04, -28.794, -0.036, 2.5
 85620738, 0.004, -28.817, -0.13, 2.5, 0.036, -28.808, -0.102, 2.5
 85820658, -0.001, -28.833, -0.072, 2.5, 0.004, -28.817, -0.13, 2.5
 86020578, 0.012, -28.839, 0.01, 2.5, -0.001, -28.833, -0.072, 2.5
 86220498, 0.01, -28.845, -0.03, 2.5, 0.012, -28.839, 0.01, 2.5
 86420418, -0.004, -28.857, -0.07700001, 2.5, 0.01, -28.845, -0.03, 2.5
 86620338, -0.028, -28.858, -0.109, 2.5, -0.004, -28.857, -0.07700001, 2.5
 86820258, -0.046, -28.867, -0.07700001, 2.5, -0.028, -28.858, -0.109, 2.5
 87020178, -0.053, -28.878, -0.018, 2.5, -0.046, -28.867, -0.07700001, 2.5
 87220931, -0.059, -28.888, -0.008, 2.5, -0.053, -28.878, -0.018, 2.5
 87420851, -0.055, -28.894, -0.04, 2.5, -0.059, -28.888, -0.008, 2.5
 87620771, -0.047, -28.892, -0.149, 2.5, -0.055, -28.894, -0.04, 2.5
 87820691, -0.053, -28.895, -0.094, 2.5, -0.047, -28.892, -0.149, 2.5
 88020611, -0.05, -28.893, -0.049, 2.5, -0.053, -28.895, -0.094, 2.5
 88220531, -0.035, -28.896, -0.045, 2.5, -0.05, -28.893, -0.049, 2.5
 88420451, -0.03, -28.905, -0.057, 2.5, -0.035, -28.896, -0.045, 2.5
 88620371, -0.01, -28.906, -0.078, 2.5, -0.03, -28.905, -0.057, 2.5
 88820291, -0.011, -28.906, -0.108, 2.5, -0.01, -28.906, -0.078, 2.5
 89020211, -0.012, -28.91, -0.106, 2.5, -0.011, -28.906, -0.108, 2.5
 89220964, -0.007, -28.911, -0.044, 2.5, -0.012, -28.91, -0.106, 2.5
 89420884, -0.01, -28.92, -0.01, 2.5, -0.007, -28.911, -0.044, 2.5
 89620804, -0.007, -28.926, -0.035, 2.5, -0.01, -28.92, -0.01, 2.5
 89820724, -0.021, -28.925, -0.044, 2.5, -0.007, -28.926, -0.035, 2.5
 90020644, -0.008, -28.926, -0.045, 2.5, -0.021, -28.925, -0.044, 2.5
 90220564, -0.007, -28.928, -0.026, 2.5, -0.008, -28.926, -0.045, 2.5
 90420484, -0.019, -28.932, -0.06, 2.5, -0.007, -28.928, -0.026, 2.5
 90620404, -0.023, -28.933, -0.041, 2.5, -0.019, -28.932, -0.06, 2.5
 90820324, -0.012, -28.937, -0.031, 2.5, -0.023, -28.933, -0.041, 2.5
 91020244, 0, -28.939, -0.068, 2.5, -0.012, -28.937, -0.031, 2.5
 91220164, 0.011, -28.937, -0.062, 2.5, 0, -28.939, -0.068, 2.5
 91420917, 0.012, -28.935, -0.064, 2.5, 0.011, -28.937, -0.062, 2.5
 91620837, 0.013, -28.936, -0.026, 2.5, 0.012, -28.935, -0.064, 2.5
 91820757, 0.037, -28.933, -0.08400001, 2.5, 0.013, -28.936, -0.026, 2.5
 92020677, 0.053, -28.934, -0.09, 2.5, 0.037, -28.933, -0.08400001, 2.5
 92220597, 0.061, -28.928, -0.107, 2.5, 0.053, -28.934, -0.09, 2.5
 92420517, 0.06900001, -28.924, -0.072, 2.5, 0.061, -28.928, -0.107, 2.5
 92620437, 0.066, -28.925, -0.051, 2.5, 0.06900001, -28.924, -0.072, 2.5
 92820357, 0.082, -28.926, -0.033, 2.5, 0.066, -28.925, -0.051, 2.5
 93020277, -0.08800001, -28.924, -0.12, 2.5, 0.082, -28.926, -0.033, 2.5
 93220197, -1.021, -28.916, -0.009000001, 2.5, -0.08800001, -28.924, -0.12, 2.5
 93420950, -2.42, -28.904, 0.244, 2.5, -1.021, -28.916, -0.009000001, 2.5
 93620870, -4.492, -28.875, 0.708, 2.5, -2.42, -28.904, 0.244, 2.5
 93820790, -7.542, -28.605, 0.86, 2.5, -4.492, -28.875, 0.708, 2.5
 94020710, -11.394, -27.67, 0.3, 2.5, -7.542, -28.605, 0.86, 2.5
 94220630, -14.944, -26.199, -0.501, 2.5, -11.394, -27.67, 0.3, 2.5
 94420550, -17.654, -24.606, -1.049, 2.5, -14.944, -26.199, -0.501, 2.5
 94620470, -19.574, -23.055, -1.182, 2.5, -17.654, -24.606, -1.049, 2.5
 94820390, -20.983, -21.61, -1.083, 2.5, -19.574, -23.055, -1.182, 2.5
 95020310, -22.219, -20.107, -0.9670001, 2.5, -20.983, -21.61, -1.083, 2.5
 95220230, -23.282, -18.642, -0.7690001, 2.5, -22.219, -20.107, -0.9670001, 2.5
 95420150, -24.289, -17.075, -0.6440001, 2.5, -23.282, -18.642, -0.7690001, 2.5
 95620903, -25.199, -15.472, -0.505, 2.5, -24.289, -17.075, -0.6440001, 2.5
 95820823, -26.023, -13.804, -0.404, 2.5, -25.199, -15.472, -0.505, 2.5
 96020743, -26.685, -12.228, -0.299, 2.5, -26.023, -13.804, -0.404, 2.5
 96220663, -27.22, -10.696, -0.172, 2.5, -26.685, -12.228, -0.299, 2.5
 96420583, -27.636, -9.216001, -0.022, 2.5, -27.22, -10.696, -0.172, 2.5
 96620503, -27.962, -7.739, 0.09100001, 2.5, -27.636, -9.216001, -0.022, 2.5
 96820423, -28.212, -6.301, 0.186, 2.5, -27.962, -7.739, 0.09100001, 2.5
 97020343, -28.372, -4.992, 0.319, 2.5, -28.212, -6.301, 0.186, 2.5
 97220263, -28.476, -3.717, 0.408, 2.5, -28.372, -4.992, 0.319, 2.5
 97420183, -28.519, -2.538, 0.551, 2.5, -28.476, -3.717, 0.408, 2.5
 97620936, -28.509, -1.37, 0.6350001, 2.5, -28.519, -2.538, 0.551, 2.5
 97820856, -28.455, -0.28, 0.73, 2.5, -28.509, -1.37, 0.6350001, 2.5
 98020776, -28.375, 0.743, 0.7970001, 2.5, -28.455, -0.28, 0.73, 2.5
 98220696, -28.268, 1.712, 0.822, 2.5, -28.375, 0.743, 0.7970001, 2.5
 98420616, -28.139, 2.568, 0.855, 2.5, -28.268, 1.712, 0.822, 2.5
 98620536, -27.992, 3.407, 0.814, 2.5, -28.139, 2.568, 0.855, 2.5
 98820456, -27.84, 4.119, 0.803, 2.5, -27.992, 3.407, 0.814, 2.5
 99020376, -27.706, 4.708, 0.83, 2.5, -27.84, 4.119, 0.803, 2.5
 99220296, -27.6, 5.204, 0.881, 2.5, -27.706, 4.708, 0.83, 2.5
 99420216, -27.5, 5.685, 0.855, 2.5, -27.6, 5.204, 0.881, 2.5
 99620969, -27.413, 6.075, 0.873, 2.5, -27.5, 5.685, 0.855, 2.5
 99820889, -27.339, 6.408, 0.845, 2.5, -27.413, 6.075, 0.873, 2.5
 100020809, -27.281, 6.657001, 0.825, 2.5, -27.339, 6.408, 0.845, 2.5
 100220729, -27.252, 6.857, 0.826, 2.5, -27.281, 6.657001, 0.825, 2.5
 100420649, -27.231, 7.007, 0.808, 2.5, -27.252, 6.857, 0.826, 2.5
 100620569, -27.222, 7.111001, 0.747, 2.5, -27.231, 7.007, 0.808, 2.5
 100820489, -27.218, 7.175, 0.605, 2.5, -27.222, 7.111001, 0.747, 2.5
 101020409, -27.221, 7.221, 0.5190001, 2.5, -27.218, 7.175, 0.605, 2.5
 101220329, -27.238, 7.213, 0.535, 2.5, -27.221, 7.221, 0.5190001, 2.5
 101420249, -27.285, 7.150001, 0.546, 2.5, -27.238, 7.213, 0.535, 2.5
 101620169, -27.351, 7.03, 0.558, 2.5, -27.285, 7.150001, 0.546, 2.5
 101820922, -27.417, 6.906, 0.499, 2.5, -27.351, 7.03, 0.558, 2.5
 102020842, -27.487, 6.767, 0.405, 2.5, -27.417, 6.906, 0.499, 2.5
 102220762, -27.563, 6.614, 0.296, 2.5, -27.487, 6.767, 0.405, 2.5
 102420682, -27.628, 6.456, 0.304, 2.5, -27.563, 6.614, 0.296, 2.5
 102620602, -27.699, 6.261, 0.34, 2.5, -27.628, 6.456, 0.304, 2.5
 102820522, -27.775, 6.039001, 0.291, 2.5, -27.699, 6.261, 0.34, 2.5
 103020442, -27.854, 5.797, 0.23, 2.5, -27.775, 6.039001, 0.291, 2.5
 103220362, -27.934, 5.548, 0.162, 2.5, -27.854, 5.797, 0.23, 2.5
 103420282, -28.013, 5.323, 0.117, 2.5, -27.934, 5.548, 0.162, 2.5
 103620202, -28.086, 5.058, 0.071, 2.5, -28.013, 5.323, 0.117, 2.5
 103820955, -28.152, 4.795, 0.031, 2.5, -28.086, 5.058, 0.071, 2.5
 104020875, -28.2, 4.517, -0.063, 2.5, -28.152, 4.795, 0.031, 2.5
 104220795, -28.258, 4.265, -0.012, 2.5, -28.2, 4.517, -0.063, 2.5
 104420715, -28.308, 4.009, -0.014, 2.5, -28.258, 4.265, -0.012, 2.5
 104620635, -28.355, 3.725, -0.07, 2.5, -28.308, 4.009, -0.014, 2.5
 104820555, -28.401, 3.478, -0.101, 2.5, -28.355, 3.725, -0.07, 2.5
 105020475, -28.44, 3.23, -0.178, 2.5, -28.401, 3.478, -0.101, 2.5
 105220395, -28.476, 2.995, -0.212, 2.5, -28.44, 3.23, -0.178, 2.5
 105420315, -28.509, 2.776, -0.167, 2.5, -28.476, 2.995, -0.212, 2.5
 105620235, -28.533, 2.561, -0.206, 2.5, -28.509, 2.776, -0.167, 2.5
 105820155, -28.555, 2.342, -0.241, 2.5, -28.533, 2.561, -0.206, 2.5
 106020908, -28.564, 2.142, -0.248, 2.5, -28.555, 2.342, -0.241, 2.5
 106220828, -28.581, 1.949, -0.215, 2.5, -28.564, 2.142, -0.248, 2.5
 106420748, -28.607, 1.752, -0.173, 2.5, -28.581, 1.949, -0.215, 2.5
 106620668, -28.646, 1.545, -0.155, 2.5, -28.607, 1.752, -0.173, 2.5
 106820588, -28.664, 1.34, -0.201, 2.5, -28.646, 1.545, -0.155, 2.5
 107020508, -28.685, 1.128, -0.255, 2.5, -28.664, 1.34, -0.201, 2.5
 107220428, -28.709, 0.979, -0.256, 2.5, -28.685, 1.128, -0.255, 2.5
 107420348, -28.72, 0.854, -0.291, 2.5, -28.709, 0.979, -0.256, 2.5
 107620268, -28.713, 0.73, -0.343, 2.5, -28.72, 0.854, -0.291, 2.5
 107820188, -28.701, 0.605, -0.381, 2.5, -28.713, 0.73, -0.343, 2.5
 108020941, -28.693, 0.504, -0.26, 2.5, -28.701, 0.605, -0.381, 2.5
 108220861, -28.695, 0.407, -0.245, 2.5, -28.693, 0.504, -0.26, 2.5
 108420781, -28.681, 0.282, -0.383, 2.5, -28.695, 0.407, -0.245, 2.5
 108620701, -28.671, 0.18, -0.436, 2.5, -28.681, 0.282, -0.383, 2.5
 108820621, -28.666, 0.125, -0.369, 2.5, -28.671, 0.18, -0.436, 2.5
 109020541, -28.678, 0.063, -0.262, 2.5, -28.666, 0.125, -0.369, 2.5
 109220461, -28.684, -0.013, -0.151, 2.5, -28.678, 0.063, -0.262, 2.5
 109420381, -28.689, -0.078, -0.193, 2.5, -28.684, -0.013, -0.151, 2.5
 109620301, -28.685, -0.161, -0.237, 2.5, -28.689, -0.078, -0.193, 2.5
 109820221, -28.694, -0.241, -0.256, 2.5, -28.685, -0.161, -0.237, 2.5
 110020974, -28.707, -0.294, -0.314, 2.5, -28.694, -0.241, -0.256, 2.5
 110220894, -28.725, -0.331, -0.257, 2.5, -28.707, -0.294, -0.314, 2.5
 110420814, -28.735, -0.382, -0.244, 2.5, -28.725, -0.331, -0.257, 2.5
 110620734, -28.728, -0.422, -0.217, 2.5, -28.735, -0.382, -0.244, 2.5
 110820654, -28.734, -0.432, -0.213, 2.5, -28.728, -0.422, -0.217, 2.5
 111020574, -28.739, -0.432, -0.235, 2.5, -28.734, -0.432, -0.213, 2.5
 111220494, -28.731, -0.421, -0.246, 2.5, -28.739, -0.432, -0.235, 2.5
 111420414, -28.728, -0.438, -0.263, 2.5, -28.731, -0.421, -0.246, 2.5
 111620334, -28.731, -0.453, -0.218, 2.5, -28.728, -0.438, -0.263, 2.5
 111820254, -28.726, -0.464, -0.223, 2.5, -28.731, -0.453, -0.218, 2.5
 112020174, -28.724, -0.5100001, -0.257, 2.5, -28.726, -0.464, -0.223, 2.5
 112220927, -28.729, -0.518, -0.225, 2.5, -28.724, -0.5100001, -0.257, 2.5
 112420847, -28.74, -0.515, -0.236, 2.5, -28.729, -0.518, -0.225, 2.5
 112620767, -28.744, -0.501, -0.235, 2.5, -28.74, -0.515, -0.236, 2.5
 112820687, -28.735, -0.508, -0.199, 2.5, -28.744, -0.501, -0.235, 2.5
 113020607, -28.729, -0.496, -0.237, 2.5, -28.735, -0.508, -0.199, 2.5
 113220527, -28.733, -0.511, -0.236, 2.5, -28.729, -0.496, -0.237, 2.5
 113420447, -28.741, -0.311, -0.259, 2.5, -28.733, -0.511, -0.236, 2.5
 113620367, -28.741, 0.627, -0.159, 2.5, -28.741, -0.311, -0.259, 2.5
 113820287, -28.745, 2.04, 0.17, 2.5, -28.741, 0.627, -0.159, 2.5
 114020207, -28.754, 4.156, 0.656, 2.5, -28.745, 2.04, 0.17, 2.5
 114220960, -28.516, 7.3, 0.735, 2.5, -28.754, 4.156, 0.656, 2.5
 114420880, -27.621, 11.129, 0.193, 2.5, -28.516, 7.3, 0.735, 2.5
 114620800, -26.261, 14.576, -0.532, 2.5, -27.621, 11.129, 0.193, 2.5
 114820720, -24.73, 17.33, -1.089, 2.5, -26.261, 14.576, -0.532, 2.5
 115020640, -23.236, 19.326, -1.259, 2.5, -24.73, 17.33, -1.089, 2.5
 115220560, -21.766, 20.85, -1.189, 2.5, -23.236, 19.326, -1.259, 2.5
 115420480, -20.289, 22.129, -1.052, 2.5, -21.766, 20.85, -1.189, 2.5
 115620400, -18.72, 23.296, -0.9350001, 2.5, -20.289, 22.129, -1.052, 2.5
 115820320, -17.114, 24.324, -0.8610001, 2.5, -18.72, 23.296, -0.9350001, 2.5
 116020240, -15.541, 25.205, -0.7320001, 2.5, -17.114, 24.324, -0.8610001, 2.5
 116220160, -13.994, 25.95, -0.544, 2.5, -15.541, 25.205, -0.7320001, 2.5
 116420913, -12.471, 26.591, -0.381, 2.5, -13.994, 25.95, -0.544, 2.5
 116620833, -10.973, 27.126, -0.241, 2.5, -12.471, 26.591, -0.381, 2.5
 116820753, -9.518001, 27.558, -0.081, 2.5, -10.973, 27.126, -0.241, 2.5
 117020673, -8.053, 27.923, 0.055, 2.5, -9.518001, 27.558, -0.081, 2.5
 117220593, -6.588, 28.201, 0.137, 2.5, -8.053, 27.923, 0.055, 2.5
 117420513, -5.172, 28.394, 0.184, 2.5, -6.588, 28.201, 0.137, 2.5
 117620433, -3.828, 28.509, 0.222, 2.5, -5.172, 28.394, 0.184, 2.5
 117820353, -2.614, 28.551, 0.324, 2.5, -3.828, 28.509, 0.222, 2.5
 118020273, -1.457, 28.542, 0.383, 2.5, -2.614, 28.551, 0.324, 2.5
 118220193, -0.429, 28.498, 0.479, 2.5, -1.457, 28.542, 0.383, 2.5
 118420946, 0.536, 28.414, 0.562, 2.5, -0.429, 28.498, 0.479, 2.5
 118620866, 1.391, 28.316, 0.686, 2.5, 0.536, 28.414, 0.562, 2.5
 118820786, 2.23, 28.209, 0.744, 2.5, 1.391, 28.316, 0.686, 2.5
 119020706, 3.038, 28.089, 0.731, 2.5, 2.23, 28.209, 0.744, 2.5
 119220626, 3.752, 27.965, 0.703, 2.5, 3.038, 28.089, 0.731, 2.5
 119420546, 4.359, 27.84, 0.678, 2.5, 3.752, 27.965, 0.703, 2.5
 119620466, 4.896, 27.72, 0.679, 2.5, 4.359, 27.84, 0.678, 2.5
 119820386, 5.329, 27.615, 0.734, 2.5, 4.896, 27.72, 0.679, 2.5
 120020306, 5.701, 27.531, 0.751, 2.5, 5.329, 27.615, 0.734, 2.5
 120220226, 6.006001, 27.45, 0.758, 2.5, 5.701, 27.531, 0.751, 2.5
 120420146, 6.258, 27.386, 0.8, 2.5, 6.006001, 27.45, 0.758, 2.5
 120620899, 6.457, 27.346, 0.776, 2.5, 6.258, 27.386, 0.8, 2.5
 120820819, 6.626, 27.324, 0.725, 2.5, 6.457, 27.346, 0.776, 2.5
 121020739, 6.739, 27.304, 0.654, 2.5, 6.626, 27.324, 0.725, 2.5
 121220659, 6.804, 27.301, 0.6020001, 2.5, 6.739, 27.304, 0.654, 2.5
 121420579, 6.85, 27.312, 0.541, 2.5, 6.804, 27.301, 0.6020001, 2.5
 121620499, 6.848001, 27.33, 0.505, 2.5, 6.85, 27.312, 0.541, 2.5
 121820419, 6.786, 27.361, 0.538, 2.5, 6.848001, 27.33, 0.505, 2.5
 122020339, 6.697001, 27.417, 0.549, 2.5, 6.786, 27.361, 0.538, 2.5
 122220259, 6.587, 27.481, 0.487, 2.5, 6.697001, 27.417, 0.549, 2.5
 122420179, 6.454, 27.536, 0.356, 2.5, 6.587, 27.481, 0.487, 2.5
 122620932, 6.283, 27.606, 0.289, 2.5, 6.454, 27.536, 0.356, 2.5
 122820852, 6.103, 27.67, 0.187, 2.5, 6.283, 27.606, 0.289, 2.5
 123020772, 5.915, 27.738, 0.201, 2.5, 6.103, 27.67, 0.187, 2.5
 123220692, 5.71, 27.8, 0.149, 2.5, 5.915, 27.738, 0.201, 2.5
 123420612, 5.497, 27.879, 0.14, 2.5, 5.71, 27.8, 0.149, 2.5
 123620532, 5.254, 27.953, 0.125, 2.5, 5.497, 27.879, 0.14, 2.5
 123820452, 5.008, 28.012, 0.004, 2.5, 5.254, 27.953, 0.125, 2.5
 124020372, 4.786, 28.072, -0.019, 2.5, 5.008, 28.012, 0.004, 2.5
 124220292, 4.564, 28.124, 0.034, 2.5, 4.786, 28.072, -0.019, 2.5
 124420212, 4.331, 28.179, 0.05, 2.5, 4.564, 28.124, 0.034, 2.5
 124620965, 4.095, 28.228, 0.03, 2.5, 4.331, 28.179, 0.05, 2.5
 124820885, 3.84, 28.29, -0.001, 2.5, 4.095, 28.228, 0.03, 2.5
 125020805, 3.614, 28.338, -0.026, 2.5, 3.84, 28.29, -0.001, 2.5
 125220725, 3.364, 28.375, -0.109, 2.5, 3.614, 28.338, -0.026, 2.5
 125420645, 3.126, 28.416, -0.205, 2.5, 3.364, 28.375, -0.109, 2.5
 125620565, 2.905, 28.447, -0.263, 2.5, 3.126, 28.416, -0.205, 2.5
 125820485, 2.713, 28.481, -0.18, 2.5, 2.905, 28.447, -0.263, 2.5
 126020405, 2.498, 28.517, -0.098, 2.5, 2.713, 28.481, -0.18, 2.5
 126220325, 2.266, 28.55, -0.179, 2.5, 2.498, 28.517, -0.098, 2.5
 126420245, 2.052, 28.575, -0.242, 2.5, 2.266, 28.55, -0.179, 2.5
 126620165, 1.87, 28.592, -0.279, 2.5, 2.052, 28.575, -0.242, 2.5
 126820918, 1.702, 28.605, -0.312, 2.5, 1.87, 28.592, -0.279, 2.5
 127020838, 1.528, 28.613, -0.302, 2.5, 1.702, 28.605, -0.312, 2.5
 127220758, 1.342, 28.627, -0.225, 2.5, 1.528, 28.613, -0.302, 2.5
 127420678, 1.146, 28.627, -0.237, 2.5, 1.342, 28.627, -0.225, 2.5
 127620598, 0.978, 28.61, -0.311, 2.5, 1.146, 28.627, -0.237, 2.5
 127820518, 0.851, 28.608, -0.319, 2.5, 0.978, 28.61, -0.311, 2.5
 128020438, 0.694, 28.609, -0.304, 2.5, 0.851, 28.608, -0.319, 2.5
 128220358, 0.563, 28.617, -0.287, 2.5, 0.694, 28.609, -0.304, 2.5
 128420278, 0.462, 28.624, -0.241, 2.5, 0.563, 28.617, -0.287, 2.5
 128620198, 0.349, 28.633, -0.191, 2.5, 0.462, 28.624, -0.241, 2.5
 128820951, 0.249, 28.649, -0.147, 2.5, 0.349, 28.633, -0.191, 2.5
 129020871, 0.166, 28.65, -0.266, 2.5, 0.249, 28.649, -0.147, 2.5
 129220791, 0.096, 28.645, -0.361, 2.5, 0.166, 28.65, -0.266, 2.5
 129420711, 0.048, 28.642, -0.306, 2.5, 0.096, 28.645, -0.361, 2.5
 129620631, 0, 28.65, -0.236, 2.5, 0.048, 28.642, -0.306, 2.5
 129820551, -0.043, 28.662, -0.194, 2.5, 0, 28.65, -0.236, 2.5
 130020471, -0.105, 28.668, -0.172, 2.5, -0.043, 28.662, -0.194, 2.5
 130220391, -0.167, 28.668, -0.268, 2.5, -0.105, 28.668, -0.172, 2.5
 130420311, -0.223, 28.663, -0.35, 2.5, -0.167, 28.668, -0.268, 2.5
 130620231, -0.259, 28.662, -0.281, 2.5, -0.223, 28.663, -0.35, 2.5
 130820151, -0.28, 28.665, -0.24, 2.5, -0.259, 28.662, -0.281, 2.5
 131020904, -0.296, 28.661, -0.241, 2.5, -0.28, 28.665, -0.24, 2.5
 131220824, -0.302, 28.66, -0.234, 2.5, -0.296, 28.661, -0.241, 2.5
 131420744, -0.33, 28.67, -0.213, 2.5, -0.302, 28.66, -0.234, 2.5
 131620664, -0.367, 28.669, -0.228, 2.5, -0.33, 28.67, -0.213, 2.5
 131820584, -0.377, 28.667, -0.215, 2.5, -0.367, 28.669, -0.228, 2.5
 132020504, -0.368, 28.665, -0.201, 2.5, -0.377, 28.667, -0.215, 2.5
 132220424, -0.357, 28.667, -0.187, 2.5, -0.368, 28.665, -0.201, 2.5
 132420344, -0.349, 28.664, -0.259, 2.5, -0.357, 28.667, -0.187, 2.5
 132620264, -0.353, 28.661, -0.278, 2.5, -0.349, 28.664, -0.259, 2.5
 132820184, -0.363, 28.666, -0.241, 2.5, -0.353, 28.661, -0.278, 2.5
 133020937, -0.357, 28.671, -0.129, 2.5, -0.363, 28.666, -0.241, 2.5
 133220857, -0.342, 28.68, -0.094, 2.5, -0.357, 28.671, -0.129, 2.5
 133420777, -0.338, 28.686, -0.151, 2.5, -0.342, 28.68, -0.094, 2.5
 133620697, -0.323, 28.688, -0.149, 2.5, -0.338, 28.686, -0.151, 2.5
 133820617, -0.306, 28.692, -0.15, 2.5, -0.323, 28.688, -0.149, 2.5
 134020537, -0.287, 28.699, -0.139, 2.5, -0.306, 28.692, -0.15, 2.5
 134220457, -0.275, 28.7, -0.154, 2.5, -0.287, 28.699, -0.139, 2.5
 134420377, -0.266, 28.709, -0.137, 2.5, -0.275, 28.7, -0.154, 2.5
 134620297, -0.272, 28.721, -0.104, 2.5, -0.266, 28.709, -0.137, 2.5
 134820217, -0.258, 28.725, -0.064, 2.5, -0.272, 28.721, -0.104, 2.5
 135020970, -0.267, 28.728, -0.104, 2.5, -0.258, 28.725, -0.064, 2.5
 135220890, -0.269, 28.731, -0.126, 2.5, -0.267, 28.728, -0.104, 2.5
 135420810, -0.256, 28.732, -0.125, 2.5, -0.269, 28.731, -0.126, 2.5
 135620730, -0.239, 28.733, -0.183, 2.5, -0.256, 28.732, -0.125, 2.5
 135820650, -0.228, 28.727, -0.185, 2.5, -0.239, 28.733, -0.183, 2.5
 136020570, -0.211, 28.728, -0.123, 2.5, -0.228, 28.727, -0.185, 2.5
 136220490, -0.193, 28.726, -0.09, 2.5, -0.211, 28.728, -0.123, 2.5
 136420410, -0.182, 28.727, -0.108, 2.5, -0.193, 28.726, -0.09, 2.5
 136620330, -0.17, 28.734, -0.028, 2.5, -0.182, 28.727, -0.108, 2.5
 136820250, -0.171, 28.742, 0.006, 2.5, -0.17, 28.734, -0.028, 2.5
 137020170, -0.191, 28.744, -0.023, 2.5, -0.171, 28.742, 0.006, 2.5
 137220923, -0.219, 28.759, -0.07300001, 2.5, -0.191, 28.744, -0.023, 2.5
 137420843, -0.209, 28.781, -0.037, 2.5, -0.219, 28.759, -0.07300001, 2.5
 137620763, -0.178, 28.796, 0.025, 2.5, -0.209, 28.781, -0.037, 2.5
 137820683, -0.162, 28.8, -0.007, 2.5, -0.178, 28.796, 0.025, 2.5
 138020603, -0.156, 28.805, -0.111, 2.5, -0.162, 28.8, -0.007, 2.5
 138220523, -0.155, 28.821, -0.141, 2.5, -0.156, 28.805, -0.111, 2.5
 138420443, -0.147, 28.814, -0.137, 2.5, -0.155, 28.821, -0.141, 2.5
 138620363, -0.132, 28.821, -0.105, 2.5, -0.147, 28.814, -0.137, 2.5
 138820283, -0.115, 28.821, -0.052, 2.5, -0.132, 28.821, -0.105, 2.5
 139020203, -0.097, 28.811, -0.11, 2.5, -0.115, 28.821, -0.052, 2.5
 139220956, -0.101, 28.799, -0.071, 2.5, -0.097, 28.811, -0.11, 2.5
 139420876, -0.121, 28.792, 0.02, 2.5, -0.101, 28.799, -0.071, 2.5
 139620796, -0.117, 28.803, -0.044, 2.5, -0.121, 28.792, 0.02, 2.5
 139820716, -0.13, 28.818, -0.118, 2.5, -0.117, 28.803, -0.044, 2.5
 140020636, -0.122, 28.814, -0.128, 2.5, -0.13, 28.818, -0.118, 2.5
 140220556, -0.104, 28.826, -0.087, 2.5, -0.122, 28.814, -0.128, 2.5
 140420476, -0.086, 28.839, -0.018, 2.5, -0.104, 28.826, -0.087, 2.5
 140620396, -0.09500001, 28.859, 0.038, 2.5, -0.086, 28.839, -0.018, 2.5
 140820316, -0.08800001, 28.861, 0.035, 2.5, -0.09500001, 28.859, 0.038, 2.5
 141020236, -0.075, 28.852, 0.046, 2.5, -0.08800001, 28.861, 0.035, 2.5
 141220156, -0.06900001, 28.847, -0.067, 2.5, -0.075, 28.852, 0.046, 2.5
 141420909, -0.058, 28.857, -0.096, 2.5, -0.06900001, 28.847, -0.067, 2.5
 141620829, -0.031, 28.857, -0.061, 2.5, -0.058, 28.857, -0.096, 2.5
 141820749, -0.009000001, 28.853, -0.029, 2.5, -0.031, 28.857, -0.061, 2.5
 142020669, 0.012, 28.848, -0.039, 2.5, -0.009000001, 28.853, -0.029, 2.5
 142220589, 0.04, 28.857, -0.061, 2.5, 0.012, 28.848, -0.039, 2.5
 142420509, 0.052, 28.87, -0.017, 2.5, 0.04, 28.857, -0.061, 2.5
 142620429, 0.05, 28.881, 0.032, 2.5, 0.052, 28.87, -0.017, 2.5
 142820349, 0.05, 28.88, 0.008, 2.5, 0.05, 28.881, 0.032, 2.5
 143020269, 0.046, 28.876, -0.061, 2.5, 0.05, 28.88, 0.008, 2.5
 143220189, 0.027, 28.883, -0.07300001, 2.5, 0.046, 28.876, -0.061, 2.5
 143420942, 0.012, 28.878, -0.067, 2.5, 0.027, 28.883, -0.07300001, 2.5
 143620862, 0.032, 28.864, -0.038, 2.5, 0.012, 28.878, -0.067, 2.5
 143820782, -0.019, 28.87, -0.064, 2.5, 0.032, 28.864, -0.038, 2.5
 144020702, 0.592, 28.863, -0.06, 2.5, -0.019, 28.87, -0.064, 2.5
 144220622, 1.751, 28.837, 0.155, 2.5, 0.592, 28.863, -0.06, 2.5
 144420542, 3.528, 28.801, 0.504, 2.5, 1.751, 28.837, 0.155, 2.5
 144620462, 6.126, 28.691, 0.832, 2.5, 3.528, 28.801, 0.504, 2.5
 144820382, 9.575001, 28.118, 0.583, 2.5, 6.126, 28.691, 0.832, 2.5
 145020302, 13.246, 26.918, -0.162, 2.5, 9.575001, 28.118, 0.583, 2.5
 145220222, 16.256, 25.442, -0.822, 2.5, 13.246, 26.918, -0.162, 2.5
 145420975, 18.468, 23.914, -1.147, 2.5, 16.256, 25.442, -0.822, 2.5
 145620895, 20.077, 22.453, -1.171, 2.5, 18.468, 23.914, -1.147, 2.5
 145820815, 21.375, 21.019, -1.026, 2.5, 20.077, 22.453, -1.171, 2.5
 146020735, 22.534, 19.541, -0.878, 2.5, 21.375, 21.019, -1.026, 2.5
 146220655, 23.576, 18.028, -0.7270001, 2.5, 22.534, 19.541, -0.878, 2.5
 146420575, 24.498, 16.522, -0.578, 2.5, 23.576, 18.028, -0.7270001, 2.5
 146620495, 25.329, 14.998, -0.48, 2.5, 24.498, 16.522, -0.578, 2.5
 146820415, 26.052, 13.467, -0.338, 2.5, 25.329, 14.998, -0.48, 2.5
 147020335, 26.666, 11.964, -0.176, 2.5, 26.052, 13.467, -0.338, 2.5
 147220255, 27.2, 10.449, -0.07300001, 2.5, 26.666, 11.964, -0.176, 2.5
 147420175, 27.635, 8.919001, 0.004, 2.5, 27.2, 10.449, -0.07300001, 2.5
 147620928, 27.963, 7.475, 0.105, 2.5, 27.635, 8.919001, 0.004, 2.5
 147820848, 28.208, 6.044, 0.187, 2.5, 27.963, 7.475, 0.105, 2.5
 148020768, 28.363, 4.69, 0.268, 2.5, 28.208, 6.044, 0.187, 2.5
 148220688, 28.446, 3.431, 0.373, 2.5, 28.363, 4.69, 0.268, 2.5
 148420608, 28.477, 2.227, 0.45, 2.5, 28.446, 3.431, 0.373, 2.5
 148620528, 28.462, 1.142, 0.554, 2.5, 28.477, 2.227, 0.45, 2.5
 148820448, 28.412, 0.058, 0.612, 2.5, 28.462, 1.142, 0.554, 2.5
 149020368, 28.325, -0.896, 0.714, 2.5, 28.412, 0.058, 0.612, 2.5
 149220288, 28.215, -1.781, 0.754, 2.5, 28.325, -0.896, 0.714, 2.5
 149420208, 28.079, -2.635, 0.734, 2.5, 28.215, -1.781, 0.754, 2.5
 149620961, 27.941, -3.383, 0.7500001, 2.5, 28.079, -2.635, 0.734, 2.5
 149820881, 27.806, -4.056, 0.776, 2.5, 27.941, -3.383, 0.7500001, 2.5
 150020801, 27.676, -4.654, 0.8200001, 2.5, 27.806, -4.056, 0.776, 2.5
 150220721, 27.552, -5.18, 0.809, 2.5, 27.676, -4.654, 0.8200001, 2.5
 150420641, 27.439, -5.617, 0.757, 2.5, 27.552, -5.18, 0.809, 2.5
 150620561, 27.339, -5.978, 0.777, 2.5, 27.439, -5.617, 0.757, 2.5
 150820481, 27.274, -6.279, 0.798, 2.5, 27.339, -5.978, 0.777, 2.5
 151020401, 27.226, -6.517, 0.761, 2.5, 27.274, -6.279, 0.798, 2.5
 151220321, 27.187, -6.685, 0.7460001, 2.5, 27.226, -6.517, 0.761, 2.5
 151420241, 27.169, -6.82, 0.725, 2.5, 27.187, -6.685, 0.7460001, 2.5
 151620161, 27.17, -6.915, 0.6670001, 2.5, 27.169, -6.82, 0.725, 2.5
 151820914, 27.172, -6.968, 0.642, 2.5, 27.17, -6.915, 0.6670001, 2.5
 152020834, 27.19, -6.981, 0.598, 2.5, 27.172, -6.968, 0.642, 2.5
 152220754, 27.234, -6.968, 0.561, 2.5, 27.19, -6.981, 0.598, 2.5
 152420674, 27.277, -6.898, 0.545, 2.5, 27.234, -6.968, 0.561, 2.5
 152620594, 27.331, -6.835001, 0.481, 2.5, 27.277, -6.898, 0.545, 2.5
 152820514, 27.397, -6.728, 0.481, 2.5, 27.331, -6.835001, 0.481, 2.5
 153020434, 27.472, -6.58, 0.462, 2.5, 27.397, -6.728, 0.481, 2.5
 153220354, 27.54, -6.405, 0.401, 2.5, 27.472, -6.58, 0.462, 2.5
 153420274, 27.617, -6.210001, 0.402, 2.5, 27.54, -6.405, 0.401, 2.5
 153620194, 27.7, -6.01, 0.39, 2.5, 27.617, -6.210001, 0.402, 2.5
 153820947, 27.776, -5.795, 0.293, 2.5, 27.7, -6.01, 0.39, 2.5
 154020867, 27.851, -5.546, 0.19, 2.5, 27.776, -5.795, 0.293, 2.5
 154220787, 27.932, -5.313, 0.24, 2.5, 27.851, -5.546, 0.19, 2.5
 154420707, 28.011, -5.029, 0.145, 2.5, 27.932, -5.313, 0.24, 2.5
 154620627, 28.082, -4.745, 0.058, 2.5, 28.011, -5.029, 0.145, 2.5
 154820547, 28.143, -4.476, 0.01, 2.5, 28.082, -4.745, 0.058, 2.5
 155020467, 28.192, -4.256, -0.026, 2.5, 28.143, -4.476, 0.01, 2.5
 155220387, 28.242, -4.029, -0.014, 2.5, 28.192, -4.256, -0.026, 2.5
 155420307, 28.284, -3.791, -0.013, 2.5, 28.242, -4.029, -0.014, 2.5
 155620227, 28.336, -3.548, -0.015, 2.5, 28.284, -3.791, -0.013, 2.5
 155820147, 28.391, -3.296, -0.046, 2.5, 28.336, -3.548, -0.015, 2.5
 156020900, 28.443, -3.026, -0.15, 2.5, 28.391, -3.296, -0.046, 2.5
 156220820, 28.487, -2.784, -0.176, 2.5, 28.443, -3.026, -0.15, 2.5
 156420740, 28.518, -2.545, -0.203, 2.5, 28.487, -2.784, -0.176, 2.5
 156620660, 28.532, -2.334, -0.191, 2.5, 28.518, -2.545, -0.203, 2.5
 156820580, 28.534, -2.13, -0.197, 2.5, 28.532, -2.334, -0.191, 2.5
 157020500, 28.55, -1.912, -0.185, 2.5, 28.534, -2.13, -0.197, 2.5
 157220420, 28.574, -1.706, -0.209, 2.5, 28.55, -1.912, -0.185, 2.5
 157420340, 28.596, -1.534, -0.198, 2.5, 28.574, -1.706, -0.209, 2.5
 157620260, 28.614, -1.366, -0.166, 2.5, 28.596, -1.534, -0.198, 2.5
 157820180, 28.63, -1.198, -0.216, 2.5, 28.614, -1.366, -0.166, 2.5
 158020933, 28.64, -1.025, -0.228, 2.5, 28.63, -1.198, -0.216, 2.5
 158220853, 28.64, -0.872, -0.257, 2.5, 28.64, -1.025, -0.228, 2.5
 158420773, 28.644, -0.751, -0.22, 2.5, 28.64, -0.872, -0.257, 2.5
 158620693, 28.659, -0.626, -0.182, 2.5, 28.644, -0.751, -0.22, 2.5
 158820613, 28.666, -0.511, -0.243, 2.5, 28.659, -0.626, -0.182, 2.5
 159020533, 28.673, -0.411, -0.222, 2.5, 28.666, -0.511, -0.243, 2.5
 159220453, 28.683, -0.325, -0.279, 2.5, 28.673, -0.411, -0.222, 2.5
 159420373, 28.675, -0.248, -0.367, 2.5, 28.683, -0.325, -0.279, 2.5
 159620293, 28.668, -0.181, -0.3, 2.5, 28.675, -0.248, -0.367, 2.5
 159820213, 28.667, -0.09200001, -0.263, 2.5, 28.668, -0.181, -0.3, 2.5
 160020966, 28.659, -0.026, -0.283, 2.5, 28.667, -0.09200001, -0.263, 2.5
 160220886, 28.651, 0.039, -0.308, 2.5, 28.659, -0.026, -0.283, 2.5
 160420806, 28.65, 0.087, -0.284, 2.5, 28.651, 0.039, -0.308, 2.5
 160620726, 28.654, 0.124, -0.258, 2.5, 28.65, 0.087, -0.284, 2.5
 160820646, 28.637, 0.162, -0.286, 2.5, 28.654, 0.124, -0.258, 2.5
 161020566, 28.629, 0.197, -0.372, 2.5, 28.637, 0.162, -0.286, 2.5
 161220486, 28.625, 0.245, -0.314, 2.5, 28.629, 0.197, -0.372, 2.5
 161420406, 28.628, 0.269, -0.212, 2.5, 28.625, 0.245, -0.314, 2.5
 161620326, 28.647, 0.291, -0.123, 2.5, 28.628, 0.269, -0.212, 2.5
 161820246, 28.661, 0.294, -0.133, 2.5, 28.647, 0.291, -0.123, 2.5
 162020166, 28.668, 0.306, -0.139, 2.5, 28.661, 0.294, -0.133, 2.5
 162220919, 28.678, 0.333, -0.165, 2.5, 28.668, 0.306, -0.139, 2.5
 162420839, 28.688, 0.372, -0.135, 2.5, 28.678, 0.333, -0.165, 2.5
 162620759, 28.677, 0.372, -0.167, 2.5, 28.688, 0.372, -0.135, 2.5
 162820679, 27.508, 0.292, -0.207, 2.5, 28.677, 0.372, -0.167, 2.5
 163020599, 25.762, 0.7550001, -0.177, 2.5, 27.508, 0.292, -0.207, 2.5
 163220519, 24.054, 1.59, 0.159, 2.5, 25.762, 0.7550001, -0.177, 2.5
