TimeUS,CGpN,CGpE,CGpD,CGpe,PGpN,PGpE,PGpD,PGpe
 8425795, 0, 0, 0, 0.01, 0, 0, 0, 0
 8606556, 0, 0, 0, 0.01, 0, 0, 0, 0.01
 8806476, 0, 0, 0, 0.01, 0, 0, 0, 0.01
 9006396, 0, 0, 0, 0.01, 0, 0, 0, 0.01
 9206316, 0, 0, 0, 0.01, 0, 0, 0, 0.01
 9406236, 0, 0, 0, 0.01, 0, 0, 0, 0.01
 9606156, 0, 0, 0, 0.01, 0, 0, 0, 0.01
 9806076, 0, 0, 0, 0.01, 0, 0, 0, 0.01
 10005996, 0, 0, 0, 0.01, 0, 0, 0, 0.01
 10205916, 0, 0, 0, 0.01, 0, 0, 0, 0.01
 10405836, 0, 0, 0, 0.01, 0, 0, 0, 0.01
 10606589, 0, 0, 0, 0.01, 0, 0, 0, 0.01
 10806509, 0, 0, 0, 0.01, 0, 0, 0, 0.01
 11006429, 0, 0, 0, 0.01, 0, 0, 0, 0.01
 11206349, 0, 0, 0, 0.01, 0, 0, 0, 0.01
 11406269, 0, 0, 0, 0.01, 0, 0, 0, 0.01
 11606189, 0, 0, 0, 0.01, 0, 0, 0, 0.01
 11806109, 0, 0, 0, 0.01, 0, 0, 0, 0.01
 12006029, 0, 0, 0, 0.01, 0, 0, 0, 0.01
 12205949, 0, 0, 0, 0.01, 0, 0, 0, 0.01
 12405869, 0, 0, 0, 0.01, 0, 0, 0, 0.01
 12605789, 0, 0, 0, 0.01, 0, 0, 0, 0.01
 12806542, 0, 0, 0, 0.01, 0, 0, 0, 0.01
 13006462, 0, 0, 0, 0.01, 0, 0, 0, 0.01
 13206382, 0, 0, 0, 0.01, 0, 0, 0, 0.01
 13406302, 0, 0, 0, 0.01, 0, 0, 0, 0.01
 13606222, 0, 0, 0, 0.01, 0, 0, 0, 0.01
 13806142, 0, 0, 0, 0.01, 0, 0, 0, 0.01
 14006062, 0, 0, 0, 0.01, 0, 0, 0, 0.01
 14205982, 0, 0, 0, 0.01, 0, 0, 0, 0.01
 14405902, 0, 0, 0, 0.01, 0, 0, 0, 0.01
 14605822, 0, 0, 0, 0.01, 0, 0, 0, 0.01
 14806575, 0, 0, 0, 0.01, 0, 0, 0, 0.01
 15006495, 0, 0, 0, 0.01, 0, 0, 0, 0.01
 15206415, 0, 0, 0, 0.01, 0, 0, 0, 0.01
 15406335, 0, 0, 0, 0.01, 0, 0, 0, 0.01
 15606255, 0, 0, 0, 0.01, 0, 0, 0, 0.01
 15806175, 0, 0, 0, 0.01, 0, 0, 0, 0.01
 16006095, 0, 0, 0, 0.01, 0, 0, 0, 0.01
 16206015, 0, 0, 0, 0.01, 0, 0, 0, 0.01
 16405935, 0, 0, 0, 0.01, 0, 0, 0, 0.01
 16605855, 0, 0, 0, 0.01, 0, 0, 0, 0.01
 16805775, 0, 0, 0, 0.01, 0, 0, 0, 0.01
 17006528, 0, 0, 0, 0.01, 0, 0, 0, 0.01
 17206448, 0, 0, 0, 0.01, 0, 0, 0, 0.01
 17406368, 0, 0, 0, 0.01, 0, 0, 0, 0.01
 17606288, 0, 0, 0, 0.01, 0, 0, 0, 0.01
 17806208, 0, 0, 0, 0.01, 0, 0, 0, 0.01
 18006128, 0, 0, 0, 0.01, 0, 0, 0, 0.01
 18206048, 0, 0, 0, 0.01, 0, 0, 0, 0.01
 18405968, 0, 0, 0, 0.01, 0, 0, 0, 0.01
 18605888, 0, 0, 0, 0.01, 0, 0, 0, 0.01
 18805808, 0, 0, 0, 0.01, 0, 0, 0, 0.01
 19006561, 0, 0, 0, 0.01, 0, 0, 0, 0.01
 19206481, 0, 0, 0, 0.01, 0, 0, 0, 0.01
 19406401, 0, 0, 0, 0.01, 0, 0, 0, 0.01
 19606321, 0, 0, 0, 0.01, 0, 0, 0, 0.01
 19806241, 0, 0, 0, 0.01, 0, 0, 0, 0.01
 20006161, 0, 0, 0, 0.01, 0, 0, 0, 0.01
 20206081, 0, 0, 0, 0.01, 0, 0, 0, 0.01
 20406001, 0, 0, 0, 0.01, 0, 0, 0, 0.01
 20605921, 0, 0, 0, 0.01, 0, 0, 0, 0.01
 20805841, 0, 0, 0, 0.01, 0, 0, 0, 0.01
 21005761, 0, 0, 0, 0.01, 0, 0, 0, 0.01
 21206514, 0, 0, 0, 0.01, 0, 0, 0, 0.01
 21406434, 0, 0, 0, 0.01, 0, 0, 0, 0.01
 21606354, 0, 0, 0, 0.01, 0, 0, 0, 0.01
 21806274, 0, 0, 0, 0.01, 0, 0, 0, 0.01
 22006194, 0, 0, 0, 0.01, 0, 0, 0, 0.01
 22206114, 0, 0, 0, 0.01, 0, 0, 0, 0.01
 22406034, 0, 0, 0, 0.01, 0, 0, 0, 0.01
 22605954, 0, 0, 0, 0.01, 0, 0, 0, 0.01
 22805874, 0, 0, 0, 0.01, 0, 0, 0, 0.01
 23005794, 0, 0, 0, 0.01, 0, 0, 0, 0.01
 23206547, 0, 0, 0, 0.01, 0, 0, 0, 0.01
 23406467, 0, 0, 0, 0.01, 0, 0, 0, 0.01
 23606387, 0, 0, 0, 0.01, 0, 0, 0, 0.01
 23806307, 0, 0, 0, 0.01, 0, 0, 0, 0.01
 24006227, 0, 0, 0, 0.01, 0, 0, 0, 0.01
 24206147, 0, 0, 0, 0.01, 0, 0, 0, 0.01
 24406067, 0, 0, 0, 0.01, 0, 0, 0, 0.01
 24605987, 0, 0, 0, 0.01, 0, 0, 0, 0.01
 24805907, 0, 0, 0, 0.01, 0, 0, 0, 0.01
 25005827, 0, 0, 0, 0.01, 0, 0, 0, 0.01
 25206580, 0, 0, 0, 0.01, 0, 0, 0, 0.01
 25406500, 0, 0, 0, 0.01, 0, 0, 0, 0.01
 25606420, 0, 0, 0, 0.01, 0, 0, 0, 0.01
 25806340, 0, 0, 0, 0.01, 0, 0, 0, 0.01
 26006260, 0, 0, 0, 0.01, 0, 0, 0, 0.01
 26206180, 0, 0, 0, 0.01, 0, 0, 0, 0.01
 26406100, 0, 0, 0, 0.01, 0, 0, 0, 0.01
 26606020, 0, 0, 0, 0.01, 0, 0, 0, 0.01
 26805940, 0, 0, 0, 0.01, 0, 0, 0, 0.01
 27005860, 0, 0, 0, 0.01, 0, 0, 0, 0.01
 27205780, 0, 0, 0, 0.01, 0, 0, 0, 0.01
 27406533, 0, 0, 0, 0.01, 0, 0, 0, 0.01
 27606453, 0, 0, 0, 0.01, 0, 0, 0, 0.01
 27806373, 0, 0, 0, 0.01, 0, 0, 0, 0.01
 28006293, 0, 0, 0, 0.01, 0, 0, 0, 0.01
 28206213, 0, 0, 0, 0.01, 0, 0, 0, 0.01
 28406133, 0, 0, 0, 0.01, 0, 0, 0, 0.01
 28606053, 0, 0, 0, 0.01, 0, 0, 0, 0.01
 28805973, 0, 0, 0, 0.01, 0, 0, 0, 0.01
 29005893, 0, 0, 0, 0.01, 0, 0, 0, 0.01
 29205813, 0, 0, 0, 0.01, 0, 0, 0, 0.01
 29406566, 0, 0, 0, 0.01, 0, 0, 0, 0.01
 29606486, 0, 0, 0, 0.01, 0, 0, 0, 0.01
 29806406, 0, 0, 0, 0.01, 0, 0, 0, 0.01
 30006326, 0, 0, 0, 0.01, 0, 0, 0, 0.01
 30206246, 0, 0, 0, 0.01, 0, 0, 0, 0.01
 30406166, 0, 0, 0, 0.01, 0, 0, 0, 0.01
 30606086, 0, 0, 0, 0.01, 0, 0, 0, 0.01
 30806006, 0, 0, 0, 0.01, 0, 0, 0, 0.01
 31005926, 0, 0, 0, 0.01, 0, 0, 0, 0.01
 31205846, 0, 0, 0, 0.01, 0, 0, 0, 0.01
 31405766, 0, 0, 0, 0.01, 0, 0, 0, 0.01
 31606519, 0, 0, 0, 0.01, 0, 0, 0, 0.01
 31806439, 0, 0, 0, 0.01, 0, 0, 0, 0.01
 32006359, 0, 0, 0, 0.01, 0, 0, 0, 0.01
 32206279, 0, 0, 0, 0.01, 0, 0, 0, 0.01
 32406199, 0, 0, 0, 0.01, 0, 0, 0, 0.01
 32606119, 0, 0, 0, 0.01, 0, 0, 0, 0.01
 32806039, 0, 0, 0, 0.01, 0, 0, 0, 0.01
 33005959, 0, 0, 0, 0.01, 0, 0, 0, 0.01
 33205879, 0, 0, 0, 0.01, 0, 0, 0, 0.01
 33405799, 0, 0, 0, 0.01, 0, 0, 0, 0.01
 33606552, 0, 0, 0, 0.01, 0, 0, 0, 0.01
 33806472, 0, 0, 0, 0.01, 0, 0, 0, 0.01
 34006392, 0, 0, 0, 0.01, 0, 0, 0, 0.01
 34206312, 0, 0, 0, 0.01, 0, 0, 0, 0.01
 34406232, 0, 0, 0, 0.01, 0, 0, 0, 0.01
 34606152, 0, 0, 0, 0.01, 0, 0, 0, 0.01
 34806072, 0, 0, 0, 0.01, 0, 0, 0, 0.01
 35005992, 0, 0, 0, 0.01, 0, 0, 0, 0.01
 35205912, 0, 0, 0, 0.01, 0, 0, 0, 0.01
 35405832, 0, 0, 0, 0.01, 0, 0, 0, 0.01
 35606585, 0, 0, 0, 0.01, 0, 0, 0, 0.01
 35806505, 0, 0, 0, 0.01, 0, 0, 0, 0.01
 36006425, 0, 0, 0, 0.01, 0, 0, 0, 0.01
 36206345, 0, 0, 0, 0.01, 0, 0, 0, 0.01
 36406265, 0, 0, 0, 0.01, 0, 0, 0, 0.01
 36606185, 0, 0, 0, 0.01, 0, 0, 0, 0.01
 36806105, 0, 0, 0, 0.01, 0, 0, 0, 0.01
 37006025, 0, 0, 0, 0.01, 0, 0, 0, 0.01
 37205945, 0, 0, 0, 0.01, 0, 0, 0, 0.01
 37405865, 0, 0, 0, 0.01, 0, 0, 0, 0.01
 37605785, 0, 0, 0, 0.01, 0, 0, 0, 0.01
 37806538, 0, 0, 0, 0.01, 0, 0, 0, 0.01
 38006458, 0, 0, 0, 0.01, 0, 0, 0, 0.01
 38206378, 0, 0, 0, 0.01, 0, 0, 0, 0.01
 38406298, 0, 0, 0, 0.01, 0, 0, 0, 0.01
 38606218, 0, 0, 0, 0.01, 0, 0, 0, 0.01
 38806138, 0, 0, 0, 0.01, 0, 0, 0, 0.01
 39006058, 0, 0, 0, 0.01, 0, 0, 0, 0.01
 39205978, 0, 0, 0, 0.01, 0, 0, 0, 0.01
 39405898, 0, 0, 0, 0.01, 0, 0, 0, 0.01
 39605818, 0, 0, 0, 0.01, 0, 0, 0, 0.01
 39806571, 0, 0, 0, 0.01, 0, 0, 0, 0.01
 40006491, 0, 0, 0, 0.01, 0, 0, 0, 0.01
 40206411, 0, 0, 0, 0.01, 0, 0, 0, 0.01
 40406331, 0, 0, 0, 0.01, 0, 0, 0, 0.01
 40606251, 0, 0, 0, 0.01, 0, 0, 0, 0.01
 40806171, 0, 0, 0, 0.01, 0, 0, 0, 0.01
 41006091, 0, 0, 0, 0.01, 0, 0, 0, 0.01
 41206011, 0, 0, 0, 0.01, 0, 0, 0, 0.01
 41405931, 0, 0, 0, 0.01, 0, 0, 0, 0.01
 41605851, 0, 0, 0, 0.01, 0, 0, 0, 0.01
 41805771, 0, 0, 0, 0.01, 0, 0, 0, 0.01
 42006524, 0, 0, 0, 0.01, 0, 0, 0, 0.01
 42206444, 0, 0, 0, 0.01, 0, 0, 0, 0.01
 42406364, 0, 0, 0, 0.01, 0, 0, 0, 0.01
 42606284, 0, 0, 0, 0.01, 0, 0, 0, 0.01
 42806204, 0, 0, 0, 0.01, 0, 0, 0, 0.01
 43006124, 0, 0, 0, 0.01, 0, 0, 0, 0.01
 43206044, 0, 0, 0, 0.01, 0, 0, 0, 0.01
 43405964, 0, 0, 0, 0.01, 0, 0, 0, 0.01
 43605884, 0, 0, 0, 0.01, 0, 0, 0, 0.01
 43805804, 0, 0, 0, 0.01, 0, 0, 0, 0.01
 44006557, 0, 0, 0, 0.01, 0, 0, 0, 0.01
 44206477, 0, 0, 0, 0.01, 0, 0, 0, 0.01
 44406397, 0, 0, 0, 0.01, 0, 0, 0, 0.01
 44606317, 0, 0, 0, 0.01, 0, 0, 0, 0.01
 44806237, 0, 0, 0, 0.01, 0, 0, 0, 0.01
 45006157, 0, 0, 0, 0.01, 0, 0, 0, 0.01
 45206077, 0, 0, 0, 0.01, 0, 0, 0, 0.01
 45405997, 0, 0, 0, 0.01, 0, 0, 0, 0.01
 45605917, 0, 0, 0, 0.01, 0, 0, 0, 0.01
 45805837, 0, 0, 0, 0.01, 0, 0, 0, 0.01
 46006590, 0, 0, 0, 0.01, 0, 0, 0, 0.01
 46206510, 0, 0, 0, 0.01, 0, 0, 0, 0.01
 46406430, 0, 0, 0, 0.01, 0, 0, 0, 0.01
 46606350, 0, 0, -0.038, 0.01, 0, 0, 0, 0.01
 46806270, 0, 0, -0.6810001, 0.01, 0, 0, -0.038, 0.01
 47006190, -0.001, -0.001, -1.658, 0.01, 0, 0, -0.6810001, 0.01
 47206110, -0.008, -0.007, -3.105, 0.01, -0.001, -0.001, -1.658, 0.01
 47406030, -0.016, -0.016, -3.899, 0.01, -0.008, -0.007, -3.105, 0.01
 47605950, -0.023, -0.024, -4.564, 0.01, -0.016, -0.016, -3.899, 0.01
 47805870, -0.03, -0.033, -5.203, 0.01, -0.023, -0.024, -4.564, 0.01
 48005790, -0.035, -0.04, -5.742, 0.01, -0.03, -0.033, -5.203, 0.01
 48206543, -0.04, -0.047, -6.19, 0.01, -0.035, -0.04, -5.742, 0.01
 48406463, -0.045, -0.052, -6.563, 0.01, -0.04, -0.047, -6.19, 0.01
 48606383, -0.049, -0.056, -6.873, 0.01, -0.045, -0.052, -6.563, 0.01
 48806303, -0.052, -0.058, -7.128, 0.01, -0.049, -0.056, -6.873, 0.01
 49006223, -0.053, -0.059, -6.719, 0.01, -0.052, -0.058, -7.128, 0.01
 49206143, -0.055, -0.06, -6.087, 0.01, -0.053, -0.059, -6.719, 0.01
 49406063, -0.057, -0.061, -5.552, 0.01, -0.055, -0.06, -6.087, 0.01
 49605983, -0.06, -0.062, -5.093, 0.01, -0.057, -0.061, -5.552, 0.01
 49805903, -0.062, -0.063, -4.695, 0.01, -0.06, -0.062, -5.093, 0.01
 50005823, -0.063, -0.06500001, -4.35, 0.01, -0.062, -0.063, -4.695, 0.01
 50206576, -0.064, -0.067, -4.046, 0.01, -0.063, -0.06500001, -4.35, 0.01
 50406496, -0.06500001, -0.06900001, -3.781, 0.01, -0.064, -0.067, -4.046, 0.01
 50606416, -0.067, -0.072, -3.545, 0.01, -0.06500001, -0.06900001, -3.781, 0.01
 50806336, -0.06900001, -0.074, -3.336, 0.01, -0.067, -0.072, -3.545, 0.01
 51006256, -0.071, -0.07700001, -3.15, 0.01, -0.06900001, -0.074, -3.336, 0.01
 51206176, -0.074, -0.079, -2.982, 0.01, -0.071, -0.07700001, -3.15, 0.01
 51406096, -0.07600001, -0.08000001, -2.631, 0.01, -0.074, -0.079, -2.982, 0.01
 51606016, -0.078, -0.075, -2.118, 0.01, -0.07600001, -0.08000001, -2.631, 0.01
 51805936, -0.09100001, -0.068, -1.595, 0.01, -0.078, -0.075, -2.118, 0.01
 52005856, -0.128, -0.061, -1.13, 0.01, -0.09100001, -0.068, -1.595, 0.01
 52205776, -0.197, -0.054, -0.757, 0.01, -0.128, -0.061, -1.13, 0.01
 52406529, -0.307, -0.049, -0.478, 0.01, -0.197, -0.054, -0.757, 0.01
 52606449, -0.46, -0.049, -0.288, 0.01, -0.307, -0.049, -0.478, 0.01
 52806369, -0.657, -0.056, -0.169, 0.01, -0.46, -0.049, -0.288, 0.01
 53006289, -0.891, -0.07300001, -0.103, 0.01, -0.657, -0.056, -0.169, 0.01
 53206209, -1.161, -0.104, -0.072, 0.01, -0.891, -0.07300001, -0.103, 0.01
 53406129, -1.465, -0.152, -0.064, 0.01, -1.161, -0.104, -0.072, 0.01
 53606049, -1.799, -0.219, -0.067, 0.01, -1.465, -0.152, -0.064, 0.01
 53805969, -2.146, -0.308, -0.07600001, 0.01, -1.799, -0.219, -0.067, 0.01
 54005889, -2.492, -0.415, -0.083, 0.01, -2.146, -0.308, -0.07600001, 0.01
 54205809, -2.829, -0.543, -0.087, 0.01, -2.492, -0.415, -0.083, 0.01
 54406562, -3.153, -0.6900001, -0.093, 0.01, -2.829, -0.543, -0.087, 0.01
 54606482, -3.457, -0.854, -0.09500001, 0.01, -3.153, -0.6900001, -0.093, 0.01
 54806402, -3.737, -1.034, -0.096, 0.01, -3.457, -0.854, -0.09500001, 0.01
 55006322, -3.987, -1.23, -0.094, 0.01, -3.737, -1.034, -0.096, 0.01
 55206242, -4.208, -1.44, -0.09500001, 0.01, -3.987, -1.23, -0.094, 0.01
 55406162, -4.4, -1.661, -0.09500001, 0.01, -4.208, -1.44, -0.09500001, 0.01
 55606082, -4.563, -1.88, -0.097, 0.01, -4.4, -1.661, -0.09500001, 0.01
 55806002, -4.698, -2.095, -0.1, 0.01, -4.563, -1.88, -0.097, 0.01
 56005922, -4.805, -2.312, -0.104, 0.01, -4.698, -2.095, -0.1, 0.01
 56205842, -4.881, -2.533, -0.11, 0.01, -4.805, -2.312, -0.104, 0.01
 56405762, -4.926, -2.756, -0.116, 0.01, -4.881, -2.533, -0.11, 0.01
 56606515, -4.945, -2.982, -0.123, 0.01, -4.926, -2.756, -0.116, 0.01
 56806435, -4.936, -3.211, -0.13, 0.01, -4.945, -2.982, -0.123, 0.01
 57006355, -4.898, -3.448, -0.139, 0.01, -4.936, -3.211, -0.13, 0.01
 57206275, -4.837, -3.68, -0.149, 0.01, -4.898, -3.448, -0.139, 0.01
 57406195, -4.752, -3.906, -0.157, 0.01, -4.837, -3.68, -0.149, 0.01
 57606115, -4.646, -4.121, -0.163, 0.01, -4.752, -3.906, -0.157, 0.01
 57806035, -4.522, -4.326, -0.161, 0.01, -4.646, -4.121, -0.163, 0.01
 58005955, -4.378, -4.525, -0.156, 0.01, -4.522, -4.326, -0.161, 0.01
 58205875, -4.215, -4.722, -0.146, 0.01, -4.378, -4.525, -0.156, 0.01
 58405795, -4.035, -4.912, -0.133, 0.01, -4.215, -4.722, -0.146, 0.01
 58606548, -3.841, -5.098, -0.117, 0.01, -4.035, -4.912, -0.133, 0.01
 58806468, -3.633, -5.28, -0.105, 0.01, -3.841, -5.098, -0.117, 0.01
 59006388, -3.414, -5.451, -0.094, 0.01, -3.633, -5.28, -0.105, 0.01
 59206308, -3.183, -5.614, -0.081, 0.01, -3.414, -5.451, -0.094, 0.01
 59406228, -2.94, -5.768, -0.07, 0.01, -3.183, -5.614, -0.081, 0.01
 59606148, -2.685, -5.911, -0.061, 0.01, -2.94, -5.768, -0.07, 0.01
 59806068, -2.421, -6.038, -0.055, 0.01, -2.685, -5.911, -0.061, 0.01
 60005988, -2.148, -6.153, -0.05, 0.01, -2.421, -6.038, -0.055, 0.01
 60205908, -1.869, -6.26, -0.044, 0.01, -2.148, -6.153, -0.05, 0.01
 60405828, -1.582, -6.357, -0.039, 0.01, -1.869, -6.26, -0.044, 0.01
 60606581, -1.287, -6.437, -0.033, 0.01, -1.582, -6.357, -0.039, 0.01
 60806501, -0.988, -6.5, -0.027, 0.01, -1.287, -6.437, -0.033, 0.01
 61006421, -0.684, -6.545, -0.025, 0.01, -0.988, -6.5, -0.027, 0.01
 61206341, -0.377, -6.574, -0.023, 0.01, -0.684, -6.545, -0.025, 0.01
 61406261, -0.067, -6.584, -0.019, 0.01, -0.377, -6.574, -0.023, 0.01
 61606181, 0.242, -6.574, -0.014, 0.01, -0.067, -6.584, -0.019, 0.01
 61806101, 0.549, -6.55, -0.01, 0.01, 0.242, -6.574, -0.014, 0.01
 62006021, 0.855, -6.523, -0.005, 0.01, 0.549, -6.55, -0.01, 0.01
 62205941, 1.163, -6.489, 0, 0.01, 0.855, -6.523, -0.005, 0.01
 62405861, 1.469, -6.445, 0.005, 0.01, 1.163, -6.489, 0, 0.01
 62605781, 1.774, -6.385, 0.01, 0.01, 1.469, -6.445, 0.005, 0.01
 62806534, 2.079, -6.306, 0.018, 0.01, 1.774, -6.385, 0.01, 0.01
 63006454, 2.377, -6.209, 0.025, 0.01, 2.079, -6.306, 0.018, 0.01
 63206374, 2.667, -6.095, 0.031, 0.01, 2.377, -6.209, 0.025, 0.01
 63406294, 2.951, -5.966, 0.036, 0.01, 2.667, -6.095, 0.031, 0.01
 63606214, 3.231, -5.822001, 0.038, 0.01, 2.951, -5.966, 0.036, 0.01
 63806134, 3.503, -5.657, 0.04, 0.01, 3.231, -5.822001, 0.038, 0.01
 64006054, 3.768, -5.476, 0.041, 0.01, 3.503, -5.657, 0.04, 0.01
 64205974, 4.024, -5.278, 0.04, 0.01, 3.768, -5.476, 0.041, 0.01
 64405894, 4.27, -5.074, 0.037, 0.01, 4.024, -5.278, 0.04, 0.01
 64605814, 4.502, -4.866, 0.034, 0.01, 4.27, -5.074, 0.037, 0.01
 64806567, 4.722, -4.648, 0.032, 0.01, 4.502, -4.866, 0.034, 0.01
 65006487, 4.931, -4.415, 0.03, 0.01, 4.722, -4.648, 0.032, 0.01
 65206407, 5.128, -4.168, 0.031, 0.01, 4.931, -4.415, 0.03, 0.01
 65406327, 5.315, -3.917, 0.036, 0.01, 5.128, -4.168, 0.031, 0.01
 65606247, 5.489, -3.658, 0.042, 0.01, 5.315, -3.917, 0.036, 0.01
 65806167, 5.652, -3.391, 0.049, 0.01, 5.489, -3.658, 0.042, 0.01
 66006087, 5.803, -3.121, 0.058, 0.01, 5.652, -3.391, 0.049, 0.01
 66206007, 5.942, -2.844, 0.068, 0.01, 5.803, -3.121, 0.058, 0.01
 66405927, 6.071, -2.562, 0.079, 0.01, 5.942, -2.844, 0.068, 0.01
 66605847, 6.184, -2.27, 0.09200001, 0.01, 6.071, -2.562, 0.079, 0.01
 66805767, 6.283, -1.97, 0.104, 0.01, 6.184, -2.27, 0.09200001, 0.01
 67006520, 6.371, -1.666, 0.113, 0.01, 6.283, -1.97, 0.104, 0.01
 67206440, 6.445, -1.361, 0.124, 0.01, 6.371, -1.666, 0.113, 0.01
 67406360, 6.508, -1.047, 0.133, 0.01, 6.445, -1.361, 0.124, 0.01
 67606280, 6.556, -0.726, 0.143, 0.01, 6.508, -1.047, 0.133, 0.01
 67806200, 6.592, -0.405, 0.149, 0.01, 6.556, -0.726, 0.143, 0.01
 68006120, 6.613, -0.085, 0.153, 0.01, 6.592, -0.405, 0.149, 0.01
 68206040, 6.618001, 0.232, 0.156, 0.01, 6.613, -0.085, 0.153, 0.01
 68405960, 6.607, 0.55, 0.157, 0.01, 6.618001, 0.232, 0.156, 0.01
 68605880, 6.579, 0.8660001, 0.159, 0.01, 6.607, 0.55, 0.157, 0.01
 68805800, 6.534, 1.178, 0.161, 0.01, 6.579, 0.8660001, 0.159, 0.01
 69006553, 6.475, 1.487, 0.163, 0.01, 6.534, 1.178, 0.161, 0.01
 69206473, 6.398, 1.792, 0.164, 0.01, 6.475, 1.487, 0.163, 0.01
 69406393, 6.302001, 2.093, 0.167, 0.01, 6.398, 1.792, 0.164, 0.01
 69606313, 6.19, 2.391, 0.17, 0.01, 6.302001, 2.093, 0.167, 0.01
 69806233, 6.064, 2.682, 0.172, 0.01, 6.19, 2.391, 0.17, 0.01
 70006153, 5.926, 2.967, 0.169, 0.01, 6.064, 2.682, 0.172, 0.01
 70206073, 5.774, 3.249, 0.163, 0.01, 5.926, 2.967, 0.169, 0.01
 70405993, 5.609, 3.527, 0.16, 0.01, 5.774, 3.249, 0.163, 0.01
 70605913, 5.432, 3.794, 0.157, 0.01, 5.609, 3.527, 0.16, 0.01
 70805833, 5.245, 4.048, 0.153, 0.01, 5.432, 3.794, 0.157, 0.01
 71006586, 5.048, 4.29, 0.151, 0.01, 5.245, 4.048, 0.153, 0.01
 71206506, 4.839, 4.528, 0.15, 0.01, 5.048, 4.29, 0.151, 0.01
 71406426, 4.621, 4.762, 0.146, 0.01, 4.839, 4.528, 0.15, 0.01
 71606346, 4.393, 4.984, 0.14, 0.01, 4.621, 4.762, 0.146, 0.01
 71806266, 4.155, 5.185, 0.136, 0.01, 4.393, 4.984, 0.14, 0.01
 72006186, 3.908, 5.372, 0.132, 0.01, 4.155, 5.185, 0.136, 0.01
 72206106, 3.651, 5.548, 0.129, 0.01, 3.908, 5.372, 0.132, 0.01
 72406026, 3.386, 5.708, 0.123, 0.01, 3.651, 5.548, 0.129, 0.01
 72605946, 3.114, 5.858, 0.116, 0.01, 3.386, 5.708, 0.123, 0.01
 72805866, 2.832, 6, 0.109, 0.01, 3.114, 5.858, 0.116, 0.01
 73005786, 2.543, 6.125, 0.103, 0.01, 2.832, 6, 0.109, 0.01
 73206539, 2.246, 6.231, 0.096, 0.01, 2.543, 6.125, 0.103, 0.01
 73406459, 1.945, 6.32, 0.09100001, 0.01, 2.246, 6.231, 0.096, 0.01
 73606379, 1.643, 6.4, 0.08800001, 0.01, 1.945, 6.32, 0.09100001, 0.01
 73806299, 1.336, 6.47, 0.083, 0.01, 1.643, 6.4, 0.08800001, 0.01
 74006219, 1.024, 6.529, 0.079, 0.01, 1.336, 6.47, 0.083, 0.01
 74206139, 0.71, 6.574, 0.07, 0.01, 1.024, 6.529, 0.079, 0.01
 74406059, 0.395, 6.6, 0.061, 0.01, 0.71, 6.574, 0.07, 0.01
 74605979, 0.082, 6.611001, 0.052, 0.01, 0.395, 6.6, 0.061, 0.01
 74805899, -0.229, 6.603, 0.043, 0.01, 0.082, 6.611001, 0.052, 0.01
 75005819, -0.541, 6.58, 0.037, 0.01, -0.229, 6.603, 0.043, 0.01
 75206572, -0.854, 6.542, 0.026, 0.01, -0.541, 6.58, 0.037, 0.01
 75406492, -1.165, 6.485, 0.018, 0.01, -0.854, 6.542, 0.026, 0.01
 75606412, -1.475, 6.412, 0.007, 0.01, -1.165, 6.485, 0.018, 0.01
 75806332, -1.781, 6.323, 0, 0.01, -1.475, 6.412, 0.007, 0.01
 76006252, -2.081, 6.222, -0.005, 0.01, -1.781, 6.323, 0, 0.01
 76206172, -2.378, 6.108, -0.013, 0.01, -2.081, 6.222, -0.005, 0.01
 76406092, -2.666, 5.979, -0.021, 0.01, -2.378, 6.108, -0.013, 0.01
 76606012, -2.95, 5.838, -0.03, 0.01, -2.666, 5.979, -0.021, 0.01
 76805932, -3.229, 5.697001, -0.036, 0.01, -2.95, 5.838, -0.03, 0.01
 77005852, -3.502, 5.55, -0.044, 0.01, -3.229, 5.697001, -0.036, 0.01
 77205772, -3.763, 5.394, -0.05, 0.01, -3.502, 5.55, -0.044, 0.01
 77406525, -4.016, 5.225, -0.059, 0.01, -3.763, 5.394, -0.05, 0.01
 77606445, -4.259, 5.038, -0.067, 0.01, -4.016, 5.225, -0.059, 0.01
 77806365, -4.491, 4.836, -0.075, 0.01, -4.259, 5.038, -0.067, 0.01
 78006285, -4.711, 4.628, -0.085, 0.01, -4.491, 4.836, -0.075, 0.01
 78206205, -4.923, 4.411, -0.09100001, 0.01, -4.711, 4.628, -0.085, 0.01
 78406125, -5.127, 4.184, -0.09900001, 0.01, -4.923, 4.411, -0.09100001, 0.01
 78606045, -5.318, 3.941, -0.103, 0.01, -5.127, 4.184, -0.09900001, 0.01
 78805965, -5.498, 3.689, -0.11, 0.01, -5.318, 3.941, -0.103, 0.01
 79005885, -5.666, 3.425, -0.119, 0.01, -5.498, 3.689, -0.11, 0.01
 79205805, -5.818, 3.148, -0.125, 0.01, -5.666, 3.425, -0.119, 0.01
 79406558, -5.957, 2.864, -0.129, 0.01, -5.818, 3.148, -0.125, 0.01
 79606478, -6.084, 2.574, -0.132, 0.01, -5.957, 2.864, -0.129, 0.01
 79806398, -6.198, 2.278, -0.137, 0.01, -6.084, 2.574, -0.132, 0.01
 80006318, -6.297, 1.978, -0.142, 0.01, -6.198, 2.278, -0.137, 0.01
 80206238, -6.381001, 1.677, -0.145, 0.01, -6.297, 1.978, -0.142, 0.01
 80406158, -6.453, 1.369, -0.147, 0.01, -6.381001, 1.677, -0.145, 0.01
 80606078, -6.514, 1.055, -0.151, 0.01, -6.453, 1.369, -0.147, 0.01
 80805998, -6.561, 0.7410001, -0.154, 0.01, -6.514, 1.055, -0.151, 0.01
 81005918, -6.594, 0.43, -0.156, 0.01, -6.561, 0.7410001, -0.154, 0.01
 81205838, -6.609, 0.114, -0.158, 0.01, -6.594, 0.43, -0.156, 0.01
 81406591, -6.608, -0.207, -0.158, 0.01, -6.609, 0.114, -0.158, 0.01
 81606511, -6.594, -0.531, -0.159, 0.01, -6.608, -0.207, -0.158, 0.01
 81806431, -6.566, -0.853, -0.161, 0.01, -6.594, -0.531, -0.159, 0.01
 82006351, -6.523, -1.172, -0.163, 0.01, -6.566, -0.853, -0.161, 0.01
 82206271, -6.464, -1.486, -0.164, 0.01, -6.523, -1.172, -0.163, 0.01
 82406191, -6.39, -1.797, -0.165, 0.01, -6.464, -1.486, -0.164, 0.01
 82606111, -6.299, -2.103, -0.164, 0.01, -6.39, -1.797, -0.165, 0.01
 82806031, -6.194, -2.406, -0.164, 0.01, -6.299, -2.103, -0.164, 0.01
 83005951, -6.076, -2.708, -0.166, 0.01, -6.194, -2.406, -0.164, 0.01
 83205871, -5.945, -3.007, -0.169, 0.01, -6.076, -2.708, -0.166, 0.01
 83405791, -5.798, -3.29, -0.17, 0.01, -5.945, -3.007, -0.169, 0.01
 83606544, -5.636, -3.561, -0.168, 0.01, -5.798, -3.29, -0.17, 0.01
 83806464, -5.459, -3.822, -0.164, 0.01, -5.636, -3.561, -0.168, 0.01
 84006384, -5.27, -4.069, -0.166, 0.01, -5.459, -3.822, -0.164, 0.01
 84206304, -5.07, -4.302, -0.166, 0.01, -5.27, -4.069, -0.166, 0.01
 84406224, -4.859, -4.524, -0.158, 0.01, -5.07, -4.302, -0.166, 0.01
 84606144, -4.638, -4.74, -0.149, 0.01, -4.859, -4.524, -0.158, 0.01
 84806064, -4.408, -4.946, -0.141, 0.01, -4.638, -4.74, -0.149, 0.01
 85005984, -4.168, -5.143, -0.126, 0.01, -4.408, -4.946, -0.141, 0.01
 85205904, -3.918, -5.333, -0.111, 0.01, -4.168, -5.143, -0.126, 0.01
 85405824, -3.658, -5.508, -0.097, 0.01, -3.918, -5.333, -0.111, 0.01
 85606577, -3.39, -5.674, -0.083, 0.01, -3.658, -5.508, -0.097, 0.01
 85806497, -3.115, -5.828, -0.07, 0.01, -3.39, -5.674, -0.083, 0.01
 86006417, -2.834, -5.966, -0.061, 0.01, -3.115, -5.828, -0.07, 0.01
 86206337, -2.547, -6.086, -0.052, 0.01, -2.834, -5.966, -0.061, 0.01
 86406257, -2.252, -6.191, -0.044, 0.01, -2.547, -6.086, -0.052, 0.01
 86606177, -1.953, -6.291, -0.038, 0.01, -2.252, -6.191, -0.044, 0.01
 86806097, -1.648, -6.379, -0.032, 0.01, -1.953, -6.291, -0.038, 0.01
 87006017, -1.338, -6.452, -0.028, 0.01, -1.648, -6.379, -0.032, 0.01
 87205937, -1.026, -6.511, -0.026, 0.01, -1.338, -6.452, -0.028, 0.01
 87405857, -0.711, -6.552001, -0.024, 0.01, -1.026, -6.511, -0.026, 0.01
 87605777, -0.397, -6.576, -0.022, 0.01, -0.711, -6.552001, -0.024, 0.01
 87806530, -0.08000001, -6.585001, -0.02, 0.01, -0.397, -6.576, -0.022, 0.01
 88006450, 0.233, -6.575, -0.017, 0.01, -0.08000001, -6.585001, -0.02, 0.01
 88206370, 0.543, -6.549, -0.013, 0.01, 0.233, -6.575, -0.017, 0.01
 88406290, 0.8520001, -6.518, -0.006, 0.01, 0.543, -6.549, -0.013, 0.01
 88606210, 1.16, -6.48, 0.002, 0.01, 0.8520001, -6.518, -0.006, 0.01
 88806130, 1.467, -6.433, 0.011, 0.01, 1.16, -6.48, 0.002, 0.01
 89006050, 1.773, -6.373, 0.02, 0.01, 1.467, -6.433, 0.011, 0.01
 89205970, 2.078, -6.297, 0.025, 0.01, 1.773, -6.373, 0.02, 0.01
 89405890, 2.378, -6.204, 0.028, 0.01, 2.078, -6.297, 0.025, 0.01
 89605810, 2.67, -6.092, 0.032, 0.01, 2.378, -6.204, 0.028, 0.01
 89806563, 2.956, -5.963, 0.037, 0.01, 2.67, -6.092, 0.032, 0.01
 90006483, 3.236, -5.818, 0.04, 0.01, 2.956, -5.963, 0.037, 0.01
 90206403, 3.507, -5.651, 0.044, 0.01, 3.236, -5.818, 0.04, 0.01
 90406323, 3.771, -5.466, 0.048, 0.01, 3.507, -5.651, 0.044, 0.01
 90606243, 4.025, -5.265, 0.052, 0.01, 3.771, -5.466, 0.048, 0.01
 90806163, 4.271, -5.054, 0.051, 0.01, 4.025, -5.265, 0.052, 0.01
 91006083, 4.506, -4.839, 0.052, 0.01, 4.271, -5.054, 0.051, 0.01
 91206003, 4.73, -4.619, 0.054, 0.01, 4.506, -4.839, 0.052, 0.01
 91405923, 4.946, -4.386, 0.055, 0.01, 4.73, -4.619, 0.054, 0.01
 91605843, 5.149, -4.142, 0.055, 0.01, 4.946, -4.386, 0.055, 0.01
 91805763, 5.34, -3.893, 0.056, 0.01, 5.149, -4.142, 0.055, 0.01
 92006516, 5.522, -3.637, 0.056, 0.01, 5.34, -3.893, 0.056, 0.01
 92206436, 5.687, -3.374, 0.058, 0.01, 5.522, -3.637, 0.056, 0.01
 92406356, 5.837, -3.106, 0.06500001, 0.01, 5.687, -3.374, 0.058, 0.01
 92606276, 5.972, -2.831, 0.07300001, 0.01, 5.837, -3.106, 0.06500001, 0.01
 92806196, 6.094, -2.55, 0.083, 0.01, 5.972, -2.831, 0.07300001, 0.01
 93006116, 6.205, -2.261, 0.093, 0.01, 6.094, -2.55, 0.083, 0.01
 93206036, 6.303, -1.965, 0.102, 0.01, 6.205, -2.261, 0.093, 0.01
 93405956, 6.391, -1.664, 0.112, 0.01, 6.303, -1.965, 0.102, 0.01
 93605876, 6.464, -1.36, 0.121, 0.01, 6.391, -1.664, 0.112, 0.01
 93805796, 6.518, -1.048, 0.132, 0.01, 6.464, -1.36, 0.121, 0.01
 94006549, 6.558, -0.728, 0.142, 0.01, 6.518, -1.048, 0.132, 0.01
 94206469, 6.589, -0.408, 0.147, 0.01, 6.558, -0.728, 0.142, 0.01
 94406389, 6.606, -0.09200001, 0.149, 0.01, 6.589, -0.408, 0.147, 0.01
 94606309, 6.608, 0.223, 0.154, 0.01, 6.606, -0.09200001, 0.149, 0.01
 94806229, 6.596, 0.541, 0.16, 0.01, 6.608, 0.223, 0.154, 0.01
 95006149, 6.57, 0.858, 0.162, 0.01, 6.596, 0.541, 0.16, 0.01
 95206069, 6.531, 1.172, 0.163, 0.01, 6.57, 0.858, 0.162, 0.01
 95405989, 6.476, 1.482, 0.164, 0.01, 6.531, 1.172, 0.163, 0.01
 95605909, 6.404, 1.789, 0.164, 0.01, 6.476, 1.482, 0.164, 0.01
 95805829, 6.312, 2.092, 0.166, 0.01, 6.404, 1.789, 0.164, 0.01
 96006582, 6.204, 2.393, 0.168, 0.01, 6.312, 2.092, 0.166, 0.01
 96206502, 6.081, 2.687, 0.17, 0.01, 6.204, 2.393, 0.168, 0.01
 96406422, 5.944, 2.974, 0.167, 0.01, 6.081, 2.687, 0.17, 0.01
 96606342, 5.792, 3.256, 0.163, 0.01, 5.944, 2.974, 0.167, 0.01
 96806262, 5.626, 3.534, 0.159, 0.01, 5.792, 3.256, 0.163, 0.01
 97006182, 5.449, 3.801, 0.155, 0.01, 5.626, 3.534, 0.159, 0.01
 97206102, 5.263, 4.056, 0.153, 0.01, 5.449, 3.801, 0.155, 0.01
 97406022, 5.068, 4.301, 0.152, 0.01, 5.263, 4.056, 0.153, 0.01
 97605942, 4.86, 4.539, 0.15, 0.01, 5.068, 4.301, 0.152, 0.01
 97805862, 4.638, 4.774, 0.146, 0.01, 4.86, 4.539, 0.15, 0.01
 98005782, 4.403, 4.997, 0.142, 0.01, 4.638, 4.774, 0.146, 0.01
 98206535, 4.161, 5.201, 0.138, 0.01, 4.403, 4.997, 0.142, 0.01
 98406455, 3.91, 5.387, 0.134, 0.01, 4.161, 5.201, 0.138, 0.01
 98606375, 3.65, 5.562, 0.127, 0.01, 3.91, 5.387, 0.134, 0.01
 98806295, 3.383, 5.719, 0.12, 0.01, 3.65, 5.562, 0.127, 0.01
 99006215, 3.108, 5.86, 0.114, 0.01, 3.383, 5.719, 0.12, 0.01
 99206135, 2.826, 5.994, 0.106, 0.01, 3.108, 5.86, 0.114, 0.01
 99406055, 2.536, 6.117, 0.097, 0.01, 2.826, 5.994, 0.106, 0.01
 99605975, 2.241, 6.222, 0.09100001, 0.01, 2.536, 6.117, 0.097, 0.01
 99805895, 1.94, 6.311, 0.087, 0.01, 2.241, 6.222, 0.09100001, 0.01
 100005815, 1.637, 6.383, 0.082, 0.01, 1.94, 6.311, 0.087, 0.01
 100206568, 1.329, 6.447001, 0.078, 0.01, 1.637, 6.383, 0.082, 0.01
 100406488, 1.018, 6.506001, 0.072, 0.01, 1.329, 6.447001, 0.078, 0.01
 100606408, 0.705, 6.551, 0.064, 0.01, 1.018, 6.506001, 0.072, 0.01
 100806328, 0.39, 6.579, 0.058, 0.01, 0.705, 6.551, 0.064, 0.01
 101006248, 0.07600001, 6.594, 0.048, 0.01, 0.39, 6.579, 0.058, 0.01
 101206168, -0.235, 6.593, 0.04, 0.01, 0.07600001, 6.594, 0.048, 0.01
 101406088, -0.5470001, 6.576, 0.035, 0.01, -0.235, 6.593, 0.04, 0.01
 101606008, -0.86, 6.545, 0.026, 0.01, -0.5470001, 6.576, 0.035, 0.01
 101805928, -1.173, 6.495, 0.017, 0.01, -0.86, 6.545, 0.026, 0.01
 102005848, -1.485, 6.427001, 0.01, 0.01, -1.173, 6.495, 0.017, 0.01
 102205768, -1.795, 6.344, 0.001, 0.01, -1.485, 6.427001, 0.01, 0.01
 102406521, -2.103, 6.248, -0.007, 0.01, -1.795, 6.344, 0.001, 0.01
 102606441, -2.402, 6.136, -0.014, 0.01, -2.103, 6.248, -0.007, 0.01
 102806361, -2.692, 6.007, -0.023, 0.01, -2.402, 6.136, -0.014, 0.01
 103006281, -2.975, 5.865, -0.028, 0.01, -2.692, 6.007, -0.023, 0.01
 103206201, -3.252, 5.721, -0.034, 0.01, -2.975, 5.865, -0.028, 0.01
 103406121, -3.522, 5.571, -0.041, 0.01, -3.252, 5.721, -0.034, 0.01
 103606041, -3.782, 5.412, -0.048, 0.01, -3.522, 5.571, -0.041, 0.01
 103805961, -4.032, 5.242, -0.059, 0.01, -3.782, 5.412, -0.048, 0.01
 104005881, -4.272, 5.053, -0.066, 0.01, -4.032, 5.242, -0.059, 0.01
 104205801, -4.503, 4.848, -0.07700001, 0.01, -4.272, 5.053, -0.066, 0.01
 104406554, -4.724, 4.636, -0.086, 0.01, -4.503, 4.848, -0.07700001, 0.01
 104606474, -4.935, 4.417, -0.09200001, 0.01, -4.724, 4.636, -0.086, 0.01
 104806394, -5.139, 4.186, -0.09900001, 0.01, -4.935, 4.417, -0.09200001, 0.01
 105006314, -5.329, 3.939, -0.103, 0.01, -5.139, 4.186, -0.09900001, 0.01
 105206234, -5.508, 3.685, -0.112, 0.01, -5.329, 3.939, -0.103, 0.01
 105406154, -5.675, 3.418, -0.12, 0.01, -5.508, 3.685, -0.112, 0.01
 105606074, -5.828, 3.14, -0.126, 0.01, -5.675, 3.418, -0.12, 0.01
 105805994, -5.969, 2.857, -0.131, 0.01, -5.828, 3.14, -0.126, 0.01
 106005914, -6.099, 2.566, -0.134, 0.01, -5.969, 2.857, -0.131, 0.01
 106205834, -6.213, 2.27, -0.137, 0.01, -6.099, 2.566, -0.134, 0.01
 106406587, -6.312, 1.969, -0.142, 0.01, -6.213, 2.27, -0.137, 0.01
 106606507, -6.397, 1.666, -0.145, 0.01, -6.312, 1.969, -0.142, 0.01
 106806427, -6.467, 1.357, -0.148, 0.01, -6.397, 1.666, -0.145, 0.01
 107006347, -6.525, 1.042, -0.15, 0.01, -6.467, 1.357, -0.148, 0.01
 107206267, -6.566, 0.728, -0.152, 0.01, -6.525, 1.042, -0.15, 0.01
 107406187, -6.593, 0.407, -0.152, 0.01, -6.566, 0.728, -0.152, 0.01
 107606107, -6.605, 0.079, -0.155, 0.01, -6.593, 0.407, -0.152, 0.01
 107806027, -6.603, -0.247, -0.156, 0.01, -6.605, 0.079, -0.155, 0.01
 108005947, -6.59, -0.572, -0.159, 0.01, -6.603, -0.247, -0.156, 0.01
 108205867, -6.561, -0.892, -0.161, 0.01, -6.59, -0.572, -0.159, 0.01
 108405787, -6.513, -1.204, -0.164, 0.01, -6.561, -0.892, -0.161, 0.01
 108606540, -6.451, -1.51, -0.169, 0.01, -6.513, -1.204, -0.164, 0.01
 108806460, -6.374, -1.813, -0.172, 0.01, -6.451, -1.51, -0.169, 0.01
 109006380, -6.283, -2.112, -0.174, 0.01, -6.374, -1.813, -0.172, 0.01
 109206300, -6.177001, -2.41, -0.176, 0.01, -6.283, -2.112, -0.174, 0.01
 109406220, -6.059, -2.707, -0.174, 0.01, -6.177001, -2.41, -0.176, 0.01
 109606140, -5.93, -3.002, -0.172, 0.01, -6.059, -2.707, -0.174, 0.01
 109806060, -5.786, -3.286, -0.171, 0.01, -5.93, -3.002, -0.172, 0.01
 110005980, -5.628, -3.557, -0.168, 0.01, -5.786, -3.286, -0.171, 0.01
 110205900, -5.456, -3.82, -0.164, 0.01, -5.628, -3.557, -0.168, 0.01
 110405820, -5.269, -4.069, -0.162, 0.01, -5.456, -3.82, -0.164, 0.01
 110606573, -5.071, -4.306, -0.162, 0.01, -5.269, -4.069, -0.162, 0.01
 110806493, -4.863, -4.53, -0.155, 0.01, -5.071, -4.306, -0.162, 0.01
 111006413, -4.642, -4.746, -0.147, 0.01, -4.863, -4.53, -0.155, 0.01
 111206333, -4.411, -4.952, -0.139, 0.01, -4.642, -4.746, -0.147, 0.01
 111406253, -4.169, -5.148, -0.125, 0.01, -4.411, -4.952, -0.139, 0.01
 111606173, -3.918, -5.337, -0.109, 0.01, -4.169, -5.148, -0.125, 0.01
 111806093, -3.657, -5.514, -0.096, 0.01, -3.918, -5.337, -0.109, 0.01
 112006013, -3.388, -5.681, -0.081, 0.01, -3.657, -5.514, -0.096, 0.01
 112205933, -3.113, -5.837, -0.06900001, 0.01, -3.388, -5.681, -0.081, 0.01
 112405853, -2.831, -5.977, -0.061, 0.01, -3.113, -5.837, -0.06900001, 0.01
 112605773, -2.542, -6.099, -0.053, 0.01, -2.831, -5.977, -0.061, 0.01
 112806526, -2.246, -6.206, -0.046, 0.01, -2.542, -6.099, -0.053, 0.01
 113006446, -1.946, -6.306, -0.04, 0.01, -2.246, -6.206, -0.046, 0.01
 113206366, -1.642, -6.395, -0.034, 0.01, -1.946, -6.306, -0.04, 0.01
 113406286, -1.333, -6.468, -0.03, 0.01, -1.642, -6.395, -0.034, 0.01
 113606206, -1.02, -6.526, -0.027, 0.01, -1.333, -6.468, -0.03, 0.01
 113806126, -0.707, -6.567, -0.025, 0.01, -1.02, -6.526, -0.027, 0.01
 114006046, -0.392, -6.592, -0.022, 0.01, -0.707, -6.567, -0.025, 0.01
 114205966, -0.07600001, -6.602, -0.021, 0.01, -0.392, -6.592, -0.022, 0.01
 114405886, 0.239, -6.591, -0.019, 0.01, -0.07600001, -6.602, -0.021, 0.01
 114605806, 0.554, -6.562, -0.015, 0.01, 0.239, -6.591, -0.019, 0.01
 114806559, 0.869, -6.528, -0.006, 0.01, 0.554, -6.562, -0.015, 0.01
 115006479, 1.18, -6.482, 0.004, 0.01, 0.869, -6.528, -0.006, 0.01
 115206399, 1.489, -6.426, 0.013, 0.01, 1.18, -6.482, 0.004, 0.01
 115406319, 1.794, -6.36, 0.02, 0.01, 1.489, -6.426, 0.013, 0.01
 115606239, 2.096, -6.278, 0.029, 0.01, 1.794, -6.36, 0.02, 0.01
 115806159, 2.394, -6.182, 0.035, 0.01, 2.096, -6.278, 0.029, 0.01
 116006079, 2.687, -6.07, 0.038, 0.01, 2.394, -6.182, 0.035, 0.01
 116205999, 2.974, -5.944, 0.041, 0.01, 2.687, -6.07, 0.038, 0.01
 116405919, 3.254, -5.8, 0.042, 0.01, 2.974, -5.944, 0.041, 0.01
 116605839, 3.525, -5.636, 0.045, 0.01, 3.254, -5.8, 0.042, 0.01
 116806592, 3.788, -5.456, 0.049, 0.01, 3.525, -5.636, 0.045, 0.01
 117006512, 4.044, -5.26, 0.052, 0.01, 3.788, -5.456, 0.049, 0.01
 117206432, 4.287, -5.051, 0.052, 0.01, 4.044, -5.26, 0.052, 0.01
 117406352, 4.519, -4.838, 0.048, 0.01, 4.287, -5.051, 0.052, 0.01
 117606272, 4.739, -4.618, 0.045, 0.01, 4.519, -4.838, 0.048, 0.01
 117806192, 4.949, -4.386, 0.043, 0.01, 4.739, -4.618, 0.045, 0.01
 118006112, 5.148, -4.141, 0.041, 0.01, 4.949, -4.386, 0.043, 0.01
 118206032, 5.336, -3.892, 0.045, 0.01, 5.148, -4.141, 0.041, 0.01
 118405952, 5.517, -3.637, 0.049, 0.01, 5.336, -3.892, 0.045, 0.01
 118605872, 5.684, -3.372, 0.055, 0.01, 5.517, -3.637, 0.049, 0.01
 118805792, 5.836, -3.103, 0.063, 0.01, 5.684, -3.372, 0.055, 0.01
 119006545, 5.975, -2.826, 0.07300001, 0.01, 5.836, -3.103, 0.063, 0.01
 119206465, 6.1, -2.543, 0.08400001, 0.01, 5.975, -2.826, 0.07300001, 0.01
 119406385, 6.210001, -2.252, 0.093, 0.01, 6.1, -2.543, 0.08400001, 0.01
 119606305, 6.304, -1.949, 0.104, 0.01, 6.210001, -2.252, 0.093, 0.01
 119806225, 6.386, -1.642, 0.115, 0.01, 6.304, -1.949, 0.104, 0.01
 120006145, 6.456, -1.335, 0.125, 0.01, 6.386, -1.642, 0.115, 0.01
 120206065, 6.511, -1.022, 0.136, 0.01, 6.456, -1.335, 0.125, 0.01
 120405985, 6.554, -0.7040001, 0.144, 0.01, 6.511, -1.022, 0.136, 0.01
 120605905, 6.583, -0.387, 0.148, 0.01, 6.554, -0.7040001, 0.144, 0.01
 120805825, 6.597, -0.074, 0.151, 0.01, 6.583, -0.387, 0.148, 0.01
 121006578, 6.596, 0.239, 0.154, 0.01, 6.597, -0.074, 0.151, 0.01
 121206498, 6.581, 0.552, 0.155, 0.01, 6.596, 0.239, 0.154, 0.01
 121406418, 6.548, 0.863, 0.159, 0.01, 6.581, 0.552, 0.155, 0.01
 121606338, 6.503, 1.171, 0.163, 0.01, 6.548, 0.863, 0.159, 0.01
 121806258, 6.444, 1.476, 0.169, 0.01, 6.503, 1.171, 0.163, 0.01
 122006178, 6.369, 1.779, 0.172, 0.01, 6.444, 1.476, 0.169, 0.01
 122206098, 6.278, 2.08, 0.174, 0.01, 6.369, 1.779, 0.172, 0.01
 122406018, 6.173, 2.379, 0.172, 0.01, 6.278, 2.08, 0.174, 0.01
 122605938, 6.054, 2.672, 0.169, 0.01, 6.173, 2.379, 0.172, 0.01
 122805858, 5.92, 2.958, 0.164, 0.01, 6.054, 2.672, 0.169, 0.01
 123005778, 5.77, 3.238, 0.161, 0.01, 5.92, 2.958, 0.164, 0.01
 123206531, 5.608, 3.518, 0.157, 0.01, 5.77, 3.238, 0.161, 0.01
 123406451, 5.436, 3.786, 0.152, 0.01, 5.608, 3.518, 0.157, 0.01
 123606371, 5.255, 4.043, 0.149, 0.01, 5.436, 3.786, 0.152, 0.01
 123806291, 5.064, 4.291, 0.147, 0.01, 5.255, 4.043, 0.149, 0.01
 124006211, 4.861, 4.532, 0.145, 0.01, 5.064, 4.291, 0.147, 0.01
 124206131, 4.647, 4.772, 0.144, 0.01, 4.861, 4.532, 0.145, 0.01
 124406051, 4.421, 4.999, 0.144, 0.01, 4.647, 4.772, 0.144, 0.01
 124605971, 4.186, 5.208, 0.14, 0.01, 4.421, 4.999, 0.144, 0.01
 124805891, 3.939, 5.401, 0.136, 0.01, 4.186, 5.208, 0.14, 0.01
 125005811, 3.681, 5.58, 0.13, 0.01, 3.939, 5.401, 0.136, 0.01
 125206564, 3.413, 5.742, 0.125, 0.01, 3.681, 5.58, 0.13, 0.01
 125406484, 3.136, 5.892, 0.117, 0.01, 3.413, 5.742, 0.125, 0.01
 125606404, 2.85, 6.031, 0.11, 0.01, 3.136, 5.892, 0.117, 0.01
 125806324, 2.556, 6.156, 0.103, 0.01, 2.85, 6.031, 0.11, 0.01
 126006244, 2.257, 6.261, 0.096, 0.01, 2.556, 6.156, 0.103, 0.01
 126206164, 1.952, 6.348001, 0.09200001, 0.01, 2.257, 6.261, 0.096, 0.01
 126406084, 1.646, 6.417, 0.085, 0.01, 1.952, 6.348001, 0.09200001, 0.01
 126606004, 1.336, 6.477, 0.08000001, 0.01, 1.646, 6.417, 0.085, 0.01
 126805924, 1.023, 6.533, 0.072, 0.01, 1.336, 6.477, 0.08000001, 0.01
 127005844, 0.706, 6.577, 0.063, 0.01, 1.023, 6.533, 0.072, 0.01
 127205764, 0.388, 6.603, 0.058, 0.01, 0.706, 6.577, 0.063, 0.01
 127406517, 0.072, 6.615, 0.051, 0.01, 0.388, 6.603, 0.058, 0.01
 127606437, -0.242, 6.61, 0.043, 0.01, 0.072, 6.615, 0.051, 0.01
 127806357, -0.555, 6.589, 0.035, 0.01, -0.242, 6.61, 0.043, 0.01
 128006277, -0.869, 6.552001, 0.025, 0.01, -0.555, 6.589, 0.035, 0.01
 128206197, -1.182, 6.495, 0.018, 0.01, -0.869, 6.552001, 0.025, 0.01
 128406117, -1.495, 6.425, 0.008, 0.01, -1.182, 6.495, 0.018, 0.01
 128606037, -1.806, 6.34, -0.001, 0.01, -1.495, 6.425, 0.008, 0.01
 128805957, -2.115, 6.243001, -0.009000001, 0.01, -1.806, 6.34, -0.001, 0.01
 129005877, -2.416, 6.13, -0.015, 0.01, -2.115, 6.243001, -0.009000001, 0.01
 129205797, -2.707, 6, -0.021, 0.01, -2.416, 6.13, -0.015, 0.01
 129406550, -2.992, 5.858, -0.027, 0.01, -2.707, 6, -0.021, 0.01
 129606470, -3.269, 5.713, -0.032, 0.01, -2.992, 5.858, -0.027, 0.01
 129806390, -3.539, 5.561, -0.038, 0.01, -3.269, 5.713, -0.032, 0.01
 130006310, -3.798, 5.402, -0.047, 0.01, -3.539, 5.561, -0.038, 0.01
 130206230, -4.048, 5.231, -0.058, 0.01, -3.798, 5.402, -0.047, 0.01
 130406150, -4.289, 5.042, -0.06500001, 0.01, -4.048, 5.231, -0.058, 0.01
 130606070, -4.522, 4.838, -0.07700001, 0.01, -4.289, 5.042, -0.06500001, 0.01
 130805990, -4.743, 4.629, -0.086, 0.01, -4.522, 4.838, -0.07700001, 0.01
 131005910, -4.953, 4.411, -0.094, 0.01, -4.743, 4.629, -0.086, 0.01
 131205830, -5.152, 4.18, -0.098, 0.01, -4.953, 4.411, -0.094, 0.01
 131406583, -5.342, 3.933, -0.107, 0.01, -5.152, 4.18, -0.098, 0.01
 131606503, -5.52, 3.676, -0.116, 0.01, -5.342, 3.933, -0.107, 0.01
 131806423, -5.684, 3.409, -0.123, 0.01, -5.52, 3.676, -0.116, 0.01
 132006343, -5.833, 3.13, -0.127, 0.01, -5.684, 3.409, -0.123, 0.01
 132206263, -5.97, 2.846, -0.132, 0.01, -5.833, 3.13, -0.127, 0.01
 132406183, -6.095, 2.554, -0.138, 0.01, -5.97, 2.846, -0.132, 0.01
 132606103, -6.207, 2.257, -0.142, 0.01, -6.095, 2.554, -0.138, 0.01
 132806023, -6.305, 1.956, -0.145, 0.01, -6.207, 2.257, -0.142, 0.01
 133005943, -6.392, 1.653, -0.148, 0.01, -6.305, 1.956, -0.145, 0.01
 133205863, -6.466, 1.343, -0.151, 0.01, -6.392, 1.653, -0.148, 0.01
 133405783, -6.525, 1.029, -0.153, 0.01, -6.466, 1.343, -0.151, 0.01
 133606536, -6.57, 0.712, -0.154, 0.01, -6.525, 1.029, -0.153, 0.01
 133806456, -6.598001, 0.39, -0.156, 0.01, -6.57, 0.712, -0.154, 0.01
 134006376, -6.61, 0.062, -0.157, 0.01, -6.598001, 0.39, -0.156, 0.01
 134206296, -6.606, -0.264, -0.158, 0.01, -6.61, 0.062, -0.157, 0.01
 134406216, -6.588, -0.588, -0.158, 0.01, -6.606, -0.264, -0.158, 0.01
 134606136, -6.555, -0.906, -0.158, 0.01, -6.588, -0.588, -0.158, 0.01
 134806056, -6.505, -1.218, -0.163, 0.01, -6.555, -0.906, -0.158, 0.01
 135005976, -6.441, -1.525, -0.168, 0.01, -6.505, -1.218, -0.163, 0.01
 135205896, -6.361001, -1.825, -0.17, 0.01, -6.441, -1.525, -0.168, 0.01
 135405816, -6.265, -2.122, -0.17, 0.01, -6.361001, -1.825, -0.17, 0.01
 135606569, -6.155, -2.417, -0.17, 0.01, -6.265, -2.122, -0.17, 0.01
 135806489, -6.036, -2.71, -0.171, 0.01, -6.155, -2.417, -0.17, 0.01
 136006409, -5.906, -3.002, -0.169, 0.01, -6.036, -2.71, -0.171, 0.01
 136206329, -5.765, -3.283, -0.167, 0.01, -5.906, -3.002, -0.169, 0.01
 136406249, -5.609, -3.552, -0.164, 0.01, -5.765, -3.283, -0.167, 0.01
 136606169, -5.44, -3.816, -0.162, 0.01, -5.609, -3.552, -0.164, 0.01
 136806089, -5.258, -4.067, -0.161, 0.01, -5.44, -3.816, -0.162, 0.01
 137006009, -5.064, -4.307, -0.159, 0.01, -5.258, -4.067, -0.161, 0.01
 137205929, -4.86, -4.536, -0.155, 0.01, -5.064, -4.307, -0.159, 0.01
 137405849, -4.643, -4.756, -0.148, 0.01, -4.86, -4.536, -0.155, 0.01
 137605769, -4.415, -4.963, -0.14, 0.01, -4.643, -4.756, -0.148, 0.01
 137806522, -4.176, -5.162, -0.126, 0.01, -4.415, -4.963, -0.14, 0.01
 138006442, -3.926, -5.352, -0.112, 0.01, -4.176, -5.162, -0.126, 0.01
 138206362, -3.667, -5.529, -0.09900001, 0.01, -3.926, -5.352, -0.112, 0.01
 138406282, -3.399, -5.695, -0.085, 0.01, -3.667, -5.529, -0.09900001, 0.01
 138606202, -3.124, -5.849, -0.07300001, 0.01, -3.399, -5.695, -0.085, 0.01
 138806122, -2.843, -5.991, -0.063, 0.01, -3.124, -5.849, -0.07300001, 0.01
 139006042, -2.555, -6.114, -0.056, 0.01, -2.843, -5.991, -0.063, 0.01
 139205962, -2.258, -6.224, -0.049, 0.01, -2.555, -6.114, -0.056, 0.01
 139405882, -1.955, -6.324, -0.042, 0.01, -2.258, -6.224, -0.049, 0.01
 139605802, -1.646, -6.412, -0.036, 0.01, -1.955, -6.324, -0.042, 0.01
 139806555, -1.331, -6.484, -0.032, 0.01, -1.646, -6.412, -0.036, 0.01
 140006475, -1.015, -6.539001, -0.028, 0.01, -1.331, -6.484, -0.032, 0.01
 140206395, -0.6990001, -6.575, -0.025, 0.01, -1.015, -6.539001, -0.028, 0.01
 140406315, -0.381, -6.596, -0.022, 0.01, -0.6990001, -6.575, -0.025, 0.01
 140606235, -0.062, -6.6, -0.018, 0.01, -0.381, -6.596, -0.022, 0.01
 140806155, 0.253, -6.586, -0.015, 0.01, -0.062, -6.6, -0.018, 0.01
 141006075, 0.569, -6.557, -0.011, 0.01, 0.253, -6.586, -0.015, 0.01
 141205995, 0.8840001, -6.513, -0.005, 0.01, 0.569, -6.557, -0.011, 0.01
 141405915, 1.195, -6.458, 0.003, 0.01, 0.8840001, -6.513, -0.005, 0.01
 141605835, 1.504, -6.398, 0.012, 0.01, 1.195, -6.458, 0.003, 0.01
 141806588, 1.809, -6.333, 0.019, 0.01, 1.504, -6.398, 0.012, 0.01
 142006508, 2.113, -6.253, 0.027, 0.01, 1.809, -6.333, 0.019, 0.01
 142206428, 2.41, -6.16, 0.033, 0.01, 2.113, -6.253, 0.027, 0.01
 142406348, 2.701, -6.05, 0.038, 0.01, 2.41, -6.16, 0.033, 0.01
 142606268, 2.986, -5.926, 0.041, 0.01, 2.701, -6.05, 0.038, 0.01
 142806188, 3.264, -5.786, 0.043, 0.01, 2.986, -5.926, 0.041, 0.01
 143006108, 3.536, -5.627, 0.046, 0.01, 3.264, -5.786, 0.043, 0.01
 143206028, 3.799, -5.451, 0.049, 0.01, 3.536, -5.627, 0.046, 0.01
 143405948, 4.053, -5.259, 0.051, 0.01, 3.799, -5.451, 0.049, 0.01
 143605868, 4.297, -5.054, 0.054, 0.01, 4.053, -5.259, 0.051, 0.01
 143805788, 4.528, -4.843, 0.057, 0.01, 4.297, -5.054, 0.054, 0.01
 144006541, 4.748, -4.624, 0.058, 0.01, 4.528, -4.843, 0.057, 0.01
 144206461, 4.959, -4.392, 0.054, 0.01, 4.748, -4.624, 0.058, 0.01
 144406381, 5.158, -4.146, 0.049, 0.01, 4.959, -4.392, 0.054, 0.01
 144606301, 5.347, -3.896, 0.044, 0.01, 5.158, -4.146, 0.049, 0.01
 144806221, 5.52, -3.639, 0.046, 0.01, 5.347, -3.896, 0.044, 0.01
 145006141, 5.681, -3.373, 0.051, 0.01, 5.52, -3.639, 0.046, 0.01
 145206061, 5.831, -3.104, 0.061, 0.01, 5.681, -3.373, 0.051, 0.01
 145405981, 5.971, -2.828, 0.07, 0.01, 5.831, -3.104, 0.061, 0.01
 145605901, 6.098001, -2.546, 0.081, 0.01, 5.971, -2.828, 0.07, 0.01
 145805821, 6.211, -2.253, 0.093, 0.01, 6.098001, -2.546, 0.081, 0.01
 146006574, 6.308, -1.948, 0.107, 0.01, 6.211, -2.253, 0.093, 0.01
 146206494, 6.394001, -1.639, 0.117, 0.01, 6.308, -1.948, 0.107, 0.01
 146406414, 6.466, -1.331, 0.127, 0.01, 6.394001, -1.639, 0.117, 0.01
 146606334, 6.522, -1.016, 0.137, 0.01, 6.466, -1.331, 0.127, 0.01
 146806254, 6.563, -0.697, 0.144, 0.01, 6.522, -1.016, 0.137, 0.01
 147006174, 6.59, -0.379, 0.149, 0.01, 6.563, -0.697, 0.144, 0.01
 147206094, 6.605, -0.064, 0.152, 0.01, 6.59, -0.379, 0.149, 0.01
 147406014, 6.605, 0.25, 0.152, 0.01, 6.605, -0.064, 0.152, 0.01
 147605934, 6.59, 0.564, 0.154, 0.01, 6.605, 0.25, 0.152, 0.01
 147805854, 6.557, 0.8750001, 0.158, 0.01, 6.59, 0.564, 0.154, 0.01
 148005774, 6.511, 1.183, 0.16, 0.01, 6.557, 0.8750001, 0.158, 0.01
 148206527, 6.447001, 1.49, 0.16, 0.01, 6.511, 1.183, 0.16, 0.01
 148406447, 6.366, 1.792, 0.16, 0.01, 6.447001, 1.49, 0.16, 0.01
 148606367, 6.27, 2.092, 0.16, 0.01, 6.366, 1.792, 0.16, 0.01
 148806287, 6.16, 2.388, 0.16, 0.01, 6.27, 2.092, 0.16, 0.01
 149006207, 6.037, 2.679, 0.159, 0.01, 6.16, 2.388, 0.16, 0.01
 149206127, 5.901, 2.962, 0.16, 0.01, 6.037, 2.679, 0.159, 0.01
 149406047, 5.753, 3.243, 0.159, 0.01, 5.901, 2.962, 0.16, 0.01
 149605967, 5.593, 3.522, 0.161, 0.01, 5.753, 3.243, 0.159, 0.01
 149805887, 5.42, 3.789, 0.162, 0.01, 5.593, 3.522, 0.161, 0.01
 150005807, 5.235, 4.046, 0.159, 0.01, 5.42, 3.789, 0.162, 0.01
 150206560, 5.038, 4.291, 0.158, 0.01, 5.235, 4.046, 0.159, 0.01
 150406480, 4.834, 4.531, 0.155, 0.01, 5.038, 4.291, 0.158, 0.01
 150606400, 4.619, 4.769, 0.149, 0.01, 4.834, 4.531, 0.155, 0.01
 150806320, 4.393, 4.997, 0.145, 0.01, 4.619, 4.769, 0.149, 0.01
 151006240, 4.158, 5.204, 0.141, 0.01, 4.393, 4.997, 0.145, 0.01
 151206160, 3.915, 5.398, 0.134, 0.01, 4.158, 5.204, 0.141, 0.01
 151406080, 3.662, 5.58, 0.128, 0.01, 3.915, 5.398, 0.134, 0.01
 151606000, 3.401, 5.744, 0.122, 0.01, 3.662, 5.58, 0.128, 0.01
 151805920, 3.13, 5.892, 0.115, 0.01, 3.401, 5.744, 0.122, 0.01
 152005840, 2.85, 6.028, 0.11, 0.01, 3.13, 5.892, 0.115, 0.01
 152205760, 2.561, 6.152, 0.105, 0.01, 2.85, 6.028, 0.11, 0.01
 152406513, 2.263, 6.26, 0.098, 0.01, 2.561, 6.152, 0.105, 0.01
 152606433, 1.96, 6.349, 0.09100001, 0.01, 2.263, 6.26, 0.098, 0.01
 152806353, 1.655, 6.42, 0.08400001, 0.01, 1.96, 6.349, 0.09100001, 0.01
 153006273, 1.345, 6.48, 0.079, 0.01, 1.655, 6.42, 0.08400001, 0.01
 153206193, 1.031, 6.537, 0.071, 0.01, 1.345, 6.48, 0.079, 0.01
 153406113, 0.7130001, 6.583, 0.062, 0.01, 1.031, 6.537, 0.071, 0.01
 153606033, 0.394, 6.611001, 0.055, 0.01, 0.7130001, 6.583, 0.062, 0.01
 153805953, 0.07600001, 6.624001, 0.05, 0.01, 0.394, 6.611001, 0.055, 0.01
 154005873, -0.241, 6.622, 0.043, 0.01, 0.07600001, 6.624001, 0.05, 0.01
 154205793, -0.559, 6.603, 0.036, 0.01, -0.241, 6.622, 0.043, 0.01
 154406546, -0.876, 6.567, 0.029, 0.01, -0.559, 6.603, 0.036, 0.01
 154606466, -1.193, 6.513, 0.019, 0.01, -0.876, 6.567, 0.029, 0.01
 154806386, -1.505, 6.441, 0.014, 0.01, -1.193, 6.513, 0.019, 0.01
 155006306, -1.815, 6.355, 0.003, 0.01, -1.505, 6.441, 0.014, 0.01
 155206226, -2.122, 6.255, -0.004, 0.01, -1.815, 6.355, 0.003, 0.01
 155406146, -2.423, 6.141, -0.011, 0.01, -2.122, 6.255, -0.004, 0.01
 155606066, -2.715, 6.011, -0.02, 0.01, -2.423, 6.141, -0.011, 0.01
 155805986, -2.998, 5.868001, -0.026, 0.01, -2.715, 6.011, -0.02, 0.01
 156005906, -3.277, 5.722, -0.033, 0.01, -2.998, 5.868001, -0.026, 0.01
 156205826, -3.548, 5.569, -0.04, 0.01, -3.277, 5.722, -0.033, 0.01
 156406579, -3.811, 5.407, -0.05, 0.01, -3.548, 5.569, -0.04, 0.01
 156606499, -4.062, 5.234, -0.06, 0.01, -3.811, 5.407, -0.05, 0.01
 156806419, -4.303, 5.041, -0.06900001, 0.01, -4.062, 5.234, -0.06, 0.01
 157006339, -4.534, 4.833, -0.079, 0.01, -4.303, 5.041, -0.06900001, 0.01
 157206259, -4.752, 4.608, -0.08800001, 0.01, -4.534, 4.833, -0.079, 0.01
 157406179, -4.96, 4.375, -0.09900001, 0.01, -4.752, 4.608, -0.08800001, 0.01
 157606099, -5.156, 4.138, -0.107, 0.01, -4.96, 4.375, -0.09900001, 0.01
 157806019, -5.34, 3.89, -0.113, 0.01, -5.156, 4.138, -0.107, 0.01
 158005939, -5.515, 3.637, -0.118, 0.01, -5.34, 3.89, -0.113, 0.01
 158205859, -5.679, 3.375, -0.123, 0.01, -5.515, 3.637, -0.118, 0.01
 158405779, -5.829, 3.101, -0.125, 0.01, -5.679, 3.375, -0.123, 0.01
 158606532, -5.969, 2.821, -0.13, 0.01, -5.829, 3.101, -0.125, 0.01
 158806452, -6.095, 2.535, -0.135, 0.01, -5.969, 2.821, -0.13, 0.01
 159006372, -6.205, 2.243, -0.138, 0.01, -6.095, 2.535, -0.135, 0.01
 159206292, -6.303, 1.946, -0.141, 0.01, -6.205, 2.243, -0.138, 0.01
 159406212, -6.388, 1.647, -0.143, 0.01, -6.303, 1.946, -0.141, 0.01
 159606132, -6.459, 1.341, -0.144, 0.01, -6.388, 1.647, -0.143, 0.01
 159806052, -6.518, 1.029, -0.147, 0.01, -6.459, 1.341, -0.144, 0.01
 160005972, -6.565001, 0.716, -0.15, 0.01, -6.518, 1.029, -0.147, 0.01
 160205892, -6.597, 0.395, -0.153, 0.01, -6.565001, 0.716, -0.15, 0.01
 160405812, -6.612, 0.066, -0.157, 0.01, -6.597, 0.395, -0.153, 0.01
 160606565, -6.612, -0.263, -0.16, 0.01, -6.612, 0.066, -0.157, 0.01
 160806485, -6.594, -0.588, -0.162, 0.01, -6.612, -0.263, -0.16, 0.01
 161006405, -6.556, -0.9070001, -0.166, 0.01, -6.594, -0.588, -0.162, 0.01
 161206325, -6.503, -1.218, -0.169, 0.01, -6.556, -0.9070001, -0.166, 0.01
 161406245, -6.436, -1.523, -0.169, 0.01, -6.503, -1.218, -0.169, 0.01
 161606165, -6.356, -1.824, -0.169, 0.01, -6.436, -1.523, -0.169, 0.01
 161806085, -6.262, -2.122, -0.17, 0.01, -6.356, -1.824, -0.169, 0.01
 162006005, -6.155, -2.417, -0.171, 0.01, -6.262, -2.122, -0.17, 0.01
 162205925, -6.037, -2.711, -0.172, 0.01, -6.155, -2.417, -0.171, 0.01
 162405845, -5.905, -3.002, -0.17, 0.01, -6.037, -2.711, -0.172, 0.01
 162605765, -5.759, -3.28, -0.168, 0.01, -5.905, -3.002, -0.17, 0.01
 162806518, -5.599, -3.549, -0.169, 0.01, -5.759, -3.28, -0.168, 0.01
 163006438, -5.426, -3.809, -0.171, 0.01, -5.599, -3.549, -0.169, 0.01
 163206358, -5.241, -4.054, -0.171, 0.01, -5.426, -3.809, -0.171, 0.01
 163406278, -5.043, -4.288, -0.169, 0.01, -5.241, -4.054, -0.171, 0.01
 163606198, -4.836, -4.512, -0.162, 0.01, -5.043, -4.288, -0.169, 0.01
 163806118, -4.618, -4.73, -0.151, 0.01, -4.836, -4.512, -0.162, 0.01
 164006038, -4.391, -4.938, -0.14, 0.01, -4.618, -4.73, -0.151, 0.01
 164205958, -4.154, -5.137, -0.126, 0.01, -4.391, -4.938, -0.14, 0.01
 164405878, -3.907, -5.329, -0.109, 0.01, -4.154, -5.137, -0.126, 0.01
 164605798, -3.65, -5.507, -0.096, 0.01, -3.907, -5.329, -0.109, 0.01
 164806551, -3.384, -5.675, -0.082, 0.01, -3.65, -5.507, -0.096, 0.01
 165006471, -3.112, -5.835001, -0.07, 0.01, -3.384, -5.675, -0.082, 0.01
 165206391, -2.834, -5.979, -0.057, 0.01, -3.112, -5.835001, -0.07, 0.01
 165406311, -2.55, -6.107, -0.045, 0.01, -2.834, -5.979, -0.057, 0.01
 165606231, -2.256, -6.221, -0.036, 0.01, -2.55, -6.107, -0.045, 0.01
 165806151, -1.957, -6.328, -0.031, 0.01, -2.256, -6.221, -0.036, 0.01
 166006071, -1.653, -6.424, -0.027, 0.01, -1.957, -6.328, -0.031, 0.01
 166205991, -1.343, -6.501, -0.021, 0.01, -1.653, -6.424, -0.027, 0.01
 166405911, -1.029, -6.562, -0.017, 0.01, -1.343, -6.501, -0.021, 0.01
 166605831, -0.712, -6.605, -0.018, 0.01, -1.029, -6.562, -0.017, 0.01
 166806584, -0.394, -6.63, -0.02, 0.01, -0.712, -6.605, -0.018, 0.01
 167006504, -0.07300001, -6.637, -0.021, 0.01, -0.394, -6.63, -0.02, 0.01
 167206424, 0.245, -6.621, -0.02, 0.01, -0.07300001, -6.637, -0.021, 0.01
 167406344, 0.562, -6.589, -0.015, 0.01, 0.245, -6.621, -0.02, 0.01
 167606264, 0.878, -6.539001, -0.006, 0.01, 0.562, -6.589, -0.015, 0.01
 167806184, 1.191, -6.48, 0.003, 0.01, 0.878, -6.539001, -0.006, 0.01
 168006104, 1.502, -6.418, 0.011, 0.01, 1.191, -6.48, 0.003, 0.01
 168206024, 1.81, -6.35, 0.018, 0.01, 1.502, -6.418, 0.011, 0.01
 168405944, 2.114, -6.27, 0.025, 0.01, 1.81, -6.35, 0.018, 0.01
 168605864, 2.414, -6.176, 0.03, 0.01, 2.114, -6.27, 0.025, 0.01
 168805784, 2.706, -6.065, 0.035, 0.01, 2.414, -6.176, 0.03, 0.01
 169006537, 2.995, -5.939, 0.038, 0.01, 2.706, -6.065, 0.035, 0.01
 169206457, 3.275, -5.797, 0.04, 0.01, 2.995, -5.939, 0.038, 0.01
 169406377, 3.545, -5.634, 0.044, 0.01, 3.275, -5.797, 0.04, 0.01
 169606297, 3.806, -5.454, 0.048, 0.01, 3.545, -5.634, 0.044, 0.01
 169806217, 4.058, -5.258, 0.049, 0.01, 3.806, -5.454, 0.048, 0.01
 170006137, 4.301, -5.049, 0.047, 0.01, 4.058, -5.258, 0.049, 0.01
 170206057, 4.533, -4.836, 0.045, 0.01, 4.301, -5.049, 0.047, 0.01
 170405977, 4.754, -4.618, 0.046, 0.01, 4.533, -4.836, 0.045, 0.01
 170605897, 4.965, -4.385, 0.051, 0.01, 4.754, -4.618, 0.046, 0.01
 170805817, 5.165, -4.139, 0.054, 0.01, 4.965, -4.385, 0.051, 0.01
 171006570, 5.357, -3.889, 0.056, 0.01, 5.165, -4.139, 0.054, 0.01
 171206490, 5.536, -3.632, 0.057, 0.01, 5.357, -3.889, 0.056, 0.01
 171406410, 5.699, -3.366, 0.06, 0.01, 5.536, -3.632, 0.057, 0.01
 171606330, 5.849, -3.097, 0.066, 0.01, 5.699, -3.366, 0.06, 0.01
 171806250, 5.987, -2.819, 0.072, 0.01, 5.849, -3.097, 0.066, 0.01
 172006170, 6.112, -2.525, 0.082, 0.01, 5.987, -2.819, 0.072, 0.01
 172206090, 6.224, -2.221, 0.094, 0.01, 6.112, -2.525, 0.082, 0.01
 172406010, 6.321, -1.911, 0.107, 0.01, 6.224, -2.221, 0.094, 0.01
 172605930, 6.404, -1.6, 0.116, 0.01, 6.321, -1.911, 0.107, 0.01
 172805850, 6.473001, -1.292, 0.123, 0.01, 6.404, -1.6, 0.116, 0.01
 173005770, 6.526, -0.98, 0.134, 0.01, 6.473001, -1.292, 0.123, 0.01
 173206523, 6.567, -0.665, 0.142, 0.01, 6.526, -0.98, 0.134, 0.01
 173406443, 6.544, -0.376, 0.136, 0.01, 6.567, -0.665, 0.142, 0.01
 173606363, 6.228, -0.21, 0.118, 0.01, 6.544, -0.376, 0.136, 0.01
 173806283, 5.746, -0.114, 0.08400001, 0.01, 6.228, -0.21, 0.118, 0.01
 174006203, 5.15, -0.054, 0.03, 0.01, 5.746, -0.114, 0.08400001, 0.01
 174206123, 4.428, -0.022, -0.028, 0.01, 5.15, -0.054, 0.03, 0.01
 174406043, 3.648, -0.013, -0.07700001, 0.01, 4.428, -0.022, -0.028, 0.01
 174605963, 2.886, -0.026, -0.106, 0.01, 3.648, -0.013, -0.07700001, 0.01
 174805883, 2.167, -0.054, -0.12, 0.01, 2.886, -0.026, -0.106, 0.01
 175005803, 1.509, -0.083, -0.116, 0.01, 2.167, -0.054, -0.12, 0.01
 175206556, 0.9250001, -0.09200001, -0.09100001, 0.01, 1.509, -0.083, -0.116, 0.01
 175406476, 0.421, -0.071, -0.049, 0.01, 0.9250001, -0.09200001, -0.09100001, 0.01
 175606396, 0, -0.018, -0.004, 0.01, 0.421, -0.071, -0.049, 0.01
 175806316, -0.34, 0.067, 0.033, 0.01, 0, -0.018, -0.004, 0.01
 176006236, -0.598, 0.189, 0.051, 0.01, -0.34, 0.067, 0.033, 0.01
 176206156, -0.776, 0.346, 0.055, 0.01, -0.598, 0.189, 0.051, 0.01
 176406076, -0.883, 0.537, 0.052, 0.01, -0.776, 0.346, 0.055, 0.01
 176605996, -0.9310001, 0.763, 0.045, 0.01, -0.883, 0.537, 0.052, 0.01
 176805916, -0.9300001, 1.023, 0.037, 0.01, -0.9310001, 0.763, 0.045, 0.01
 177005836, -0.892, 1.315, 0.029, 0.01, -0.9300001, 1.023, 0.037, 0.01
 177206589, -0.8290001, 1.639, 0.022, 0.01, -0.892, 1.315, 0.029, 0.01
 177406509, -0.748, 1.997, 0.017, 0.01, -0.8290001, 1.639, 0.022, 0.01
 177606429, -0.661, 2.386, 0.013, 0.01, -0.748, 1.997, 0.017, 0.01
 177806349, -0.575, 2.809, 0.011, 0.01, -0.661, 2.386, 0.013, 0.01
 178006269, -0.496, 3.261, 0.01, 0.01, -0.575, 2.809, 0.011, 0.01
 178206189, -0.429, 3.743, 0.012, 0.01, -0.496, 3.261, 0.01, 0.01
 178406109, -0.376, 4.253, 0.014, 0.01, -0.429, 3.743, 0.012, 0.01
 178606029, -0.336, 4.765, 0.017, 0.01, -0.376, 4.253, 0.014, 0.01
 178805949, -0.307, 5.259, 0.02, 0.01, -0.336, 4.765, 0.017, 0.01
 179005869, -0.291, 5.716, 0.024, 0.01, -0.307, 5.259, 0.02, 0.01
 179205789, -0.286, 6.137, 0.029, 0.01, -0.291, 5.716, 0.024, 0.01
 179406542, -0.288, 6.527, 0.034, 0.01, -0.286, 6.137, 0.029, 0.01
 179606462, -0.295, 6.888, 0.039, 0.01, -0.288, 6.527, 0.034, 0.01
 179806382, -0.31, 7.218, 0.041, 0.01, -0.295, 6.888, 0.039, 0.01
 180006302, -0.33, 7.519001, 0.041, 0.01, -0.31, 7.218, 0.041, 0.01
 180206222, -0.355, 7.79, 0.04, 0.01, -0.33, 7.519001, 0.041, 0.01
 180406142, -0.383, 8.033, 0.038, 0.01, -0.355, 7.79, 0.04, 0.01
 180606062, -0.414, 8.243, 0.033, 0.01, -0.383, 8.033, 0.038, 0.01
 180805982, -0.445, 8.421, 0.028, 0.01, -0.414, 8.243, 0.033, 0.01
 181005902, -0.475, 8.569, 0.024, 0.01, -0.445, 8.421, 0.028, 0.01
 181205822, -0.504, 8.686001, 0.018, 0.01, -0.475, 8.569, 0.024, 0.01
 181406575, -0.531, 8.774, 0.014, 0.01, -0.504, 8.686001, 0.018, 0.01
 181606495, -0.558, 8.823, 0.008, 0.01, -0.531, 8.774, 0.014, 0.01
 181806415, -0.5790001, 8.836, 0.004, 0.01, -0.558, 8.823, 0.008, 0.01
 182006335, -0.595, 8.835, 0.002, 0.01, -0.5790001, 8.836, 0.004, 0.01
 182206255, -0.608, 8.836, 0, 0.01, -0.595, 8.835, 0.002, 0.01
 182406175, -0.619, 8.808001, -0.004, 0.01, -0.608, 8.836, 0, 0.01
 182606095, -0.625, 8.739, -0.008, 0.01, -0.619, 8.808001, -0.004, 0.01
 182806015, -0.628, 8.637, -0.008, 0.01, -0.625, 8.739, -0.008, 0.01
 183005935, -0.628, 8.509001, -0.008, 0.01, -0.628, 8.637, -0.008, 0.01
 183205855, -0.625, 8.34, -0.007, 0.01, -0.628, 8.509001, -0.008, 0.01
 183405775, -0.617, 8.133, -0.005, 0.01, -0.625, 8.34, -0.007, 0.01
 183606528, -0.603, 7.892, -0.001, 0.01, -0.617, 8.133, -0.005, 0.01
 183806448, -0.5840001, 7.62, 0.002, 0.01, -0.603, 7.892, -0.001, 0.01
 184006368, -0.56, 7.304, 0.007, 0.01, -0.5840001, 7.62, 0.002, 0.01
 184206288, -0.529, 6.947001, 0.012, 0.01, -0.56, 7.304, 0.007, 0.01
 184406208, -0.495, 6.551, 0.017, 0.01, -0.529, 6.947001, 0.012, 0.01
 184606128, -0.456, 6.118001, 0.021, 0.01, -0.495, 6.551, 0.017, 0.01
 184806048, -0.415, 5.645, 0.024, 0.01, -0.456, 6.118001, 0.021, 0.01
 185005968, -0.373, 5.129, 0.026, 0.01, -0.415, 5.645, 0.024, 0.01
 185205888, -0.33, 4.575, 0.024, 0.01, -0.373, 5.129, 0.026, 0.01
 185405808, -0.289, 4.001, 0.019, 0.01, -0.33, 4.575, 0.024, 0.01
 185606561, -0.247, 3.434, 0.014, 0.01, -0.289, 4.001, 0.019, 0.01
 185806481, -0.206, 2.896, 0.01, 0.01, -0.247, 3.434, 0.014, 0.01
 186006401, -0.17, 2.384, 0.009000001, 0.01, -0.206, 2.896, 0.01, 0.01
 186206321, -0.138, 1.904, 0.01, 0.01, -0.17, 2.384, 0.009000001, 0.01
 186406241, -0.11, 1.461, 0.011, 0.01, -0.138, 1.904, 0.01, 0.01
 186606161, -0.086, 1.061, 0.012, 0.01, -0.11, 1.461, 0.011, 0.01
 186806081, -0.066, 0.7, 0.013, 0.01, -0.086, 1.061, 0.012, 0.01
 187006001, -0.048, 0.38, 0.014, 0.01, -0.066, 0.7, 0.013, 0.01
 187205921, -0.032, 0.108, 0.013, 0.01, -0.048, 0.38, 0.014, 0.01
 187405841, -0.017, -0.109, 0.01, 0.01, -0.032, 0.108, 0.013, 0.01
 187605761, -0.004, -0.273, 0.007, 0.01, -0.017, -0.109, 0.01, 0.01
 187806514, 0.005, -0.388, 0.003, 0.01, -0.004, -0.273, 0.007, 0.01
 188006434, 0.013, -0.456, 0, 0.01, 0.005, -0.388, 0.003, 0.01
 188206354, 0.019, -0.477, -0.005, 0.01, 0.013, -0.456, 0, 0.01
 188406274, 0.022, -0.456, -0.01, 0.01, 0.019, -0.477, -0.005, 0.01
 188606194, 0.024, -0.414, -0.014, 0.01, 0.022, -0.456, -0.01, 0.01
 188806114, 0.025, -0.371, -0.018, 0.01, 0.024, -0.414, -0.014, 0.01
 189006034, 0.027, -0.329, -0.02, 0.01, 0.025, -0.371, -0.018, 0.01
 189205954, 0.027, -0.283, -0.022, 0.01, 0.027, -0.329, -0.02, 0.01
 189405874, 0.028, -0.232, -0.023, 0.01, 0.027, -0.283, -0.022, 0.01
 189605794, 0.028, -0.181, -0.024, 0.01, 0.028, -0.232, -0.023, 0.01
 189806547, 0.027, -0.132, -0.023, 0.01, 0.028, -0.181, -0.024, 0.01
 190006467, 0.026, -0.08800001, -0.021, 0.01, 0.027, -0.132, -0.023, 0.01
 190206387, 0.023, -0.05, -0.02, 0.01, 0.026, -0.08800001, -0.021, 0.01
 190406307, 0.02, -0.017, -0.018, 0.01, 0.023, -0.05, -0.02, 0.01
 190606227, 0.017, 0.007, -0.017, 0.01, 0.02, -0.017, -0.018, 0.01
 190806147, 0.013, 0.027, -0.015, 0.01, 0.017, 0.007, -0.017, 0.01
 191006067, 0.009000001, 0.041, -0.013, 0.01, 0.013, 0.027, -0.015, 0.01
 191205987, 0.005, 0.05, -0.013, 0.01, 0.009000001, 0.041, -0.013, 0.01
 191405907, 0.001, 0.055, -0.012, 0.01, 0.005, 0.05, -0.013, 0.01
 191605827, -0.002, 0.057, -0.011, 0.01, 0.001, 0.055, -0.012, 0.01
 191806580, -0.006, 0.056, -0.01, 0.01, -0.002, 0.057, -0.011, 0.01
 192006500, -0.009000001, 0.054, -0.009000001, 0.01, -0.006, 0.056, -0.01, 0.01
 192206420, -0.012, 0.05, -0.008, 0.01, -0.009000001, 0.054, -0.009000001, 0.01
 192406340, -0.015, 0.045, -0.008, 0.01, -0.012, 0.05, -0.008, 0.01
 192606260, -0.017, 0.04, -0.007, 0.01, -0.015, 0.045, -0.008, 0.01
 192806180, -0.019, 0.036, -0.007, 0.01, -0.017, 0.04, -0.007, 0.01
 193006100, -0.021, 0.03, -0.006, 0.01, -0.019, 0.036, -0.007, 0.01
 193206020, -0.023, 0.025, -0.006, 0.01, -0.021, 0.03, -0.006, 0.01
 193405940, -0.025, 0.017, 0.002, 0.01, -0.023, 0.025, -0.006, 0.01
 193605860, -0.025, 0.001, 0.125, 0.01, -0.025, 0.017, 0.002, 0.01
 193805780, -0.025, -0.011, 0.323, 0.01, -0.025, 0.001, 0.125, 0.01
 194006533, -0.025, -0.018, 0.548, 0.01, -0.025, -0.011, 0.323, 0.01
 194206453, -0.025, -0.023, 0.781, 0.01, -0.025, -0.018, 0.548, 0.01
 194406373, -0.025, -0.024, 1.012, 0.01, -0.025, -0.023, 0.781, 0.01
 194606293, -0.024, -0.025, 1.236, 0.01, -0.025, -0.024, 1.012, 0.01
 194806213, -0.023, -0.024, 1.442, 0.01, -0.024, -0.025, 1.236, 0.01
 195006133, -0.021, -0.022, 1.557, 0.01, -0.023, -0.024, 1.442, 0.01
 195206053, -0.019, -0.02, 1.595, 0.01, -0.021, -0.022, 1.557, 0.01
 195405973, -0.017, -0.017, 1.587, 0.01, -0.019, -0.02, 1.595, 0.01
 195605893, -0.014, -0.015, 1.558, 0.01, -0.017, -0.017, 1.587, 0.01
 195805813, -0.01, -0.013, 1.52, 0.01, -0.014, -0.015, 1.558, 0.01
 196006566, -0.007, -0.011, 1.485, 0.01, -0.01, -0.013, 1.52, 0.01
 196206486, -0.005, -0.01, 1.457, 0.01, -0.007, -0.011, 1.485, 0.01
 196406406, -0.003, -0.01, 1.437, 0.01, -0.005, -0.01, 1.457, 0.01
 196606326, -0.001, -0.011, 1.423, 0.01, -0.003, -0.01, 1.437, 0.01
 196806246, 0, -0.011, 1.416, 0.01, -0.001, -0.011, 1.423, 0.01
 197006166, 0, -0.012, 1.413, 0.01, 0, -0.011, 1.416, 0.01
 197206086, 0, -0.013, 1.414, 0.01, 0, -0.012, 1.413, 0.01
 197406006, 0, -0.014, 1.415, 0.01, 0, -0.013, 1.414, 0.01
 197605926, 0, -0.015, 1.417, 0.01, 0, -0.014, 1.415, 0.01
 197805846, 0, -0.016, 1.419, 0.01, 0, -0.015, 1.417, 0.01
 198005766, 0, -0.018, 1.42, 0.01, 0, -0.016, 1.419, 0.01
 198206519, 0, -0.02, 1.42, 0.01, 0, -0.018, 1.42, 0.01
 198406439, 0, -0.02, 1.42, 0.01, 0, -0.02, 1.42, 0.01
 198606359, 0, -0.022, 1.42, 0.01, 0, -0.02, 1.42, 0.01
 198806279, 0.001, -0.023, 1.418, 0.01, 0, -0.022, 1.42, 0.01
 199006199, 0.001, -0.023, 1.416, 0.01, 0.001, -0.023, 1.418, 0.01
 199206119, 0, -0.023, 1.416, 0.01, 0.001, -0.023, 1.416, 0.01
 199406039, 0, -0.022, 1.415, 0.01, 0, -0.023, 1.416, 0.01
 199605959, 0, -0.02, 1.415, 0.01, 0, -0.022, 1.415, 0.01
 199805879, 0, -0.018, 1.414, 0.01, 0, -0.02, 1.415, 0.01
 200005799, 0, -0.017, 1.413, 0.01, 0, -0.018, 1.414, 0.01
 200206552, 0, -0.015, 1.413, 0.01, 0, -0.017, 1.413, 0.01
 200406472, 0, -0.014, 1.413, 0.01, 0, -0.015, 1.413, 0.01
 200606392, 0, -0.013, 1.413, 0.01, 0, -0.014, 1.413, 0.01
 200806312, 0, -0.011, 1.412, 0.01, 0, -0.013, 1.413, 0.01
 201006232, 0, -0.009000001, 1.412, 0.01, 0, -0.011, 1.412, 0.01
 201206152, 0, -0.009000001, 1.412, 0.01, 0, -0.009000001, 1.412, 0.01
 201406072, 0, -0.008, 1.412, 0.01, 0, -0.009000001, 1.412, 0.01
 201605992, 0, -0.008, 1.413, 0.01, 0, -0.008, 1.412, 0.01
 201805912, 0.001, -0.007, 1.414, 0.01, 0, -0.008, 1.413, 0.01
 202005832, 0.001, -0.007, 1.414, 0.01, 0.001, -0.007, 1.414, 0.01
 202206585, 0.001, -0.007, 1.415, 0.01, 0.001, -0.007, 1.414, 0.01
 202406505, 0.001, -0.006, 1.416, 0.01, 0.001, -0.007, 1.415, 0.01
 202606425, 0.001, -0.004, 1.417, 0.01, 0.001, -0.006, 1.416, 0.01
 202806345, 0.001, -0.003, 1.419, 0.01, 0.001, -0.004, 1.417, 0.01
 203006265, 0.001, -0.002, 1.403, 0.01, 0.001, -0.003, 1.419, 0.01
 203206185, 0.001, -0.001, 1.298, 0.01, 0.001, -0.002, 1.403, 0.01
 203406105, 0.001, 0, 1.116, 0.01, 0.001, -0.001, 1.298, 0.01
 203606025, 0.001, 0, 0.9, 0.01, 0.001, 0, 1.116, 0.01
 203805945, 0.001, 0, 0.675, 0.01, 0.001, 0, 0.9, 0.01
 204005865, 0.002, 0, 0.482, 0.01, 0.001, 0, 0.675, 0.01
 204205785, 0.002, -0.001, 0.384, 0.01, 0.002, 0, 0.482, 0.01
 204406538, 0.003, -0.002, 0.353, 0.01, 0.002, -0.001, 0.384, 0.01
 204606458, 0.003, -0.003, 0.36, 0.01, 0.003, -0.002, 0.353, 0.01
 204806378, 0.002, -0.004, 0.385, 0.01, 0.003, -0.003, 0.36, 0.01
 205006298, 0.001, -0.004, 0.416, 0.01, 0.002, -0.004, 0.385, 0.01
 205206218, 0, -0.005, 0.443, 0.01, 0.001, -0.004, 0.416, 0.01
 205406138, 0, -0.004, 0.465, 0.01, 0, -0.005, 0.443, 0.01
 205606058, 0, -0.003, 0.48, 0.01, 0, -0.004, 0.465, 0.01
 205805978, 0, -0.002, 0.489, 0.01, 0, -0.003, 0.48, 0.01
 206005898, -0.001, -0.001, 0.493, 0.01, 0, -0.002, 0.489, 0.01
 206205818, -0.002, 0, 0.494, 0.01, -0.001, -0.001, 0.493, 0.01
 206406571, -0.002, 0, 0.493, 0.01, -0.002, 0, 0.494, 0.01
 206606491, -0.002, 0, 0.493, 0.01, -0.002, 0, 0.493, 0.01
 206806411, -0.002, 0, 0.49, 0.01, -0.002, 0, 0.493, 0.01
 207006331, -0.002, 0, 0.487, 0.01, -0.002, 0, 0.49, 0.01
 207206251, -0.002, 0, 0.485, 0.01, -0.002, 0, 0.487, 0.01
 207406171, -0.001, 0.001, 0.484, 0.01, -0.002, 0, 0.485, 0.01
 207606091, -0.001, 0.001, 0.483, 0.01, -0.001, 0.001, 0.484, 0.01
 207806011, -0.002, 0.001, 0.482, 0.01, -0.001, 0.001, 0.483, 0.01
 208005931, -0.002, 0.002, 0.482, 0.01, -0.002, 0.001, 0.482, 0.01
 208205851, -0.002, 0.002, 0.482, 0.01, -0.002, 0.002, 0.482, 0.01
 208405771, -0.002, 0.003, 0.482, 0.01, -0.002, 0.002, 0.482, 0.01
 208606524, -0.003, 0.004, 0.481, 0.01, -0.002, 0.003, 0.482, 0.01
 208806444, -0.003, 0.005, 0.48, 0.01, -0.003, 0.004, 0.481, 0.01
 209006364, -0.003, 0.005, 0.48, 0.01, -0.003, 0.005, 0.48, 0.01
 209206284, -0.004, 0.005, 0.48, 0.01, -0.003, 0.005, 0.48, 0.01
 209406204, -0.004, 0.006, 0.479, 0.01, -0.004, 0.005, 0.48, 0.01
 209606124, -0.005, 0.006, 0.479, 0.01, -0.004, 0.006, 0.479, 0.01
 209806044, -0.005, 0.006, 0.479, 0.01, -0.005, 0.006, 0.479, 0.01
 210005964, -0.005, 0.005, 0.479, 0.01, -0.005, 0.006, 0.479, 0.01
 210205884, -0.005, 0.004, 0.479, 0.01, -0.005, 0.005, 0.479, 0.01
 210405804, -0.005, 0.004, 0.479, 0.01, -0.005, 0.004, 0.479, 0.01
 210606557, -0.006, 0.004, 0.478, 0.01, -0.005, 0.004, 0.479, 0.01
 210806477, -0.006, 0.003, 0.478, 0.01, -0.006, 0.004, 0.478, 0.01
 211006397, -0.005, 0.002, 0.478, 0.01, -0.006, 0.003, 0.478, 0.01
 211206317, -0.004, 0.002, 0.477, 0.01, -0.005, 0.002, 0.478, 0.01
 211406237, -0.002, 0.002, 0.477, 0.01, -0.004, 0.002, 0.477, 0.01
 211606157, -0.001, 0.001, 0.476, 0.01, -0.002, 0.002, 0.477, 0.01
 211806077, -0.001, 0, 0.476, 0.01, -0.001, 0.001, 0.476, 0.01
 212005997, -0.001, 0, 0.476, 0.01, -0.001, 0, 0.476, 0.01
 212205917, -0.001, 0, 0.476, 0.01, -0.001, 0, 0.476, 0.01
 212405837, -0.001, 0, 0.476, 0.01, -0.001, 0, 0.476, 0.01
 212606590, -0.001, 0, 0.476, 0.01, -0.001, 0, 0.476, 0.01
 212806510, -0.001, 0, 0.476, 0.01, -0.001, 0, 0.476, 0.01
 213006430, 0, -0.001, 0.476, 0.01, -0.001, 0, 0.476, 0.01
 213206350, 0, -0.003, 0.476, 0.01, 0, -0.001, 0.476, 0.01
 213406270, 0, -0.004, 0.476, 0.01, 0, -0.003, 0.476, 0.01
 213606190, 0.001, -0.004, 0.476, 0.01, 0, -0.004, 0.476, 0.01
 213806110, 0.002, -0.003, 0.476, 0.01, 0.001, -0.004, 0.476, 0.01
 214006030, 0.002, -0.002, 0.476, 0.01, 0.002, -0.003, 0.476, 0.01
 214205950, 0.002, -0.002, 0.477, 0.01, 0.002, -0.002, 0.476, 0.01
 214405870, 0.002, -0.001, 0.476, 0.01, 0.002, -0.002, 0.477, 0.01
 214605790, 0.002, -0.002, 0.477, 0.01, 0.002, -0.001, 0.476, 0.01
 214806543, 0.003, -0.002, 0.476, 0.01, 0.002, -0.002, 0.477, 0.01
 215006463, 0.003, -0.001, 0.477, 0.01, 0.003, -0.002, 0.476, 0.01
 215206383, 0.003, 0, 0.477, 0.01, 0.003, -0.001, 0.477, 0.01
 215406303, 0.003, 0, 0.476, 0.01, 0.003, 0, 0.477, 0.01
 215606223, 0.003, 0.001, 0.476, 0.01, 0.003, 0, 0.476, 0.01
 215806143, 0.002, 0.001, 0.476, 0.01, 0.003, 0.001, 0.476, 0.01
 216006063, 0.002, 0.001, 0.476, 0.01, 0.002, 0.001, 0.476, 0.01
 216205983, 0.002, 0.001, 0.477, 0.01, 0.002, 0.001, 0.476, 0.01
 216405903, 0.002, 0.001, 0.477, 0.01, 0.002, 0.001, 0.477, 0.01
 216605823, 0.001, 0, 0.476, 0.01, 0.002, 0.001, 0.477, 0.01
 216806576, 0, 0, 0.476, 0.01, 0.001, 0, 0.476, 0.01
 217006496, 0, 0, 0.477, 0.01, 0, 0, 0.476, 0.01
 217206416, -0.001, 0, 0.477, 0.01, 0, 0, 0.477, 0.01
 217406336, -0.001, 0, 0.478, 0.01, -0.001, 0, 0.477, 0.01
 217606256, -0.001, 0, 0.478, 0.01, -0.001, 0, 0.478, 0.01
 217806176, -0.001, 0, 0.478, 0.01, -0.001, 0, 0.478, 0.01
 218006096, -0.001, 0, 0.478, 0.01, -0.001, 0, 0.478, 0.01
 218206016, -0.001, 0, 0.478, 0.01, -0.001, 0, 0.478, 0.01
 218405936, -0.001, 0, 0.478, 0.01, -0.001, 0, 0.478, 0.01
 218605856, 0, 0, 0.478, 0.01, -0.001, 0, 0.478, 0.01
 218805776, 0, 0, 0.478, 0.01, 0, 0, 0.478, 0.01
 219006529, 0, 0, 0.478, 0.01, 0, 0, 0.478, 0.01
 219206449, 0, 0, 0.478, 0.01, 0, 0, 0.478, 0.01
 219406369, 0, 0, 0.478, 0.01, 0, 0, 0.478, 0.01
 219606289, 0, 0, 0.478, 0.01, 0, 0, 0.478, 0.01
 219806209, 0, 0.001, 0.477, 0.01, 0, 0, 0.478, 0.01
 220006129, 0, 0.001, 0.477, 0.01, 0, 0.001, 0.477, 0.01
 220206049, 0, 0.001, 0.477, 0.01, 0, 0.001, 0.477, 0.01
 220405969, -0.001, 0.001, 0.477, 0.01, 0, 0.001, 0.477, 0.01
 220605889, 0, 0.001, 0.478, 0.01, -0.001, 0.001, 0.477, 0.01
 220805809, 0, 0.001, 0.478, 0.01, 0, 0.001, 0.478, 0.01
 221006562, 0, 0.001, 0.478, 0.01, 0, 0.001, 0.478, 0.01
 221206482, 0, 0.001, 0.478, 0.01, 0, 0.001, 0.478, 0.01
 221406402, 0, 0, 0.477, 0.01, 0, 0.001, 0.478, 0.01
 221606322, 0, 0, 0.477, 0.01, 0, 0, 0.477, 0.01
 221806242, -0.001, 0, 0.477, 0.01, 0, 0, 0.477, 0.01
 222006162, -0.001, 0, 0.477, 0.01, -0.001, 0, 0.477, 0.01
 222206082, 0, -0.001, 0.477, 0.01, -0.001, 0, 0.477, 0.01
 222406002, 0, 0, 0.477, 0.01, 0, -0.001, 0.477, 0.01
 222605922, -0.001, 0, 0.477, 0.01, 0, 0, 0.477, 0.01
 222805842, -0.001, 0, 0.477, 0.01, -0.001, 0, 0.477, 0.01
 223005762, 0, 0, 0.476, 0.01, -0.001, 0, 0.477, 0.01
 223206515, 0, 0, 0.477, 0.01, 0, 0, 0.476, 0.01
 223406435, -0.001, 0, 0.477, 0.01, 0, 0, 0.477, 0.01
 223606355, -0.001, 0, 0.476, 0.01, -0.001, 0, 0.477, 0.01
 223806275, -0.002, 0.001, 0.476, 0.01, -0.001, 0, 0.476, 0.01
 224006195, -0.003, 0.001, 0.476, 0.01, -0.002, 0.001, 0.476, 0.01
 224206115, 0, 0, -0.102, 0.01, -0.003, 0.001, 0.476, 0.01
 224406035, 0, 0, -0.06500001, 0.01, 0, 0, -0.102, 0.01
 224605955, 0, 0, 0.021, 0.01, 0, 0, -0.06500001, 0.01
 224805875, 0, 0, 0.006, 0.01, 0, 0, 0.021, 0.01
 225005795, 0, 0, -0.003, 0.01, 0, 0, 0.006, 0.01
 225206548, 0, 0, 0, 0.01, 0, 0, -0.003, 0.01
 225406468, 0, 0, 0, 0.01, 0, 0, 0, 0.01
 225606388, 0, 0, 0, 0.01, 0, 0, 0, 0.01
 225806308, 0, 0, 0, 0.01, 0, 0, 0, 0.01
 226006228, 0, 0, 0, 0.01, 0, 0, 0, 0.01
 226206148, 0, 0, 0, 0.01, 0, 0, 0, 0.01
