TimeUS,CGpN,CGpE,CGpD,CGpe,PGpN,PGpE,PGpD,PGpe
 8425795, 0, 0, 0, 0.01, 0, 0, 0, 0
 8606556, 0, 0, 0, 0.01, 0, 0, 0, 0.01
 8806476, 0, 0, 0, 0.01, 0, 0, 0, 0.01
 9006396, 0, 0, 0, 0.01, 0, 0, 0, 0.01
 9206316, 0, 0, 0, 0.01, 0, 0, 0, 0.01
 9406236, 0, 0, 0, 0.01, 0, 0, 0, 0.01
 9606156, 0, 0, 0, 0.01, 0, 0, 0, 0.01
 9806076, 0, 0, 0, 0.01, 0, 0, 0, 0.01
 10005996, 0, 0, 0, 0.01, 0, 0, 0, 0.01
 10205916, 0, 0, 0, 0.01, 0, 0, 0, 0.01
 10405836, 0, 0, 0, 0.01, 0, 0, 0, 0.01
 10606589, 0, 0, 0, 0.01, 0, 0, 0, 0.01
 10806509, 0, 0, 0, 0.01, 0, 0, 0, 0.01
 11006429, 0, 0, 0, 0.01, 0, 0, 0, 0.01
 11206349, 0, 0, 0, 0.01, 0, 0, 0, 0.01
 11406269, 0, 0, 0, 0.01, 0, 0, 0, 0.01
 11606189, 0, 0, 0, 0.01, 0, 0, 0, 0.01
 11806109, 0, 0, 0, 0.01, 0, 0, 0, 0.01
 12006029, 0, 0, 0, 0.01, 0, 0, 0, 0.01
 12205949, 0, 0, 0, 0.01, 0, 0, 0, 0.01
 12405869, 0, 0, 0, 0.01, 0, 0, 0, 0.01
 12605789, 0, 0, 0, 0.01, 0, 0, 0, 0.01
 12806542, 0, 0, 0, 0.01, 0, 0, 0, 0.01
 13006462, 0, 0, 0, 0.01, 0, 0, 0, 0.01
 13206382, 0, 0, 0, 0.01, 0, 0, 0, 0.01
 13406302, 0, 0, 0, 0.01, 0, 0, 0, 0.01
 13606222, 0, 0, 0, 0.01, 0, 0, 0, 0.01
 13806142, 0, 0, 0, 0.01, 0, 0, 0, 0.01
 14006062, 0, 0, 0, 0.01, 0, 0, 0, 0.01
 14205982, 0, 0, 0, 0.01, 0, 0, 0, 0.01
 14405902, 0, 0, 0, 0.01, 0, 0, 0, 0.01
 14605822, 0, 0, 0, 0.01, 0, 0, 0, 0.01
 14806575, 0, 0, 0, 0.01, 0, 0, 0, 0.01
 15006495, 0, 0, 0, 0.01, 0, 0, 0, 0.01
 15206415, 0, 0, 0, 0.01, 0, 0, 0, 0.01
 15406335, 0, 0, 0, 0.01, 0, 0, 0, 0.01
 15606255, 0, 0, 0, 0.01, 0, 0, 0, 0.01
 15806175, 0, 0, 0, 0.01, 0, 0, 0, 0.01
 16006095, 0, 0, 0, 0.01, 0, 0, 0, 0.01
 16206015, 0, 0, 0, 0.01, 0, 0, 0, 0.01
 16405935, 0, 0, 0, 0.01, 0, 0, 0, 0.01
 16605855, 0, 0, 0, 0.01, 0, 0, 0, 0.01
 16805775, 0, 0, 0, 0.01, 0, 0, 0, 0.01
 17006528, 0, 0, 0, 0.01, 0, 0, 0, 0.01
 17206448, 0, 0, 0, 0.01, 0, 0, 0, 0.01
 17406368, 0, 0, 0, 0.01, 0, 0, 0, 0.01
 17606288, 0, 0, 0, 0.01, 0, 0, 0, 0.01
 17806208, 0, 0, 0, 0.01, 0, 0, 0, 0.01
 18006128, 0, 0, 0, 0.01, 0, 0, 0, 0.01
 18206048, 0, 0, 0, 0.01, 0, 0, 0, 0.01
 18405968, 0, 0, 0, 0.01, 0, 0, 0, 0.01
 18605888, 0, 0, 0, 0.01, 0, 0, 0, 0.01
 18805808, 0, 0, 0, 0.01, 0, 0, 0, 0.01
 19006561, 0, 0, 0, 0.01, 0, 0, 0, 0.01
 19206481, 0, 0, 0, 0.01, 0, 0, 0, 0.01
 19406401, 0, 0, 0, 0.01, 0, 0, 0, 0.01
 19606321, 0, 0, 0, 0.01, 0, 0, 0, 0.01
 19806241, 0, 0, 0, 0.01, 0, 0, 0, 0.01
 20006161, 0, 0, 0, 0.01, 0, 0, 0, 0.01
 20206081, 0, 0, 0, 0.01, 0, 0, 0, 0.01
 20406001, 0, 0, 0, 0.01, 0, 0, 0, 0.01
 20605921, 0, 0, 0, 0.01, 0, 0, 0, 0.01
 20805841, 0, 0, 0, 0.01, 0, 0, 0, 0.01
 21005761, 0, 0, 0, 0.01, 0, 0, 0, 0.01
 21206514, 0, 0, 0, 0.01, 0, 0, 0, 0.01
 21406434, 0, 0, 0, 0.01, 0, 0, 0, 0.01
 21606354, 0, 0, 0, 0.01, 0, 0, 0, 0.01
 21806274, 0, 0, 0, 0.01, 0, 0, 0, 0.01
 22006194, 0, 0, 0, 0.01, 0, 0, 0, 0.01
 22206114, 0, 0, 0, 0.01, 0, 0, 0, 0.01
 22406034, 0, 0, 0, 0.01, 0, 0, 0, 0.01
 22605954, 0, 0, 0, 0.01, 0, 0, 0, 0.01
 22805874, 0, 0, 0, 0.01, 0, 0, 0, 0.01
 23005794, 0, 0, 0, 0.01, 0, 0, 0, 0.01
 23206547, 0, 0, 0, 0.01, 0, 0, 0, 0.01
 23406467, 0, 0, 0, 0.01, 0, 0, 0, 0.01
 23606387, 0, 0, 0, 0.01, 0, 0, 0, 0.01
 23806307, 0, 0, 0, 0.01, 0, 0, 0, 0.01
 24006227, 0, 0, 0, 0.01, 0, 0, 0, 0.01
 24206147, 0, 0, 0, 0.01, 0, 0, 0, 0.01
 24406067, 0, 0, 0, 0.01, 0, 0, 0, 0.01
 24605987, 0, 0, 0, 0.01, 0, 0, 0, 0.01
 24805907, 0, 0, 0, 0.01, 0, 0, 0, 0.01
 25005827, 0, 0, 0, 0.01, 0, 0, 0, 0.01
 25206580, 0, 0, 0, 0.01, 0, 0, 0, 0.01
 25406500, 0, 0, 0, 0.01, 0, 0, 0, 0.01
 25606420, 0, 0, 0, 0.01, 0, 0, 0, 0.01
 25806340, 0, 0, 0, 0.01, 0, 0, 0, 0.01
 26006260, 0, 0, 0, 0.01, 0, 0, 0, 0.01
 26206180, 0, 0, 0, 0.01, 0, 0, 0, 0.01
 26406100, 0, 0, 0, 0.01, 0, 0, 0, 0.01
 26606020, 0, 0, 0, 0.01, 0, 0, 0, 0.01
 26805940, 0, 0, 0, 0.01, 0, 0, 0, 0.01
 27005860, 0, 0, 0, 0.01, 0, 0, 0, 0.01
 27205780, 0, 0, 0, 0.01, 0, 0, 0, 0.01
 27406533, 0, 0, 0, 0.01, 0, 0, 0, 0.01
 27606453, 0, 0, 0, 0.01, 0, 0, 0, 0.01
 27806373, 0, 0, 0, 0.01, 0, 0, 0, 0.01
 28006293, 0, 0, 0, 0.01, 0, 0, 0, 0.01
 28206213, 0, 0, 0, 0.01, 0, 0, 0, 0.01
 28406133, 0, 0, 0, 0.01, 0, 0, 0, 0.01
 28606053, 0, 0, 0, 0.01, 0, 0, 0, 0.01
 28805973, 0, 0, 0, 0.01, 0, 0, 0, 0.01
 29005893, 0, 0, 0, 0.01, 0, 0, 0, 0.01
 29205813, 0, 0, 0, 0.01, 0, 0, 0, 0.01
 29406566, 0, 0, 0, 0.01, 0, 0, 0, 0.01
 29606486, 0, 0, 0, 0.01, 0, 0, 0, 0.01
 29806406, 0, 0, 0, 0.01, 0, 0, 0, 0.01
 30006326, 0, 0, 0, 0.01, 0, 0, 0, 0.01
 30206246, 0, 0, 0, 0.01, 0, 0, 0, 0.01
 30406166, 0, 0, 0, 0.01, 0, 0, 0, 0.01
 30606086, 0, 0, 0, 0.01, 0, 0, 0, 0.01
 30806006, 0, 0, 0, 0.01, 0, 0, 0, 0.01
 31005926, 0, 0, 0, 0.01, 0, 0, 0, 0.01
 31205846, 0, 0, 0, 0.01, 0, 0, 0, 0.01
 31405766, 0, 0, 0, 0.01, 0, 0, 0, 0.01
 31606519, 0, 0, 0, 0.01, 0, 0, 0, 0.01
 31806439, 0, 0, 0, 0.01, 0, 0, 0, 0.01
 32006359, 0, 0, 0, 0.01, 0, 0, 0, 0.01
 32206279, 0, 0, 0, 0.01, 0, 0, 0, 0.01
 32406199, 0, 0, 0, 0.01, 0, 0, 0, 0.01
 32606119, 0, 0, 0, 0.01, 0, 0, 0, 0.01
 32806039, 0, 0, 0, 0.01, 0, 0, 0, 0.01
 33005959, 0, 0, 0, 0.01, 0, 0, 0, 0.01
 33205879, 0, 0, 0, 0.01, 0, 0, 0, 0.01
 33405799, 0, 0, 0, 0.01, 0, 0, 0, 0.01
 33606552, 0, 0, 0, 0.01, 0, 0, 0, 0.01
 33806472, 0, 0, 0, 0.01, 0, 0, 0, 0.01
 34006392, 0, 0, 0, 0.01, 0, 0, 0, 0.01
 34206312, 0, 0, 0, 0.01, 0, 0, 0, 0.01
 34406232, 0, 0, 0, 0.01, 0, 0, 0, 0.01
 34606152, 0, 0, 0, 0.01, 0, 0, 0, 0.01
 34806072, 0, 0, 0, 0.01, 0, 0, 0, 0.01
 35005992, 0, 0, 0, 0.01, 0, 0, 0, 0.01
 35205912, 0, 0, 0, 0.01, 0, 0, 0, 0.01
 35405832, 0, 0, 0, 0.01, 0, 0, 0, 0.01
 35606585, 0, 0, 0, 0.01, 0, 0, 0, 0.01
 35806505, 0, 0, 0, 0.01, 0, 0, 0, 0.01
 36006425, 0, 0, 0, 0.01, 0, 0, 0, 0.01
 36206345, 0, 0, 0, 0.01, 0, 0, 0, 0.01
 36406265, 0, 0, 0, 0.01, 0, 0, 0, 0.01
 36606185, 0, 0, 0, 0.01, 0, 0, 0, 0.01
 36806105, 0, 0, 0, 0.01, 0, 0, 0, 0.01
 37006025, 0, 0, 0, 0.01, 0, 0, 0, 0.01
 37205945, 0, 0, 0, 0.01, 0, 0, 0, 0.01
 37405865, 0, 0, 0, 0.01, 0, 0, 0, 0.01
 37605785, 0, 0, 0, 0.01, 0, 0, 0, 0.01
 37806538, 0, 0, 0, 0.01, 0, 0, 0, 0.01
 38006458, 0, 0, 0, 0.01, 0, 0, 0, 0.01
 38206378, 0, 0, 0, 0.01, 0, 0, 0, 0.01
 38406298, 0, 0, 0, 0.01, 0, 0, 0, 0.01
 38606218, 0, 0, 0, 0.01, 0, 0, 0, 0.01
 38806138, 0, 0, 0, 0.01, 0, 0, 0, 0.01
 39006058, 0, 0, 0, 0.01, 0, 0, 0, 0.01
 39205978, 0, 0, 0, 0.01, 0, 0, 0, 0.01
 39405898, 0, 0, 0, 0.01, 0, 0, 0, 0.01
 39605818, 0, 0, 0, 0.01, 0, 0, 0, 0.01
 39806571, 0, 0, 0, 0.01, 0, 0, 0, 0.01
 40006491, 0, 0, 0, 0.01, 0, 0, 0, 0.01
 40206411, 0, 0, 0, 0.01, 0, 0, 0, 0.01
 40406331, 0, 0, 0, 0.01, 0, 0, 0, 0.01
 40606251, 0, 0, 0, 0.01, 0, 0, 0, 0.01
 40806171, 0, 0, 0, 0.01, 0, 0, 0, 0.01
 41006091, 0, 0, 0, 0.01, 0, 0, 0, 0.01
 41206011, 0, 0, 0, 0.01, 0, 0, 0, 0.01
 41405931, 0, 0, 0, 0.01, 0, 0, 0, 0.01
 41605851, 0, 0, 0, 0.01, 0, 0, 0, 0.01
 41805771, 0, 0, 0, 0.01, 0, 0, 0, 0.01
 42006524, 0, 0, 0, 0.01, 0, 0, 0, 0.01
 42206444, 0, 0, 0, 0.01, 0, 0, 0, 0.01
 42406364, 0, 0, 0, 0.01, 0, 0, 0, 0.01
 42606284, 0, 0, 0, 0.01, 0, 0, 0, 0.01
 42806204, 0, 0, 0, 0.01, 0, 0, 0, 0.01
 43006124, 0, 0, 0, 0.01, 0, 0, 0, 0.01
 43206044, 0, 0, 0, 0.01, 0, 0, 0, 0.01
 43405964, 0, 0, 0, 0.01, 0, 0, 0, 0.01
 43605884, 0, 0, 0, 0.01, 0, 0, 0, 0.01
 43805804, 0, 0, 0, 0.01, 0, 0, 0, 0.01
 44006557, 0, 0, 0, 0.01, 0, 0, 0, 0.01
 44206477, 0, 0, 0, 0.01, 0, 0, 0, 0.01
 44406397, 0, 0, 0, 0.01, 0, 0, 0, 0.01
 44606317, 0, 0, 0, 0.01, 0, 0, 0, 0.01
 44806237, 0, 0, 0, 0.01, 0, 0, 0, 0.01
 45006157, 0, 0, 0, 0.01, 0, 0, 0, 0.01
 45206077, 0, 0, 0, 0.01, 0, 0, 0, 0.01
 45405997, 0, 0, 0, 0.01, 0, 0, 0, 0.01
 45605917, 0, 0, 0, 0.01, 0, 0, 0, 0.01
 45805837, 0, 0, 0, 0.01, 0, 0, 0, 0.01
 46006590, 0, 0, 0, 0.01, 0, 0, 0, 0.01
 46206510, 0, 0, 0, 0.01, 0, 0, 0, 0.01
 46406430, 0, 0, 0, 0.01, 0, 0, 0, 0.01
 46606350, 0, 0, -0.07300001, 0.01, 0, 0, 0, 0.01
 46806270, 0, 0, -0.694, 0.01, 0, 0, -0.07300001, 0.01
 47006190, -0.002, -0.001, -1.786, 0.01, 0, 0, -0.694, 0.01
 47206110, -0.008, -0.008, -3.182, 0.01, -0.002, -0.001, -1.786, 0.01
 47406030, -0.016, -0.016, -3.949, 0.01, -0.008, -0.008, -3.182, 0.01
 47605950, -0.024, -0.025, -4.614, 0.01, -0.016, -0.016, -3.949, 0.01
 47805870, -0.03, -0.033, -5.248, 0.01, -0.024, -0.025, -4.614, 0.01
 48005790, -0.036, -0.041, -5.78, 0.01, -0.03, -0.033, -5.248, 0.01
 48206543, -0.041, -0.047, -6.221, 0.01, -0.036, -0.041, -5.78, 0.01
 48406463, -0.045, -0.051, -6.589, 0.01, -0.041, -0.047, -6.221, 0.01
 48606383, -0.048, -0.054, -6.895, 0.01, -0.045, -0.051, -6.589, 0.01
 48806303, -0.05, -0.056, -7.145, 0.01, -0.048, -0.054, -6.895, 0.01
 49006223, -0.052, -0.058, -6.734, 0.01, -0.05, -0.056, -7.145, 0.01
 49206143, -0.054, -0.059, -6.1, 0.01, -0.052, -0.058, -6.734, 0.01
 49406063, -0.056, -0.06, -5.563, 0.01, -0.054, -0.059, -6.1, 0.01
 49605983, -0.059, -0.061, -5.102, 0.01, -0.056, -0.06, -5.563, 0.01
 49805903, -0.061, -0.063, -4.703, 0.01, -0.059, -0.061, -5.102, 0.01
 50005823, -0.064, -0.064, -4.357, 0.01, -0.061, -0.063, -4.703, 0.01
 50206576, -0.066, -0.066, -4.053, 0.01, -0.064, -0.064, -4.357, 0.01
 50406496, -0.066, -0.06500001, -3.176, 0.01, -0.066, -0.066, -4.053, 0.01
 50606416, -0.056, -0.061, -2.291, 0.01, -0.066, -0.06500001, -3.176, 0.01
 50806336, -0.018, -0.051, -1.681, 0.01, -0.056, -0.061, -2.291, 0.01
 51006256, 0.053, -0.036, -1.238, 0.01, -0.018, -0.051, -1.681, 0.01
 51206176, 0.154, -0.017, -0.8880001, 0.01, 0.053, -0.036, -1.238, 0.01
 51406096, 0.277, 0.002, -0.6070001, 0.01, 0.154, -0.017, -0.8880001, 0.01
 51606016, 0.421, 0.024, -0.392, 0.01, 0.277, 0.002, -0.6070001, 0.01
 51805936, 0.586, 0.048, -0.233, 0.01, 0.421, 0.024, -0.392, 0.01
 52005856, 0.772, 0.072, -0.119, 0.01, 0.586, 0.048, -0.233, 0.01
 52205776, 0.98, 0.098, -0.037, 0.01, 0.772, 0.072, -0.119, 0.01
 52406529, 1.214, 0.126, 0.023, 0.01, 0.98, 0.098, -0.037, 0.01
 52606449, 1.472, 0.159, 0.071, 0.01, 1.214, 0.126, 0.023, 0.01
 52806369, 1.757, 0.198, 0.117, 0.01, 1.472, 0.159, 0.071, 0.01
 53006289, 2.065, 0.241, 0.163, 0.01, 1.757, 0.198, 0.117, 0.01
 53206209, 2.402, 0.285, 0.211, 0.01, 2.065, 0.241, 0.163, 0.01
 53406129, 2.768, 0.328, 0.259, 0.01, 2.402, 0.285, 0.211, 0.01
 53606049, 3.164, 0.369, 0.307, 0.01, 2.768, 0.328, 0.259, 0.01
 53805969, 3.577, 0.412, 0.352, 0.01, 3.164, 0.369, 0.307, 0.01
 54005889, 3.986, 0.459, 0.395, 0.01, 3.577, 0.412, 0.352, 0.01
 54205809, 4.394, 0.511, 0.436, 0.01, 3.986, 0.459, 0.395, 0.01
 54406562, 4.809, 0.573, 0.477, 0.01, 4.394, 0.511, 0.436, 0.01
 54606482, 5.23, 0.636, 0.517, 0.01, 4.809, 0.573, 0.477, 0.01
 54806402, 5.654, 0.697, 0.555, 0.01, 5.23, 0.636, 0.517, 0.01
 55006322, 6.082, 0.752, 0.592, 0.01, 5.654, 0.697, 0.555, 0.01
 55206242, 6.51, 0.802, 0.628, 0.01, 6.082, 0.752, 0.592, 0.01
 55406162, 6.926, 0.8470001, 0.66, 0.01, 6.51, 0.802, 0.628, 0.01
 55606082, 7.311, 0.892, 0.689, 0.01, 6.926, 0.8470001, 0.66, 0.01
 55806002, 7.663001, 0.933, 0.715, 0.01, 7.311, 0.892, 0.689, 0.01
 56005922, 7.977, 0.97, 0.737, 0.01, 7.663001, 0.933, 0.715, 0.01
 56205842, 8.252001, 1.003, 0.756, 0.01, 7.977, 0.97, 0.737, 0.01
 56405762, 8.491, 1.031, 0.771, 0.01, 8.252001, 1.003, 0.756, 0.01
 56606515, 8.697001, 1.056, 0.7820001, 0.01, 8.491, 1.031, 0.771, 0.01
 56806435, 8.874001, 1.078, 0.79, 0.01, 8.697001, 1.056, 0.7820001, 0.01
 57006355, 9.026, 1.099, 0.793, 0.01, 8.874001, 1.078, 0.79, 0.01
 57206275, 9.155001, 1.12, 0.794, 0.01, 9.026, 1.099, 0.793, 0.01
 57406195, 9.264001, 1.132, 0.79, 0.01, 9.155001, 1.12, 0.794, 0.01
 57606115, 9.349, 1.134, 0.784, 0.01, 9.264001, 1.132, 0.79, 0.01
 57806035, 9.406, 1.129, 0.776, 0.01, 9.349, 1.134, 0.784, 0.01
 58005955, 9.442, 1.122, 0.7690001, 0.01, 9.406, 1.129, 0.776, 0.01
 58205875, 9.471001, 1.117, 0.7640001, 0.01, 9.442, 1.122, 0.7690001, 0.01
 58405795, 9.5, 1.113, 0.7600001, 0.01, 9.471001, 1.117, 0.7640001, 0.01
 58606548, 9.526, 1.104, 0.7550001, 0.01, 9.5, 1.113, 0.7600001, 0.01
 58806468, 9.549001, 1.089, 0.752, 0.01, 9.526, 1.104, 0.7550001, 0.01
 59006388, 9.567, 1.072, 0.7500001, 0.01, 9.549001, 1.089, 0.752, 0.01
 59206308, 9.581, 1.056, 0.748, 0.01, 9.567, 1.072, 0.7500001, 0.01
 59406228, 9.591001, 1.046, 0.7500001, 0.01, 9.581, 1.056, 0.748, 0.01
 59606148, 9.602, 1.044, 0.752, 0.01, 9.591001, 1.046, 0.7500001, 0.01
 59806068, 9.616, 1.043, 0.757, 0.01, 9.602, 1.044, 0.752, 0.01
 60005988, 9.634001, 1.044, 0.762, 0.01, 9.616, 1.043, 0.757, 0.01
 60205908, 9.650001, 1.049, 0.767, 0.01, 9.634001, 1.044, 0.762, 0.01
 60405828, 9.662001, 1.057, 0.772, 0.01, 9.650001, 1.049, 0.767, 0.01
 60606581, 9.671, 1.07, 0.777, 0.01, 9.662001, 1.057, 0.772, 0.01
 60806501, 9.68, 1.089, 0.7830001, 0.01, 9.671, 1.07, 0.777, 0.01
 61006421, 9.688001, 1.111, 0.789, 0.01, 9.68, 1.089, 0.7830001, 0.01
 61206341, 9.696, 1.125, 0.793, 0.01, 9.688001, 1.111, 0.789, 0.01
 61406261, 9.704, 1.13, 0.7970001, 0.01, 9.696, 1.125, 0.793, 0.01
 61606181, 9.715, 1.129, 0.8010001, 0.01, 9.704, 1.13, 0.7970001, 0.01
 61806101, 9.727, 1.128, 0.804, 0.01, 9.715, 1.129, 0.8010001, 0.01
 62006021, 9.741, 1.127, 0.807, 0.01, 9.727, 1.128, 0.804, 0.01
 62205941, 9.758, 1.13, 0.811, 0.01, 9.741, 1.127, 0.807, 0.01
 62405861, 9.772, 1.132, 0.813, 0.01, 9.758, 1.13, 0.811, 0.01
 62605781, 9.782001, 1.132, 0.816, 0.01, 9.772, 1.132, 0.813, 0.01
 62806534, 9.793, 1.132, 0.818, 0.01, 9.782001, 1.132, 0.816, 0.01
 63006454, 9.803, 1.136, 0.821, 0.01, 9.793, 1.132, 0.818, 0.01
 63206374, 9.813001, 1.143, 0.8240001, 0.01, 9.803, 1.136, 0.821, 0.01
 63406294, 9.821, 1.155, 0.826, 0.01, 9.813001, 1.143, 0.8240001, 0.01
 63606214, 9.829, 1.169, 0.8290001, 0.01, 9.821, 1.155, 0.826, 0.01
 63806134, 9.836, 1.176, 0.83, 0.01, 9.829, 1.169, 0.8290001, 0.01
 64006054, 9.844001, 1.173, 0.831, 0.01, 9.836, 1.176, 0.83, 0.01
 64205974, 9.854, 1.162, 0.8290001, 0.01, 9.844001, 1.173, 0.831, 0.01
 64405894, 9.864, 1.145, 0.822, 0.01, 9.854, 1.162, 0.8290001, 0.01
 64605814, 9.875, 1.125, 0.811, 0.01, 9.864, 1.145, 0.822, 0.01
 64806567, 9.885, 1.093, 0.7970001, 0.01, 9.875, 1.125, 0.811, 0.01
 65006487, 9.896001, 1.051, 0.7780001, 0.01, 9.885, 1.093, 0.7970001, 0.01
 65206407, 9.904, 1.002, 0.756, 0.01, 9.896001, 1.051, 0.7780001, 0.01
 65406327, 9.911, 0.952, 0.73, 0.01, 9.904, 1.002, 0.756, 0.01
 65606247, 9.919001, 0.9030001, 0.701, 0.01, 9.911, 0.952, 0.73, 0.01
 65806167, 9.93, 0.855, 0.668, 0.01, 9.919001, 0.9030001, 0.701, 0.01
 66006087, 9.940001, 0.8060001, 0.631, 0.01, 9.93, 0.855, 0.668, 0.01
 66206007, 9.948001, 0.753, 0.591, 0.01, 9.940001, 0.8060001, 0.631, 0.01
 66405927, 9.956, 0.6990001, 0.5470001, 0.01, 9.948001, 0.753, 0.591, 0.01
 66605847, 9.96, 0.646, 0.501, 0.01, 9.956, 0.6990001, 0.5470001, 0.01
 66805767, 9.958, 0.598, 0.455, 0.01, 9.96, 0.646, 0.501, 0.01
 67006520, 9.96, 0.555, 0.411, 0.01, 9.958, 0.598, 0.455, 0.01
 67206440, 9.965, 0.514, 0.366, 0.01, 9.96, 0.555, 0.411, 0.01
 67406360, 9.972, 0.476, 0.321, 0.01, 9.965, 0.514, 0.366, 0.01
 67606280, 9.982, 0.439, 0.277, 0.01, 9.972, 0.476, 0.321, 0.01
 67806200, 9.996, 0.401, 0.233, 0.01, 9.982, 0.439, 0.277, 0.01
 68006120, 10.009, 0.352, 0.191, 0.01, 9.996, 0.401, 0.233, 0.01
 68206040, 10.02, 0.293, 0.153, 0.01, 10.009, 0.352, 0.191, 0.01
 68405960, 10.028, 0.229, 0.118, 0.01, 10.02, 0.293, 0.153, 0.01
 68605880, 10.032, 0.167, 0.08800001, 0.01, 10.028, 0.229, 0.118, 0.01
 68805800, 10.032, 0.107, 0.063, 0.01, 10.032, 0.167, 0.08800001, 0.01
 69006553, 10.033, 0.052, 0.042, 0.01, 10.032, 0.107, 0.063, 0.01
 69206473, 10.031, 0.006, 0.023, 0.01, 10.033, 0.052, 0.042, 0.01
 69406393, 10.024, -0.029, 0.009000001, 0.01, 10.031, 0.006, 0.023, 0.01
 69606313, 10.015, -0.057, -0.002, 0.01, 10.024, -0.029, 0.009000001, 0.01
 69806233, 10.006, -0.07600001, -0.009000001, 0.01, 10.015, -0.057, -0.002, 0.01
 70006153, 9.998, -0.087, -0.013, 0.01, 10.006, -0.07600001, -0.009000001, 0.01
 70206073, 9.989, -0.09, -0.014, 0.01, 9.998, -0.087, -0.013, 0.01
 70405993, 9.981001, -0.087, -0.011, 0.01, 9.989, -0.09, -0.014, 0.01
 70605913, 9.979, -0.08000001, -0.008, 0.01, 9.981001, -0.087, -0.011, 0.01
 70805833, 9.975, -0.07300001, -0.005, 0.01, 9.979, -0.08000001, -0.008, 0.01
 71006586, 9.972, -0.066, -0.002, 0.01, 9.975, -0.07300001, -0.005, 0.01
 71206506, 9.975, -0.058, 0, 0.01, 9.972, -0.066, -0.002, 0.01
 71406426, 9.977, -0.051, 0.001, 0.01, 9.975, -0.058, 0, 0.01
 71606346, 9.981001, -0.044, 0.002, 0.01, 9.977, -0.051, 0.001, 0.01
 71806266, 9.983001, -0.038, 0.004, 0.01, 9.981001, -0.044, 0.002, 0.01
 72006186, 9.985001, -0.031, 0.005, 0.01, 9.983001, -0.038, 0.004, 0.01
 72206106, 9.984, -0.025, 0.005, 0.01, 9.985001, -0.031, 0.005, 0.01
 72406026, 9.985001, -0.019, 0.007, 0.01, 9.984, -0.025, 0.005, 0.01
 72605946, 9.989, -0.014, 0.007, 0.01, 9.985001, -0.019, 0.007, 0.01
 72805866, 9.991, -0.01, 0.007, 0.01, 9.989, -0.014, 0.007, 0.01
 73005786, 9.989, -0.007, 0.007, 0.01, 9.991, -0.01, 0.007, 0.01
 73206539, 9.988001, -0.005, 0.008, 0.01, 9.989, -0.007, 0.007, 0.01
 73406459, 9.985001, -0.003, 0.008, 0.01, 9.988001, -0.005, 0.008, 0.01
 73606379, 9.979, -0.002, 0.008, 0.01, 9.985001, -0.003, 0.008, 0.01
 73806299, 9.973001, -0.001, 0.008, 0.01, 9.979, -0.002, 0.008, 0.01
 74006219, 9.97, 0, 0.01, 0.01, 9.973001, -0.001, 0.008, 0.01
 74206139, 9.969001, -0.001, 0.01, 0.01, 9.97, 0, 0.01, 0.01
 74406059, 9.97, -0.002, 0.01, 0.01, 9.969001, -0.001, 0.01, 0.01
 74605979, 9.974001, -0.003, 0.01, 0.01, 9.97, -0.002, 0.01, 0.01
 74805899, 9.98, -0.004, 0.01, 0.01, 9.974001, -0.003, 0.01, 0.01
 75005819, 9.983001, -0.004, 0.009000001, 0.01, 9.98, -0.004, 0.01, 0.01
 75206572, 9.985001, -0.005, 0.009000001, 0.01, 9.983001, -0.004, 0.009000001, 0.01
 75406492, 9.985001, -0.007, 0.009000001, 0.01, 9.985001, -0.005, 0.009000001, 0.01
 75606412, 9.984, -0.007, 0.009000001, 0.01, 9.985001, -0.007, 0.009000001, 0.01
 75806332, 9.985001, -0.008, 0.009000001, 0.01, 9.984, -0.007, 0.009000001, 0.01
 76006252, 9.985001, -0.008, 0.009000001, 0.01, 9.985001, -0.008, 0.009000001, 0.01
 76206172, 9.985001, -0.008, 0.009000001, 0.01, 9.985001, -0.008, 0.009000001, 0.01
 76406092, 9.984, -0.008, 0.009000001, 0.01, 9.985001, -0.008, 0.009000001, 0.01
 76606012, 9.983001, -0.008, 0.009000001, 0.01, 9.984, -0.008, 0.009000001, 0.01
 76805932, 9.983001, -0.007, 0.009000001, 0.01, 9.983001, -0.008, 0.009000001, 0.01
 77005852, 9.983001, -0.006, 0.009000001, 0.01, 9.983001, -0.007, 0.009000001, 0.01
 77205772, 9.982, -0.005, 0.009000001, 0.01, 9.983001, -0.006, 0.009000001, 0.01
 77406525, 9.982, -0.004, 0.008, 0.01, 9.982, -0.005, 0.009000001, 0.01
 77606445, 9.984, -0.003, 0.008, 0.01, 9.982, -0.004, 0.008, 0.01
 77806365, 9.986, -0.003, 0.008, 0.01, 9.984, -0.003, 0.008, 0.01
 78006285, 9.987, -0.002, 0.008, 0.01, 9.986, -0.003, 0.008, 0.01
 78206205, 9.987, -0.002, 0.008, 0.01, 9.987, -0.002, 0.008, 0.01
 78406125, 9.987, -0.001, 0.007, 0.01, 9.987, -0.002, 0.008, 0.01
 78606045, 9.988001, 0, 0.007, 0.01, 9.987, -0.001, 0.007, 0.01
 78805965, 9.989, 0, 0.007, 0.01, 9.988001, 0, 0.007, 0.01
 79005885, 9.991, 0, 0.006, 0.01, 9.989, 0, 0.007, 0.01
 79205805, 9.991, 0, 0.006, 0.01, 9.991, 0, 0.006, 0.01
 79406558, 9.992001, 0, 0.006, 0.01, 9.991, 0, 0.006, 0.01
 79606478, 9.992001, 0, 0.005, 0.01, 9.992001, 0, 0.006, 0.01
 79806398, 9.990001, 0, 0.005, 0.01, 9.992001, 0, 0.005, 0.01
 80006318, 9.987, -0.001, 0.005, 0.01, 9.990001, 0, 0.005, 0.01
 80206238, 9.984, -0.002, 0.005, 0.01, 9.987, -0.001, 0.005, 0.01
 80406158, 9.984, -0.002, 0.005, 0.01, 9.984, -0.002, 0.005, 0.01
 80606078, 9.986, -0.003, 0.005, 0.01, 9.984, -0.002, 0.005, 0.01
 80805998, 9.989, -0.003, 0.005, 0.01, 9.986, -0.003, 0.005, 0.01
 81005918, 9.994, -0.003, 0.006, 0.01, 9.989, -0.003, 0.005, 0.01
 81205838, 10, -0.003, 0.006, 0.01, 9.994, -0.003, 0.006, 0.01
 81406591, 10.003, -0.004, 0.005, 0.01, 10, -0.003, 0.006, 0.01
 81606511, 10.007, -0.004, 0.005, 0.01, 10.003, -0.004, 0.005, 0.01
 81806431, 10.011, -0.005, 0.004, 0.01, 10.007, -0.004, 0.005, 0.01
 82006351, 10.018, -0.005, 0.003, 0.01, 10.011, -0.005, 0.004, 0.01
 82206271, 10.022, -0.005, 0.003, 0.01, 10.018, -0.005, 0.003, 0.01
 82406191, 10.03, -0.005, 0.003, 0.01, 10.022, -0.005, 0.003, 0.01
 82606111, 10.039, -0.006, 0.004, 0.01, 10.03, -0.005, 0.003, 0.01
 82806031, 10.046, -0.006, 0.003, 0.01, 10.039, -0.006, 0.004, 0.01
 83005951, 10.051, -0.005, 0.003, 0.01, 10.046, -0.006, 0.003, 0.01
 83205871, 10.054, -0.004, 0.002, 0.01, 10.051, -0.005, 0.003, 0.01
 83405791, 10.053, -0.003, 0.001, 0.01, 10.054, -0.004, 0.002, 0.01
 83606544, 10.051, -0.002, 0.001, 0.01, 10.053, -0.003, 0.001, 0.01
 83806464, 10.047, -0.001, 0.002, 0.01, 10.051, -0.002, 0.001, 0.01
 84006384, 10.043, 0, 0.002, 0.01, 10.047, -0.001, 0.002, 0.01
 84206304, 10.034, 0, 0, 0.01, 10.043, 0, 0.002, 0.01
 84406224, 10.006, 0, -0.002, 0.01, 10.034, 0, 0, 0.01
 84606144, 9.939, 0.002, -0.005, 0.01, 10.006, 0, -0.002, 0.01
 84806064, 9.832001, 0.004, -0.007, 0.01, 9.939, 0.002, -0.005, 0.01
 85005984, 9.688001, 0.007, -0.006, 0.01, 9.832001, 0.004, -0.007, 0.01
 85205904, 9.505, 0.011, -0.005, 0.01, 9.688001, 0.007, -0.006, 0.01
 85405824, 9.283, 0.017, -0.003, 0.01, 9.505, 0.011, -0.005, 0.01
 85606577, 9.021001, 0.022, 0, 0.01, 9.283, 0.017, -0.003, 0.01
 85806497, 8.719001, 0.027, 0.004, 0.01, 9.021001, 0.022, 0, 0.01
 86006417, 8.376, 0.032, 0.009000001, 0.01, 8.719001, 0.027, 0.004, 0.01
 86206337, 7.992001, 0.036, 0.015, 0.01, 8.376, 0.032, 0.009000001, 0.01
 86406257, 7.567, 0.041, 0.02, 0.01, 7.992001, 0.036, 0.015, 0.01
 86606177, 7.1, 0.043, 0.026, 0.01, 7.567, 0.041, 0.02, 0.01
 86806097, 6.599, 0.028, 0.029, 0.01, 7.1, 0.043, 0.026, 0.01
 87006017, 6.085001, -0.029, 0.03, 0.01, 6.599, 0.028, 0.029, 0.01
 87205937, 5.565, -0.133, 0.028, 0.01, 6.085001, -0.029, 0.03, 0.01
 87405857, 5.037, -0.281, 0.024, 0.01, 5.565, -0.133, 0.028, 0.01
 87605777, 4.499, -0.474, 0.019, 0.01, 5.037, -0.281, 0.024, 0.01
 87806530, 3.951, -0.7130001, 0.014, 0.01, 4.499, -0.474, 0.019, 0.01
 88006450, 3.399, -0.9960001, 0.011, 0.01, 3.951, -0.7130001, 0.014, 0.01
 88206370, 2.841, -1.325, 0.009000001, 0.01, 3.399, -0.9960001, 0.011, 0.01
 88406290, 2.298, -1.698, 0.009000001, 0.01, 2.841, -1.325, 0.009000001, 0.01
 88606210, 1.796, -2.116, 0.01, 0.01, 2.298, -1.698, 0.009000001, 0.01
 88806130, 1.341, -2.576, 0.013, 0.01, 1.796, -2.116, 0.01, 0.01
 89006050, 0.937, -3.076, 0.017, 0.01, 1.341, -2.576, 0.013, 0.01
 89205970, 0.587, -3.599, 0.02, 0.01, 0.937, -3.076, 0.017, 0.01
 89405890, 0.292, -4.119, 0.021, 0.01, 0.587, -3.599, 0.02, 0.01
 89605810, 0.051, -4.628, 0.023, 0.01, 0.292, -4.119, 0.021, 0.01
 89806563, -0.139, -5.128, 0.024, 0.01, 0.051, -4.628, 0.023, 0.01
 90006483, -0.283, -5.62, 0.023, 0.01, -0.139, -5.128, 0.024, 0.01
 90206403, -0.382, -6.099, 0.022, 0.01, -0.283, -5.62, 0.023, 0.01
 90406323, -0.435, -6.571, 0.019, 0.01, -0.382, -6.099, 0.022, 0.01
 90606243, -0.44, -7.032001, 0.016, 0.01, -0.435, -6.571, 0.019, 0.01
 90806163, -0.405, -7.471, 0.01, 0.01, -0.44, -7.032001, 0.016, 0.01
 91006083, -0.356, -7.863, 0.004, 0.01, -0.405, -7.471, 0.01, 0.01
 91206003, -0.31, -8.211, 0, 0.01, -0.356, -7.863, 0.004, 0.01
 91405923, -0.267, -8.525001, -0.003, 0.01, -0.31, -8.211, 0, 0.01
 91605843, -0.227, -8.797001, -0.007, 0.01, -0.267, -8.525001, -0.003, 0.01
 91805763, -0.192, -9.032001, -0.01, 0.01, -0.227, -8.797001, -0.007, 0.01
 92006516, -0.159, -9.235001, -0.013, 0.01, -0.192, -9.032001, -0.01, 0.01
 92206436, -0.131, -9.408, -0.016, 0.01, -0.159, -9.235001, -0.013, 0.01
 92406356, -0.107, -9.555, -0.018, 0.01, -0.131, -9.408, -0.016, 0.01
 92606276, -0.08800001, -9.668, -0.022, 0.01, -0.107, -9.555, -0.018, 0.01
 92806196, -0.074, -9.747001, -0.024, 0.01, -0.08800001, -9.668, -0.022, 0.01
 93006116, -0.062, -9.799001, -0.026, 0.01, -0.074, -9.747001, -0.024, 0.01
 93206036, -0.053, -9.816001, -0.028, 0.01, -0.062, -9.799001, -0.026, 0.01
 93405956, -0.048, -9.817, -0.026, 0.01, -0.053, -9.816001, -0.028, 0.01
 93605876, -0.045, -9.824, -0.022, 0.01, -0.048, -9.817, -0.026, 0.01
 93805796, -0.044, -9.832001, -0.02, 0.01, -0.045, -9.824, -0.022, 0.01
 94006549, -0.044, -9.841001, -0.019, 0.01, -0.044, -9.832001, -0.02, 0.01
 94206469, -0.044, -9.853001, -0.017, 0.01, -0.044, -9.841001, -0.019, 0.01
 94406389, -0.045, -9.866, -0.015, 0.01, -0.044, -9.853001, -0.017, 0.01
 94606309, -0.046, -9.886001, -0.013, 0.01, -0.045, -9.866, -0.015, 0.01
 94806229, -0.046, -9.906, -0.012, 0.01, -0.046, -9.886001, -0.013, 0.01
 95006149, -0.047, -9.922001, -0.01, 0.01, -0.046, -9.906, -0.012, 0.01
 95206069, -0.047, -9.934, -0.01, 0.01, -0.047, -9.922001, -0.01, 0.01
 95405989, -0.048, -9.940001, -0.01, 0.01, -0.047, -9.934, -0.01, 0.01
 95605909, -0.049, -9.941001, -0.009000001, 0.01, -0.048, -9.940001, -0.01, 0.01
 95805829, -0.05, -9.942, -0.007, 0.01, -0.049, -9.941001, -0.009000001, 0.01
 96006582, -0.05, -9.947001, -0.006, 0.01, -0.05, -9.942, -0.007, 0.01
 96206502, -0.05, -9.953, -0.006, 0.01, -0.05, -9.947001, -0.006, 0.01
 96406422, -0.049, -9.955001, -0.005, 0.01, -0.05, -9.953, -0.006, 0.01
 96606342, -0.048, -9.953, -0.005, 0.01, -0.049, -9.955001, -0.005, 0.01
 96806262, -0.048, -9.948001, -0.005, 0.01, -0.048, -9.953, -0.005, 0.01
 97006182, -0.047, -9.940001, -0.004, 0.01, -0.048, -9.948001, -0.005, 0.01
 97206102, -0.045, -9.935, -0.004, 0.01, -0.047, -9.940001, -0.004, 0.01
 97406022, -0.042, -9.929001, -0.004, 0.01, -0.045, -9.935, -0.004, 0.01
 97605942, -0.04, -9.925, -0.004, 0.01, -0.042, -9.929001, -0.004, 0.01
 97805862, -0.038, -9.926001, -0.003, 0.01, -0.04, -9.925, -0.004, 0.01
 98005782, -0.036, -9.927, -0.003, 0.01, -0.038, -9.926001, -0.003, 0.01
 98206535, -0.033, -9.929001, -0.003, 0.01, -0.036, -9.927, -0.003, 0.01
 98406455, -0.03, -9.928, -0.004, 0.01, -0.033, -9.929001, -0.003, 0.01
 98606375, -0.028, -9.929001, -0.003, 0.01, -0.03, -9.928, -0.004, 0.01
 98806295, -0.027, -9.928, -0.004, 0.01, -0.028, -9.929001, -0.003, 0.01
 99006215, -0.027, -9.928, -0.003, 0.01, -0.027, -9.928, -0.004, 0.01
 99206135, -0.026, -9.935, -0.002, 0.01, -0.027, -9.928, -0.003, 0.01
 99406055, -0.024, -9.944, -0.002, 0.01, -0.026, -9.935, -0.002, 0.01
 99605975, -0.021, -9.953, -0.002, 0.01, -0.024, -9.944, -0.002, 0.01
 99805895, -0.019, -9.959001, -0.002, 0.01, -0.021, -9.953, -0.002, 0.01
 100005815, -0.017, -9.965, -0.002, 0.01, -0.019, -9.959001, -0.002, 0.01
 100206568, -0.017, -9.968, -0.003, 0.01, -0.017, -9.965, -0.002, 0.01
 100406488, -0.017, -9.971001, -0.003, 0.01, -0.017, -9.968, -0.003, 0.01
 100606408, -0.016, -9.975, -0.003, 0.01, -0.017, -9.971001, -0.003, 0.01
 100806328, -0.015, -9.98, -0.003, 0.01, -0.016, -9.975, -0.003, 0.01
 101006248, -0.013, -9.984, -0.003, 0.01, -0.015, -9.98, -0.003, 0.01
 101206168, -0.013, -9.987, -0.003, 0.01, -0.013, -9.984, -0.003, 0.01
 101406088, -0.013, -9.990001, -0.003, 0.01, -0.013, -9.987, -0.003, 0.01
 101606008, -0.011, -9.992001, -0.003, 0.01, -0.013, -9.990001, -0.003, 0.01
 101805928, -0.009000001, -9.995001, -0.002, 0.01, -0.011, -9.992001, -0.003, 0.01
 102005848, -0.008, -9.996, -0.002, 0.01, -0.009000001, -9.995001, -0.002, 0.01
 102205768, -0.007, -9.995001, -0.003, 0.01, -0.008, -9.996, -0.002, 0.01
 102406521, -0.007, -9.992001, -0.002, 0.01, -0.007, -9.995001, -0.003, 0.01
 102606441, -0.006, -9.986, -0.002, 0.01, -0.007, -9.992001, -0.002, 0.01
 102806361, -0.005, -9.987, 0, 0.01, -0.006, -9.986, -0.002, 0.01
 103006281, -0.004, -9.986, -0.001, 0.01, -0.005, -9.987, 0, 0.01
 103206201, -0.004, -9.988001, -0.001, 0.01, -0.004, -9.986, -0.001, 0.01
 103406121, -0.004, -9.992001, 0, 0.01, -0.004, -9.988001, -0.001, 0.01
 103606041, -0.003, -9.996, -0.001, 0.01, -0.004, -9.992001, 0, 0.01
 103805961, -0.001, -9.999001, -0.001, 0.01, -0.003, -9.996, -0.001, 0.01
 104005881, 0, -9.999001, -0.001, 0.01, -0.001, -9.999001, -0.001, 0.01
 104205801, 0.001, -10.003, -0.001, 0.01, 0, -9.999001, -0.001, 0.01
 104406554, 0.002, -10.005, -0.001, 0.01, 0.001, -10.003, -0.001, 0.01
 104606474, 0.003, -10.009, -0.001, 0.01, 0.002, -10.005, -0.001, 0.01
 104806394, 0.003, -10.012, -0.001, 0.01, 0.003, -10.009, -0.001, 0.01
 105006314, 0.003, -10.015, -0.001, 0.01, 0.003, -10.012, -0.001, 0.01
 105206234, 0.003, -10.014, -0.001, 0.01, 0.003, -10.015, -0.001, 0.01
 105406154, 0.003, -10.013, -0.001, 0.01, 0.003, -10.014, -0.001, 0.01
 105606074, 0.002, -10.017, 0, 0.01, 0.003, -10.013, -0.001, 0.01
 105805994, 0.001, -10.02, 0, 0.01, 0.002, -10.017, 0, 0.01
 106005914, 0, -10.026, 0, 0.01, 0.001, -10.02, 0, 0.01
 106205834, 0, -10.029, 0, 0.01, 0, -10.026, 0, 0.01
 106406587, 0, -10.03, 0, 0.01, 0, -10.029, 0, 0.01
 106606507, -0.001, -10.028, 0.001, 0.01, 0, -10.03, 0, 0.01
 106806427, -0.001, -10.021, 0, 0.01, -0.001, -10.028, 0.001, 0.01
 107006347, -0.001, -10.009, 0, 0.01, -0.001, -10.021, 0, 0.01
 107206267, -0.002, -9.991, 0, 0.01, -0.001, -10.009, 0, 0.01
 107406187, -0.001, -9.944, -0.003, 0.01, -0.002, -9.991, 0, 0.01
 107606107, -0.002, -9.862, -0.005, 0.01, -0.001, -9.944, -0.003, 0.01
 107806027, -0.003, -9.749001, -0.005, 0.01, -0.002, -9.862, -0.005, 0.01
 108005947, -0.004, -9.603001, -0.005, 0.01, -0.003, -9.749001, -0.005, 0.01
 108205867, -0.006, -9.419001, -0.004, 0.01, -0.004, -9.603001, -0.005, 0.01
 108405787, -0.008, -9.193001, -0.002, 0.01, -0.006, -9.419001, -0.004, 0.01
 108606540, -0.011, -8.927, 0, 0.01, -0.008, -9.193001, -0.002, 0.01
 108806460, -0.014, -8.622001, 0.004, 0.01, -0.011, -8.927, 0, 0.01
 109006380, -0.017, -8.281, 0.008, 0.01, -0.014, -8.622001, 0.004, 0.01
 109206300, -0.019, -7.905, 0.013, 0.01, -0.017, -8.281, 0.008, 0.01
 109406220, -0.021, -7.486001, 0.018, 0.01, -0.019, -7.905, 0.013, 0.01
 109606140, -0.025, -7.019001, 0.023, 0.01, -0.021, -7.486001, 0.018, 0.01
 109806060, -0.052, -6.524, 0.026, 0.01, -0.025, -7.019001, 0.023, 0.01
 110005980, -0.121, -6.022, 0.027, 0.01, -0.052, -6.524, 0.026, 0.01
 110205900, -0.234, -5.514, 0.025, 0.01, -0.121, -6.022, 0.027, 0.01
 110405820, -0.386, -4.998, 0.021, 0.01, -0.234, -5.514, 0.025, 0.01
 110606573, -0.582, -4.469, 0.016, 0.01, -0.386, -4.998, 0.021, 0.01
 110806493, -0.818, -3.931, 0.012, 0.01, -0.582, -4.469, 0.016, 0.01
 111006413, -1.092, -3.381, 0.01, 0.01, -0.818, -3.931, 0.012, 0.01
 111206333, -1.408, -2.818, 0.01, 0.01, -1.092, -3.381, 0.01, 0.01
 111406253, -1.766, -2.271, 0.01, 0.01, -1.408, -2.818, 0.01, 0.01
 111606173, -2.167, -1.766, 0.013, 0.01, -1.766, -2.271, 0.01, 0.01
 111806093, -2.608, -1.303, 0.017, 0.01, -2.167, -1.766, 0.013, 0.01
 112006013, -3.089, -0.8890001, 0.022, 0.01, -2.608, -1.303, 0.017, 0.01
 112205933, -3.6, -0.528, 0.025, 0.01, -3.089, -0.8890001, 0.022, 0.01
 112405853, -4.114, -0.224, 0.027, 0.01, -3.6, -0.528, 0.025, 0.01
 112605773, -4.622, 0.02, 0.029, 0.01, -4.114, -0.224, 0.027, 0.01
 112806526, -5.128, 0.208, 0.029, 0.01, -4.622, 0.02, 0.029, 0.01
 113006446, -5.626, 0.342, 0.028, 0.01, -5.128, 0.208, 0.029, 0.01
 113206366, -6.116, 0.423, 0.025, 0.01, -5.626, 0.342, 0.028, 0.01
 113406286, -6.596, 0.453, 0.021, 0.01, -6.116, 0.423, 0.025, 0.01
 113606206, -7.067, 0.433, 0.017, 0.01, -6.596, 0.453, 0.021, 0.01
 113806126, -7.511, 0.379, 0.01, 0.01, -7.067, 0.433, 0.017, 0.01
 114006046, -7.908, 0.318, 0.004, 0.01, -7.511, 0.379, 0.01, 0.01
 114205966, -8.26, 0.263, 0, 0.01, -7.908, 0.318, 0.004, 0.01
 114405886, -8.569, 0.215, -0.003, 0.01, -8.26, 0.263, 0, 0.01
 114605806, -8.835, 0.176, -0.005, 0.01, -8.569, 0.215, -0.003, 0.01
 114806559, -9.066, 0.145, -0.008, 0.01, -8.835, 0.176, -0.005, 0.01
 115006479, -9.262, 0.121, -0.009000001, 0.01, -9.066, 0.145, -0.008, 0.01
 115206399, -9.426001, 0.104, -0.011, 0.01, -9.262, 0.121, -0.009000001, 0.01
 115406319, -9.563001, 0.09100001, -0.013, 0.01, -9.426001, 0.104, -0.011, 0.01
 115606239, -9.672001, 0.08400001, -0.015, 0.01, -9.563001, 0.09100001, -0.013, 0.01
 115806159, -9.752001, 0.081, -0.017, 0.01, -9.672001, 0.08400001, -0.015, 0.01
 116006079, -9.799001, 0.081, -0.02, 0.01, -9.752001, 0.081, -0.017, 0.01
 116205999, -9.816001, 0.085, -0.021, 0.01, -9.799001, 0.081, -0.02, 0.01
 116405919, -9.819, 0.09100001, -0.02, 0.01, -9.816001, 0.085, -0.021, 0.01
 116605839, -9.824, 0.098, -0.018, 0.01, -9.819, 0.09100001, -0.02, 0.01
 116806592, -9.833, 0.103, -0.016, 0.01, -9.824, 0.098, -0.018, 0.01
 117006512, -9.845, 0.107, -0.015, 0.01, -9.833, 0.103, -0.016, 0.01
 117206432, -9.856001, 0.11, -0.015, 0.01, -9.845, 0.107, -0.015, 0.01
 117406352, -9.863001, 0.111, -0.014, 0.01, -9.856001, 0.11, -0.015, 0.01
 117606272, -9.867001, 0.111, -0.014, 0.01, -9.863001, 0.111, -0.014, 0.01
 117806192, -9.870001, 0.109, -0.014, 0.01, -9.867001, 0.111, -0.014, 0.01
 118006112, -9.871, 0.107, -0.012, 0.01, -9.870001, 0.109, -0.014, 0.01
 118206032, -9.872001, 0.103, -0.011, 0.01, -9.871, 0.107, -0.012, 0.01
 118405952, -9.876, 0.098, -0.01, 0.01, -9.872001, 0.103, -0.011, 0.01
 118605872, -9.876, 0.09200001, -0.009000001, 0.01, -9.876, 0.098, -0.01, 0.01
 118805792, -9.875, 0.085, -0.008, 0.01, -9.876, 0.09200001, -0.009000001, 0.01
 119006545, -9.874001, 0.078, -0.007, 0.01, -9.875, 0.085, -0.008, 0.01
 119206465, -9.876, 0.072, -0.006, 0.01, -9.874001, 0.078, -0.007, 0.01
 119406385, -9.878, 0.06500001, -0.005, 0.01, -9.876, 0.072, -0.006, 0.01
 119606305, -9.88, 0.059, -0.005, 0.01, -9.878, 0.06500001, -0.005, 0.01
 119806225, -9.885, 0.052, -0.005, 0.01, -9.88, 0.059, -0.005, 0.01
 120006145, -9.892, 0.045, -0.004, 0.01, -9.885, 0.052, -0.005, 0.01
 120206065, -9.899, 0.039, -0.003, 0.01, -9.892, 0.045, -0.004, 0.01
 120405985, -9.907001, 0.035, -0.003, 0.01, -9.899, 0.039, -0.003, 0.01
 120605905, -9.915001, 0.031, -0.003, 0.01, -9.907001, 0.035, -0.003, 0.01
 120805825, -9.919001, 0.028, -0.003, 0.01, -9.915001, 0.031, -0.003, 0.01
 121006578, -9.924001, 0.025, -0.003, 0.01, -9.919001, 0.028, -0.003, 0.01
 121206498, -9.93, 0.023, -0.004, 0.01, -9.924001, 0.025, -0.003, 0.01
 121406418, -9.934, 0.021, -0.004, 0.01, -9.93, 0.023, -0.004, 0.01
 121606338, -9.939, 0.02, -0.004, 0.01, -9.934, 0.021, -0.004, 0.01
 121806258, -9.943001, 0.019, -0.004, 0.01, -9.939, 0.02, -0.004, 0.01
 122006178, -9.946, 0.018, -0.004, 0.01, -9.943001, 0.019, -0.004, 0.01
 122206098, -9.953, 0.017, -0.004, 0.01, -9.946, 0.018, -0.004, 0.01
 122406018, -9.961, 0.017, -0.003, 0.01, -9.953, 0.017, -0.004, 0.01
 122605938, -9.97, 0.015, -0.003, 0.01, -9.961, 0.017, -0.003, 0.01
 122805858, -9.978001, 0.014, -0.002, 0.01, -9.97, 0.015, -0.003, 0.01
 123005778, -9.985001, 0.012, -0.002, 0.01, -9.978001, 0.014, -0.002, 0.01
 123206531, -9.993, 0.011, -0.002, 0.01, -9.985001, 0.012, -0.002, 0.01
 123406451, -10.002, 0.009000001, -0.002, 0.01, -9.993, 0.011, -0.002, 0.01
 123606371, -10.013, 0.007, -0.001, 0.01, -10.002, 0.009000001, -0.002, 0.01
 123806291, -10.022, 0.005, -0.001, 0.01, -10.013, 0.007, -0.001, 0.01
 124006211, -10.03, 0.004, -0.001, 0.01, -10.022, 0.005, -0.001, 0.01
 124206131, -10.039, 0.003, -0.001, 0.01, -10.03, 0.004, -0.001, 0.01
 124406051, -10.047, 0.003, -0.002, 0.01, -10.039, 0.003, -0.001, 0.01
 124605971, -10.054, 0.003, -0.002, 0.01, -10.047, 0.003, -0.002, 0.01
 124805891, -10.057, 0.002, -0.002, 0.01, -10.054, 0.003, -0.002, 0.01
 125005811, -10.056, 0.001, -0.003, 0.01, -10.057, 0.002, -0.002, 0.01
 125206564, -10.053, 0.002, -0.003, 0.01, -10.056, 0.001, -0.003, 0.01
 125406484, -10.049, 0.003, -0.003, 0.01, -10.053, 0.002, -0.003, 0.01
 125606404, -10.042, 0.003, -0.003, 0.01, -10.049, 0.003, -0.003, 0.01
 125806324, -10.035, 0.003, -0.004, 0.01, -10.042, 0.003, -0.003, 0.01
 126006244, -10.027, 0.004, -0.003, 0.01, -10.035, 0.003, -0.004, 0.01
 126206164, -10.02, 0.005, -0.002, 0.01, -10.027, 0.004, -0.003, 0.01
 126406084, -10.016, 0.006, -0.002, 0.01, -10.02, 0.005, -0.002, 0.01
 126606004, -10.014, 0.006, -0.001, 0.01, -10.016, 0.006, -0.002, 0.01
 126805924, -10.014, 0.005, 0, 0.01, -10.014, 0.006, -0.001, 0.01
 127005844, -10.01, 0.004, -0.001, 0.01, -10.014, 0.005, 0, 0.01
 127205764, -10.004, 0.003, -0.001, 0.01, -10.01, 0.004, -0.001, 0.01
 127406517, -9.999001, 0.003, -0.001, 0.01, -10.004, 0.003, -0.001, 0.01
 127606437, -9.992001, 0.003, -0.001, 0.01, -9.999001, 0.003, -0.001, 0.01
 127806357, -9.987, 0.002, -0.001, 0.01, -9.992001, 0.003, -0.001, 0.01
 128006277, -9.983001, 0.002, -0.001, 0.01, -9.987, 0.002, -0.001, 0.01
 128206197, -9.98, 0.002, -0.001, 0.01, -9.983001, 0.002, -0.001, 0.01
 128406117, -9.977, 0.001, 0, 0.01, -9.98, 0.002, -0.001, 0.01
 128606037, -9.975, 0.001, 0, 0.01, -9.977, 0.001, 0, 0.01
 128805957, -9.975, 0, 0, 0.01, -9.975, 0.001, 0, 0.01
 129005877, -9.974001, 0, 0, 0.01, -9.975, 0, 0, 0.01
 129205797, -9.972, 0, 0, 0.01, -9.974001, 0, 0, 0.01
 129406550, -9.973001, 0, 0, 0.01, -9.972, 0, 0, 0.01
 129606470, -9.971001, 0, 0, 0.01, -9.973001, 0, 0, 0.01
 129806390, -9.949, 0, -0.003, 0.01, -9.971001, 0, 0, 0.01
 130006310, -9.887, 0, -0.007, 0.01, -9.949, 0, -0.003, 0.01
 130206230, -9.783, 0, -0.009000001, 0.01, -9.887, 0, -0.007, 0.01
 130406150, -9.641001, 0.001, -0.009000001, 0.01, -9.783, 0, -0.009000001, 0.01
 130606070, -9.461, 0.001, -0.008, 0.01, -9.641001, 0.001, -0.009000001, 0.01
 130805990, -9.244, 0.002, -0.005, 0.01, -9.461, 0.001, -0.008, 0.01
 131005910, -8.991, 0.004, -0.002, 0.01, -9.244, 0.002, -0.005, 0.01
 131205830, -8.697001, 0.005, 0.001, 0.01, -8.991, 0.004, -0.002, 0.01
 131406583, -8.359, 0.008, 0.006, 0.01, -8.697001, 0.005, 0.001, 0.01
 131606503, -7.98, 0.01, 0.011, 0.01, -8.359, 0.008, 0.006, 0.01
 131806423, -7.558001, 0.013, 0.017, 0.01, -7.98, 0.01, 0.011, 0.01
 132006343, -7.094, 0.018, 0.023, 0.01, -7.558001, 0.013, 0.017, 0.01
 132206263, -6.594, 0.041, 0.027, 0.01, -7.094, 0.018, 0.023, 0.01
 132406183, -6.084, 0.105, 0.028, 0.01, -6.594, 0.041, 0.027, 0.01
 132606103, -5.567, 0.213, 0.026, 0.01, -6.084, 0.105, 0.028, 0.01
 132806023, -5.042, 0.361, 0.023, 0.01, -5.567, 0.213, 0.026, 0.01
 133005943, -4.507, 0.551, 0.019, 0.01, -5.042, 0.361, 0.023, 0.01
 133205863, -3.96, 0.7830001, 0.015, 0.01, -4.507, 0.551, 0.019, 0.01
 133405783, -3.405, 1.056, 0.013, 0.01, -3.96, 0.7830001, 0.015, 0.01
 133606536, -2.843, 1.374, 0.012, 0.01, -3.405, 1.056, 0.013, 0.01
 133806456, -2.301, 1.728, 0.012, 0.01, -2.843, 1.374, 0.012, 0.01
 134006376, -1.8, 2.119, 0.014, 0.01, -2.301, 1.728, 0.012, 0.01
 134206296, -1.346, 2.548, 0.017, 0.01, -1.8, 2.119, 0.014, 0.01
 134406216, -0.942, 3.017, 0.021, 0.01, -1.346, 2.548, 0.017, 0.01
 134606136, -0.592, 3.523, 0.024, 0.01, -0.942, 3.017, 0.021, 0.01
 134806056, -0.298, 4.04, 0.024, 0.01, -0.592, 3.523, 0.024, 0.01
 135005976, -0.054, 4.547, 0.025, 0.01, -0.298, 4.04, 0.024, 0.01
 135205896, 0.14, 5.045, 0.026, 0.01, -0.054, 4.547, 0.025, 0.01
 135405816, 0.29, 5.535, 0.026, 0.01, 0.14, 5.045, 0.026, 0.01
 135606569, 0.391, 6.025, 0.026, 0.01, 0.29, 5.535, 0.026, 0.01
 135806489, 0.444, 6.509, 0.024, 0.01, 0.391, 6.025, 0.026, 0.01
 136006409, 0.448, 6.989, 0.022, 0.01, 0.444, 6.509, 0.024, 0.01
 136206329, 0.414, 7.447001, 0.018, 0.01, 0.448, 6.989, 0.022, 0.01
 136406249, 0.366, 7.861001, 0.013, 0.01, 0.414, 7.447001, 0.018, 0.01
 136606169, 0.32, 8.226001, 0.008, 0.01, 0.366, 7.861001, 0.013, 0.01
 136806089, 0.275, 8.541, 0.005, 0.01, 0.32, 8.226001, 0.008, 0.01
 137006009, 0.234, 8.813001, 0.003, 0.01, 0.275, 8.541, 0.005, 0.01
 137205929, 0.199, 9.045, 0, 0.01, 0.234, 8.813001, 0.003, 0.01
 137405849, 0.17, 9.245001, -0.002, 0.01, 0.199, 9.045, 0, 0.01
 137605769, 0.143, 9.416, -0.005, 0.01, 0.17, 9.245001, -0.002, 0.01
 137806522, 0.12, 9.557, -0.008, 0.01, 0.143, 9.416, -0.005, 0.01
 138006442, 0.101, 9.666, -0.013, 0.01, 0.12, 9.557, -0.008, 0.01
 138206362, 0.08800001, 9.748, -0.017, 0.01, 0.101, 9.666, -0.013, 0.01
 138406282, 0.081, 9.797001, -0.02, 0.01, 0.08800001, 9.748, -0.017, 0.01
 138606202, 0.078, 9.815001, -0.023, 0.01, 0.081, 9.797001, -0.02, 0.01
 138806122, 0.08000001, 9.817, -0.022, 0.01, 0.078, 9.815001, -0.023, 0.01
 139006042, 0.08400001, 9.820001, -0.02, 0.01, 0.08000001, 9.817, -0.022, 0.01
 139205962, 0.089, 9.829, -0.018, 0.01, 0.08400001, 9.820001, -0.02, 0.01
 139405882, 0.094, 9.834001, -0.018, 0.01, 0.089, 9.829, -0.018, 0.01
 139605802, 0.097, 9.836, -0.018, 0.01, 0.094, 9.834001, -0.018, 0.01
 139806555, 0.09900001, 9.843, -0.017, 0.01, 0.097, 9.836, -0.018, 0.01
 140006475, 0.09900001, 9.847, -0.017, 0.01, 0.09900001, 9.843, -0.017, 0.01
 140206395, 0.09900001, 9.847, -0.016, 0.01, 0.09900001, 9.847, -0.017, 0.01
 140406315, 0.098, 9.844001, -0.016, 0.01, 0.09900001, 9.847, -0.016, 0.01
 140606235, 0.093, 9.842, -0.014, 0.01, 0.098, 9.844001, -0.016, 0.01
 140806155, 0.083, 9.839001, -0.014, 0.01, 0.093, 9.842, -0.014, 0.01
 141006075, 0.071, 9.836, -0.012, 0.01, 0.083, 9.839001, -0.014, 0.01
 141205995, 0.056, 9.84, -0.009000001, 0.01, 0.071, 9.836, -0.012, 0.01
 141405915, 0.042, 9.845, -0.008, 0.01, 0.056, 9.84, -0.009000001, 0.01
 141605835, 0.028, 9.848001, -0.008, 0.01, 0.042, 9.845, -0.008, 0.01
 141806588, 0.017, 9.848001, -0.007, 0.01, 0.028, 9.848001, -0.008, 0.01
 142006508, 0.006, 9.853001, -0.006, 0.01, 0.017, 9.848001, -0.007, 0.01
 142206428, 0, 9.855, -0.006, 0.01, 0.006, 9.853001, -0.006, 0.01
 142406348, -0.006, 9.856001, -0.004, 0.01, 0, 9.855, -0.006, 0.01
 142606268, -0.011, 9.864, -0.004, 0.01, -0.006, 9.856001, -0.004, 0.01
 142806188, -0.014, 9.873, -0.003, 0.01, -0.011, 9.864, -0.004, 0.01
 143006108, -0.014, 9.882001, -0.003, 0.01, -0.014, 9.873, -0.003, 0.01
 143206028, -0.012, 9.887, -0.004, 0.01, -0.014, 9.882001, -0.003, 0.01
 143405948, -0.009000001, 9.899, -0.003, 0.01, -0.012, 9.887, -0.004, 0.01
 143605868, -0.007, 9.917001, -0.003, 0.01, -0.009000001, 9.899, -0.003, 0.01
 143805788, -0.005, 9.933001, -0.003, 0.01, -0.007, 9.917001, -0.003, 0.01
 144006541, -0.004, 9.949, -0.003, 0.01, -0.005, 9.933001, -0.003, 0.01
 144206461, -0.002, 9.96, -0.004, 0.01, -0.004, 9.949, -0.003, 0.01
 144406381, 0, 9.965, -0.004, 0.01, -0.002, 9.96, -0.004, 0.01
 144606301, 0.001, 9.964001, -0.005, 0.01, 0, 9.965, -0.004, 0.01
 144806221, 0.002, 9.967, -0.004, 0.01, 0.001, 9.964001, -0.005, 0.01
 145006141, 0.003, 9.977, -0.003, 0.01, 0.002, 9.967, -0.004, 0.01
 145206061, 0.003, 9.986, -0.003, 0.01, 0.003, 9.977, -0.003, 0.01
 145405981, 0.004, 9.996, -0.003, 0.01, 0.003, 9.986, -0.003, 0.01
 145605901, 0.006, 10.002, -0.004, 0.01, 0.004, 9.996, -0.003, 0.01
 145805821, 0.008, 10.002, -0.004, 0.01, 0.006, 10.002, -0.004, 0.01
 146006574, 0.009000001, 9.997001, -0.004, 0.01, 0.008, 10.002, -0.004, 0.01
 146206494, 0.011, 9.997001, -0.004, 0.01, 0.009000001, 9.997001, -0.004, 0.01
 146406414, 0.012, 9.991, -0.004, 0.01, 0.011, 9.997001, -0.004, 0.01
 146606334, 0.013, 9.987, -0.003, 0.01, 0.012, 9.991, -0.004, 0.01
 146806254, 0.014, 9.988001, -0.002, 0.01, 0.013, 9.987, -0.003, 0.01
 147006174, 0.014, 9.991, -0.001, 0.01, 0.014, 9.988001, -0.002, 0.01
 147206094, 0.014, 9.994, -0.001, 0.01, 0.014, 9.991, -0.001, 0.01
 147406014, 0.013, 9.995001, -0.001, 0.01, 0.014, 9.994, -0.001, 0.01
 147605934, 0.013, 10, -0.001, 0.01, 0.013, 9.995001, -0.001, 0.01
 147805854, 0.012, 10.001, -0.002, 0.01, 0.013, 10, -0.001, 0.01
 148005774, 0.012, 10, -0.002, 0.01, 0.012, 10.001, -0.002, 0.01
 148206527, 0.011, 10, -0.002, 0.01, 0.012, 10, -0.002, 0.01
 148406447, 0.009000001, 9.999001, -0.002, 0.01, 0.011, 10, -0.002, 0.01
 148606367, 0.007, 9.998, -0.002, 0.01, 0.009000001, 9.999001, -0.002, 0.01
 148806287, 0.006, 9.995001, -0.002, 0.01, 0.007, 9.998, -0.002, 0.01
 149006207, 0.006, 9.998, -0.001, 0.01, 0.006, 9.995001, -0.002, 0.01
 149206127, 0.007, 9.998, -0.002, 0.01, 0.006, 9.998, -0.001, 0.01
 149406047, 0.008, 9.999001, -0.001, 0.01, 0.007, 9.998, -0.002, 0.01
 149605967, 0.008, 10.002, -0.001, 0.01, 0.008, 9.999001, -0.001, 0.01
 149805887, 0.008, 10.005, -0.001, 0.01, 0.008, 10.002, -0.001, 0.01
 150005807, 0.007, 10.002, -0.003, 0.01, 0.008, 10.005, -0.001, 0.01
 150206560, 0.007, 9.998, -0.002, 0.01, 0.007, 10.002, -0.003, 0.01
 150406480, 0.007, 10.005, 0, 0.01, 0.007, 9.998, -0.002, 0.01
 150606400, 0.007, 10.012, -0.001, 0.01, 0.007, 10.005, 0, 0.01
 150806320, 0.006, 10.021, 0, 0.01, 0.007, 10.012, -0.001, 0.01
 151006240, 0.006, 10.031, 0, 0.01, 0.006, 10.021, 0, 0.01
 151206160, 0.006, 10.041, 0, 0.01, 0.006, 10.031, 0, 0.01
 151406080, 0.005, 10.048, 0, 0.01, 0.006, 10.041, 0, 0.01
 151606000, 0.003, 10.052, 0, 0.01, 0.005, 10.048, 0, 0.01
 151805920, 0.002, 10.061, 0, 0.01, 0.003, 10.052, 0, 0.01
 152005840, 0, 10.064, 0, 0.01, 0.002, 10.061, 0, 0.01
 152205760, 0, 10.066, 0, 0.01, 0, 10.064, 0, 0.01
 152406513, -0.001, 10.069, 0, 0.01, 0, 10.066, 0, 0.01
 152606433, -0.001, 10.065, -0.001, 0.01, -0.001, 10.069, 0, 0.01
 152806353, -0.002, 10.03, -0.006, 0.01, -0.001, 10.065, -0.001, 0.01
 153006273, -0.001, 9.950001, -0.01, 0.01, -0.002, 10.03, -0.006, 0.01
 153206193, 0, 9.825001, -0.011, 0.01, -0.001, 9.950001, -0.01, 0.01
 153406113, 0.001, 9.662001, -0.01, 0.01, 0, 9.825001, -0.011, 0.01
 153606033, 0.003, 9.459001, -0.008, 0.01, 0.001, 9.662001, -0.01, 0.01
 153805953, 0.005, 9.225, -0.005, 0.01, 0.003, 9.459001, -0.008, 0.01
 154005873, 0.007, 8.96, -0.001, 0.01, 0.005, 9.225, -0.005, 0.01
 154205793, 0.009000001, 8.655001, 0.003, 0.01, 0.007, 8.96, -0.001, 0.01
 154406546, 0.011, 8.31, 0.007, 0.01, 0.009000001, 8.655001, 0.003, 0.01
 154606466, 0.014, 7.921, 0.013, 0.01, 0.011, 8.31, 0.007, 0.01
 154806386, 0.017, 7.487, 0.02, 0.01, 0.014, 7.921, 0.013, 0.01
 155006306, 0.019, 7.014, 0.025, 0.01, 0.017, 7.487, 0.02, 0.01
 155206226, 0.021, 6.513, 0.028, 0.01, 0.019, 7.014, 0.025, 0.01
 155406146, 0.023, 5.999, 0.029, 0.01, 0.021, 6.513, 0.028, 0.01
 155606066, 0.023, 5.475, 0.028, 0.01, 0.023, 5.999, 0.029, 0.01
 155805986, 0.024, 4.943, 0.025, 0.01, 0.023, 5.475, 0.028, 0.01
 156005906, 0.023, 4.402, 0.021, 0.01, 0.024, 4.943, 0.025, 0.01
 156205826, 0.023, 3.854, 0.018, 0.01, 0.023, 4.402, 0.021, 0.01
 156406579, 0.021, 3.306, 0.015, 0.01, 0.023, 3.854, 0.018, 0.01
 156606499, 0.018, 2.761, 0.015, 0.01, 0.021, 3.306, 0.015, 0.01
 156806419, 0.015, 2.232, 0.015, 0.01, 0.018, 2.761, 0.015, 0.01
 157006339, 0.012, 1.739, 0.017, 0.01, 0.015, 2.232, 0.015, 0.01
 157206259, 0.009000001, 1.292, 0.02, 0.01, 0.012, 1.739, 0.017, 0.01
 157406179, 0.006, 0.896, 0.022, 0.01, 0.009000001, 1.292, 0.02, 0.01
 157606099, 0.003, 0.577, 0.011, 0.01, 0.006, 0.896, 0.022, 0.01
 157806019, 0.001, 0.325, -0.03, 0.01, 0.003, 0.577, 0.011, 0.01
 158005939, 0, 0.134, -0.108, 0.01, 0.001, 0.325, -0.03, 0.01
 158205859, -0.002, -0.002, -0.223, 0.01, 0, 0.134, -0.108, 0.01
 158405779, -0.004, -0.09, -0.373, 0.01, -0.002, -0.002, -0.223, 0.01
 158606532, -0.006, -0.134, -0.552, 0.01, -0.004, -0.09, -0.373, 0.01
 158806452, -0.008, -0.142, -0.742, 0.01, -0.006, -0.134, -0.552, 0.01
 159006372, -0.009000001, -0.121, -0.932, 0.01, -0.008, -0.142, -0.742, 0.01
 159206292, -0.01, -0.082, -1.117, 0.01, -0.009000001, -0.121, -0.932, 0.01
 159406212, -0.011, -0.031, -1.291, 0.01, -0.01, -0.082, -1.117, 0.01
 159606132, -0.012, 0.023, -1.435, 0.01, -0.011, -0.031, -1.291, 0.01
 159806052, -0.013, 0.079, -1.541, 0.01, -0.012, 0.023, -1.435, 0.01
 160005972, -0.013, 0.13, -1.608, 0.01, -0.013, 0.079, -1.541, 0.01
 160205892, -0.013, 0.175, -1.635, 0.01, -0.013, 0.13, -1.608, 0.01
 160405812, -0.013, 0.212, -1.626, 0.01, -0.013, 0.175, -1.635, 0.01
 160606565, -0.013, 0.241, -1.601, 0.01, -0.013, 0.212, -1.626, 0.01
 160806485, -0.021, 0.261, -1.566, 0.01, -0.013, 0.241, -1.601, 0.01
 161006405, -0.058, 0.27, -1.506, 0.01, -0.021, 0.261, -1.566, 0.01
 161206325, -0.135, 0.266, -1.415, 0.01, -0.058, 0.27, -1.506, 0.01
 161406245, -0.251, 0.252, -1.289, 0.01, -0.135, 0.266, -1.415, 0.01
 161606165, -0.402, 0.228, -1.125, 0.01, -0.251, 0.252, -1.289, 0.01
 161806085, -0.59, 0.195, -0.929, 0.01, -0.402, 0.228, -1.125, 0.01
 162006005, -0.817, 0.154, -0.7220001, 0.01, -0.59, 0.195, -0.929, 0.01
 162205925, -1.083, 0.106, -0.513, 0.01, -0.817, 0.154, -0.7220001, 0.01
 162405845, -1.389, 0.051, -0.31, 0.01, -1.083, 0.106, -0.513, 0.01
 162605765, -1.735, -0.01, -0.128, 0.01, -1.389, 0.051, -0.31, 0.01
 162806518, -2.125, -0.07700001, 0.013, 0.01, -1.735, -0.01, -0.128, 0.01
 163006438, -2.552, -0.15, 0.108, 0.01, -2.125, -0.07700001, 0.013, 0.01
 163206358, -3.012, -0.228, 0.158, 0.01, -2.552, -0.15, 0.108, 0.01
 163406278, -3.499, -0.308, 0.164, 0.01, -3.012, -0.228, 0.158, 0.01
 163606198, -3.985, -0.388, 0.14, 0.01, -3.499, -0.308, 0.164, 0.01
 163806118, -4.453, -0.465, 0.11, 0.01, -3.985, -0.388, 0.14, 0.01
 164006038, -4.908, -0.54, 0.08400001, 0.01, -4.453, -0.465, 0.11, 0.01
 164205958, -5.354, -0.613, 0.063, 0.01, -4.908, -0.54, 0.08400001, 0.01
 164405878, -5.795, -0.6850001, 0.049, 0.01, -5.354, -0.613, 0.063, 0.01
 164605798, -6.229, -0.756, 0.041, 0.01, -5.795, -0.6850001, 0.049, 0.01
 164806551, -6.665, -0.827, 0.037, 0.01, -6.229, -0.756, 0.041, 0.01
 165006471, -7.093, -0.896, 0.035, 0.01, -6.665, -0.827, 0.037, 0.01
 165206391, -7.493001, -0.9620001, 0.034, 0.01, -7.093, -0.896, 0.035, 0.01
 165406311, -7.856, -1.023, 0.034, 0.01, -7.493001, -0.9620001, 0.034, 0.01
 165606231, -8.188001, -1.08, 0.035, 0.01, -7.856, -1.023, 0.034, 0.01
 165806151, -8.488001, -1.127, 0.035, 0.01, -8.188001, -1.08, 0.035, 0.01
 166006071, -8.751, -1.162, 0.033, 0.01, -8.488001, -1.127, 0.035, 0.01
 166205991, -8.978001, -1.19, 0.031, 0.01, -8.751, -1.162, 0.033, 0.01
 166405911, -9.173, -1.213, 0.03, 0.01, -8.978001, -1.19, 0.031, 0.01
 166605831, -9.339001, -1.232, 0.026, 0.01, -9.173, -1.213, 0.03, 0.01
 166806584, -9.473001, -1.248, 0.021, 0.01, -9.339001, -1.232, 0.026, 0.01
 167006504, -9.578, -1.261, 0.016, 0.01, -9.473001, -1.248, 0.021, 0.01
 167206424, -9.650001, -1.263, 0.011, 0.01, -9.578, -1.261, 0.016, 0.01
 167406344, -9.687, -1.252, 0.006, 0.01, -9.650001, -1.263, 0.011, 0.01
 167606264, -9.696, -1.234, 0.004, 0.01, -9.687, -1.252, 0.006, 0.01
 167806184, -9.700001, -1.216, 0.003, 0.01, -9.696, -1.234, 0.004, 0.01
 168006104, -9.708, -1.201, 0.004, 0.01, -9.700001, -1.216, 0.003, 0.01
 168206024, -9.718, -1.188, 0.003, 0.01, -9.708, -1.201, 0.004, 0.01
 168405944, -9.729, -1.177, 0.002, 0.01, -9.718, -1.188, 0.003, 0.01
 168605864, -9.735001, -1.169, 0, 0.01, -9.729, -1.177, 0.002, 0.01
 168805784, -9.735001, -1.166, 0, 0.01, -9.735001, -1.169, 0, 0.01
 169006537, -9.736, -1.169, 0, 0.01, -9.735001, -1.166, 0, 0.01
 169206457, -9.735001, -1.177, 0, 0.01, -9.736, -1.169, 0, 0.01
 169406377, -9.735001, -1.181, 0, 0.01, -9.735001, -1.177, 0, 0.01
 169606297, -9.735001, -1.178, 0, 0.01, -9.735001, -1.181, 0, 0.01
 169806217, -9.735001, -1.174, 0, 0.01, -9.735001, -1.178, 0, 0.01
 170006137, -9.736, -1.171, 0, 0.01, -9.735001, -1.174, 0, 0.01
 170206057, -9.737, -1.173, 0, 0.01, -9.736, -1.171, 0, 0.01
 170405977, -9.740001, -1.177, 0, 0.01, -9.737, -1.173, 0, 0.01
 170605897, -9.746, -1.177, 0, 0.01, -9.740001, -1.177, 0, 0.01
 170805817, -9.751, -1.17, 0, 0.01, -9.746, -1.177, 0, 0.01
 171006570, -9.757001, -1.162, 0, 0.01, -9.751, -1.17, 0, 0.01
 171206490, -9.762, -1.157, 0, 0.01, -9.757001, -1.162, 0, 0.01
 171406410, -9.767, -1.155, 0, 0.01, -9.762, -1.157, 0, 0.01
 171606330, -9.774, -1.155, 0, 0.01, -9.767, -1.155, 0, 0.01
 171806250, -9.784, -1.154, 0, 0.01, -9.774, -1.155, 0, 0.01
 172006170, -9.797001, -1.157, 0, 0.01, -9.784, -1.154, 0, 0.01
 172206090, -9.81, -1.163, -0.001, 0.01, -9.797001, -1.157, 0, 0.01
 172406010, -9.821, -1.174, -0.001, 0.01, -9.81, -1.163, -0.001, 0.01
 172605930, -9.833, -1.19, -0.002, 0.01, -9.821, -1.174, -0.001, 0.01
 172805850, -9.844001, -1.21, -0.003, 0.01, -9.833, -1.19, -0.002, 0.01
 173005770, -9.853001, -1.223, -0.004, 0.01, -9.844001, -1.21, -0.003, 0.01
 173206523, -9.861, -1.228, -0.004, 0.01, -9.853001, -1.223, -0.004, 0.01
 173406443, -9.867001, -1.23, -0.004, 0.01, -9.861, -1.228, -0.004, 0.01
 173606363, -9.872001, -1.231, -0.004, 0.01, -9.867001, -1.23, -0.004, 0.01
 173806283, -9.872001, -1.234, -0.004, 0.01, -9.872001, -1.231, -0.004, 0.01
 174006203, -9.870001, -1.234, -0.006, 0.01, -9.872001, -1.234, -0.004, 0.01
 174206123, -9.84, -1.229, -0.01, 0.01, -9.870001, -1.234, -0.006, 0.01
 174406043, -9.772, -1.22, -0.013, 0.01, -9.84, -1.229, -0.01, 0.01
 174605963, -9.667001, -1.208, -0.014, 0.01, -9.772, -1.22, -0.013, 0.01
 174805883, -9.523001, -1.194, -0.013, 0.01, -9.667001, -1.208, -0.014, 0.01
 175005803, -9.34, -1.178, -0.011, 0.01, -9.523001, -1.194, -0.013, 0.01
 175206556, -9.118, -1.151, -0.008, 0.01, -9.34, -1.178, -0.011, 0.01
 175406476, -8.856, -1.111, -0.005, 0.01, -9.118, -1.151, -0.008, 0.01
 175606396, -8.553, -1.064, 0, 0.01, -8.856, -1.111, -0.005, 0.01
 175806316, -8.21, -1.012, 0.004, 0.01, -8.553, -1.064, 0, 0.01
 176006236, -7.826, -0.9580001, 0.01, 0.01, -8.21, -1.012, 0.004, 0.01
 176206156, -7.401, -0.9020001, 0.015, 0.01, -7.826, -0.9580001, 0.01, 0.01
 176406076, -6.937, -0.8330001, 0.019, 0.01, -7.401, -0.9020001, 0.015, 0.01
 176605996, -6.442, -0.754, 0.021, 0.01, -6.937, -0.8330001, 0.019, 0.01
 176805916, -5.938, -0.673, 0.021, 0.01, -6.442, -0.754, 0.021, 0.01
 177005836, -5.426, -0.5930001, 0.018, 0.01, -5.938, -0.673, 0.021, 0.01
 177206589, -4.905, -0.52, 0.013, 0.01, -5.426, -0.5930001, 0.018, 0.01
 177406509, -4.374, -0.451, 0.007, 0.01, -4.905, -0.52, 0.013, 0.01
 177606429, -3.837, -0.389, 0.002, 0.01, -4.374, -0.451, 0.007, 0.01
 177806349, -3.291, -0.326, 0, 0.01, -3.837, -0.389, 0.002, 0.01
 178006269, -2.745, -0.263, -0.003, 0.01, -3.291, -0.326, 0, 0.01
 178206189, -2.222, -0.203, -0.004, 0.01, -2.745, -0.263, -0.003, 0.01
 178406109, -1.74, -0.152, -0.003, 0.01, -2.222, -0.203, -0.004, 0.01
 178606029, -1.298, -0.108, -0.001, 0.01, -1.74, -0.152, -0.003, 0.01
 178805949, -0.899, -0.07, 0, 0.01, -1.298, -0.108, -0.001, 0.01
 179005869, -0.545, -0.039, 0.002, 0.01, -0.899, -0.07, 0, 0.01
 179205789, -0.24, -0.014, 0.002, 0.01, -0.545, -0.039, 0.002, 0.01
 179406542, 0.015, 0.004, 0.002, 0.01, -0.24, -0.014, 0.002, 0.01
 179606462, 0.222, 0.017, 0, 0.01, 0.015, 0.004, 0.002, 0.01
 179806382, 0.378, 0.026, -0.002, 0.01, 0.222, 0.017, 0, 0.01
 180006302, 0.48, 0.031, -0.005, 0.01, 0.378, 0.026, -0.002, 0.01
 180206222, 0.529, 0.032, -0.009000001, 0.01, 0.48, 0.031, -0.005, 0.01
 180406142, 0.528, 0.03, -0.013, 0.01, 0.529, 0.032, -0.009000001, 0.01
 180606062, 0.491, 0.026, -0.018, 0.01, 0.528, 0.03, -0.013, 0.01
 180805982, 0.446, 0.022, -0.022, 0.01, 0.491, 0.026, -0.018, 0.01
 181005902, 0.4, 0.019, -0.025, 0.01, 0.446, 0.022, -0.022, 0.01
 181205822, 0.355, 0.018, -0.028, 0.01, 0.4, 0.019, -0.025, 0.01
 181406575, 0.306, 0.016, -0.029, 0.01, 0.355, 0.018, -0.028, 0.01
 181606495, 0.256, 0.015, -0.03, 0.01, 0.306, 0.016, -0.029, 0.01
 181806415, 0.207, 0.014, -0.03, 0.01, 0.256, 0.015, -0.03, 0.01
 182006335, 0.161, 0.013, -0.03, 0.01, 0.207, 0.014, -0.03, 0.01
 182206255, 0.119, 0.013, -0.028, 0.01, 0.161, 0.013, -0.03, 0.01
 182406175, 0.08000001, 0.012, -0.026, 0.01, 0.119, 0.013, -0.028, 0.01
 182606095, 0.043, 0.009000001, -0.024, 0.01, 0.08000001, 0.012, -0.026, 0.01
 182806015, 0.011, 0.007, -0.021, 0.01, 0.043, 0.009000001, -0.024, 0.01
 183005935, -0.016, 0.005, -0.018, 0.01, 0.011, 0.007, -0.021, 0.01
 183205855, -0.038, 0.003, -0.015, 0.01, -0.016, 0.005, -0.018, 0.01
 183405775, -0.054, 0.001, -0.013, 0.01, -0.038, 0.003, -0.015, 0.01
 183606528, -0.064, -0.001, -0.011, 0.01, -0.054, 0.001, -0.013, 0.01
 183806448, -0.07, -0.003, -0.01, 0.01, -0.064, -0.001, -0.011, 0.01
 184006368, -0.072, -0.005, -0.008, 0.01, -0.07, -0.003, -0.01, 0.01
 184206288, -0.071, -0.007, -0.007, 0.01, -0.072, -0.005, -0.008, 0.01
 184406208, -0.068, -0.008, -0.006, 0.01, -0.071, -0.007, -0.007, 0.01
 184606128, -0.063, -0.009000001, -0.005, 0.01, -0.068, -0.008, -0.006, 0.01
 184806048, -0.056, -0.009000001, -0.005, 0.01, -0.063, -0.009000001, -0.005, 0.01
 185005968, -0.049, -0.01, -0.004, 0.01, -0.056, -0.009000001, -0.005, 0.01
 185205888, -0.041, -0.01, -0.004, 0.01, -0.049, -0.01, -0.004, 0.01
 185405808, -0.033, -0.01, -0.004, 0.01, -0.041, -0.01, -0.004, 0.01
 185606561, -0.019, -0.01, 0.029, 0.01, -0.033, -0.01, -0.004, 0.01
 185806481, 0, -0.009000001, 0.188, 0.01, -0.019, -0.01, 0.029, 0.01
 186006401, 0.015, -0.009000001, 0.395, 0.01, 0, -0.009000001, 0.188, 0.01
 186206321, 0.024, -0.009000001, 0.623, 0.01, 0.015, -0.009000001, 0.395, 0.01
 186406241, 0.029, -0.009000001, 0.855, 0.01, 0.024, -0.009000001, 0.623, 0.01
 186606161, 0.032, -0.01, 1.083, 0.01, 0.029, -0.009000001, 0.855, 0.01
 186806081, 0.032, -0.01, 1.304, 0.01, 0.032, -0.01, 1.083, 0.01
 187006001, 0.032, -0.01, 1.488, 0.01, 0.032, -0.01, 1.304, 0.01
 187205921, 0.03, -0.01, 1.576, 0.01, 0.032, -0.01, 1.488, 0.01
 187405841, 0.028, -0.009000001, 1.596, 0.01, 0.03, -0.01, 1.576, 0.01
 187605761, 0.026, -0.008, 1.578, 0.01, 0.028, -0.009000001, 1.596, 0.01
 187806514, 0.023, -0.006, 1.543, 0.01, 0.026, -0.008, 1.578, 0.01
 188006434, 0.021, -0.004, 1.505, 0.01, 0.023, -0.006, 1.543, 0.01
 188206354, 0.019, -0.001, 1.471, 0.01, 0.021, -0.004, 1.505, 0.01
 188406274, 0.017, 0.001, 1.445, 0.01, 0.019, -0.001, 1.471, 0.01
 188606194, 0.016, 0.003, 1.428, 0.01, 0.017, 0.001, 1.445, 0.01
 188806114, 0.017, 0.004, 1.394, 0.01, 0.016, 0.003, 1.428, 0.01
 189006034, 0.018, 0.004, 1.275, 0.01, 0.017, 0.004, 1.394, 0.01
 189205954, 0.019, 0.005, 1.085, 0.01, 0.018, 0.004, 1.275, 0.01
 189405874, 0.02, 0.005, 0.869, 0.01, 0.019, 0.005, 1.085, 0.01
 189605794, 0.021, 0.006, 0.645, 0.01, 0.02, 0.005, 0.869, 0.01
 189806547, 0.022, 0.006, 0.462, 0.01, 0.021, 0.006, 0.645, 0.01
 190006467, 0.023, 0.006, 0.375, 0.01, 0.022, 0.006, 0.462, 0.01
 190206387, 0.023, 0.006, 0.352, 0.01, 0.023, 0.006, 0.375, 0.01
 190406307, 0.023, 0.004, 0.364, 0.01, 0.023, 0.006, 0.352, 0.01
 190606227, 0.022, 0.004, 0.393, 0.01, 0.023, 0.004, 0.364, 0.01
 190806147, 0.022, 0.003, 0.424, 0.01, 0.022, 0.004, 0.393, 0.01
 191006067, 0.022, 0.002, 0.452, 0.01, 0.022, 0.003, 0.424, 0.01
 191205987, 0.021, 0.002, 0.474, 0.01, 0.022, 0.002, 0.452, 0.01
 191405907, 0.02, 0.003, 0.489, 0.01, 0.021, 0.002, 0.474, 0.01
 191605827, 0.019, 0.003, 0.497, 0.01, 0.02, 0.003, 0.489, 0.01
 191806580, 0.018, 0.003, 0.5, 0.01, 0.019, 0.003, 0.497, 0.01
 192006500, 0.016, 0.003, 0.5, 0.01, 0.018, 0.003, 0.5, 0.01
 192206420, 0.014, 0.003, 0.499, 0.01, 0.016, 0.003, 0.5, 0.01
 192406340, 0.011, 0.003, 0.496, 0.01, 0.014, 0.003, 0.499, 0.01
 192606260, 0.01, 0.004, 0.493, 0.01, 0.011, 0.003, 0.496, 0.01
 192806180, 0.009000001, 0.004, 0.49, 0.01, 0.01, 0.004, 0.493, 0.01
 193006100, 0.009000001, 0.005, 0.488, 0.01, 0.009000001, 0.004, 0.49, 0.01
 193206020, 0.008, 0.005, 0.487, 0.01, 0.009000001, 0.005, 0.488, 0.01
 193405940, 0.006, 0.004, 0.485, 0.01, 0.008, 0.005, 0.487, 0.01
 193605860, 0.005, 0.004, 0.484, 0.01, 0.006, 0.004, 0.485, 0.01
 193805780, 0.004, 0.003, 0.482, 0.01, 0.005, 0.004, 0.484, 0.01
 194006533, 0.004, 0.003, 0.481, 0.01, 0.004, 0.003, 0.482, 0.01
 194206453, 0.004, 0.003, 0.48, 0.01, 0.004, 0.003, 0.481, 0.01
 194406373, 0.004, 0.003, 0.479, 0.01, 0.004, 0.003, 0.48, 0.01
 194606293, 0.003, 0.002, 0.479, 0.01, 0.004, 0.003, 0.479, 0.01
 194806213, 0.003, 0.002, 0.478, 0.01, 0.003, 0.002, 0.479, 0.01
 195006133, 0.002, 0.001, 0.477, 0.01, 0.003, 0.002, 0.478, 0.01
 195206053, 0.002, 0, 0.477, 0.01, 0.002, 0.001, 0.477, 0.01
 195405973, 0.002, 0, 0.477, 0.01, 0.002, 0, 0.477, 0.01
 195605893, 0.003, -0.001, 0.477, 0.01, 0.002, 0, 0.477, 0.01
 195805813, 0.003, -0.001, 0.476, 0.01, 0.003, -0.001, 0.477, 0.01
 196006566, 0.004, -0.002, 0.476, 0.01, 0.003, -0.001, 0.476, 0.01
 196206486, 0.003, -0.002, 0.476, 0.01, 0.004, -0.002, 0.476, 0.01
 196406406, 0.002, -0.002, 0.475, 0.01, 0.003, -0.002, 0.476, 0.01
 196606326, 0.001, -0.003, 0.475, 0.01, 0.002, -0.002, 0.475, 0.01
 196806246, 0, -0.004, 0.474, 0.01, 0.001, -0.003, 0.475, 0.01
 197006166, -0.001, -0.004, 0.474, 0.01, 0, -0.004, 0.474, 0.01
 197206086, -0.002, -0.004, 0.474, 0.01, -0.001, -0.004, 0.474, 0.01
 197406006, -0.001, -0.004, 0.474, 0.01, -0.002, -0.004, 0.474, 0.01
 197605926, -0.002, -0.004, 0.474, 0.01, -0.001, -0.004, 0.474, 0.01
 197805846, -0.003, -0.004, 0.473, 0.01, -0.002, -0.004, 0.474, 0.01
 198005766, -0.004, -0.005, 0.473, 0.01, -0.003, -0.004, 0.473, 0.01
 198206519, -0.004, -0.006, 0.473, 0.01, -0.004, -0.005, 0.473, 0.01
 198406439, -0.004, -0.008, 0.473, 0.01, -0.004, -0.006, 0.473, 0.01
 198606359, -0.003, -0.009000001, 0.473, 0.01, -0.004, -0.008, 0.473, 0.01
 198806279, -0.001, -0.009000001, 0.473, 0.01, -0.003, -0.009000001, 0.473, 0.01
 199006199, 0, -0.008, 0.473, 0.01, -0.001, -0.009000001, 0.473, 0.01
 199206119, 0, -0.006, 0.473, 0.01, 0, -0.008, 0.473, 0.01
 199406039, 0, -0.003, 0.473, 0.01, 0, -0.006, 0.473, 0.01
 199605959, -0.002, -0.001, 0.473, 0.01, 0, -0.003, 0.473, 0.01
 199805879, -0.004, 0, 0.472, 0.01, -0.002, -0.001, 0.473, 0.01
 200005799, -0.003, -0.001, 0.472, 0.01, -0.004, 0, 0.472, 0.01
 200206552, -0.002, -0.003, 0.472, 0.01, -0.003, -0.001, 0.472, 0.01
 200406472, -0.001, -0.003, 0.472, 0.01, -0.002, -0.003, 0.472, 0.01
 200606392, -0.001, -0.003, 0.472, 0.01, -0.001, -0.003, 0.472, 0.01
 200806312, -0.002, -0.001, 0.471, 0.01, -0.001, -0.003, 0.472, 0.01
 201006232, -0.004, 0, 0.471, 0.01, -0.002, -0.001, 0.471, 0.01
 201206152, -0.005, 0.001, 0.471, 0.01, -0.004, 0, 0.471, 0.01
 201406072, -0.005, 0.002, 0.472, 0.01, -0.005, 0.001, 0.471, 0.01
 201605992, -0.005, 0.002, 0.472, 0.01, -0.005, 0.002, 0.472, 0.01
 201805912, -0.005, 0.002, 0.473, 0.01, -0.005, 0.002, 0.472, 0.01
 202005832, -0.005, 0.001, 0.473, 0.01, -0.005, 0.002, 0.473, 0.01
 202206585, -0.005, 0.001, 0.473, 0.01, -0.005, 0.001, 0.473, 0.01
 202406505, -0.005, 0.001, 0.473, 0.01, -0.005, 0.001, 0.473, 0.01
 202606425, -0.005, 0.002, 0.474, 0.01, -0.005, 0.001, 0.473, 0.01
 202806345, -0.005, 0.002, 0.474, 0.01, -0.005, 0.002, 0.474, 0.01
 203006265, -0.004, 0.002, 0.474, 0.01, -0.005, 0.002, 0.474, 0.01
 203206185, -0.003, 0.003, 0.475, 0.01, -0.004, 0.002, 0.474, 0.01
 203406105, -0.002, 0.003, 0.475, 0.01, -0.003, 0.003, 0.475, 0.01
 203606025, -0.001, 0.003, 0.475, 0.01, -0.002, 0.003, 0.475, 0.01
 203805945, 0, 0.003, 0.475, 0.01, -0.001, 0.003, 0.475, 0.01
 204005865, 0, 0.003, 0.476, 0.01, 0, 0.003, 0.475, 0.01
 204205785, 0.001, 0.003, 0.475, 0.01, 0, 0.003, 0.476, 0.01
 204406538, 0.001, 0.003, 0.475, 0.01, 0.001, 0.003, 0.475, 0.01
 204606458, 0.002, 0.002, 0.475, 0.01, 0.001, 0.003, 0.475, 0.01
 204806378, 0.002, 0.001, 0.475, 0.01, 0.002, 0.002, 0.475, 0.01
 205006298, 0.002, 0.001, 0.475, 0.01, 0.002, 0.001, 0.475, 0.01
 205206218, 0.001, 0.001, 0.475, 0.01, 0.002, 0.001, 0.475, 0.01
 205406138, 0, 0.001, 0.475, 0.01, 0.001, 0.001, 0.475, 0.01
 205606058, 0, 0, 0.475, 0.01, 0, 0.001, 0.475, 0.01
 205805978, 0, 0.001, 0.475, 0.01, 0, 0, 0.475, 0.01
 206005898, 0, 0.001, 0.475, 0.01, 0, 0.001, 0.475, 0.01
 206205818, 0, 0.001, 0.476, 0.01, 0, 0.001, 0.475, 0.01
 206406571, 0, 0.001, 0.475, 0.01, 0, 0.001, 0.476, 0.01
 206606491, 0, 0.001, 0.476, 0.01, 0, 0.001, 0.475, 0.01
 206806411, 0, 0, 0.476, 0.01, 0, 0.001, 0.476, 0.01
 207006331, 0, 0.001, 0.475, 0.01, 0, 0, 0.476, 0.01
 207206251, 0, 0.001, 0.475, 0.01, 0, 0.001, 0.475, 0.01
 207406171, 0, 0, 0.475, 0.01, 0, 0.001, 0.475, 0.01
 207606091, 0.001, 0, 0.475, 0.01, 0, 0, 0.475, 0.01
 207806011, 0.001, 0, 0.475, 0.01, 0.001, 0, 0.475, 0.01
 208005931, 0.002, 0, 0.475, 0.01, 0.001, 0, 0.475, 0.01
 208205851, 0.003, -0.001, 0.475, 0.01, 0.002, 0, 0.475, 0.01
 208405771, 0.003, -0.001, 0.475, 0.01, 0.003, -0.001, 0.475, 0.01
 208606524, 0.004, -0.002, 0.475, 0.01, 0.003, -0.001, 0.475, 0.01
 208806444, 0.004, -0.001, 0.475, 0.01, 0.004, -0.002, 0.475, 0.01
 209006364, 0.003, -0.001, 0.475, 0.01, 0.004, -0.001, 0.475, 0.01
 209206284, 0.002, -0.001, 0.474, 0.01, 0.003, -0.001, 0.475, 0.01
 209406204, 0.001, -0.001, 0.475, 0.01, 0.002, -0.001, 0.474, 0.01
 209606124, 0, -0.001, 0.475, 0.01, 0.001, -0.001, 0.475, 0.01
 209806044, 0, -0.001, 0.475, 0.01, 0, -0.001, 0.475, 0.01
 210005964, 0, 0, -0.01, 0.01, 0, -0.001, 0.475, 0.01
 210205884, 0, 0, -0.102, 0.01, 0, 0, -0.01, 0.01
 210405804, 0, 0, 0.013, 0.01, 0, 0, -0.102, 0.01
 210606557, 0, 0, 0.012, 0.01, 0, 0, 0.013, 0.01
 210806477, 0, 0, -0.003, 0.01, 0, 0, 0.012, 0.01
 211006397, 0, 0, -0.001, 0.01, 0, 0, -0.003, 0.01
 211206317, 0, 0, 0, 0.01, 0, 0, -0.001, 0.01
 211406237, 0, 0, 0, 0.01, 0, 0, 0, 0.01
 211606157, 0, 0, 0, 0.01, 0, 0, 0, 0.01
 211806077, 0, 0, 0, 0.01, 0, 0, 0, 0.01
 212005997, 0, 0, 0, 0.01, 0, 0, 0, 0.01
 212205917, 0, 0, 0, 0.01, 0, 0, 0, 0.01
