TimeUS,COFN,COFE,CNe,CEe,POFN,POFE,PNe,PEe
 8425795, 0.005051716, 0.00860869, 0.01976848, -0.03121446, 0, 0, 0, 0
 8606556, -0.0009805874, 0.002874773, 0.01981309, -0.03116914, 0.005051716, 0.00860869, 0.01976848, -0.03121446
 8806476, 0.0004987826, 0.005202051, 0.02013502, -0.03096558, -0.0009805874, 0.002874773, 0.01981309, -0.03116914
 9006396, 0.0006797496, 0.005247275, 0.02068201, -0.03060308, 0.0004987826, 0.005202051, 0.02013502, -0.03096558
 9206316, -0.0006981498, 0.002924237, 0.02130868, -0.0301664, 0.0006797496, 0.005247275, 0.02068201, -0.03060308
 9406236, -0.004283465, 0.0007768061, 0.02192078, -0.02972655, -0.0006981498, 0.002924237, 0.02130868, -0.0301664
 9606156, -0.002499289, 0.0001516489, 0.02247323, -0.02930859, -0.004283465, 0.0007768061, 0.02192078, -0.02972655
 9806076, -0.002111717, 0.001049694, 0.02297372, -0.0289178, -0.002499289, 0.0001516489, 0.02247323, -0.02930859
 10005996, -0.002610152, 0.003593506, 0.02343048, -0.02855188, -0.002111717, 0.001049694, 0.02297372, -0.0289178
 10205916, -0.001843156, 0.003808418, 0.0238514, -0.02820083, -0.002610152, 0.003593506, 0.02343048, -0.02855188
 10405836, -0.002833548, 0.003283444, 0.02424165, -0.02786627, -0.001843156, 0.003808418, 0.0238514, -0.02820083
 10606589, -0.0008843822, 0.005406491, 0.0245967, -0.02755577, -0.002833548, 0.003283444, 0.02424165, -0.02786627
 10806509, -0.003490184, 0.01220049, 0.02492661, -0.02728591, -0.0008843822, 0.005406491, 0.0245967, -0.02755577
 11006429, 0.01944314, 0.001906277, 0.02531617, -0.02697295, -0.003490184, 0.01220049, 0.02492661, -0.02728591
 11206349, -0.0188413, -0.0008755253, 0.02558569, -0.02671173, 0.01944314, 0.001906277, 0.02531617, -0.02697295
 11406269, -0.02145405, 0.01361336, 0.02586035, -0.0265102, -0.0188413, -0.0008755253, 0.02558569, -0.02671173
 11606189, -0.004721943, -0.01591489, 0.02598706, -0.02630353, -0.02145405, 0.01361336, 0.02586035, -0.0265102
 11806109, 0.01934591, 0.001264694, 0.02627122, -0.02604233, -0.004721943, -0.01591489, 0.02598706, -0.02630353
 12006029, -0.009939782, -0.014195, 0.02639611, -0.02589861, 0.01934591, 0.001264694, 0.02627122, -0.02604233
 12205949, 0.01188045, -0.006682508, 0.02657219, -0.02569176, -0.009939782, -0.014195, 0.02639611, -0.02589861
 12405869, -0.01110299, 0.004114073, 0.02671868, -0.0255289, 0.01188045, -0.006682508, 0.02657219, -0.02569176
 12605789, 0.006079162, -0.02119434, 0.026836, -0.02548538, -0.01110299, 0.004114073, 0.02671868, -0.0255289
 12806542, 0.002612767, -0.02189537, 0.02695236, -0.02536231, 0.006079162, -0.02119434, 0.026836, -0.02548538
 13006462, 0.01505062, -0.01165028, 0.02710784, -0.02516715, 0.002612767, -0.02189537, 0.02695236, -0.02536231
 13206382, -0.009355702, -0.0216096, 0.02718206, -0.02513194, 0.01505062, -0.01165028, 0.02710784, -0.02516715
 13406302, 0.008553433, -0.006383772, 0.02725561, -0.02494865, -0.009355702, -0.0216096, 0.02718206, -0.02513194
 13606222, 0.01792241, -0.01782447, 0.02738466, -0.02493091, 0.008553433, -0.006383772, 0.02725561, -0.02494865
 13806142, -0.01127586, 0.01435237, 0.02741032, -0.02483048, 0.01792241, -0.01782447, 0.02738466, -0.02493091
 14006062, 0.004819214, -0.006230018, 0.02744669, -0.02472597, -0.01127586, 0.01435237, 0.02741032, -0.02483048
 14205982, -0.01546247, 0.0008794422, 0.02754714, -0.02465639, 0.004819214, -0.006230018, 0.02744669, -0.02472597
 14405902, -0.003903214, -0.005968321, 0.02754431, -0.02461451, -0.01546247, 0.0008794422, 0.02754714, -0.02465639
 14605822, 0.01836992, 0.01174175, 0.02766233, -0.0245834, -0.003903214, -0.005968321, 0.02754431, -0.02461451
 14806575, -0.001645174, 0.01417034, 0.02761829, -0.02456798, 0.01836992, 0.01174175, 0.02766233, -0.0245834
 15006495, -0.009868126, -0.01809484, 0.02767794, -0.02455375, -0.001645174, 0.01417034, 0.02761829, -0.02456798
 15206415, -0.009474901, -0.01413011, 0.02769879, -0.0244978, -0.009868126, -0.01809484, 0.02767794, -0.02455375
 15406335, -0.01177676, -0.01146675, 0.02773048, -0.0244573, -0.009474901, -0.01413011, 0.02769879, -0.0244978
 15606255, -0.0105567, -0.01336243, 0.02774369, -0.02444708, -0.01177676, -0.01146675, 0.02773048, -0.0244573
 15806175, -0.01017893, -0.01364825, 0.02775741, -0.02443146, -0.0105567, -0.01336243, 0.02774369, -0.02444708
 16006095, -0.009489799, -0.01513699, 0.0277674, -0.02442715, -0.01017893, -0.01364825, 0.02775741, -0.02443146
 16206015, -0.00762816, -0.01400673, 0.02776901, -0.02440974, -0.009489799, -0.01513699, 0.0277674, -0.02442715
 16405935, -0.01048475, -0.01025168, 0.02778704, -0.02437973, -0.00762816, -0.01400673, 0.02776901, -0.02440974
 16605855, -0.009250807, -0.01328816, 0.02778973, -0.02438802, -0.01048475, -0.01025168, 0.02778704, -0.02437973
 16805775, -0.008659117, -0.01748162, 0.02779674, -0.02440855, -0.009250807, -0.01328816, 0.02778973, -0.02438802
 17006528, -0.007333451, -0.0161743, 0.02779493, -0.02439492, -0.008659117, -0.01748162, 0.02779674, -0.02440855
 17206448, -0.01099819, -0.01763767, 0.02781386, -0.02440143, -0.007333451, -0.0161743, 0.02779493, -0.02439492
 17406368, -0.01163912, -0.01322078, 0.02781346, -0.02437255, -0.01099819, -0.01763767, 0.02781386, -0.02440143
 17606288, -0.007738819, -0.00984857, 0.02779142, -0.02436074, -0.01163912, -0.01322078, 0.02781346, -0.02437255
 17806208, -0.009559104, -0.01153374, 0.02779716, -0.02437046, -0.007738819, -0.00984857, 0.02779142, -0.02436074
 18006128, -0.008962332, -0.01641961, 0.02779421, -0.02440405, -0.009559104, -0.01153374, 0.02779716, -0.02437046
 18206048, -0.01056614, -0.01518358, 0.02779621, -0.02439991, -0.008962332, -0.01641961, 0.02779421, -0.02440405
 18405968, -0.01073528, -0.01425857, 0.02779131, -0.0243998, -0.01056614, -0.01518358, 0.02779621, -0.02439991
 18605888, -0.01150014, -0.01399245, 0.02778924, -0.02440445, -0.01073528, -0.01425857, 0.02779131, -0.0243998
 18805808, -0.01350208, -0.01357272, 0.0277939, -0.0244084, -0.01150014, -0.01399245, 0.02778924, -0.02440445
 19006561, -0.01172788, -0.009409832, 0.02777363, -0.02439768, -0.01350208, -0.01357272, 0.0277939, -0.0244084
 19206481, -0.01153416, -0.01311828, 0.02776828, -0.02442278, -0.01172788, -0.009409832, 0.02777363, -0.02439768
 19406401, -0.009222911, -0.01490215, 0.02774983, -0.02444421, -0.01153416, -0.01311828, 0.02776828, -0.02442278
 19606321, -0.009523617, -0.01528061, 0.02774277, -0.02445633, -0.009222911, -0.01490215, 0.02774983, -0.02444421
 19806241, -0.01009315, -0.01285324, 0.02773492, -0.02445151, -0.009523617, -0.01528061, 0.02774277, -0.02445633
 20006161, -0.01081663, -0.0132795, 0.02772974, -0.0244637, -0.01009315, -0.01285324, 0.02773492, -0.02445151
 20206081, -0.009999039, -0.01183833, 0.02771515, -0.02446745, -0.01081663, -0.0132795, 0.02772974, -0.0244637
 20406001, -0.01164013, -0.01471091, 0.02771612, -0.02449317, -0.009999039, -0.01183833, 0.02771515, -0.02446745
 20605921, -0.01072682, -0.01245129, 0.02770019, -0.02449159, -0.01164013, -0.01471091, 0.02771612, -0.02449317
 20805841, -0.01023564, -0.01191169, 0.02768745, -0.02450036, -0.01072682, -0.01245129, 0.02770019, -0.02449159
 21005761, -0.01041039, -0.01313438, 0.02767915, -0.02451794, -0.01023564, -0.01191169, 0.02768745, -0.02450036
 21206514, -0.01094164, -0.01408552, 0.02767286, -0.02453395, -0.01041039, -0.01313438, 0.02767915, -0.02451794
 21406434, -0.01114563, -0.01458429, 0.02766407, -0.02454837, -0.01094164, -0.01408552, 0.02767286, -0.02453395
 21606354, -0.009588086, -0.01449963, 0.02764566, -0.02456078, -0.01114563, -0.01458429, 0.02766407, -0.02454837
 21806274, -0.01280574, -0.01308588, 0.02765147, -0.02456215, -0.009588086, -0.01449963, 0.02764566, -0.02456078
 22006194, -0.01075269, -0.01236217, 0.02762917, -0.02457127, -0.01280574, -0.01308588, 0.02765147, -0.02456215
 22206114, -0.01071312, -0.01160679, 0.02761817, -0.02457911, -0.01075269, -0.01236217, 0.02762917, -0.02457127
 22406034, -0.01093425, -0.01502554, 0.0276109, -0.02461015, -0.01071312, -0.01160679, 0.02761817, -0.02457911
 22605954, -0.009950429, -0.01242996, 0.02759401, -0.02460719, -0.01093425, -0.01502554, 0.0276109, -0.02461015
 22805874, -0.01257137, -0.01348178, 0.02759814, -0.02462315, -0.009950429, -0.01242996, 0.02759401, -0.02460719
 23005794, -0.01082594, -0.01169822, 0.02757683, -0.02462656, -0.01257137, -0.01348178, 0.02759814, -0.02462315
 23206547, -0.01098778, -0.01238872, 0.02756814, -0.0246411, -0.01082594, -0.01169822, 0.02757683, -0.02462656
 23406467, -0.008455841, -0.01343309, 0.02754709, -0.02465933, -0.01098778, -0.01238872, 0.02756814, -0.0246411
 23606387, -0.009015866, -0.01147786, 0.02753795, -0.02466027, -0.008455841, -0.01343309, 0.02754709, -0.02465933
 23806307, -0.009144927, -0.01340597, 0.02752923, -0.02468198, -0.009015866, -0.01147786, 0.02753795, -0.02466027
 24006227, -0.008110662, -0.0126488, 0.02751437, -0.02468962, -0.009144927, -0.01340597, 0.02752923, -0.02468198
 24206147, -0.01172052, -0.01764954, 0.02752463, -0.02473121, -0.008110662, -0.0126488, 0.02751437, -0.02468962
 24406067, -0.01237064, -0.01259039, 0.02751487, -0.02470946, -0.01172052, -0.01764954, 0.02752463, -0.02473121
 24605987, -0.01260082, -0.01197688, 0.02750597, -0.02471715, -0.01237064, -0.01259039, 0.02751487, -0.02470946
 24805907, -0.01387003, -0.01592251, 0.02750665, -0.02475052, -0.01260082, -0.01197688, 0.02750597, -0.02471715
 25005827, -0.01141043, -0.01146127, 0.02747903, -0.02473745, -0.01387003, -0.01592251, 0.02750665, -0.02475052
 25206580, -0.01039377, -0.01217668, 0.02746454, -0.02475229, -0.01141043, -0.01146127, 0.02747903, -0.02473745
 25406500, -0.01043956, -0.01109257, 0.02745506, -0.02475706, -0.01039377, -0.01217668, 0.02746454, -0.02475229
 25606420, -0.009977384, -0.01275576, 0.02744413, -0.02477634, -0.01043956, -0.01109257, 0.02745506, -0.02475706
 25806340, -0.008831128, -0.01513293, 0.02743066, -0.02480184, -0.009977384, -0.01275576, 0.02744413, -0.02477634
 26006260, -0.008109958, -0.01355631, 0.02741748, -0.02480282, -0.008831128, -0.01513293, 0.02743066, -0.02480184
 26206180, -0.009610257, -0.01438242, 0.02741505, -0.02481727, -0.008109958, -0.01355631, 0.02741748, -0.02480282
 26406100, -0.010353, -0.01465795, 0.02740943, -0.02482888, -0.009610257, -0.01438242, 0.02741505, -0.02481727
 26606020, -0.01056295, -0.01227114, 0.02740014, -0.02482496, -0.010353, -0.01465795, 0.02740943, -0.02482888
 26805940, -0.009247312, -0.01241228, 0.02738506, -0.02483626, -0.01056295, -0.01227114, 0.02740014, -0.02482496
 27005860, -0.01087376, -0.01297606, 0.02738394, -0.02484862, -0.009247312, -0.01241228, 0.02738506, -0.02483626
 27205780, -0.00807994, -0.01246789, 0.02736222, -0.02485698, -0.01087376, -0.01297606, 0.02738394, -0.02484862
 27406533, -0.008737319, -0.01171498, 0.02735614, -0.02486199, -0.00807994, -0.01246789, 0.02736222, -0.02485698
 27606453, -0.008522343, -0.01526676, 0.02734824, -0.02489242, -0.008737319, -0.01171498, 0.02735614, -0.02486199
 27806373, -0.006095764, -0.01709737, 0.02733179, -0.02491609, -0.008522343, -0.01526676, 0.02734824, -0.02489242
 28006293, -0.009357642, -0.01502873, 0.02733459, -0.02490924, -0.006095764, -0.01709737, 0.02733179, -0.02491609
 28206213, -0.01395528, -0.01168602, 0.0273497, -0.02489687, -0.009357642, -0.01502873, 0.02733459, -0.02490924
 28406133, -0.01217192, -0.01194146, 0.02733076, -0.02490809, -0.01395528, -0.01168602, 0.0273497, -0.02489687
 28606053, -0.0106836, -0.01305287, 0.02731508, -0.02492382, -0.01217192, -0.01194146, 0.02733076, -0.02490809
 28805973, -0.008909505, -0.01398899, 0.02729925, -0.02493894, -0.0106836, -0.01305287, 0.02731508, -0.02492382
 29005893, -0.007947052, -0.01229118, 0.0272867, -0.02493835, -0.008909505, -0.01398899, 0.02729925, -0.02493894
 29205813, -0.007356319, -0.01593675, 0.02727826, -0.02496967, -0.007947052, -0.01229118, 0.0272867, -0.02493835
 29406566, -0.009766825, -0.01308765, 0.02727909, -0.02495901, -0.007356319, -0.01593675, 0.02727826, -0.02496967
 29606486, -0.009944975, -0.01648912, 0.0272742, -0.02498884, -0.009766825, -0.01308765, 0.02727909, -0.02495901
 29806406, -0.007943355, -0.01690736, 0.02725778, -0.02500162, -0.009944975, -0.01648912, 0.0272742, -0.02498884
 30006326, -0.008477653, -0.01273953, 0.02725036, -0.02498275, -0.007943355, -0.01690736, 0.02725778, -0.02500162
 30206246, -0.00799787, -0.01386595, 0.02724149, -0.0249976, -0.008477653, -0.01273953, 0.02725036, -0.02498275
 30406166, -0.008811368, -0.01270046, 0.02723692, -0.02499853, -0.00799787, -0.01386595, 0.02724149, -0.0249976
 30606086, -0.009124101, -0.0135019, 0.02723125, -0.02501095, -0.008811368, -0.01270046, 0.02723692, -0.02499853
 30806006, -0.009846242, -0.01620659, 0.02722865, -0.02503586, -0.009124101, -0.0135019, 0.02723125, -0.02501095
 31005926, -0.008873578, -0.01688952, 0.0272175, -0.02504902, -0.009846242, -0.01620659, 0.02722865, -0.02503586
 31205846, -0.009952656, -0.01477658, 0.02721448, -0.02504136, -0.008873578, -0.01688952, 0.0272175, -0.02504902
 31405766, -0.009625172, -0.01647758, 0.02720775, -0.02505964, -0.009952656, -0.01477658, 0.02721448, -0.02504136
 31606519, -0.01059039, -0.01178189, 0.02720426, -0.0250369, -0.009625172, -0.01647758, 0.02720775, -0.02505964
 31806439, -0.01340929, -0.01461386, 0.02721469, -0.02505896, -0.01059039, -0.01178189, 0.02720426, -0.0250369
 32006359, -0.009503778, -0.01313977, 0.02718619, -0.02505935, -0.01340929, -0.01461386, 0.02721469, -0.02505896
 32206279, -0.008257264, -0.01487621, 0.02717488, -0.02507781, -0.009503778, -0.01313977, 0.02718619, -0.02505935
 32406199, -0.0112356, -0.01560134, 0.02718236, -0.02508848, -0.008257264, -0.01487621, 0.02717488, -0.02507781
 32606119, -0.0104575, -0.01350946, 0.02717086, -0.02508273, -0.0112356, -0.01560134, 0.02718236, -0.02508848
 32806039, -0.01143681, -0.01317433, 0.02716921, -0.02508744, -0.0104575, -0.01350946, 0.02717086, -0.02508273
 33005959, -0.009225866, -0.01648659, 0.02715354, -0.02511669, -0.01143681, -0.01317433, 0.02716921, -0.02508744
 33205879, -0.01073155, -0.01470539, 0.02715337, -0.0251109, -0.009225866, -0.01648659, 0.02715354, -0.02511669
 33405799, -0.01189126, -0.01487331, 0.0271533, -0.02511829, -0.01073155, -0.01470539, 0.02715337, -0.0251109
 33606552, -0.009622583, -0.0146461, 0.02713571, -0.02512431, -0.01189126, -0.01487331, 0.0271533, -0.02511829
 33806472, -0.009951287, -0.01511419, 0.02713133, -0.0251338, -0.009622583, -0.0146461, 0.02713571, -0.02512431
 34006392, -0.01008128, -0.01368797, 0.02712527, -0.02513135, -0.009951287, -0.01511419, 0.02713133, -0.0251338
 34206312, -0.01168797, -0.01066113, 0.02712625, -0.02512124, -0.01008128, -0.01368797, 0.02712527, -0.02513135
 34406232, -0.011723, -0.01533301, 0.02712253, -0.02515382, -0.01168797, -0.01066113, 0.02712625, -0.02512124
 34606152, -0.01068055, -0.01465492, 0.02711095, -0.02515611, -0.011723, -0.01533301, 0.02712253, -0.02515382
 34806072, -0.009615795, -0.01291488, 0.02709934, -0.02515238, -0.01068055, -0.01465492, 0.02711095, -0.02515611
 35005992, -0.008891345, -0.01488893, 0.0270913, -0.02517072, -0.009615795, -0.01291488, 0.02709934, -0.02515238
 35205912, -0.01053153, -0.01416029, 0.02709289, -0.02517151, -0.008891345, -0.01488893, 0.0270913, -0.02517072
 35405832, -0.01082201, -0.01178994, 0.02708768, -0.0251642, -0.01053153, -0.01416029, 0.02709289, -0.02517151
 35606585, -0.009253531, -0.01344832, 0.02707548, -0.02517976, -0.01082201, -0.01178994, 0.02708768, -0.0251642
 35806505, -0.006858236, -0.01435178, 0.02706143, -0.02519171, -0.009253531, -0.01344832, 0.02707548, -0.02517976
 36006425, -0.009913579, -0.01264076, 0.02706745, -0.02518641, -0.006858236, -0.01435178, 0.02706143, -0.02519171
 36206345, -0.01342929, -0.01165849, 0.02708077, -0.02518566, -0.009913579, -0.01264076, 0.02706745, -0.02518641
 36406265, -0.01091004, -0.01039968, 0.02706087, -0.02518629, -0.01342929, -0.01165849, 0.02708077, -0.02518566
 36606185, -0.008251235, -0.01354092, 0.02704485, -0.02520914, -0.01091004, -0.01039968, 0.02706087, -0.02518629
 36806105, -0.008531858, -0.01451792, 0.02704113, -0.02522061, -0.008251235, -0.01354092, 0.02704485, -0.02520914
 37006025, -0.0106088, -0.01345931, 0.02704504, -0.02521878, -0.008531858, -0.01451792, 0.02704113, -0.02522061
 37205945, -0.01176963, -0.01481984, 0.02704673, -0.02523199, -0.0106088, -0.01345931, 0.02704504, -0.02521878
 37405865, -0.009410395, -0.01528328, 0.02703019, -0.02524132, -0.01176963, -0.01481984, 0.02704673, -0.02523199
 37605785, -0.0105371, -0.0133155, 0.02702983, -0.02523384, -0.009410395, -0.01528328, 0.02703019, -0.02524132
 37806538, -0.01127041, -0.011203, 0.02702809, -0.02522737, -0.0105371, -0.0133155, 0.02702983, -0.02523384
 38006458, -0.01096746, -0.01280061, 0.02702222, -0.02524102, -0.01127041, -0.011203, 0.02702809, -0.02522737
 38206378, -0.01313678, -0.01355968, 0.02702985, -0.02524967, -0.01096746, -0.01280061, 0.02702222, -0.02524102
 38406298, -0.009193848, -0.0129584, 0.02700442, -0.02525268, -0.01313678, -0.01355968, 0.02702985, -0.02524967
 38606218, -0.01226232, -0.01275258, 0.02701505, -0.02525539, -0.009193848, -0.0129584, 0.02700442, -0.02525268
 38806138, -0.01138538, -0.01508999, 0.02700657, -0.02527476, -0.01226232, -0.01275258, 0.02701505, -0.02525539
 39006058, -0.01043754, -0.01393245, 0.02699671, -0.02527268, -0.01138538, -0.01508999, 0.02700657, -0.02527476
 39205978, -0.01095112, -0.01509748, 0.02699527, -0.02528462, -0.01043754, -0.01393245, 0.02699671, -0.02527268
 39405898, -0.008794222, -0.01727481, 0.02698152, -0.02530578, -0.01095112, -0.01509748, 0.02699527, -0.02528462
 39605818, -0.01027604, -0.01568596, 0.02698313, -0.02529847, -0.008794222, -0.01727481, 0.02698152, -0.02530578
 39806571, -0.01250889, -0.014006, 0.02699015, -0.0252912, -0.01027604, -0.01568596, 0.02698313, -0.02529847
 40006491, -0.01218167, -0.01508979, 0.02698459, -0.02530259, -0.01250889, -0.014006, 0.02699015, -0.0252912
 40206411, -0.008092417, -0.01433823, 0.0269605, -0.02530389, -0.01218167, -0.01508979, 0.02698459, -0.02530259
 40406331, -0.01048822, -0.0150066, 0.02696699, -0.02531186, -0.008092417, -0.01433823, 0.0269605, -0.02530389
 40606251, -0.00948823, -0.01596827, 0.0269585, -0.02532317, -0.01048822, -0.0150066, 0.02696699, -0.02531186
 40806171, -0.009196626, -0.01383514, 0.02695238, -0.02531368, -0.00948823, -0.01596827, 0.0269585, -0.02532317
 41006091, -0.01214022, -0.01436396, 0.0269631, -0.02532029, -0.009196626, -0.01383514, 0.02695238, -0.02531368
 41206011, -0.008550257, -0.01544176, 0.0269421, -0.02533286, -0.01214022, -0.01436396, 0.0269631, -0.02532029
 41405931, -0.01201858, -0.01743872, 0.02695564, -0.02535021, -0.008550257, -0.01544176, 0.0269421, -0.02533286
 41605851, -0.008424755, -0.01355277, 0.02693291, -0.02532944, -0.01201858, -0.01743872, 0.02695564, -0.02535021
 41805771, -0.008601417, -0.01361691, 0.02692977, -0.02533389, -0.008424755, -0.01355277, 0.02693291, -0.02532944
 42006524, -0.007612318, -0.01593272, 0.026923, -0.02535321, -0.008601417, -0.01361691, 0.02692977, -0.02533389
 42206444, -0.009753374, -0.01256044, 0.02692675, -0.02533558, -0.007612318, -0.01593272, 0.026923, -0.02535321
 42406364, -0.009933683, -0.01118369, 0.02692324, -0.02533253, -0.009753374, -0.01256044, 0.02692675, -0.02533558
 42606284, -0.007544518, -0.01192011, 0.02690985, -0.02534104, -0.009933683, -0.01118369, 0.02692324, -0.02533253
 42806204, -0.01028056, -0.01268089, 0.02691758, -0.02534844, -0.007544518, -0.01192011, 0.02690985, -0.02534104
 43006124, -0.01081395, -0.01391053, 0.02691675, -0.0253595, -0.01028056, -0.01268089, 0.02691758, -0.02534844
 43206044, -0.01241596, -0.01043427, 0.02692037, -0.02534468, -0.01081395, -0.01391053, 0.02691675, -0.0253595
 43405964, -0.009829603, -0.01346231, 0.0269042, -0.02536526, -0.01241596, -0.01043427, 0.02692037, -0.02534468
 43605884, -0.01365137, -0.01189167, 0.02692055, -0.02535947, -0.009829603, -0.01346231, 0.0269042, -0.02536526
 43805804, -0.01391474, -0.01344101, 0.02691945, -0.0253714, -0.01365137, -0.01189167, 0.02692055, -0.02535947
 44006557, -0.01363089, -0.01531927, 0.02691516, -0.02538664, -0.01391474, -0.01344101, 0.02691945, -0.0253714
 44206477, -0.01063318, -0.01166344, 0.02689364, -0.0253698, -0.01363089, -0.01531927, 0.02691516, -0.02538664
 44406397, -0.01090302, -0.01332956, 0.02689191, -0.02538261, -0.01063318, -0.01166344, 0.02689364, -0.0253698
 44606317, -0.0119371, -0.0150147, 0.02689436, -0.02539653, -0.01090302, -0.01332956, 0.02689191, -0.02538261
 44806237, -0.01090699, -0.01448059, 0.02688516, -0.02539718, -0.0119371, -0.0150147, 0.02689436, -0.02539653
 45006157, -0.008361067, -0.01224786, 0.02686956, -0.02538855, -0.01090699, -0.01448059, 0.02688516, -0.02539718
 45206077, -0.008740008, -0.01062872, 0.02686715, -0.02538403, -0.008361067, -0.01224786, 0.02686956, -0.02538855
 45405997, -0.006535319, -0.01588158, 0.02685718, -0.02541897, -0.008740008, -0.01062872, 0.02686715, -0.02538403
 45605917, -0.008648934, -0.01519723, 0.02686113, -0.02541729, -0.006535319, -0.01588158, 0.02685718, -0.02541897
 45805837, -0.01096046, -0.01587069, 0.02686847, -0.02542482, -0.008648934, -0.01519723, 0.02686113, -0.02541729
 46006590, -0.01337456, -0.01285211, 0.02687759, -0.02540872, -0.01096046, -0.01587069, 0.02686847, -0.02542482
 46206510, -0.01204601, -0.01162839, 0.02686607, -0.02540616, -0.01337456, -0.01285211, 0.02687759, -0.02540872
 46406430, -0.01219539, -0.01187834, 0.02686338, -0.02541119, -0.01204601, -0.01162839, 0.02686607, -0.02540616
 46606350, -0.01449462, -0.01240944, 0.0272923, -0.02581344, -0.01219539, -0.01187834, 0.02686338, -0.02541119
 46806270, -0.01404087, -0.01472411, 0.03075631, -0.0291171, -0.01449462, -0.01240944, 0.0272923, -0.02581344
 47006190, -0.01727344, -0.02005489, 0.04032666, -0.03819996, -0.01404087, -0.01472411, 0.03075631, -0.0291171
 47206110, -0.02328755, -0.03182508, 0.05974571, -0.05662565, -0.01727344, -0.02005489, 0.04032666, -0.03819996
 47406030, -0.03532258, -0.0522894, 0.08793909, -0.08338431, -0.02328755, -0.03182508, 0.05974571, -0.05662565
 47605950, -0.04868136, -0.07453497, 0.1244673, -0.1180666, -0.03532258, -0.0522894, 0.08793909, -0.08338431
 47805870, -0.05234161, -0.09093978, 0.1637837, -0.1647992, -0.04868136, -0.07453497, 0.1244673, -0.1180666
 48005790, -0.07323746, -0.1057229, 0.2136174, -0.2149263, -0.05234161, -0.09093978, 0.1637837, -0.1647992
 48206543, -0.08425277, -0.1668713, 0.2684293, -0.2699731, -0.07323746, -0.1057229, 0.2136174, -0.2149263
 48406463, -0.09500413, -0.1974221, 0.3285795, -0.3298608, -0.08425277, -0.1668713, 0.2684293, -0.2699731
 48606383, 0.09841356, -0.3270299, 0.3923039, -0.3932371, -0.09500413, -0.1974221, 0.3285795, -0.3298608
 48806303, -0.2045038, 0.03687515, 0.4595226, -0.4597367, 0.09841356, -0.3270299, 0.3923039, -0.3932371
 49006223, -0.140624, -0.139525, 0.5296095, -0.5301913, -0.2045038, 0.03687515, 0.4595226, -0.4597367
 49206143, 0.1617281, -0.1716081, 0.6018351, -0.6028607, -0.140624, -0.139525, 0.5296095, -0.5301913
 49406063, -0.1617424, -0.2800443, 0.6758252, -0.6777158, 0.1617281, -0.1716081, 0.6018351, -0.6028607
 49605983, 0.2620623, 0.39043, 0.7510901, -0.7540061, -0.1617424, -0.2800443, 0.6758252, -0.6777158
 49805903, -0.04628045, -0.1648608, 0.8275267, -0.8314549, 0.2620623, 0.39043, 0.7510901, -0.7540061
 50005823, 0.4544366, 0.247887, 0.9050812, -0.9098341, -0.04628045, -0.1648608, 0.8275267, -0.8314549
 50206576, -0.1452871, 0.473814, 0.9838142, -0.9889047, 0.4544366, 0.247887, 0.9050812, -0.9098341
 50406496, 0.4018497, 0.6053167, 1.064276, -1.067875, -0.1452871, 0.473814, 0.9838142, -0.9889047
 50606416, 0.4896034, 0.09547006, 1.144904, -1.146723, 0.4018497, 0.6053167, 1.064276, -1.067875
 50806336, 0.06878904, 0.4576651, 1.223369, -1.2256, 0.4896034, 0.09547006, 1.144904, -1.146723
 51006256, -0.9065968, 0.6320531, 1.298359, -1.301731, 0.06878904, 0.4576651, 1.223369, -1.2256
 51206176, -0.5289398, -0.7340609, 1.36803, -1.374041, -0.9065968, 0.6320531, 1.298359, -1.301731
 51406096, 0.7113891, 0.2259524, 1.434195, -1.440483, -0.5289398, -0.7340609, 1.36803, -1.374041
 51606016, 0.5669983, -1.324308, 1.496575, -1.504309, 0.7113891, 0.2259524, 1.434195, -1.440483
 51805936, 1.083392, -1.215626, 1.554758, -1.560654, 0.5669983, -1.324308, 1.496575, -1.504309
 52005856, -0.1910835, 1.201701, 1.605875, -1.611739, 1.083392, -1.215626, 1.554758, -1.560654
 52205776, 0.2108089, -0.8864784, 1.650746, -1.655586, -0.1910835, 1.201701, 1.605875, -1.611739
 52406529, 1.379439, 0.8422281, 1.689521, -1.693373, 0.2108089, -0.8864784, 1.650746, -1.655586
 52606449, -0.869381, -0.4752797, 1.719777, -1.724959, 1.379439, 0.8422281, 1.689521, -1.693373
 52806369, 1.126409, 0.2661665, 1.745425, -1.750703, -0.869381, -0.4752797, 1.719777, -1.724959
 53006289, 0.04059093, -0.6427057, 1.765421, -1.772188, 1.126409, 0.2661665, 1.745425, -1.750703
 53206209, 0.5532948, -0.6207481, 1.782524, -1.789126, 0.04059093, -0.6427057, 1.765421, -1.772188
 53406129, -0.626401, 1.075034, 1.79807, -1.804677, 0.5532948, -0.6207481, 1.782524, -1.789126
 53606049, -0.8183272, -1.136536, 1.811996, -1.81773, -0.626401, 1.075034, 1.79807, -1.804677
 53805969, -0.6950419, 0.4758312, 1.823361, -1.828392, -0.8183272, -1.136536, 1.811996, -1.81773
 54005889, -0.5615183, -0.2214951, 1.832518, -1.838243, -0.6950419, 0.4758312, 1.823361, -1.828392
 54205809, 0.7345133, -0.2272454, 1.840072, -1.846552, -0.5615183, -0.2214951, 1.832518, -1.838243
 54406562, -0.6343042, 0.1817801, 1.846195, -1.853513, 0.7345133, -0.2272454, 1.840072, -1.846552
 54606482, 0.2073028, 1.076063, 1.851012, -1.859761, -0.6343042, 0.1817801, 1.846195, -1.853513
 54806402, 0.9127423, -1.062135, 1.854587, -1.862593, 0.2073028, 1.076063, 1.851012, -1.859761
 55006322, 1.437688, 0.3404227, 1.857396, -1.86323, 0.9127423, -1.062135, 1.854587, -1.862593
 55206242, 0.4380488, -0.7377571, 1.857043, -1.863632, 1.437688, 0.3404227, 1.857396, -1.86323
 55406162, 1.13182, -0.3279493, 1.857463, -1.86238, 0.4380488, -0.7377571, 1.857043, -1.863632
 55606082, 1.329416, 1.037447, 1.85649, -1.861486, 1.13182, -0.3279493, 1.857463, -1.86238
 55806002, -0.8258137, -0.566528, 1.854663, -1.859962, 1.329416, 1.037447, 1.85649, -1.861486
 56005922, -0.5887556, -0.8954968, 1.852709, -1.858698, -0.8258137, -0.566528, 1.854663, -1.859962
 56205842, 0.3964368, -1.270935, 1.851362, -1.858084, -0.5887556, -0.8954968, 1.852709, -1.858698
 56405762, -1.017688, 0.5849649, 1.851346, -1.856509, 0.3964368, -1.270935, 1.851362, -1.858084
 56606515, 0.3412871, -0.5045658, 1.850317, -1.856111, -1.017688, 0.5849649, 1.851346, -1.856509
 56806435, 0.03561819, 0.8635978, 1.850101, -1.856162, 0.3412871, -0.5045658, 1.850317, -1.856111
 57006355, 0.1039271, 0.6819175, 1.850171, -1.855681, 0.03561819, 0.8635978, 1.850101, -1.856162
 57206275, 0.2573729, 0.6306815, 1.850289, -1.855422, 0.1039271, 0.6819175, 1.850171, -1.855681
 57406195, 0.0907356, 0.661445, 1.850238, -1.855386, 0.2573729, 0.6306815, 1.850289, -1.855422
 57606115, -0.007873051, 0.8232557, 1.850287, -1.855453, 0.0907356, 0.661445, 1.850238, -1.855386
 57806035, 0.2323891, 0.6257366, 1.850394, -1.855166, -0.007873051, 0.8232557, 1.850287, -1.855453
 58005955, 0.03990371, 0.6322603, 1.850419, -1.855095, 0.2323891, 0.6257366, 1.850394, -1.855166
 58205875, 0.08690686, 0.790132, 1.850398, -1.855263, 0.03990371, 0.6322603, 1.850419, -1.855095
 58405795, 0.08236317, 0.7317162, 1.849979, -1.855619, 0.08690686, 0.790132, 1.850398, -1.855263
 58606548, 0.06619488, 0.7052485, 1.849873, -1.855699, 0.08236317, 0.7317162, 1.849979, -1.855619
 58806468, 0.281089, 0.7655458, 1.849863, -1.85582, 0.06619488, 0.7052485, 1.849873, -1.855699
 59006388, 0.2101769, 0.7783929, 1.850093, -1.855583, 0.281089, 0.7655458, 1.849863, -1.85582
 59206308, 0.2623189, 0.5817559, 1.849911, -1.855598, 0.2101769, 0.7783929, 1.850093, -1.855583
 59406228, 0.006934027, 0.7676068, 1.849573, -1.856057, 0.2623189, 0.5817559, 1.849911, -1.855598
 59606148, 0.3411371, 0.7305489, 1.849622, -1.856048, 0.006934027, 0.7676068, 1.849573, -1.856057
 59806068, 0.3102455, 0.7862858, 1.849527, -1.85619, 0.3411371, 0.7305489, 1.849622, -1.856048
 60005988, 0.09761625, 0.9091461, 1.849258, -1.856539, 0.3102455, 0.7862858, 1.849527, -1.85619
 60205908, 0.26546, 0.8038344, 1.849414, -1.857118, 0.09761625, 0.9091461, 1.849258, -1.856539
 60405828, 0.008073674, 0.5112143, 1.850167, -1.858361, 0.26546, 0.8038344, 1.849414, -1.857118
 60606581, -0.07345355, 0.5701481, 1.850439, -1.85942, 0.008073674, 0.5112143, 1.850167, -1.858361
 60806501, -0.1078572, 0.5505509, 1.850543, -1.860025, -0.07345355, 0.5701481, 1.850439, -1.85942
 61006421, -0.1171486, 0.7088235, 1.85067, -1.860505, -0.1078572, 0.5505509, 1.850543, -1.860025
 61206341, -0.09938192, 0.8269845, 1.850787, -1.860705, -0.1171486, 0.7088235, 1.85067, -1.860505
 61406261, 0.09833929, 0.8952534, 1.851201, -1.860483, -0.09938192, 0.8269845, 1.850787, -1.860705
 61606181, 0.08487302, 0.8612363, 1.852064, -1.859643, 0.09833929, 0.8952534, 1.851201, -1.860483
 61806101, 0.1613905, 0.7182608, 1.852274, -1.859326, 0.08487302, 0.8612363, 1.852064, -1.859643
 62006021, 0.2102428, 0.7478318, 1.852396, -1.859263, 0.1613905, 0.7182608, 1.852274, -1.859326
 62205941, -0.0426303, 0.7563515, 1.853408, -1.859768, 0.2102428, 0.7478318, 1.852396, -1.859263
 62405861, -0.007553895, 0.8172133, 1.853916, -1.861319, -0.0426303, 0.7563515, 1.853408, -1.859768
 62605781, 0.1438251, 0.7715168, 1.854254, -1.862061, -0.007553895, 0.8172133, 1.853916, -1.861319
 62806534, 0.09833522, 0.7424246, 1.854892, -1.862011, 0.1438251, 0.7715168, 1.854254, -1.862061
 63006454, 0.2262134, 0.7842027, 1.854991, -1.86233, 0.09833522, 0.7424246, 1.854892, -1.862011
 63206374, 0.1090262, 0.8695272, 1.855122, -1.862462, 0.2262134, 0.7842027, 1.854991, -1.86233
 63406294, 0.1707845, 0.840666, 1.855381, -1.862291, 0.1090262, 0.8695272, 1.855122, -1.862462
 63606214, 0.1406486, 0.9103864, 1.855256, -1.862552, 0.1707845, 0.840666, 1.855381, -1.862291
 63806134, -0.1415157, 0.8544671, 1.85503, -1.862746, 0.1406486, 0.9103864, 1.855256, -1.862552
 64006054, 0.09547462, 0.7078515, 1.85497, -1.862664, -0.1415157, 0.8544671, 1.85503, -1.862746
 64205974, 0.06873251, 0.9220808, 1.855305, -1.863389, 0.09547462, 0.7078515, 1.85497, -1.862664
 64405894, 0.2915257, 0.8221383, 1.856726, -1.864214, 0.06873251, 0.9220808, 1.855305, -1.863389
 64605814, 0.3324596, 0.652261, 1.857563, -1.864513, 0.2915257, 0.8221383, 1.856726, -1.864214
 64806567, 0.1772885, 0.4789785, 1.858536, -1.864078, 0.3324596, 0.652261, 1.857563, -1.864513
 65006487, 0.4120898, 0.6297287, 1.858669, -1.864552, 0.1772885, 0.4789785, 1.858536, -1.864078
 65206407, 0.1497065, 0.6720964, 1.858132, -1.86525, 0.4120898, 0.6297287, 1.858669, -1.864552
 65406327, 0.2000531, 0.643698, 1.858199, -1.865294, 0.1497065, 0.6720964, 1.858132, -1.86525
 65606247, 0.2181417, 0.7581054, 1.858403, -1.865272, 0.2000531, 0.643698, 1.858199, -1.865294
 65806167, 0.1229426, 0.6672605, 1.858487, -1.865118, 0.2181417, 0.7581054, 1.858403, -1.865272
 66006087, 0.2737289, 0.6571231, 1.858479, -1.865181, 0.1229426, 0.6672605, 1.858487, -1.865118
 66206007, 0.2744013, 0.6662612, 1.858539, -1.865142, 0.2737289, 0.6571231, 1.858479, -1.865181
 66405927, 0.05621573, 0.7137796, 1.858752, -1.86493, 0.2744013, 0.6662612, 1.858539, -1.865142
 66605847, 0.2106713, 0.8402628, 1.858509, -1.865337, 0.05621573, 0.7137796, 1.858752, -1.86493
 66805767, 0.1897546, 0.6851995, 1.858533, -1.865969, 0.2106713, 0.8402628, 1.858509, -1.865337
 67006520, 0.3226909, 0.6946976, 1.859909, -1.866952, 0.1897546, 0.6851995, 1.858533, -1.865969
 67206440, 0.1580791, 0.9113311, 1.860744, -1.867584, 0.3226909, 0.6946976, 1.859909, -1.866952
 67406360, 0.2225227, 0.9644281, 1.861088, -1.868039, 0.1580791, 0.9113311, 1.860744, -1.867584
 67606280, 0.04580628, 0.6523236, 1.861098, -1.868061, 0.2225227, 0.9644281, 1.861088, -1.868039
 67806200, 0.08763074, 0.7890863, 1.861207, -1.868311, 0.04580628, 0.6523236, 1.861098, -1.868061
 68006120, 0.05366689, 0.7428602, 1.861378, -1.868214, 0.08763074, 0.7890863, 1.861207, -1.868311
 68206040, 0.1573303, 0.8019076, 1.861459, -1.868279, 0.05366689, 0.7428602, 1.861378, -1.868214
 68405960, 0.3387004, 0.9232839, 1.861539, -1.868439, 0.1573303, 0.8019076, 1.861459, -1.868279
 68605880, 0.4592036, 0.8935243, 1.861506, -1.86852, 0.3387004, 0.9232839, 1.861539, -1.868439
 68805800, -0.0009243393, 0.8308397, 1.861352, -1.868472, 0.4592036, 0.8935243, 1.861506, -1.86852
 69006553, 0.1149898, 0.8846422, 1.861534, -1.868371, -0.0009243393, 0.8308397, 1.861352, -1.868472
 69206473, 0.1954714, 0.5005013, 1.861664, -1.867905, 0.1149898, 0.8846422, 1.861534, -1.868371
 69406393, 0.04342981, 0.4849783, 1.861636, -1.867901, 0.1954714, 0.5005013, 1.861664, -1.867905
 69606313, 0.3420486, 0.7178177, 1.8616, -1.868203, 0.04342981, 0.4849783, 1.861636, -1.867901
 69806233, 0.2766894, 0.7697903, 1.861474, -1.868353, 0.3420486, 0.7178177, 1.8616, -1.868203
 70006153, 0.03554369, 0.8856527, 1.861343, -1.868563, 0.2766894, 0.7697903, 1.861474, -1.868353
 70206073, 0.08899035, 0.9551006, 1.861387, -1.86861, 0.03554369, 0.8856527, 1.861343, -1.868563
 70405993, 0.1951306, 0.7370527, 1.861463, -1.868307, 0.08899035, 0.9551006, 1.861387, -1.86861
 70605913, 0.04607569, 0.7048702, 1.861459, -1.868256, 0.1951306, 0.7370527, 1.861463, -1.868307
 70805833, 0.07133545, 1.017793, 1.861427, -1.868651, 0.04607569, 0.7048702, 1.861459, -1.868256
 71006586, 0.2459584, 0.9042926, 1.861375, -1.868594, 0.07133545, 1.017793, 1.861427, -1.868651
 71206506, 0.211937, 0.7703126, 1.861414, -1.868395, 0.2459584, 0.9042926, 1.861375, -1.868594
 71406426, 0.2055126, 0.681145, 1.861479, -1.86824, 0.211937, 0.7703126, 1.861414, -1.868395
 71606346, 0.158909, 0.8203478, 1.86156, -1.868286, 0.2055126, 0.681145, 1.861479, -1.86824
 71806266, 0.1886262, 0.7298443, 1.861564, -1.868195, 0.158909, 0.8203478, 1.86156, -1.868286
 72006186, 0.2556033, 0.6899044, 1.861502, -1.86824, 0.1886262, 0.7298443, 1.861564, -1.868195
 72206106, 0.06353684, 0.7902689, 1.861463, -1.868338, 0.2556033, 0.6899044, 1.861502, -1.86824
 72406026, 0.1026433, 0.4563997, 1.862803, -1.869391, 0.06353684, 0.7902689, 1.861463, -1.868338
 72605946, 0.3300251, 0.782505, 1.863677, -1.870341, 0.1026433, 0.4563997, 1.862803, -1.869391
 72805866, 0.2508157, 0.9403947, 1.863904, -1.871091, 0.3300251, 0.782505, 1.863677, -1.870341
 73005786, 0.2250195, 0.7925148, 1.863974, -1.871304, 0.2508157, 0.9403947, 1.863904, -1.871091
 73206539, 0.2788566, 0.8096275, 1.863686, -1.8719, 0.2250195, 0.7925148, 1.863974, -1.871304
 73406459, 0.2131466, 0.8565729, 1.863791, -1.876773, 0.2788566, 0.8096275, 1.863686, -1.8719
 73606379, 0.1901764, 0.6493067, 1.866562, -1.884423, 0.2131466, 0.8565729, 1.863791, -1.876773
 73806299, 0.3402483, 0.5813891, 1.869095, -1.889621, 0.1901764, 0.6493067, 1.866562, -1.884423
 74006219, 0.2931467, 0.5606534, 1.870399, -1.891867, 0.3402483, 0.5813891, 1.869095, -1.889621
 74206139, 0.2726441, 0.7014231, 1.869427, -1.893033, 0.2931467, 0.5606534, 1.870399, -1.891867
 74406059, 0.2563015, 0.7345043, 1.868947, -1.894729, 0.2726441, 0.7014231, 1.869427, -1.893033
 74605979, 0.05479638, 0.6900374, 1.869525, -1.894892, 0.2563015, 0.7345043, 1.868947, -1.894729
 74805899, 0.1582977, 0.4918437, 1.871789, -1.893398, 0.05479638, 0.6900374, 1.869525, -1.894892
 75005819, 0.3262245, 0.4802736, 1.876409, -1.891213, 0.1582977, 0.4918437, 1.871789, -1.893398
 75206572, 0.3419992, 0.3454033, 1.880726, -1.88903, 0.3262245, 0.4802736, 1.876409, -1.891213
 75406492, 0.06557816, 0.6065289, 1.884263, -1.889382, 0.3419992, 0.3454033, 1.880726, -1.88903
 75606412, 0.3023124, 0.3471541, 1.886696, -1.891441, 0.06557816, 0.6065289, 1.884263, -1.889382
 75806332, 0.2947462, 0.1343905, 1.888543, -1.894658, 0.3023124, 0.3471541, 1.886696, -1.891441
 76006252, -0.001502113, 0.4754489, 1.89013, -1.899348, 0.2947462, 0.1343905, 1.888543, -1.894658
 76206172, 0.1190104, 0.392314, 1.892821, -1.904123, -0.001502113, 0.4754489, 1.89013, -1.899348
 76406092, 0.1829152, 0.2455935, 1.896149, -1.908219, 0.1190104, 0.392314, 1.892821, -1.904123
 76606012, 0.2807039, 0.1134502, 1.900268, -1.911724, 0.1829152, 0.2455935, 1.896149, -1.908219
 76805932, 0.2694854, 0.07680563, 1.906322, -1.916407, 0.2807039, 0.1134502, 1.900268, -1.911724
 77005852, 0.2281769, -0.06364584, 1.91218, -1.921581, 0.2694854, 0.07680563, 1.906322, -1.916407
 77205772, 0.005516359, 0.0995659, 1.9181, -1.927899, 0.2281769, -0.06364584, 1.91218, -1.921581
 77406525, 0.1163469, 0.02598343, 1.924208, -1.935013, 0.005516359, 0.0995659, 1.9181, -1.927899
 77606445, 0.1505885, 0.1131747, 1.930761, -1.942833, 0.1163469, 0.02598343, 1.924208, -1.935013
 77806365, 0.1937976, -0.01210644, 1.938868, -1.951941, 0.1505885, 0.1131747, 1.930761, -1.942833
 78006285, 0.2324065, 0.07391188, 1.947562, -1.961341, 0.1937976, -0.01210644, 1.938868, -1.951941
 78206205, 0.09897561, -0.1692506, 1.957438, -1.971427, 0.2324065, 0.07391188, 1.947562, -1.961341
 78406125, 0.1710357, -0.235926, 1.968285, -1.982105, 0.09897561, -0.1692506, 1.957438, -1.971427
 78606045, 0.3042598, -0.2315637, 1.980366, -1.994056, 0.1710357, -0.235926, 1.968285, -1.982105
 78805965, 0.1925899, -0.0718445, 1.993683, -2.006875, 0.3042598, -0.2315637, 1.980366, -1.994056
 79005885, 0.1050147, -0.3128428, 2.008335, -2.020536, 0.1925899, -0.0718445, 1.993683, -2.006875
 79205805, 0.2379108, -0.4795544, 2.025139, -2.035531, 0.1050147, -0.3128428, 2.008335, -2.020536
 79406558, 0.3558276, -0.2201219, 2.043406, -2.051039, 0.2379108, -0.4795544, 2.025139, -2.035531
 79606478, 0.3727727, -0.5148733, 2.063842, -2.068692, 0.3558276, -0.2201219, 2.043406, -2.051039
 79806398, 0.2226284, -0.5387793, 2.085268, -2.087664, 0.3727727, -0.5148733, 2.063842, -2.068692
 80006318, 0.02783534, -0.6866108, 2.108071, -2.108261, 0.2226284, -0.5387793, 2.085268, -2.087664
 80206238, 0.1684625, -0.6563277, 2.132861, -2.130999, 0.02783534, -0.6866108, 2.108071, -2.108261
 80406158, 0.2766455, -0.7494916, 2.159729, -2.155796, 0.1684625, -0.6563277, 2.132861, -2.130999
 80606078, 0.1483635, -0.6373236, 2.188133, -2.181581, 0.2766455, -0.7494916, 2.159729, -2.155796
 80805998, 0.3474573, -0.7587433, 2.219032, -2.209533, 0.1483635, -0.6373236, 2.188133, -2.181581
 81005918, 0.4203265, -0.6726856, 2.253029, -2.240493, 0.3474573, -0.7587433, 2.219032, -2.209533
 81205838, 0.2575104, -0.8475044, 2.287743, -2.272478, 0.4203265, -0.6726856, 2.253029, -2.240493
 81406591, 0.3136069, -0.5934563, 2.322574, -2.305143, 0.2575104, -0.8475044, 2.287743, -2.272478
 81606511, 0.3813347, -0.5223928, 2.357435, -2.339343, 0.3136069, -0.5934563, 2.322574, -2.305143
 81806431, 0.2635794, -0.5238588, 2.382175, -2.365084, 0.3813347, -0.5223928, 2.357435, -2.339343
 82006351, 0.1494293, -0.5552868, 2.396672, -2.381765, 0.2635794, -0.5238588, 2.382175, -2.365084
 82206271, 0.2884781, -0.399176, 2.410115, -2.397213, 0.1494293, -0.5552868, 2.396672, -2.381765
 82406191, 0.4790793, -0.7233298, 2.424886, -2.41342, 0.2884781, -0.399176, 2.410115, -2.397213
 82606111, 0.2279827, -0.6653208, 2.439952, -2.428929, 0.4790793, -0.7233298, 2.424886, -2.41342
 82806031, 0.03256527, -0.5664555, 2.456156, -2.444755, 0.2279827, -0.6653208, 2.439952, -2.428929
 83005951, -0.04744157, -0.9489367, 2.473895, -2.461411, 0.03256527, -0.5664555, 2.456156, -2.444755
 83205871, 0.07652386, -0.9164246, 2.491132, -2.476819, -0.04744157, -0.9489367, 2.473895, -2.461411
 83405791, 0.2847694, -0.8232396, 2.507683, -2.492416, 0.07652386, -0.9164246, 2.491132, -2.476819
 83606544, 0.3578536, -1.025074, 2.522419, -2.507332, 0.2847694, -0.8232396, 2.507683, -2.492416
 83806464, 0.1468714, -1.072709, 2.535825, -2.521688, 0.3578536, -1.025074, 2.522419, -2.507332
 84006384, 0.2393903, -0.8934736, 2.548279, -2.535705, 0.1468714, -1.072709, 2.535825, -2.521688
 84206304, 0.3084983, -1.271407, 2.558545, -2.549442, 0.2393903, -0.8934736, 2.548279, -2.535705
 84406224, 0.0157202, -0.9007426, 2.56657, -2.56191, 0.3084983, -1.271407, 2.558545, -2.549442
 84606144, 0.03341325, -1.115139, 2.573807, -2.573492, 0.0157202, -0.9007426, 2.56657, -2.56191
 84806064, 0.06552858, -1.26802, 2.579581, -2.582754, 0.03341325, -1.115139, 2.573807, -2.573492
 85005984, 0.3243508, -1.310352, 2.583858, -2.590353, 0.06552858, -1.26802, 2.579581, -2.582754
 85205904, 0.1650846, -1.393226, 2.587276, -2.596858, 0.3243508, -1.310352, 2.583858, -2.590353
 85405824, 0.003800376, -1.051366, 2.588577, -2.600508, 0.1650846, -1.393226, 2.587276, -2.596858
 85606577, 0.09647086, -0.9081717, 2.587821, -2.602158, 0.003800376, -1.051366, 2.588577, -2.600508
 85806497, -0.05585373, -1.165306, 2.586649, -2.603269, 0.09647086, -0.9081717, 2.587821, -2.602158
 86006417, 0.05903887, -0.9597867, 2.583761, -2.601701, -0.05585373, -1.165306, 2.586649, -2.603269
 86206337, 0.02858114, -0.9987993, 2.579647, -2.598221, 0.05903887, -0.9597867, 2.583761, -2.601701
 86406257, -0.1104406, -0.9282516, 2.574158, -2.592872, 0.02858114, -0.9987993, 2.579647, -2.598221
 86606177, -0.1154543, -1.091983, 2.566192, -2.585428, -0.1104406, -0.9282516, 2.574158, -2.592872
 86806097, 0.1486324, -1.268869, 2.557029, -2.577347, -0.1154543, -1.091983, 2.566192, -2.585428
 87006017, 0.1381821, -0.9570987, 2.54646, -2.567657, 0.1486324, -1.268869, 2.557029, -2.577347
 87205937, 0.2816935, -1.011039, 2.534921, -2.557156, 0.1381821, -0.9570987, 2.54646, -2.567657
 87405857, 0.133315, -1.134141, 2.523178, -2.545476, 0.2816935, -1.011039, 2.534921, -2.557156
 87605777, 0.04564559, -1.163082, 2.509634, -2.531583, 0.133315, -1.134141, 2.523178, -2.545476
 87806530, -0.0830118, -1.342269, 2.495304, -2.517024, 0.04564559, -1.163082, 2.509634, -2.531583
 88006450, 0.2157466, -1.143109, 2.480532, -2.501432, -0.0830118, -1.342269, 2.495304, -2.517024
 88206370, 0.08773829, -0.9079958, 2.46475, -2.485193, 0.2157466, -1.143109, 2.480532, -2.501432
 88406290, 0.007668899, -1.02257, 2.447932, -2.467726, 0.08773829, -0.9079958, 2.46475, -2.485193
 88606210, 0.1088222, -1.2352, 2.431145, -2.450172, 0.007668899, -1.02257, 2.447932, -2.467726
 88806130, 0.3091612, -1.134999, 2.413478, -2.431529, 0.1088222, -1.2352, 2.431145, -2.450172
 89006050, 0.1295382, -1.222176, 2.395047, -2.41221, 0.3091612, -1.134999, 2.413478, -2.431529
 89205970, 0.1569163, -0.8962668, 2.37688, -2.392435, 0.1295382, -1.222176, 2.395047, -2.41221
 89405890, -0.1175019, -1.027916, 2.357782, -2.372096, 0.1569163, -0.8962668, 2.37688, -2.392435
 89605810, 0.1194714, -0.8625487, 2.339651, -2.352597, -0.1175019, -1.027916, 2.357782, -2.372096
 89806563, 0.117202, -0.7833897, 2.321625, -2.333401, 0.1194714, -0.8625487, 2.339651, -2.352597
 90006483, 0.293663, -0.9365079, 2.304194, -2.315152, 0.117202, -0.7833897, 2.321625, -2.333401
 90206403, 1.106272, -9.828185, 2.288067, -2.335311, 0.293663, -0.9365079, 2.304194, -2.315152
 90406323, -1.401424, -11.46278, 2.271194, -2.331143, 1.106272, -9.828185, 2.288067, -2.335311
 90606243, 1.358632, -9.41073, 2.254547, -2.296821, -1.401424, -11.46278, 2.271194, -2.331143
 90806163, -0.4521393, -11.23541, 2.238049, -2.29686, 1.358632, -9.41073, 2.254547, -2.296821
 91006083, -2.265258, -7.864237, 2.226379, -2.254855, -0.4521393, -11.23541, 2.238049, -2.29686
 91206003, -2.231167, -7.55967, 2.211301, -2.237796, -2.265258, -7.864237, 2.226379, -2.254855
 91405923, -1.423553, -8.535093, 2.195995, -2.231189, -2.231167, -7.55967, 2.211301, -2.237796
 91605843, 0.9141902, -10.94846, 2.182693, -2.238678, -1.423553, -8.535093, 2.195995, -2.231189
 91805763, -1.011263, -7.920301, 2.170646, -2.201349, 0.9141902, -10.94846, 2.182693, -2.238678
 92006516, 0.03213695, -10.8956, 2.160203, -2.2146, -1.011263, -7.920301, 2.170646, -2.201349
 92206436, 1.54047, -9.308298, 2.152934, -2.190004, 0.03213695, -10.8956, 2.160203, -2.2146
 92406356, -0.2805105, -7.625514, 2.142213, -2.168013, 1.54047, -9.308298, 2.152934, -2.190004
 92606276, -0.2984453, -8.76642, 2.133915, -2.167878, -0.2805105, -7.625514, 2.142213, -2.168013
 92806196, -0.2198201, -10.22212, 2.126244, -2.172455, -0.2984453, -8.76642, 2.133915, -2.167878
 93006116, -1.634108, -7.007107, 2.121788, -2.140529, -0.2198201, -10.22212, 2.126244, -2.172455
 93206036, 0.3518863, -7.643085, 2.11392, -2.137516, -1.634108, -7.007107, 2.121788, -2.140529
 93405956, -1.652497, -8.573669, 2.111238, -2.138227, 0.3518863, -7.643085, 2.11392, -2.137516
 93605876, 1.191322, -7.691269, 2.106889, -2.126901, -1.652497, -8.573669, 2.111238, -2.138227
 93805796, 0.55257, -7.517107, 2.102796, -2.121397, 1.191322, -7.691269, 2.106889, -2.126901
 94006549, -0.9532982, -9.281328, 2.101196, -2.132531, 0.55257, -7.517107, 2.102796, -2.121397
 94206469, 0.5950377, -7.019254, 2.099047, -2.113266, -0.9532982, -9.281328, 2.101196, -2.132531
 94406389, -0.3300263, -7.90488, 2.097295, -2.11697, 0.5950377, -7.019254, 2.099047, -2.113266
 94606309, -0.9470196, -6.754175, 2.097356, -2.107375, -0.3300263, -7.90488, 2.097295, -2.11697
 94806229, 0.9972281, -9.254312, 2.097728, -2.124787, -0.9470196, -6.754175, 2.097356, -2.107375
 95006149, 0.7578033, -6.899435, 2.098585, -2.106014, 0.9972281, -9.254312, 2.097728, -2.124787
 95206069, 0.6009091, -9.215493, 2.099992, -2.122374, 0.7578033, -6.899435, 2.098585, -2.106014
 95405989, -0.6802269, -10.00144, 2.10214, -2.128949, 0.6009091, -9.215493, 2.099992, -2.122374
 95605909, 0.889925, -9.749632, 2.104532, -2.12703, -0.6802269, -10.00144, 2.10214, -2.128949
 95805829, -0.2789275, -9.428622, 2.105452, -2.124921, 0.889925, -9.749632, 2.104532, -2.12703
 96006582, -0.8139912, -7.35386, 2.107085, -2.110598, -0.2789275, -9.428622, 2.105452, -2.124921
 96206502, -0.8181626, -7.26313, 2.107961, -2.112232, -0.8139912, -7.35386, 2.107085, -2.110598
 96406422, 2.0943, -8.563018, 2.112286, -2.123984, -0.8181626, -7.26313, 2.107961, -2.112232
 96606342, -0.9934352, -9.081704, 2.113899, -2.130776, 2.0943, -8.563018, 2.112286, -2.123984
 96806262, 1.092593, -7.472718, 2.118296, -2.120623, -0.9934352, -9.081704, 2.113899, -2.130776
 97006182, 0.733934, -6.414599, 2.122807, -2.11618, 1.092593, -7.472718, 2.118296, -2.120623
 97206102, 2.309273, -7.304013, 2.131181, -2.124038, 0.733934, -6.414599, 2.122807, -2.11618
 97406022, 0.1931683, -8.262112, 2.132576, -2.133858, 2.309273, -7.304013, 2.131181, -2.124038
 97605942, 2.401866, -8.941032, 2.141268, -2.14277, 0.1931683, -8.262112, 2.132576, -2.133858
 97805862, -0.6869315, -7.730955, 2.141909, -2.13725, 2.401866, -8.941032, 2.141268, -2.14277
 98005782, 0.5068612, -8.036897, 2.146485, -2.143304, -0.6869315, -7.730955, 2.141909, -2.13725
 98206535, 0.2114831, -6.594484, 2.150691, -2.136398, 0.5068612, -8.036897, 2.146485, -2.143304
 98406455, 2.270607, -9.247194, 2.157975, -2.156965, 0.2114831, -6.594484, 2.150691, -2.136398
 98606375, 2.157126, -9.0931, 2.159267, -2.155269, 2.270607, -9.247194, 2.157975, -2.156965
 98806295, 1.870463, -9.34919, 2.15904, -2.156358, 2.157126, -9.0931, 2.159267, -2.155269
 99006215, 1.896018, -9.144416, 2.159496, -2.153841, 1.870463, -9.34919, 2.15904, -2.156358
 99206135, 2.118235, -9.123582, 2.160971, -2.153354, 1.896018, -9.144416, 2.159496, -2.153841
 99406055, 2.380802, -9.271728, 2.162304, -2.153281, 2.118235, -9.123582, 2.160971, -2.153354
 99605975, 2.35565, -9.379421, 2.161917, -2.153553, 2.380802, -9.271728, 2.162304, -2.153281
 99805895, 2.039465, -9.258762, 2.160547, -2.151294, 2.35565, -9.379421, 2.161917, -2.153553
 100005815, 2.170583, -9.266948, 2.161212, -2.150482, 2.039465, -9.258762, 2.160547, -2.151294
 100206568, 2.277911, -9.506775, 2.161198, -2.149732, 2.170583, -9.266948, 2.161212, -2.150482
 100406488, 2.273118, -9.281575, 2.161304, -2.146423, 2.277911, -9.506775, 2.161198, -2.149732
 100606408, 2.367716, -9.280678, 2.162929, -2.144433, 2.273118, -9.281575, 2.161304, -2.146423
 100806328, 2.142311, -9.401884, 2.161982, -2.143261, 2.367716, -9.280678, 2.162929, -2.144433
 101006248, 1.979324, -9.142951, 2.16029, -2.139575, 2.142311, -9.401884, 2.161982, -2.143261
 101206168, 2.133813, -9.309536, 2.159856, -2.139117, 1.979324, -9.142951, 2.16029, -2.139575
 101406088, 2.279248, -9.19478, 2.158996, -2.135854, 2.133813, -9.309536, 2.159856, -2.139117
 101606008, 2.493879, -9.285276, 2.158852, -2.13491, 2.279248, -9.19478, 2.158996, -2.135854
 101805928, 2.307657, -9.493551, 2.156854, -2.134415, 2.493879, -9.285276, 2.158852, -2.13491
 102005848, 2.140386, -9.192399, 2.154961, -2.129164, 2.307657, -9.493551, 2.156854, -2.134415
 102205768, 2.305395, -9.378727, 2.15408, -2.127695, 2.140386, -9.192399, 2.154961, -2.129164
 102406521, 2.261525, -9.452895, 2.151844, -2.12522, 2.305395, -9.378727, 2.15408, -2.127695
 102606441, 2.493525, -9.163909, 2.150269, -2.11904, 2.261525, -9.452895, 2.151844, -2.12522
 102806361, 2.293531, -9.149791, 2.147349, -2.115966, 2.493525, -9.163909, 2.150269, -2.11904
 103006281, 2.361002, -9.009911, 2.14569, -2.111709, 2.293531, -9.149791, 2.147349, -2.115966
 103206201, 1.988137, -9.277083, 2.140966, -2.109932, 2.361002, -9.009911, 2.14569, -2.111709
 103406121, 2.141559, -9.150877, 2.139136, -2.105742, 1.988137, -9.277083, 2.140966, -2.109932
 103606041, 2.331988, -9.108372, 2.136963, -2.102563, 2.141559, -9.150877, 2.139136, -2.105742
 103805961, 2.12637, -9.234982, 2.132006, -2.099612, 2.331988, -9.108372, 2.136963, -2.102563
 104005881, 2.23357, -9.240651, 2.127922, -2.095221, 2.12637, -9.234982, 2.132006, -2.099612
 104205801, 2.095476, -9.219835, 2.123169, -2.090501, 2.23357, -9.240651, 2.127922, -2.095221
 104406554, 2.124246, -9.04277, 2.118142, -2.084562, 2.095476, -9.219835, 2.123169, -2.090501
 104606474, 1.885467, -9.193147, 2.112812, -2.080694, 2.124246, -9.04277, 2.118142, -2.084562
 104806394, 2.146219, -9.427059, 2.109674, -2.07585, 1.885467, -9.193147, 2.112812, -2.080694
 105006314, 2.273386, -9.255361, 2.106066, -2.068182, 2.146219, -9.427059, 2.109674, -2.07585
 105206234, 2.372704, -9.102298, 2.100909, -2.06215, 2.273386, -9.255361, 2.106066, -2.068182
 105406154, 2.380202, -9.042789, 2.093387, -2.056848, 2.372704, -9.102298, 2.100909, -2.06215
 105606074, 2.552937, -9.311172, 2.08751, -2.053938, 2.380202, -9.042789, 2.093387, -2.056848
 105805994, 2.510583, -9.047719, 2.081445, -2.045838, 2.552937, -9.311172, 2.08751, -2.053938
 106005914, 2.554987, -9.014182, 2.07586, -2.03896, 2.510583, -9.047719, 2.081445, -2.045838
 106205834, 2.540932, -8.944352, 2.069187, -2.03192, 2.554987, -9.014182, 2.07586, -2.03896
 106406587, 2.463159, -9.122843, 2.062509, -2.026374, 2.540932, -8.944352, 2.069187, -2.03192
 106606507, 2.375813, -9.104165, 2.055259, -2.019724, 2.463159, -9.122843, 2.062509, -2.026374
 106806427, 1.986836, -9.192934, 2.046679, -2.013645, 2.375813, -9.104165, 2.055259, -2.019724
 107006347, 2.082361, -9.116697, 2.039788, -2.005615, 1.986836, -9.192934, 2.046679, -2.013645
 107206267, 2.179223, -8.977468, 2.033248, -1.997483, 2.082361, -9.116697, 2.039788, -2.005615
 107406187, 1.97226, -8.799421, 2.024851, -1.987708, 2.179223, -8.977468, 2.033248, -1.997483
 107606107, 2.033797, -8.860177, 2.017621, -1.980804, 1.97226, -8.799421, 2.024851, -1.987708
 107806027, 2.097869, -8.951577, 2.010372, -1.975107, 2.033797, -8.860177, 2.017621, -1.980804
 108005947, 2.141486, -8.815222, 2.002109, -1.967055, 2.097869, -8.951577, 2.010372, -1.975107
 108205867, 2.286732, -8.678642, 1.994093, -1.958747, 2.141486, -8.815222, 2.002109, -1.967055
 108405787, 2.329505, -8.762279, 1.986097, -1.951791, 2.286732, -8.678642, 1.994093, -1.958747
 108606540, 2.051847, -8.711905, 1.977111, -1.944391, 2.329505, -8.762279, 1.986097, -1.951791
 108806460, 1.811097, -8.840071, 1.968108, -1.93796, 2.051847, -8.711905, 1.977111, -1.944391
 109006380, 1.849856, -8.904808, 1.960582, -1.930948, 1.811097, -8.840071, 1.968108, -1.93796
 109206300, 1.885435, -8.664551, 1.952957, -1.920633, 1.849856, -8.904808, 1.960582, -1.930948
 109406220, 2.185361, -8.493937, 1.945339, -1.911936, 1.885435, -8.664551, 1.952957, -1.920633
 109606140, 2.047716, -8.648299, 1.935698, -1.906367, 2.185361, -8.493937, 1.945339, -1.911936
 109806060, 2.030669, -8.615995, 1.926148, -1.898537, 2.047716, -8.648299, 1.935698, -1.906367
 110005980, 2.081543, -8.598868, 1.917778, -1.891887, 2.030669, -8.615995, 1.926148, -1.898537
 110205900, 2.097234, -8.591122, 1.909511, -1.884307, 2.081543, -8.598868, 1.917778, -1.891887
 110405820, 2.152165, -8.310326, 1.902593, -1.873997, 2.097234, -8.591122, 1.909511, -1.884307
 110606573, 1.996385, -8.236393, 1.894812, -1.86436, 2.152165, -8.310326, 1.902593, -1.873997
 110806493, 1.959208, -8.213687, 1.887226, -1.856431, 1.996385, -8.236393, 1.894812, -1.86436
 111006413, 2.01267, -8.196749, 1.877502, -1.849619, 1.959208, -8.213687, 1.887226, -1.856431
 111206333, 1.750968, -8.155427, 1.866907, -1.843318, 2.01267, -8.196749, 1.877502, -1.849619
 111406253, 1.803173, -8.142407, 1.857626, -1.836471, 1.750968, -8.155427, 1.866907, -1.843318
 111606173, 1.969314, -8.052992, 1.850149, -1.829057, 1.803173, -8.142407, 1.857626, -1.836471
 111806093, 1.881901, -8.081939, 1.842269, -1.821443, 1.969314, -8.052992, 1.850149, -1.829057
 112006013, 1.934939, -8.182534, 1.835695, -1.813895, 1.881901, -8.081939, 1.842269, -1.821443
 112205933, 1.7836, -8.266414, 1.828555, -1.806252, 1.934939, -8.182534, 1.835695, -1.813895
 112405853, 1.932055, -8.200158, 1.821468, -1.798394, 1.7836, -8.266414, 1.828555, -1.806252
 112605773, 2.051315, -7.94414, 1.812925, -1.790436, 1.932055, -8.200158, 1.821468, -1.798394
 112806526, 1.747547, -7.888361, 1.801467, -1.784595, 2.051315, -7.94414, 1.812925, -1.790436
 113006446, 1.584829, -8.102136, 1.791598, -1.781168, 1.747547, -7.888361, 1.801467, -1.784595
 113206366, 1.731251, -7.929418, 1.783367, -1.77407, 1.584829, -8.102136, 1.791598, -1.781168
 113406286, 1.820683, -8.098867, 1.775907, -1.768848, 1.731251, -7.929418, 1.783367, -1.77407
 113606206, 1.604591, -8.158239, 1.768737, -1.762039, 1.820683, -8.098867, 1.775907, -1.768848
 113806126, 1.804255, -8.000736, 1.763522, -1.753421, 1.604591, -8.158239, 1.768737, -1.762039
 114006046, 1.831729, -7.879336, 1.756561, -1.745163, 1.804255, -8.000736, 1.763522, -1.753421
 114205966, 1.920336, -7.835962, 1.748795, -1.73834, 1.831729, -7.879336, 1.756561, -1.745163
 114405886, 1.954327, -7.993598, 1.741186, -1.734204, 1.920336, -7.835962, 1.748795, -1.73834
 114605806, 1.832803, -7.907306, 1.733701, -1.728004, 1.954327, -7.993598, 1.741186, -1.734204
 114806559, 1.642088, -7.856337, 1.726342, -1.721283, 1.832803, -7.907306, 1.733701, -1.728004
 115006479, 1.735644, -7.730638, 1.720145, -1.713591, 1.642088, -7.856337, 1.726342, -1.721283
 115206399, 1.85128, -7.802678, 1.714125, -1.707609, 1.735644, -7.730638, 1.720145, -1.713591
 115406319, 1.525233, -7.790989, 1.706374, -1.701065, 1.85128, -7.802678, 1.714125, -1.707609
 115606239, 1.560479, -7.997331, 1.699642, -1.697106, 1.525233, -7.790989, 1.706374, -1.701065
 115806159, 1.37283, -7.737833, 1.691853, -1.689827, 1.560479, -7.997331, 1.699642, -1.697106
 116006079, 1.34197, -7.718916, 1.683896, -1.685278, 1.37283, -7.737833, 1.691853, -1.689827
 116205999, 1.350157, -7.892095, 1.675722, -1.682926, 1.34197, -7.718916, 1.683896, -1.685278
 116405919, 1.514709, -7.751814, 1.668644, -1.676878, 1.350157, -7.892095, 1.675722, -1.682926
 116605839, 1.620535, -7.514419, 1.662094, -1.669198, 1.514709, -7.751814, 1.668644, -1.676878
 116806592, 1.641273, -7.377892, 1.655939, -1.662543, 1.620535, -7.514419, 1.662094, -1.669198
 117006512, 1.592895, -7.409633, 1.65064, -1.657792, 1.641273, -7.377892, 1.655939, -1.662543
 117206432, 1.336863, -7.590111, 1.644539, -1.653747, 1.592895, -7.409633, 1.65064, -1.657792
 117406352, 1.546865, -7.411642, 1.639494, -1.645773, 1.336863, -7.590111, 1.644539, -1.653747
 117606272, 1.594983, -7.436035, 1.633473, -1.639826, 1.546865, -7.411642, 1.639494, -1.645773
 117806192, 1.536229, -7.323648, 1.627564, -1.633751, 1.594983, -7.436035, 1.633473, -1.639826
 118006112, 1.329099, -7.378276, 1.622116, -1.630601, 1.536229, -7.323648, 1.627564, -1.633751
 118206032, 1.480181, -7.463947, 1.61735, -1.628741, 1.329099, -7.378276, 1.622116, -1.630601
 118405952, 1.348156, -7.512308, 1.611839, -1.626769, 1.480181, -7.463947, 1.61735, -1.628741
 118605872, 1.444449, -7.622324, 1.607512, -1.625147, 1.348156, -7.512308, 1.611839, -1.626769
 118805792, 1.288507, -7.466329, 1.60332, -1.620327, 1.444449, -7.622324, 1.607512, -1.625147
 119006545, 1.445557, -7.55346, 1.600193, -1.617701, 1.288507, -7.466329, 1.60332, -1.620327
 119206465, 1.385003, -7.449523, 1.596337, -1.614185, 1.445557, -7.55346, 1.600193, -1.617701
 119406385, 1.217914, -7.258422, 1.591852, -1.610206, 1.385003, -7.449523, 1.596337, -1.614185
 119606305, 1.373054, -7.350357, 1.588567, -1.608649, 1.217914, -7.258422, 1.591852, -1.610206
 119806225, 1.355227, -7.345405, 1.584495, -1.606015, 1.373054, -7.350357, 1.588567, -1.608649
 120006145, 1.242427, -7.215662, 1.580413, -1.601693, 1.355227, -7.345405, 1.584495, -1.606015
 120206065, 1.21357, -7.195155, 1.576662, -1.596971, 1.242427, -7.215662, 1.580413, -1.601693
 120405985, 1.052878, -7.298465, 1.572701, -1.593705, 1.21357, -7.195155, 1.576662, -1.596971
 120605905, 1.211672, -7.324582, 1.569116, -1.590805, 1.052878, -7.298465, 1.572701, -1.593705
 120805825, 1.336653, -7.238986, 1.565531, -1.587823, 1.211672, -7.324582, 1.569116, -1.590805
 121006578, 1.238883, -7.269523, 1.561138, -1.585825, 1.336653, -7.238986, 1.565531, -1.587823
 121206498, 1.202298, -7.333538, 1.55721, -1.584434, 1.238883, -7.269523, 1.561138, -1.585825
 121406418, 1.254513, -7.297423, 1.553725, -1.58179, 1.202298, -7.333538, 1.55721, -1.584434
 121606338, 1.235469, -7.40882, 1.550209, -1.578572, 1.254513, -7.297423, 1.553725, -1.58179
 121806258, 1.167765, -7.301302, 1.546608, -1.573992, 1.235469, -7.40882, 1.550209, -1.578572
 122006178, 1.19615, -7.275334, 1.543146, -1.571046, 1.167765, -7.301302, 1.546608, -1.573992
 122206098, 1.083396, -7.284594, 1.538921, -1.568805, 1.19615, -7.275334, 1.543146, -1.571046
 122406018, 1.2674, -7.306337, 1.535686, -1.566386, 1.083396, -7.284594, 1.538921, -1.568805
 122605938, 1.347732, -7.25378, 1.531868, -1.56327, 1.2674, -7.306337, 1.535686, -1.566386
 122805858, 1.083535, -7.012745, 1.527215, -1.558945, 1.347732, -7.25378, 1.531868, -1.56327
 123005778, 0.9961044, -7.178108, 1.522962, -1.557686, 1.083535, -7.012745, 1.527215, -1.558945
 123206531, 1.076492, -7.219178, 1.519551, -1.554408, 0.9961044, -7.178108, 1.522962, -1.557686
 123406451, 1.125413, -7.049533, 1.515568, -1.548761, 1.076492, -7.219178, 1.519551, -1.554408
 123606371, 1.155539, -7.072843, 1.511983, -1.54586, 1.125413, -7.049533, 1.515568, -1.548761
 123806291, 1.188665, -7.001789, 1.507905, -1.54268, 1.155539, -7.072843, 1.511983, -1.54586
 124006211, 1.213351, -7.144058, 1.504343, -1.541337, 1.188665, -7.001789, 1.507905, -1.54268
 124206131, 0.9985291, -7.20542, 1.500731, -1.539253, 1.213351, -7.144058, 1.504343, -1.541337
 124406051, 0.8421221, -7.265721, 1.497169, -1.53707, 0.9985291, -7.20542, 1.500731, -1.539253
 124605971, 0.8243932, -7.135029, 1.492136, -1.532734, 0.8421221, -7.265721, 1.497169, -1.53707
 124805891, 1.096825, -7.153474, 1.488274, -1.529871, 0.8243932, -7.135029, 1.492136, -1.532734
 125005811, 1.00608, -6.962323, 1.484472, -1.525104, 1.096825, -7.153474, 1.488274, -1.529871
 125206564, 0.9464325, -7.00196, 1.480966, -1.522414, 1.00608, -6.962323, 1.484472, -1.525104
 125406484, 0.9483095, -7.195211, 1.477609, -1.521238, 0.9464325, -7.00196, 1.480966, -1.522414
 125606404, 0.8104579, -7.238763, 1.473119, -1.518443, 0.9483095, -7.195211, 1.477609, -1.521238
 125806324, 1.012935, -7.16468, 1.469463, -1.515293, 0.8104579, -7.238763, 1.473119, -1.518443
 126006244, 1.017339, -7.049751, 1.465882, -1.511002, 1.012935, -7.16468, 1.469463, -1.515293
 126206164, 0.8751611, -7.187497, 1.462491, -1.50899, 1.017339, -7.049751, 1.465882, -1.511002
 126406084, 0.7934333, -7.059578, 1.458891, -1.504637, 0.8751611, -7.187497, 1.462491, -1.50899
 126606004, 0.6985246, -7.044913, 1.455447, -1.501488, 0.7934333, -7.059578, 1.458891, -1.504637
 126805924, 0.7758258, -7.081708, 1.45131, -1.498223, 0.6985246, -7.044913, 1.455447, -1.501488
 127005844, 0.724345, -6.91047, 1.446656, -1.493679, 0.7758258, -7.081708, 1.45131, -1.498223
 127205764, 0.7683016, -7.066267, 1.442587, -1.492359, 0.724345, -6.91047, 1.446656, -1.493679
 127406517, 0.8040906, -7.159653, 1.44003, -1.49192, 0.7683016, -7.066267, 1.442587, -1.492359
 127606437, 0.8313676, -6.993886, 1.44031, -1.491966, 0.8040906, -7.159653, 1.44003, -1.49192
 127806357, 0.6944502, -6.894691, 1.442614, -1.493814, 0.8313676, -6.993886, 1.44031, -1.491966
 128006277, 0.7572072, -7.049169, 1.445178, -1.498485, 0.6944502, -6.894691, 1.442614, -1.493814
 128206197, 0.757743, -6.940268, 1.447883, -1.501179, 0.7572072, -7.049169, 1.445178, -1.498485
 128406117, 0.9435537, -7.14493, 1.451807, -1.506568, 0.757743, -6.940268, 1.447883, -1.501179
 128606037, 0.7768483, -7.074108, 1.455233, -1.509807, 0.9435537, -7.14493, 1.451807, -1.506568
 128805957, 0.7428435, -6.98279, 1.459011, -1.512694, 0.7768483, -7.074108, 1.455233, -1.509807
 129005877, 0.7503477, -7.17937, 1.462325, -1.519168, 0.7428435, -6.98279, 1.459011, -1.512694
 129205797, 0.7566749, -7.243199, 1.465984, -1.524973, 0.7503477, -7.17937, 1.462325, -1.519168
 129406550, 0.7619893, -7.105742, 1.469811, -1.527976, 0.7566749, -7.243199, 1.465984, -1.524973
 129606470, 0.6251506, -7.000818, 1.473395, -1.530654, 0.7619893, -7.105742, 1.469811, -1.527976
 129806390, 0.8936895, -6.955884, 1.478217, -1.534042, 0.6251506, -7.000818, 1.473395, -1.530654
 130006310, 0.7356731, -7.110118, 1.482498, -1.539303, 0.8936895, -6.955884, 1.478217, -1.534042
 130206230, 0.7304806, -7.1199, 1.486531, -1.543443, 0.7356731, -7.110118, 1.482498, -1.539303
 130406150, 0.8395194, -7.282491, 1.491078, -1.549452, 0.7304806, -7.1199, 1.486531, -1.543443
 130606070, 0.8928723, -7.099361, 1.494594, -1.551766, 0.8395194, -7.282491, 1.491078, -1.549452
 130805990, 0.8051574, -7.203475, 1.49751, -1.556605, 0.8928723, -7.099361, 1.494594, -1.551766
 131005910, 0.7774998, -7.322504, 1.499902, -1.562283, 0.8051574, -7.203475, 1.49751, -1.556605
 131205830, 0.725362, -7.284629, 1.502495, -1.567358, 0.7774998, -7.322504, 1.499902, -1.562283
 131406583, 0.7583381, -7.257094, 1.506319, -1.571715, 0.725362, -7.284629, 1.502495, -1.567358
 131606503, 0.736288, -7.228944, 1.51105, -1.575328, 0.7583381, -7.257094, 1.506319, -1.571715
 131806423, 0.8889064, -7.258792, 1.51561, -1.57899, 0.736288, -7.228944, 1.51105, -1.575328
 132006343, -1.419118, -9.170327, 1.519786, -1.60164, 0.8889064, -7.258792, 1.51561, -1.57899
 132206263, -2.437952, -10.27471, 1.526365, -1.618318, -1.419118, -9.170327, 1.519786, -1.60164
 132406183, -1.050142, -10.17485, 1.524778, -1.620986, -2.437952, -10.27471, 1.526365, -1.618318
 132606103, -1.264129, -8.730559, 1.529247, -1.608794, -1.050142, -10.17485, 1.524778, -1.620986
 132806023, -2.875829, -7.817744, 1.540713, -1.604277, -1.264129, -8.730559, 1.529247, -1.608794
 133005943, -0.8971093, -8.342466, 1.537349, -1.612939, -2.875829, -7.817744, 1.540713, -1.604277
 133205863, -0.9639871, -7.974962, 1.541059, -1.612776, -0.8971093, -8.342466, 1.537349, -1.612939
 133405783, -1.083607, -9.420194, 1.544251, -1.630637, -0.9639871, -7.974962, 1.541059, -1.612776
 133606536, -2.73805, -9.93042, 1.553981, -1.640958, -1.083607, -9.420194, 1.544251, -1.630637
 133806456, -2.322614, -7.894642, 1.555597, -1.624573, -2.73805, -9.93042, 1.553981, -1.640958
 134006376, -3.334946, -7.815948, 1.565177, -1.628135, -2.322614, -7.894642, 1.555597, -1.624573
 134206296, -1.130451, -7.765315, 1.559715, -1.632034, -3.334946, -7.815948, 1.565177, -1.628135
 134406216, -0.7324333, -7.635883, 1.563548, -1.63569, -1.130451, -7.765315, 1.559715, -1.632034
 134606136, -2.000823, -8.962781, 1.566434, -1.657788, -0.7324333, -7.635883, 1.563548, -1.63569
 134806056, -1.799559, -8.122816, 1.569792, -1.653063, -2.000823, -8.962781, 1.566434, -1.657788
 135005976, -0.9023318, -9.086751, 1.479458, -1.566096, -1.799559, -8.122816, 1.569792, -1.653063
 135205896, -2.139305, -8.633611, 1.367575, -1.455541, -0.9023318, -9.086751, 1.479458, -1.566096
 135405816, -2.582845, -10.41037, 1.349215, -1.483322, -2.139305, -8.633611, 1.367575, -1.455541
 135606569, -1.328385, -8.715163, 1.336448, -1.452396, -2.582845, -10.41037, 1.349215, -1.483322
 135806489, -2.956985, -6.767708, 1.33928, -1.415427, -1.328385, -8.715163, 1.336448, -1.452396
 136006409, -1.528153, -7.83674, 1.251791, -1.4841, -2.956985, -6.767708, 1.33928, -1.415427
 136206329, -1.514401, -6.430907, 1.244153, -1.452025, -1.528153, -7.83674, 1.251791, -1.4841
 136406249, -1.493944, -5.088969, 1.231785, -1.424332, -1.514401, -6.430907, 1.244153, -1.452025
 136606169, -1.937026, -6.288207, 1.216094, -1.424328, -1.493944, -5.088969, 1.231785, -1.424332
 136806089, -1.59071, -5.476453, 1.198682, -1.400926, -1.937026, -6.288207, 1.216094, -1.424328
 137006009, -2.320027, -3.865039, 1.184719, -1.371324, -1.59071, -5.476453, 1.198682, -1.400926
 137205929, -2.915421, -4.34269, 1.169846, -1.358612, -2.320027, -3.865039, 1.184719, -1.371324
 137405849, -2.783647, -3.672971, 1.154542, -1.335945, -2.915421, -4.34269, 1.169846, -1.358612
 137605769, -1.416426, -4.722836, 1.133814, -1.326112, -2.783647, -3.672971, 1.154542, -1.335945
 137806522, -1.052976, -3.506252, 1.119901, -1.298729, -1.416426, -4.722836, 1.133814, -1.326112
 138006442, -2.615058, -4.089796, 1.111184, -1.28834, -1.052976, -3.506252, 1.119901, -1.298729
 138206362, -1.96571, -3.099711, 1.095806, -1.264203, -2.615058, -4.089796, 1.111184, -1.28834
 138406282, -1.406192, -2.566924, 1.081727, -1.245734, -1.96571, -3.099711, 1.095806, -1.264203
 138606202, -2.082147, -1.608342, 1.07238, -1.227769, -1.406192, -2.566924, 1.081727, -1.245734
 138806122, -2.319257, -2.715564, 1.060807, -1.220078, -2.082147, -1.608342, 1.07238, -1.227769
 139006042, -1.019216, -1.395677, 1.044877, -1.199411, -2.319257, -2.715564, 1.060807, -1.220078
 139205962, -2.04364, -1.764502, 1.03556, -1.187127, -1.019216, -1.395677, 1.044877, -1.199411
 139405882, -1.494249, -1.592683, 1.021864, -1.172482, -2.04364, -1.764502, 1.03556, -1.187127
 139605802, -1.787213, -2.787476, 1.010516, -1.16521, -1.494249, -1.592683, 1.021864, -1.172482
 139806555, -1.171372, -2.527143, 0.9965975, -1.148911, -1.787213, -2.787476, 1.010516, -1.16521
 140006475, -1.173715, -1.125554, 0.9851877, -1.128732, -1.171372, -2.527143, 0.9965975, -1.148911
 140206395, -1.081777, -1.166694, 0.9722589, -1.11431, -1.173715, -1.125554, 0.9851877, -1.128732
 140406315, -1.041412, -1.253769, 0.9598023, -1.100413, -1.081777, -1.166694, 0.9722589, -1.11431
 140606235, -1.171094, -1.180427, 0.9470348, -1.08513, -1.041412, -1.253769, 0.9598023, -1.100413
 140806155, -1.101261, -1.15495, 0.9338036, -1.070128, -1.171094, -1.180427, 0.9470348, -1.08513
 141006075, -1.096216, -1.040157, 0.9205171, -1.054883, -1.101261, -1.15495, 0.9338036, -1.070128
 141205995, -1.069649, -1.012974, 0.9067941, -1.03947, -1.096216, -1.040157, 0.9205171, -1.054883
 141405915, -1.194831, -1.088208, 0.8938755, -1.02438, -1.069649, -1.012974, 0.9067941, -1.03947
 141605835, -1.058093, -1.179402, 0.8800838, -1.008952, -1.194831, -1.088208, 0.8938755, -1.02438
 141806588, -1.064522, -1.03243, 0.8662506, -0.992965, -1.058093, -1.179402, 0.8800838, -1.008952
 142006508, -1.043363, -0.9004286, 0.8521065, -0.9766294, -1.064522, -1.03243, 0.8662506, -0.992965
 142206428, -1.064853, -0.952772, 0.8451945, -0.9688677, -1.043363, -0.9004286, 0.8521065, -0.9766294
 142406348, -0.9267665, -0.8452564, 0.8312665, -0.9525911, -1.064853, -0.952772, 0.8451945, -0.9688677
 142606268, -0.9443386, -0.9623521, 0.8178092, -0.9367424, -0.9267665, -0.8452564, 0.8312665, -0.9525911
 142806188, -1.018376, -0.8454521, 0.8045504, -0.9203165, -0.9443386, -0.9623521, 0.8178092, -0.9367424
 143006108, -0.9233823, -0.913729, 0.7903749, -0.9048551, -1.018376, -0.8454521, 0.8045504, -0.9203165
 143206028, -1.019669, -0.9941394, 0.7765611, -0.8896297, -0.9233823, -0.913729, 0.7903749, -0.9048551
 143405948, -1.045052, -1.014231, 0.7628738, -0.8741372, -1.019669, -0.9941394, 0.7765611, -0.8896297
 143605868, -0.9302552, -0.9543168, 0.7490648, -0.8581347, -1.045052, -1.014231, 0.7628738, -0.8741372
 143805788, -0.8645791, -0.8297777, 0.7354662, -0.8422416, -0.9302552, -0.9543168, 0.7490648, -0.8581347
 144006541, -0.8767298, -0.8474016, 0.7220813, -0.827035, -0.8645791, -0.8297777, 0.7354662, -0.8422416
 144206461, -0.9194635, -0.8694116, 0.7084355, -0.8115638, -0.8767298, -0.8474016, 0.7220813, -0.827035
 144406381, -0.9152638, -0.8027851, 0.6913614, -0.7920029, -0.9194635, -0.8694116, 0.7084355, -0.8115638
 144606301, -0.8615646, -0.7507178, 0.6781791, -0.7766129, -0.9152638, -0.8027851, 0.6913614, -0.7920029
 144806221, -0.7914524, -0.7019815, 0.6644084, -0.7609206, -0.8615646, -0.7507178, 0.6781791, -0.7766129
 145006141, -0.7471908, -0.7272757, 0.6511881, -0.7454663, -0.7914524, -0.7019815, 0.6644084, -0.7609206
 145206061, -0.8175282, -0.7084559, 0.6381097, -0.7299162, -0.7471908, -0.7272757, 0.6511881, -0.7454663
 145405981, -0.7747222, -0.7004479, 0.6244507, -0.7147592, -0.8175282, -0.7084559, 0.6381097, -0.7299162
 145605901, -0.7199173, -0.7230533, 0.6108112, -0.6998866, -0.7747222, -0.7004479, 0.6244507, -0.7147592
 145805821, -0.7112879, -0.6252274, 0.5971062, -0.68446, -0.7199173, -0.7230533, 0.6108112, -0.6998866
 146006574, -0.7380661, -0.6439556, 0.5837428, -0.6693, -0.7112879, -0.6252274, 0.5971062, -0.68446
 146206494, -0.7470674, -0.6269484, 0.5704791, -0.6534931, -0.7380661, -0.6439556, 0.5837428, -0.6693
 146406414, -0.7735354, -0.6264895, 0.5572861, -0.6376817, -0.7470674, -0.6269484, 0.5704791, -0.6534931
 146606334, -0.6660142, -0.5771632, 0.5439118, -0.6219538, -0.7735354, -0.6264895, 0.5572861, -0.6376817
 146806254, -0.6235727, -0.5600714, 0.5307786, -0.6067997, -0.6660142, -0.5771632, 0.5439118, -0.6219538
 147006174, -0.615348, -0.5802286, 0.5171065, -0.591546, -0.6235727, -0.5600714, 0.5307786, -0.6067997
 147206094, -0.6855584, -0.5465102, 0.5047204, -0.5776027, -0.615348, -0.5802286, 0.5171065, -0.591546
 147406014, -0.6879395, -0.5267658, 0.492734, -0.5642192, -0.6855584, -0.5465102, 0.5047204, -0.5776027
 147605934, -0.5761289, -0.4831606, 0.4809291, -0.5509249, -0.6879395, -0.5267658, 0.492734, -0.5642192
 147805854, -0.5557956, -0.5133582, 0.4705581, -0.5389244, -0.5761289, -0.4831606, 0.4809291, -0.5509249
 148005774, -0.6129633, -0.5104904, 0.4622788, -0.5289621, -0.5557956, -0.5133582, 0.4705581, -0.5389244
 148206527, -0.5855792, -0.4571832, 0.4550631, -0.5205101, -0.6129633, -0.5104904, 0.4622788, -0.5289621
 148406447, -0.6311433, -0.4918985, 0.4497697, -0.514495, -0.5855792, -0.4571832, 0.4550631, -0.5205101
 148606367, -0.5684674, -0.4866637, 0.4452556, -0.5096729, -0.6311433, -0.4918985, 0.4497697, -0.514495
 148806287, -0.5303685, -0.5068246, 0.4418387, -0.5060862, -0.5684674, -0.4866637, 0.4452556, -0.5096729
 149006207, -0.5547132, -0.4495533, 0.4388397, -0.5024852, -0.5303685, -0.5068246, 0.4418387, -0.5060862
 149206127, -0.5679277, -0.4442461, 0.4371933, -0.5005127, -0.5547132, -0.4495533, 0.4388397, -0.5024852
 149406047, -0.5769356, -0.466863, 0.435086, -0.4980086, -0.5679277, -0.4442461, 0.4371933, -0.5005127
 149605967, -0.5749308, -0.4606397, 0.4335214, -0.4960905, -0.5769356, -0.466863, 0.435086, -0.4980086
 149805887, -0.5874167, -0.4873434, 0.4317907, -0.494145, -0.5749308, -0.4606397, 0.4335214, -0.4960905
 150005807, -0.5857193, -0.5039201, 0.4295152, -0.4916729, -0.5874167, -0.4873434, 0.4317907, -0.494145
 150206560, -0.4966864, -0.4536986, 0.426777, -0.4886766, -0.5857193, -0.5039201, 0.4295152, -0.4916729
 150406480, -0.5316163, -0.4682599, 0.4240392, -0.4852617, -0.4966864, -0.4536986, 0.426777, -0.4886766
 150606400, -0.518768, -0.4901115, 0.4209501, -0.4817944, -0.5316163, -0.4682599, 0.4240392, -0.4852617
 150806320, -0.5327162, -0.4325144, 0.4170806, -0.4772745, -0.518768, -0.4901115, 0.4209501, -0.4817944
 151006240, -0.5174621, -0.4497408, 0.412565, -0.4723527, -0.5327162, -0.4325144, 0.4170806, -0.4772745
 151206160, -0.5135475, -0.4382581, 0.4082796, -0.4674492, -0.5174621, -0.4497408, 0.412565, -0.4723527
 151406080, -0.5213563, -0.4263027, 0.4033371, -0.4617148, -0.5135475, -0.4382581, 0.4082796, -0.4674492
 151606000, -0.4855342, -0.4218042, 0.3988231, -0.4565906, -0.5213563, -0.4263027, 0.4033371, -0.4617148
 151805920, -0.5087772, -0.4296242, 0.3944195, -0.4514573, -0.4855342, -0.4218042, 0.3988231, -0.4565906
 152005840, -0.4747877, -0.4346314, 0.38941, -0.4458492, -0.5087772, -0.4296242, 0.3944195, -0.4514573
 152205760, -0.4649037, -0.4529208, 0.3844286, -0.4403619, -0.4747877, -0.4346314, 0.38941, -0.4458492
 152406513, -0.4567339, -0.432127, 0.379792, -0.4350964, -0.4649037, -0.4529208, 0.3844286, -0.4403619
 152606433, -0.4700307, -0.4054072, 0.3753164, -0.4296278, -0.4567339, -0.432127, 0.379792, -0.4350964
 152806353, -0.446012, -0.4086183, 0.370902, -0.4245469, -0.4700307, -0.4054072, 0.3753164, -0.4296278
 153006273, -0.4865762, -0.4220849, 0.3664454, -0.4194049, -0.446012, -0.4086183, 0.370902, -0.4245469
 153206193, -0.504853, -0.4398464, 0.3617046, -0.4141004, -0.4865762, -0.4220849, 0.3664454, -0.4194049
 153406113, -0.5226776, -0.4407443, 0.3572547, -0.4088805, -0.504853, -0.4398464, 0.3617046, -0.4141004
 153606033, -0.4840291, -0.3785025, 0.352844, -0.4036812, -0.5226776, -0.4407443, 0.3572547, -0.4088805
 153805953, -0.3976977, -0.3886685, 0.3480621, -0.3988263, -0.4840291, -0.3785025, 0.352844, -0.4036812
 154005873, -0.4362729, -0.3431845, 0.3437794, -0.393903, -0.3976977, -0.3886685, 0.3480621, -0.3988263
 154205793, -0.4502734, -0.3675202, 0.339372, -0.3885936, -0.4362729, -0.3431845, 0.3437794, -0.393903
 154406546, -0.4617611, -0.3529541, 0.335129, -0.3833003, -0.4502734, -0.3675202, 0.339372, -0.3885936
 154606466, -0.4695469, -0.343338, 0.3305228, -0.3780746, -0.4617611, -0.3529541, 0.335129, -0.3833003
 154806386, -0.4740007, -0.3544739, 0.3258934, -0.3730704, -0.4695469, -0.343338, 0.3305228, -0.3780746
 155006306, -0.4759597, -0.3660032, 0.3215122, -0.3679393, -0.4740007, -0.3544739, 0.3258934, -0.3730704
 155206226, -0.4178787, -0.3483221, 0.3170479, -0.3627022, -0.4759597, -0.3660032, 0.3215122, -0.3679393
 155406146, -0.406979, -0.3506379, 0.3122475, -0.3573861, -0.4178787, -0.3483221, 0.3170479, -0.3627022
 155606066, -0.3705279, -0.3250417, 0.3075819, -0.3522658, -0.406979, -0.3506379, 0.3122475, -0.3573861
 155805986, -0.3901579, -0.3027022, 0.3030518, -0.346764, -0.3705279, -0.3250417, 0.3075819, -0.3522658
 156005906, -0.40793, -0.2912532, 0.2988109, -0.3417129, -0.3901579, -0.3027022, 0.3030518, -0.346764
 156205826, -0.3996969, -0.2963047, 0.2944349, -0.3370446, -0.40793, -0.2912532, 0.2988109, -0.3417129
 156406579, -0.4163611, -0.2766161, 0.2895995, -0.3315514, -0.3996969, -0.2963047, 0.2944349, -0.3370446
 156606499, -0.4212498, -0.2950831, 0.2851752, -0.3262108, -0.4163611, -0.2766161, 0.2895995, -0.3315514
 156806419, -0.4077893, -0.2799813, 0.2808811, -0.3210576, -0.4212498, -0.2950831, 0.2851752, -0.3262108
 157006339, -0.4207385, -0.3107236, 0.276279, -0.3160665, -0.4077893, -0.2799813, 0.2808811, -0.3210576
 157206259, -0.3884682, -0.3071646, 0.2718515, -0.3112832, -0.4207385, -0.3107236, 0.276279, -0.3160665
 157406179, -0.3826461, -0.311426, 0.2673722, -0.3060027, -0.3884682, -0.3071646, 0.2718515, -0.3112832
 157606099, -0.3805242, -0.2691975, 0.2629931, -0.3007517, -0.3826461, -0.311426, 0.2673722, -0.3060027
 157806019, -0.3978293, -0.2720869, 0.2586892, -0.2959233, -0.3805242, -0.2691975, 0.2629931, -0.3007517
 158005939, -0.3994857, -0.303706, 0.2541368, -0.2908279, -0.3978293, -0.2720869, 0.2586892, -0.2959233
 158205859, -0.3799115, -0.2952926, 0.249981, -0.2858585, -0.3994857, -0.303706, 0.2541368, -0.2908279
 158405779, -0.3737127, -0.2580097, 0.2454845, -0.2805806, -0.3799115, -0.2952926, 0.249981, -0.2858585
 158606532, -0.3526288, -0.2551999, 0.2406986, -0.2754446, -0.3737127, -0.2580097, 0.2454845, -0.2805806
 158806452, -0.3322124, -0.2273506, 0.2361887, -0.2703603, -0.3526288, -0.2551999, 0.2406986, -0.2754446
 159006372, -0.320003, -0.2586547, 0.2316309, -0.2650817, -0.3322124, -0.2273506, 0.2361887, -0.2703603
 159206292, -0.337098, -0.2337548, 0.2274673, -0.260127, -0.320003, -0.2586547, 0.2316309, -0.2650817
 159406212, -0.3459116, -0.2329669, 0.2228926, -0.2550242, -0.337098, -0.2337548, 0.2274673, -0.260127
 159606132, -0.3432515, -0.2603414, 0.2184905, -0.2500026, -0.3459116, -0.2329669, 0.2228926, -0.2550242
 159806052, -0.3262755, -0.2354789, 0.2142321, -0.2449632, -0.3432515, -0.2603414, 0.2184905, -0.2500026
 160005972, -0.3114009, -0.2385191, 0.2096025, -0.2398151, -0.3262755, -0.2354789, 0.2142321, -0.2449632
 160205892, -0.3284855, -0.2335545, 0.2052658, -0.2348136, -0.3114009, -0.2385191, 0.2096025, -0.2398151
 160405812, -0.339147, -0.2220217, 0.2008806, -0.2297224, -0.3284855, -0.2335545, 0.2052658, -0.2348136
 160606565, -0.3250207, -0.2310111, 0.1964075, -0.2247802, -0.339147, -0.2220217, 0.2008806, -0.2297224
 160806485, -0.3103332, -0.1913888, 0.1921873, -0.2197371, -0.3250207, -0.2310111, 0.1964075, -0.2247802
 161006405, -0.3150212, -0.2063475, 0.1876966, -0.2145981, -0.3103332, -0.1913888, 0.1921873, -0.2197371
 161206325, -0.3054552, -0.2158963, 0.1832099, -0.2096929, -0.3150212, -0.2063475, 0.1876966, -0.2145981
 161406245, -0.306132, -0.1902829, 0.1789986, -0.2047615, -0.3054552, -0.2158963, 0.1832099, -0.2096929
 161606165, -0.2965335, -0.1810721, 0.1746351, -0.1995358, -0.306132, -0.1902829, 0.1789986, -0.2047615
 161806085, -0.2689711, -0.1752569, 0.1703261, -0.1945192, -0.2965335, -0.1810721, 0.1746351, -0.1995358
 162006005, -0.2696585, -0.1656603, 0.1655577, -0.1890869, -0.2689711, -0.1752569, 0.1703261, -0.1945192
 162205925, -0.2827361, -0.1929465, 0.1609947, -0.1841234, -0.2696585, -0.1656603, 0.1655577, -0.1890869
 162405845, -0.2957524, -0.176171, 0.1563415, -0.1787205, -0.2827361, -0.1929465, 0.1609947, -0.1841234
 162605765, -0.3051613, -0.1679737, 0.152503, -0.1740769, -0.2957524, -0.176171, 0.1563415, -0.1787205
 162806518, -0.274862, -0.1674483, 0.1480533, -0.1690159, -0.3051613, -0.1679737, 0.152503, -0.1740769
 163006438, -0.2576517, -0.1621382, 0.1435921, -0.1640771, -0.274862, -0.1674483, 0.1480533, -0.1690159
 163206358, -0.2641948, -0.1718852, 0.1393014, -0.1593555, -0.2576517, -0.1621382, 0.1435921, -0.1640771
 163406278, -0.2748191, -0.1763442, 0.1348731, -0.1542111, -0.2641948, -0.1718852, 0.1393014, -0.1593555
 163606198, -0.269595, -0.1613112, 0.1305936, -0.1490888, -0.2748191, -0.1763442, 0.1348731, -0.1542111
 163806118, -0.2566157, -0.1436035, 0.126148, -0.1439544, -0.269595, -0.1613112, 0.1305936, -0.1490888
 164006038, -0.2496146, -0.140027, 0.1217209, -0.1389827, -0.2566157, -0.1436035, 0.126148, -0.1439544
 164205958, -0.2536134, -0.1339216, 0.1175434, -0.1340865, -0.2496146, -0.140027, 0.1217209, -0.1389827
 164405878, -0.2514378, -0.134456, 0.1130882, -0.1288822, -0.2536134, -0.1339216, 0.1175434, -0.1340865
 164605798, -0.2503183, -0.1354751, 0.1087066, -0.1239217, -0.2514378, -0.134456, 0.1130882, -0.1288822
 164806551, -0.2558903, -0.1246426, 0.1045137, -0.1190686, -0.2503183, -0.1354751, 0.1087066, -0.1239217
 165006471, -0.2333037, -0.1134846, 0.0992312, -0.1130091, -0.2558903, -0.1246426, 0.1045137, -0.1190686
 165206391, -0.2339789, -0.1164632, 0.09505889, -0.1081578, -0.2333037, -0.1134846, 0.0992312, -0.1130091
 165406311, -0.2254699, -0.1125734, 0.0903385, -0.102831, -0.2339789, -0.1164632, 0.09505889, -0.1081578
 165606231, -0.2183445, -0.1148991, 0.0857006, -0.0976234, -0.2254699, -0.1125734, 0.0903385, -0.102831
 165806151, -0.2178954, -0.1099019, 0.08139495, -0.0925966, -0.2183445, -0.1148991, 0.0857006, -0.0976234
 166006071, -0.221527, -0.1049588, 0.07713678, -0.0875615, -0.2178954, -0.1099019, 0.08139495, -0.0925966
 166205991, -0.2096602, -0.1086211, 0.07280319, -0.08268317, -0.221527, -0.1049588, 0.07713678, -0.0875615
 166405911, -0.2086362, -0.09882507, 0.06830572, -0.07741349, -0.2096602, -0.1086211, 0.07280319, -0.08268317
 166605831, -0.202542, -0.09661239, 0.06386591, -0.07234947, -0.2086362, -0.09882507, 0.06830572, -0.07741349
 166806584, -0.2075921, -0.1021164, 0.05975824, -0.06751554, -0.202542, -0.09661239, 0.06386591, -0.07234947
 167006504, -0.1986586, -0.09181341, 0.05561519, -0.06260819, -0.2075921, -0.1021164, 0.05975824, -0.06751554
 167206424, -0.1957099, -0.0868547, 0.05174747, -0.05801069, -0.1986586, -0.09181341, 0.05561519, -0.06260819
 167406344, -0.1996094, -0.08087146, 0.04770467, -0.05303408, -0.1957099, -0.0868547, 0.05174747, -0.05801069
 167606264, -0.1957382, -0.07525243, 0.04370252, -0.04818005, -0.1996094, -0.08087146, 0.04770467, -0.05303408
 167806184, -0.1886369, -0.07941192, 0.03977204, -0.04350432, -0.1957382, -0.07525243, 0.04370252, -0.04818005
 168006104, -0.1871807, -0.07024344, 0.03628451, -0.03874264, -0.1886369, -0.07941192, 0.03977204, -0.04350432
 168206024, -0.1065424, -0.04639953, 0.03059146, -0.03388859, -0.1871807, -0.07024344, 0.03628451, -0.03874264
 168405944, 0.0008084725, -0.01677407, 0.02699253, -0.03097422, -0.1065424, -0.04639953, 0.03059146, -0.03388859
 168605864, -0.01677396, -0.02336429, 0.02583765, -0.02967019, 0.0008084725, -0.01677407, 0.02699253, -0.03097422
 168805784, -0.02714416, -0.0266253, 0.02525889, -0.0289529, -0.01677396, -0.02336429, 0.02583765, -0.02967019
 169006537, -0.02354783, -0.02287534, 0.02486791, -0.02847832, -0.02714416, -0.0266253, 0.02525889, -0.0289529
 169206457, -0.02327131, -0.02348284, 0.02467629, -0.02823351, -0.02354783, -0.02287534, 0.02486791, -0.02847832
 169406377, -0.02432349, -0.02333766, 0.02461691, -0.02806239, -0.02327131, -0.02348284, 0.02467629, -0.02823351
 169606297, -0.02011882, -0.02343243, 0.0245817, -0.02792549, -0.02432349, -0.02333766, 0.02461691, -0.02806239
 169806217, -0.01828779, -0.0242117, 0.02460719, -0.02782333, -0.02011882, -0.02343243, 0.0245817, -0.02792549
 170006137, -0.02004449, -0.02537781, 0.02468292, -0.02774184, -0.01828779, -0.0242117, 0.02460719, -0.02782333
 170206057, -0.0193883, -0.0246506, 0.024749, -0.02764683, -0.02004449, -0.02537781, 0.02468292, -0.02774184
 170405977, -0.01955561, -0.02175339, 0.02482307, -0.02754023, -0.0193883, -0.0246506, 0.024749, -0.02764683
 170605897, -0.0237824, -0.02284003, 0.02490729, -0.02750629, -0.01955561, -0.02175339, 0.02482307, -0.02754023
 170805817, -0.02265386, -0.02343664, 0.02491394, -0.02749086, -0.0237824, -0.02284003, 0.02490729, -0.02750629
 171006570, -0.02198903, -0.02283535, 0.02491124, -0.02747865, -0.02265386, -0.02343664, 0.02491394, -0.02749086
 171206490, -0.02203662, -0.02068541, 0.02491226, -0.02745676, -0.02198903, -0.02283535, 0.02491124, -0.02747865
