TimeUS,CAN,CAE,CAD,CAe,NAN,NAE,NAD,NAe,m10,m00,Gye
 8425795, 0.01136754, 0.0003521068, -0.05493043, 1.567772, 0.0028437, -0.001731892, -0.07855342, 1.566978, -0.9757831, -0.2187405, 11.72367
 8606556, 0.003028889, -0.001498107, -0.08053504, 1.60108, -0.0001053945, 9.190226E-05, -0.001018357, 0.03363385, -0.9814997, -0.1914634, 28359.72
 8806476, 0.0001526288, 1.658936E-05, -0.003313043, 0.07129171, 8.807564E-05, 8.436442E-05, -0.001067009, 0.03718013, -0.9869645, -0.160938, 43.18072
 9006396, 5.226101E-05, 0.0002111727, -0.00309779, 0.07482506, 0.000116906, 5.071903E-05, -0.001133804, 0.03718013, -0.990826, -0.1351437, 44.76286
 9206316, 0.0005031109, 0.0001864773, -0.003193448, 0.07482506, 0.0003678887, 8.221803E-05, -0.0008983558, 0.03718013, -0.9935443, -0.1134445, 44.76286
 9406236, 0.0005420726, 0.0003032015, -0.003284474, 0.07482506, -3.34362E-05, 0.0005853602, -0.001335766, 0.03718013, -0.9954585, -0.09519684, 44.76286
 9606156, 0.0001312212, 0.0008702832, -0.003551504, 0.07482506, -0.0001152051, 0.0004466574, -0.0010094, 0.03718013, -0.9968082, -0.07983472, 44.76286
 9806076, 5.263516E-05, 0.000377942, -0.003474504, 0.07483085, -0.000172283, 0.0001099787, -0.001350016, 0.03719873, -0.9977587, -0.06691501, 44.76818
 10005996, -0.000103719, 0.0002400374, -0.003611882, 0.07486238, 3.640036E-05, -0.000185404, -0.0009554735, 0.03719873, -0.9984273, -0.05606233, 44.78527
 10205916, 8.293648E-05, -2.691504E-05, -0.003034302, 0.07486238, 0.0002475821, 0.0002614036, -0.0009464041, 0.03719873, -0.9988958, -0.04697917, 44.78527
 10405836, 0.0004009314, 0.0004642816, -0.003147727, 0.07486238, 0.0004971712, 1.743067E-07, -0.001453383, 0.03719873, -0.999225, -0.03936251, 44.78527
 10606589, 0.0007124526, 0.0002679878, -0.003627812, 0.07501738, 4.992104E-05, -0.000181214, -0.001026505, 0.03735372, -0.9994572, -0.03294172, 43.19506
 10806509, 0.0002143867, 8.02404E-05, -0.003433048, 0.07501159, 0.000295942, 0.0001425361, -0.00127683, 0.03718014, -0.9996195, -0.02758481, 44.8735
 11006429, 0.000402274, 0.0004013733, -0.003603744, 0.07482506, -0.000110588, 0.0001023422, -0.001170498, 0.03718014, -0.9997336, -0.02308015, 44.76286
 11206349, 0.0001281962, 0.0001565158, -0.003352269, 0.07482506, 0.0002471704, 0.0001468803, -0.001289152, 0.03718014, -0.9998137, -0.01930189, 44.76286
 11406269, 0.0006466609, 0.0002571244, -0.003499218, 0.07482506, 0.0007056731, -0.0001980052, -0.001373446, 0.03718014, -0.9998698, -0.0161313, 44.76286
 11606189, 0.0008814077, -0.0001023157, -0.003605867, 0.07482506, 0.0002685707, 2.200549E-05, -0.001246639, 0.03718014, -0.9999092, -0.01347729, 44.76286
 11806109, 0.0007648389, 0.0004360591, -0.003483331, 0.07482506, 0.0002325423, 0.0004736943, -0.001172948, 0.03718014, -0.9999366, -0.0112527, 44.76286
 12006029, 0.0006231914, 0.0008420208, -0.003304727, 0.07482506, 8.441085E-05, 0.0001814903, -0.001405026, 0.03718014, -0.9999559, -0.009397893, 44.76286
 12205949, 0.0004669422, 0.0005310419, -0.003733359, 0.07482506, 0.0002268599, 3.172011E-05, -0.0009188384, 0.03718014, -0.9999693, -0.007837268, 44.76286
 12405869, 0.0005707585, 0.0002618201, -0.003047526, 0.07482506, -0.0001682004, 0.000236069, -0.001125913, 0.03718014, -0.9999789, -0.006498989, 44.76286
 12605789, 0.0001451682, 0.0005954994, -0.003379921, 0.07482506, 0.0003876385, 7.538003E-05, -0.0008679469, 0.03718014, -0.9999863, -0.005251634, 44.76286
 12806542, 0.0008105272, 0.0001631804, -0.003020172, 0.07498554, 0.0002294454, -1.45309E-05, -0.001121595, 0.03735372, -0.9999912, -0.004203274, 44.85975
 13006462, 0.0005984776, -1.904184E-05, -0.003290223, 0.07501738, 0.0003140419, -0.0001349918, -0.001639623, 0.03719873, -0.9999945, -0.003337231, 44.87799
 13206382, 0.000625449, 0.0002643021, -0.003655956, 0.07486238, 3.8096E-05, 0.0001331003, -0.001090912, 0.03719873, -0.9999965, -0.002628111, 44.78527
 13406302, 3.576172E-05, 0.0003033827, -0.003271178, 0.07486238, -0.0001554833, 0.0002642378, -0.00119937, 0.03719873, -0.9999979, -0.002042234, 44.78527
 13606222, -3.620965E-05, 0.0007375129, -0.003216675, 0.07486238, -9.250687E-05, 0.0002738802, -0.001055044, 0.03719873, -0.9999988, -0.001544205, 44.78527
 13806142, 0.0002866502, 0.0006540554, -0.003267542, 0.07485683, 0.0005481223, 0.0002013227, -0.001206357, 0.03718014, -0.9999994, -0.001115811, 44.78107
 14006062, 0.0009291699, 0.0004710963, -0.00325474, 0.07482506, 2.546394E-05, 0.0001844161, -0.001150745, 0.03718014, -0.9999998, -0.0007447338, 44.76286
 14205982, 0.0003315967, 0.0002959724, -0.003409654, 0.07482506, 2.93377E-05, -0.0001078892, -0.00127615, 0.03718014, -0.9999999, -0.0004275663, 44.76286
 14405902, 0.0004143098, 0.0001984321, -0.003377521, 0.07482506, -4.842257E-05, 0.0002059671, -0.001191329, 0.03718014, -1, -0.0001628688, 44.76286
 14605822, -4.227817E-05, 0.0003002168, -0.003419831, 0.07482506, 7.952864E-05, -1.534785E-05, -0.001146852, 0.03718014, -1, 5.78304E-05, 44.76286
 14806575, 0.0002899413, 0.0001966047, -0.003301312, 0.07498562, 0.0002453735, -3.79453E-05, -0.001226106, 0.03735372, -1, 0.0002462931, 44.85975
 15006495, 0.0005315607, 7.423062E-05, -0.003490733, 0.07501738, 0.0002984325, -3.197268E-05, -0.001049418, 0.03719873, -0.9999999, 0.0003989383, 44.87799
 15206415, 0.0003147924, 0.0002240375, -0.003445995, 0.07486238, 0.0001085602, 0.0003893249, -0.001273013, 0.03719873, -0.9999999, 0.0005140578, 44.78527
 15406335, 0.0003454662, 0.000799865, -0.003354484, 0.07486238, 0.000333152, -1.129603E-05, -0.0009245176, 0.03719873, -0.9999999, 0.0005969596, 44.78527
 15606255, 0.0004353459, 0.0004031418, -0.002988982, 0.07486238, 0.0002408119, 0.0001085837, -0.0008051654, 0.03719873, -0.9999998, 0.0006543417, 44.78527
 15806175, 0.0005083147, 0.0005019779, -0.002940749, 0.07485683, 0.0002137036, 0.0001671457, -0.001402499, 0.03718014, -0.9999998, 0.0007012144, 44.78107
 16006095, 0.0004759173, 0.0005343875, -0.003274767, 0.07482506, 0.0001123353, 0.0002637647, -0.001076699, 0.03718014, -0.9999998, 0.0007480357, 44.76286
 16206015, 0.0003844604, 0.0005046764, -0.003657165, 0.07482506, 0.0001212451, 5.81687E-05, -0.001575886, 0.03718014, -0.9999996, 0.0007881203, 44.76286
 16405935, 0.0003692169, 0.0004024758, -0.003746707, 0.07482506, 0.0002670288, 1.451311E-05, -0.001301402, 0.03718014, -0.9999996, 0.0008230261, 44.76286
 16605855, 0.0004012336, 0.0002281388, -0.003484115, 0.07482506, -8.266419E-05, 0.000124061, -0.001250935, 0.03718014, -0.9999996, 0.0008574222, 44.76286
 16805775, 0.0002981247, 0.0007869707, -0.003245867, 0.07482506, 0.0002832909, 0.0004537048, -0.0009446537, 0.03718014, -0.9999996, 0.0008904372, 44.76286
 17006528, 0.000661766, 0.0008448508, -0.003079935, 0.07497998, 0.0005163376, 0.0003682423, -0.001423629, 0.03733505, -0.9999996, 0.0009196326, 44.85553
 17206448, 0.0008105673, 0.0006191023, -0.003518992, 0.07497998, 6.107266E-05, -0.0001027306, -0.0008103084, 0.03718014, -0.9999995, 0.0009557221, 44.85553
 17406368, 0.0006698247, 1.082228E-05, -0.003182785, 0.07482506, 0.0004045739, -6.638961E-05, -0.001400893, 0.03718014, -0.9999995, 0.0009927186, 44.76286
 17606288, 0.0008508277, 0.0002412356, -0.003732138, 0.07482506, 0.0006103707, 0.0002420133, -0.001308211, 0.03718014, -0.9999995, 0.001022595, 44.76286
 17806208, 0.0007191722, 0.000659028, -0.003416051, 0.07483039, 0.000113127, 0.0002914048, -0.001087771, 0.03719873, -0.9999995, 0.00104226, 44.76678
 18006128, 0.0002559896, 0.0005315491, -0.003405297, 0.07486238, 0.0001798129, -0.0001556013, -0.001437612, 0.03719873, -0.9999995, 0.001058619, 44.78527
 18206048, 0.0004556708, 0.0002725318, -0.003480032, 0.07486238, 0.0001474939, 0.0003445467, -0.001194018, 0.03719873, -0.9999994, 0.001061074, 44.78527
 18405968, 0.000676787, 0.0009734423, -0.003347478, 0.07486238, 6.093718E-05, 0.0006086955, -0.000921609, 0.03719873, -0.9999994, 0.001041373, 44.78527
 18605888, 0.0004092778, 0.001406714, -0.002959919, 0.07486238, 0.0001955619, 0.0001901165, -0.00138291, 0.03719873, -0.9999995, 0.001004824, 44.78527
 18805808, 0.000592637, 0.0009181022, -0.003505065, 0.07485706, 0.0003465708, 0.0003181109, -0.001252823, 0.03718014, -0.9999995, 0.0009890317, 44.78135
 19006561, 0.0008966654, 0.0006833512, -0.003241016, 0.07497998, 0.0006665385, 9.056448E-05, -0.001212298, 0.03733505, -0.9999995, 0.00100319, 44.85553
 19206481, 0.001051981, 0.0005073251, -0.003385386, 0.07497998, 6.902718E-05, 0.0005595773, -0.0009688482, 0.03718014, -0.9999995, 0.001020901, 44.85553
 19406401, 0.0003800042, 0.0007295155, -0.003281909, 0.07482506, 0.0001836462, 0.0002933034, -0.001303809, 0.03718014, -0.9999995, 0.001033485, 44.76286
 19606321, 0.0004297791, 0.0006982348, -0.003472204, 0.07482506, -0.0001948605, 0.0006199525, -0.001340219, 0.03718014, -0.9999995, 0.00104072, 44.76286
 19806241, 0.0001825838, 0.0008155527, -0.00376965, 0.07483039, 0.000250736, 0.0002260647, -0.001036544, 0.03719873, -0.9999994, 0.001038912, 44.76678
 20006161, 0.0005870929, 0.0004627644, -0.003198085, 0.07486238, -0.0001312332, 0.0004106775, -0.001340061, 0.03719873, -0.9999994, 0.001039607, 44.78527
 20206081, 0.0003109699, 0.001010516, -0.003443941, 0.07486238, 1.044775E-05, 0.0003886699, -0.0008396711, 0.03719873, -0.9999994, 0.001035422, 44.78527
 20406001, 0.0002349677, 0.0009160521, -0.003066175, 0.07486238, 0.0002608317, 0.0002949278, -0.001157495, 0.03719873, -0.9999994, 0.001022655, 44.78527
 20605921, 0.0005885871, 0.0008888828, -0.003187927, 0.07486238, 0.0001197545, 0.0002241218, -0.001147432, 0.03719873, -0.9999995, 0.001008277, 44.78527
 20805841, 0.0003579086, 0.0006235765, -0.003222814, 0.07485729, -0.0002329477, 0.0003565221, -0.001367497, 0.03718014, -0.9999995, 0.001009512, 44.78163
 21005761, 0.0002116846, 0.0006122376, -0.003482174, 0.07482506, 0.0002591765, -5.231615E-05, -0.001048676, 0.03718014, -0.9999995, 0.001025195, 44.76286
 21206514, 0.0007542126, 0.0001703299, -0.003019683, 0.07497998, 0.0004874153, 0.0003142947, -0.001131755, 0.03733505, -0.9999995, 0.001040516, 44.85553
 21406434, 0.001010424, 0.0009614165, -0.00334037, 0.07497998, 0.0005835526, 0.0002944593, -0.0009297584, 0.03718014, -0.9999994, 0.001034908, 44.85553
 21606354, 0.001091442, 0.0007957509, -0.003055856, 0.07482506, 0.0002730738, 0.0002554067, -0.0009953855, 0.03718014, -0.9999994, 0.0010304, 44.76286
 21806274, 0.0006393003, 0.0008982532, -0.003160861, 0.07482506, 0.0004184576, 0.0001344703, -0.001268048, 0.03718014, -0.9999994, 0.001043195, 44.76286
 22006194, 0.0009081842, 0.0004150372, -0.003289777, 0.07482506, 0.0001188373, 0.0001109267, -0.0009940723, 0.03718014, -0.9999994, 0.001064647, 44.76286
 22206114, 0.0006846373, 0.0006393505, -0.003430422, 0.07482506, 0.0003962348, 0.0002952365, -0.001245226, 0.03718014, -0.9999994, 0.001084498, 44.76286
 22406034, 0.0008464982, 0.0006822122, -0.003395627, 0.07482506, 0.0003985669, 0.0006236103, -0.001374392, 0.03718014, -0.9999993, 0.001234958, 44.76286
 22605954, 0.0008969044, 0.001167585, -0.003616513, 0.07482506, 0.0003107573, 0.0004331303, -0.001035013, 0.03718014, -0.999999, 0.001411826, 44.76286
 22805874, 0.001132769, 0.0009406514, -0.003263367, 0.07483016, 0.0006161331, -2.714239E-05, -0.001226807, 0.03719873, -0.9999987, 0.001578321, 44.7665
 23005794, 0.001259226, 0.0008158198, -0.003750171, 0.07486238, 0.0002972364, 0.0002877461, -0.001267468, 0.03719873, -0.9999985, 0.001740003, 44.78527
 23206547, 0.001231001, 0.001136617, -0.003460628, 0.07501738, 0.0005485328, 0.0004268112, -0.001047561, 0.03735372, -0.9999982, 0.001898324, 44.87799
 23406467, 0.001353205, 0.00118778, -0.003133287, 0.07501738, 0.0004140197, 0.0004026853, -0.001265858, 0.03719873, -0.9999979, 0.002051211, 44.87799
 23606387, 0.001211423, 0.001188901, -0.003424929, 0.07486238, 0.0003739243, 0.0002337309, -0.001211801, 0.03719873, -0.9999975, 0.002200506, 44.78527
 23806307, 0.001348806, 0.001165401, -0.003293114, 0.07485729, 0.0005449325, 0.0005789797, -0.0009987805, 0.03718014, -0.9999971, 0.002344612, 44.78163
 24006227, 0.001749014, 0.001765831, -0.003176726, 0.07482506, 0.0007314585, 0.0006929277, -0.001421693, 0.03718014, -0.9999968, 0.002485682, 44.76286
 24206147, 0.001910331, 0.001621041, -0.003454697, 0.07482506, 0.0006289539, 0.0006976875, -0.001102341, 0.03718014, -0.9999964, 0.002622162, 44.76286
 24406067, 0.001941172, 0.001951155, -0.003325575, 0.07482506, 0.0007505413, 0.0005312011, -0.001112853, 0.03718014, -0.9999961, 0.002755101, 44.76286
 24605987, 0.001890208, 0.001879004, -0.003366481, 0.07482506, 0.0006227909, 0.0006891293, -0.001331979, 0.03718014, -0.9999957, 0.002885166, 44.76286
 24805907, 0.00210806, 0.002114644, -0.003491402, 0.07482993, 0.0009597098, 0.001093612, -0.001195607, 0.03719873, -0.9999954, 0.003010515, 44.76622
 25005827, 0.002311019, 0.002825289, -0.003422586, 0.07486238, 0.000487603, 0.000993839, -0.001085533, 0.03719873, -0.9999949, 0.003132134, 44.78527
 25206580, 0.00229338, 0.002682156, -0.003267018, 0.07501738, 0.0009539665, 0.0008324853, -0.001070267, 0.03735372, -0.9999945, 0.003251898, 44.87799
 25406500, 0.002841891, 0.002416638, -0.003098009, 0.07501738, 0.0009967816, 0.0008925173, -0.001035539, 0.03719873, -0.999994, 0.003367764, 44.87799
 25606420, 0.002726467, 0.002699099, -0.00332254, 0.07486238, 0.000835434, 0.001151515, -0.001359099, 0.03719873, -0.9999937, 0.003480702, 44.78527
 25806340, 0.00245925, 0.003151918, -0.003575478, 0.07485752, 0.0006899321, 0.0009993239, -0.001041915, 0.03718014, -0.9999932, 0.003591821, 44.78191
 26006260, 0.002560616, 0.002759136, -0.003344081, 0.07482506, 0.001023843, 0.001027491, -0.001014755, 0.03718014, -0.9999928, 0.003699531, 44.76286
 26206180, 0.002962223, 0.003011181, -0.003262156, 0.07482506, 0.001356252, 0.001003051, -0.001298562, 0.03718014, -0.9999924, 0.003805691, 44.76286
 26406100, 0.003405347, 0.002933331, -0.003414768, 0.07482506, 0.001079948, 0.001544032, -0.0009293748, 0.03718014, -0.999992, 0.003907113, 44.76286
 26606020, 0.003208686, 0.003593907, -0.003147992, 0.07482506, 0.001023283, 0.001140959, -0.0009425778, 0.03718014, -0.9999915, 0.004005509, 44.76286
 26805940, 0.003301403, 0.003178865, -0.003162282, 0.07482506, 0.00130286, 0.001286117, -0.001116092, 0.03718014, -0.9999911, 0.004102323, 44.76286
 27005860, 0.003648689, 0.00331713, -0.003298784, 0.07482506, 0.001198897, 0.001238129, -0.001256579, 0.03718014, -0.9999907, 0.004195607, 44.76286
 27205780, 0.003316596, 0.003376144, -0.003577089, 0.07482506, 0.0009917096, 0.0007429228, -0.001435205, 0.03718014, -0.9999903, 0.004287201, 44.76286
 27406533, 0.003214094, 0.00303135, -0.003601426, 0.07497998, 0.001364323, 0.001161871, -0.001028894, 0.03733505, -0.9999899, 0.004377496, 44.85553
 27606453, 0.003640375, 0.00365066, -0.003077049, 0.07497998, 0.001508218, 0.001782124, -0.000938761, 0.03718014, -0.9999895, 0.004451531, 44.85553
 27806373, 0.003904354, 0.00426848, -0.003100912, 0.07482993, 0.00114629, 0.001358045, -0.001262257, 0.03719873, -0.9999893, 0.004496306, 44.76622
 28006293, 0.003512416, 0.003790343, -0.003458973, 0.07486238, 0.001262052, 0.001324168, -0.00117287, 0.03719873, -0.999989, 0.004540484, 44.78527
 28206213, 0.003707639, 0.003847867, -0.003293725, 0.07486238, 0.001357333, 0.001214295, -0.001236925, 0.03719873, -0.9999889, 0.004582964, 44.78527
 28406133, 0.003840295, 0.003515485, -0.003650244, 0.07486238, 0.001277993, 0.001269234, -0.001019542, 0.03719873, -0.9999887, 0.004625014, 44.78527
 28606053, 0.004021712, 0.003717058, -0.003300325, 0.07486238, 0.001189507, 0.001488252, -0.001224028, 0.03719873, -0.9999884, 0.004665831, 44.78527
 28805973, 0.003687998, 0.004164292, -0.003452282, 0.07485775, 0.001086251, 0.001371127, -0.001282616, 0.03718014, -0.9999882, 0.00470569, 44.78219
 29005893, 0.003786523, 0.004111934, -0.003503424, 0.07482506, 0.001411496, 0.001433749, -0.0009694012, 0.03718014, -0.9999881, 0.004744266, 44.76286
 29205813, 0.003964526, 0.00417268, -0.003150451, 0.07482506, 0.001269278, 0.001168906, -0.001196673, 0.03718014, -0.9999878, 0.004782503, 44.76286
 29406566, 0.003950536, 0.004090013, -0.003479297, 0.07497998, 0.001767588, 0.001303087, -0.001224681, 0.03733505, -0.9999876, 0.004820935, 44.85553
 29606486, 0.0045065, 0.0039969, -0.003316446, 0.07497998, 0.001398316, 0.001628339, -0.0009627459, 0.03718014, -0.9999874, 0.004858292, 44.85553
 29806406, 0.003996258, 0.004493108, -0.003037596, 0.0748297, 0.001654394, 0.001535408, -0.001073501, 0.03719873, -0.9999872, 0.00489459, 44.76594
 30006326, 0.004405144, 0.004284069, -0.003057385, 0.07486238, 0.001522643, 0.001619855, -0.001329098, 0.03719873, -0.999987, 0.004929656, 44.78527
 30206246, 0.004292539, 0.004338574, -0.003614767, 0.07486238, 0.001552017, 0.001738226, -0.001110432, 0.03719873, -0.9999869, 0.00496432, 44.78527
 30406166, 0.004405674, 0.004692636, -0.003327721, 0.07486238, 0.001587222, 0.001454732, -0.001561946, 0.03719873, -0.9999866, 0.004997834, 44.78527
 30606086, 0.004657156, 0.004487249, -0.00377458, 0.07486238, 0.001776609, 0.001612222, -0.001038642, 0.03719873, -0.9999864, 0.005031646, 44.78527
 30806006, 0.004366802, 0.004472852, -0.003144986, 0.07486238, 0.001357292, 0.001759054, -0.0009893237, 0.03719873, -0.9999863, 0.005063492, 44.78527
 31005926, 0.004125135, 0.004401491, -0.003465316, 0.07486238, 0.001552161, 0.001365494, -0.001412889, 0.03719873, -0.9999861, 0.005094615, 44.78527
 31205846, 0.004551229, 0.004367311, -0.003694602, 0.07486238, 0.001614921, 0.001737587, -0.001119876, 0.03719873, -0.9999859, 0.005124961, 44.78527
 31405766, 0.004684448, 0.0049183, -0.003481862, 0.07486238, 0.00178267, 0.001424719, -0.001554394, 0.03719873, -0.9999857, 0.005154498, 44.78527
 31606519, 0.004996323, 0.004453631, -0.003802263, 0.07501738, 0.001572461, 0.001672673, -0.001385322, 0.03735372, -0.9999855, 0.005183392, 44.87799
 31806439, 0.004783501, 0.004650986, -0.003537686, 0.07501738, 0.001691149, 0.001744577, -0.001229628, 0.03719873, -0.9999853, 0.005212686, 44.87799
 32006359, 0.004707009, 0.004997982, -0.00325503, 0.07486238, 0.001761263, 0.001644485, -0.001062498, 0.03719873, -0.9999852, 0.005241571, 44.78527
 32206279, 0.004830976, 0.004692158, -0.003257508, 0.07486238, 0.001616583, 0.001475616, -0.001583144, 0.03719873, -0.999985, 0.005269127, 44.78527
 32406199, 0.00492879, 0.004643495, -0.003982353, 0.07486238, 0.00160974, 0.0020333, -0.001327686, 0.03719873, -0.9999849, 0.005296528, 44.78527
 32606119, 0.004857377, 0.005394419, -0.003627018, 0.07486238, 0.001931155, 0.001815194, -0.0009198, 0.03719873, -0.9999847, 0.00532218, 44.78527
 32806039, 0.005296141, 0.005007105, -0.003170318, 0.07486238, 0.001929573, 0.001762273, -0.001463481, 0.03719873, -0.9999849, 0.005277782, 44.78527
 33005959, 0.005287717, 0.004958045, -0.003415013, 0.07486238, 0.001845207, 0.001580064, -0.0007972936, 0.03719873, -0.9999851, 0.005234092, 44.78527
 33205879, 0.005063602, 0.00491869, -0.002821246, 0.07486238, 0.00183856, 0.001769082, -0.001183674, 0.03719873, -0.9999853, 0.005191574, 44.78527
 33405799, 0.005054161, 0.005252012, -0.002991384, 0.07486238, 0.001780248, 0.002057219, -0.0008620009, 0.03719873, -0.9999856, 0.005149475, 44.78527
 33606552, 0.004898524, 0.005669317, -0.003262918, 0.07501738, 0.001531935, 0.001628786, -0.001281012, 0.03735372, -0.9999857, 0.005109257, 44.87799
 33806472, 0.00484586, 0.005097017, -0.003678094, 0.07501738, 0.001987397, 0.001829422, -0.001376328, 0.03719873, -0.9999859, 0.005070617, 44.87799
 34006392, 0.005247286, 0.005110423, -0.003532662, 0.07486238, 0.001570316, 0.001686848, -0.001066357, 0.03719873, -0.9999862, 0.00503276, 44.78527
 34206312, 0.004972298, 0.00517715, -0.003228451, 0.07486238, 0.001708328, 0.00192283, -0.00121722, 0.03719873, -0.9999863, 0.004996405, 44.78527
 34406232, 0.004832661, 0.005254977, -0.003476705, 0.07486238, 0.001904949, 0.001848355, -0.00124432, 0.03719873, -0.9999864, 0.004960949, 44.78527
 34606152, 0.00517008, 0.00542637, -0.003433374, 0.07486238, 0.001714216, 0.001936728, -0.001528932, 0.03719873, -0.9999865, 0.004926176, 44.78527
 34806072, 0.004854308, 0.005356348, -0.003541694, 0.07486238, 0.001601722, 0.002066075, -0.001251716, 0.03719873, -0.9999868, 0.004891649, 44.78527
 35005992, 0.004837785, 0.005362304, -0.003682242, 0.07486238, 0.001899134, 0.00177844, -0.00152582, 0.03719873, -0.9999869, 0.004859062, 44.78527
 35205912, 0.005143307, 0.005337016, -0.003974258, 0.07486238, 0.001793918, 0.001845874, -0.00147353, 0.03719873, -0.9999871, 0.004827206, 44.78527
 35405832, 0.005401934, 0.005313269, -0.003599822, 0.07486238, 0.001996068, 0.00177988, -0.0008675359, 0.03719873, -0.9999871, 0.004795741, 44.78527
 35606585, 0.005268024, 0.005383687, -0.002895364, 0.07501738, 0.002149032, 0.002110294, -0.0008353845, 0.03735372, -0.9999874, 0.004765944, 44.87799
 35806505, 0.005452667, 0.005541282, -0.003280144, 0.07501738, 0.001947428, 0.002029216, -0.001229627, 0.03719873, -0.9999874, 0.004737791, 44.87799
 36006425, 0.005305833, 0.005515628, -0.003427805, 0.07486238, 0.001795374, 0.001620748, -0.001197804, 0.03719873, -0.9999875, 0.004710636, 44.78527
 36206345, 0.005057014, 0.005178645, -0.003274597, 0.07486238, 0.001649406, 0.001831581, -0.001173537, 0.03719873, -0.9999876, 0.004684031, 44.78527
 36406265, 0.005096412, 0.005419862, -0.003473196, 0.07486238, 0.002058672, 0.001959972, -0.001048181, 0.03719873, -0.9999877, 0.004657799, 44.78527
 36606185, 0.005696879, 0.005405219, -0.003152101, 0.07486238, 0.001935288, 0.002016523, -0.001179061, 0.03719873, -0.9999878, 0.004632664, 44.78527
 36806105, 0.005333437, 0.00552619, -0.003304282, 0.07486238, 0.002178532, 0.00190533, -0.001069582, 0.03719873, -0.999988, 0.004607932, 44.78527
 37006025, 0.00569819, 0.005540949, -0.003323754, 0.07486238, 0.001772767, 0.001970181, -0.001354918, 0.03719873, -0.9999881, 0.004584771, 44.78527
 37205945, 0.005093893, 0.005705282, -0.003584607, 0.07486238, 0.001518371, 0.002274352, -0.0009132509, 0.03719873, -0.9999881, 0.004561496, 44.78527
 37405865, 0.005240791, 0.005760776, -0.003228501, 0.07486238, 0.001828805, 0.001928985, -0.001259458, 0.03719873, -0.9999882, 0.004539152, 44.78527
 37605785, 0.005562043, 0.005559888, -0.003579826, 0.07486238, 0.002013711, 0.001949697, -0.001526637, 0.03719873, -0.9999883, 0.004515577, 44.78527
 37806538, 0.005616437, 0.005729297, -0.003682818, 0.07501738, 0.002007999, 0.001831186, -0.0009965942, 0.03735372, -0.9999887, 0.00443883, 44.87799
 38006458, 0.005520661, 0.005558122, -0.002971388, 0.07501738, 0.001956905, 0.001733344, -0.0007776546, 0.03719873, -0.999989, 0.00434561, 44.87799
 38206378, 0.005622642, 0.005310741, -0.003272062, 0.07486238, 0.001810777, 0.001378837, -0.001768134, 0.03719873, -0.9999895, 0.004255718, 44.78527
 38406298, 0.005270561, 0.005021372, -0.00393424, 0.07486238, 0.00187301, 0.001909674, -0.001337976, 0.03719873, -0.9999899, 0.004167347, 44.78527
 38606218, 0.005481398, 0.005526864, -0.003477343, 0.07486238, 0.002138376, 0.002218993, -0.001072882, 0.03719873, -0.9999902, 0.004080882, 44.78527
 38806138, 0.005636603, 0.005946212, -0.003213355, 0.07486238, 0.002067724, 0.001993507, -0.0007001436, 0.03719873, -0.9999905, 0.003997107, 44.78527
 39006058, 0.005815659, 0.005634934, -0.002780077, 0.07486238, 0.00223711, 0.001861284, -0.001303966, 0.03719873, -0.9999908, 0.003915749, 44.78527
 39205978, 0.005972599, 0.005563149, -0.003538229, 0.07486238, 0.00203471, 0.001872212, -0.001346496, 0.03719873, -0.9999912, 0.003837194, 44.78527
 39405898, 0.005686328, 0.005395003, -0.003611893, 0.07486238, 0.00207556, 0.001976935, -0.001019615, 0.03719873, -0.9999914, 0.003760478, 44.78527
 39605818, 0.005651971, 0.005386281, -0.003110904, 0.07486238, 0.001846835, 0.001666485, -0.001047134, 0.03719873, -0.9999917, 0.003685656, 44.78527
 39806571, 0.005431452, 0.005392849, -0.003215806, 0.07501738, 0.001904547, 0.002078255, -0.00115471, 0.03735372, -0.9999919, 0.003612033, 44.87799
 40006491, 0.00551331, 0.005985688, -0.003223596, 0.07501738, 0.001723151, 0.002245537, -0.001124503, 0.03719873, -0.9999923, 0.003540692, 44.87799
 40206411, 0.005250174, 0.005651474, -0.00319706, 0.07486238, 0.001974113, 0.001801478, -0.0008889289, 0.03719873, -0.9999925, 0.003471629, 44.78527
 40406331, 0.005396611, 0.005445369, -0.003117501, 0.07486238, 0.001907827, 0.00223014, -0.000881318, 0.03719873, -0.9999926, 0.003404831, 44.78527
 40606251, 0.005390641, 0.006047096, -0.003030287, 0.07486238, 0.001947546, 0.002181546, -0.00123199, 0.03719873, -0.9999928, 0.003340154, 44.78527
 40806171, 0.005438085, 0.006010172, -0.003447507, 0.07486238, 0.001631526, 0.002381988, -0.001136512, 0.03719873, -0.9999931, 0.003276701, 44.78527
 41006091, 0.005167216, 0.006238367, -0.003152705, 0.07486238, 0.001906655, 0.002157094, -0.001145461, 0.03719873, -0.9999932, 0.003214435, 44.78527
 41206011, 0.005524925, 0.006013099, -0.003123923, 0.07486238, 0.001872718, 0.001948104, -0.001250146, 0.03719873, -0.9999934, 0.003154818, 44.78527
 41405931, 0.0056383, 0.005619785, -0.003518243, 0.07486238, 0.002036934, 0.001929943, -0.001173674, 0.03719873, -0.9999936, 0.00309538, 44.78527
 41605851, 0.005722166, 0.005876226, -0.003323246, 0.07486238, 0.002246165, 0.002407731, -0.001001313, 0.03719873, -0.9999938, 0.00303768, 44.78527
 41805771, 0.005926963, 0.006392526, -0.003354917, 0.07486238, 0.002173533, 0.002073298, -0.00121433, 0.03719873, -0.9999939, 0.002981717, 44.78527
 42006524, 0.0057629, 0.005853411, -0.00323033, 0.07501738, 0.00218752, 0.002166697, -0.001148803, 0.03735372, -0.999994, 0.002926397, 44.87799
 42206444, 0.006016833, 0.006256111, -0.003085725, 0.07501738, 0.00210631, 0.002019377, -0.001034926, 0.03719873, -0.9999942, 0.002873522, 44.87799
 42406364, 0.005750871, 0.005839155, -0.003204047, 0.07486238, 0.00167255, 0.002048676, -0.001323365, 0.03719873, -0.9999944, 0.002822175, 44.78527
 42606284, 0.005444201, 0.005851952, -0.003455979, 0.07486238, 0.00199154, 0.002081226, -0.001257582, 0.03719873, -0.9999945, 0.002772345, 44.78527
 42806204, 0.005607589, 0.005938114, -0.00347273, 0.07486238, 0.001482436, 0.002194893, -0.001126849, 0.03719873, -0.9999946, 0.002694574, 44.78527
 43006124, 0.004973023, 0.006307377, -0.003440469, 0.07486238, 0.001845041, 0.002555975, -0.001047265, 0.03719873, -0.999995, 0.002582505, 44.78527
 43206044, 0.005547905, 0.00640273, -0.003328218, 0.07486238, 0.001821572, 0.002183409, -0.001110898, 0.03719873, -0.9999952, 0.002474257, 44.78527
 43405964, 0.005545198, 0.006122841, -0.003337828, 0.07486238, 0.00175588, 0.002307557, -0.001142767, 0.03719873, -0.9999956, 0.002369611, 44.78527
 43605884, 0.005435176, 0.0062946, -0.003150749, 0.07486238, 0.001607315, 0.002123654, -0.0009926008, 0.03719873, -0.9999958, 0.002267695, 44.78527
 43805804, 0.005146624, 0.00583781, -0.00305634, 0.07486238, 0.002014445, 0.002020815, -0.001187849, 0.03719873, -0.9999961, 0.002169044, 44.78527
 44006557, 0.005556054, 0.006057549, -0.003309756, 0.07501738, 0.002091679, 0.001986479, -0.001229051, 0.03735372, -0.9999962, 0.00207266, 44.87799
 44206477, 0.005797395, 0.005847746, -0.003437595, 0.07501738, 0.002134552, 0.002103863, -0.0009686968, 0.03719873, -0.9999964, 0.001979789, 44.87799
 44406397, 0.005929573, 0.005650812, -0.003047789, 0.07486238, 0.002301839, 0.001809957, -0.0007556157, 0.03719873, -0.9999967, 0.001890212, 44.78527
 44606317, 0.005930385, 0.005377252, -0.003018196, 0.07486238, 0.00219803, 0.002199237, -0.001527139, 0.03719873, -0.9999968, 0.001802349, 44.78527
 44806237, 0.005743217, 0.005689368, -0.003570104, 0.07486238, 0.001822015, 0.001918135, -0.001142897, 0.03719873, -0.9999969, 0.001717259, 44.78527
 45006157, 0.005204123, 0.005618559, -0.003314437, 0.07486238, 0.001680572, 0.002136318, -0.001309586, 0.03719873, -0.999997, 0.001634435, 44.78527
 45206077, 0.005299447, 0.005718119, -0.003253928, 0.07486238, 0.002149877, 0.00209766, -0.000806649, 0.03719873, -0.9999973, 0.00155381, 44.78527
 45405997, 0.005894709, 0.005870847, -0.00301606, 0.07486238, 0.001997611, 0.002044513, -0.001050881, 0.03719873, -0.9999974, 0.001475378, 44.78527
 45605917, 0.005275979, 0.005934557, -0.003146166, 0.07486238, 0.001740211, 0.002222315, -0.001525148, 0.03719873, -0.9999974, 0.001399156, 44.78527
 45805837, 0.00538902, 0.005884876, -0.003694011, 0.07486238, 0.002226473, 0.001898546, -0.001206984, 0.03719873, -0.9999975, 0.00132432, 44.78527
 46006590, 0.005936929, 0.005630109, -0.003412959, 0.07501738, 0.002001224, 0.002190081, -0.001220971, 0.03735372, -0.9999976, 0.001251193, 44.87799
 46206510, 0.005657025, 0.006068585, -0.003466414, 0.07501738, 0.001877964, 0.001813635, -0.001252001, 0.03719873, -0.9999976, 0.001181008, 44.87799
 46406430, 0.005479118, 0.005543123, -0.03588873, 0.07486238, 0.001949758, 0.002166044, -0.07848866, 0.03719873, -0.9999977, 0.001112866, 44.78527
 46606350, 0.007070521, 0.007210091, -0.730864, 0.07486238, 0.002253238, 0.002363161, -0.2003355, 0.03719873, -0.9999979, 0.001046001, 44.78527
 46806270, 0.006496969, 0.006083066, -1.158146, 0.07486238, 0.00199362, 0.001485377, -0.9180698, 0.03719873, -0.9999995, 0.0009497282, 44.78527
 47006190, 0.002631482, 0.001453401, -2.401124, 0.07486238, -0.0006883127, -0.0007639343, -0.6314586, 0.03719873, -0.9999993, 0.000818888, 44.78527
 47206110, -0.003443954, -0.003503678, -1.447984, 0.07486238, -0.001724468, -0.001944523, -0.373285, 0.03719873, -0.999999, 0.0006837811, 44.78527
 47406030, -0.004261191, -0.0046311, -1.049105, 0.07486238, -0.001312571, -0.001318985, -0.3699152, 0.03719873, -0.999999, 0.0005579213, 44.78527
 47605950, -0.002880921, -0.003940802, -1.021685, 0.07486238, -0.0006434647, -0.001408103, -0.3355703, 0.03719873, -0.9999991, 0.0004247261, 44.78527
 47805870, -0.001507143, -0.002912654, -0.8867861, 0.07486238, -0.000265077, -0.0004229636, -0.2757953, 0.03719873, -0.9999996, 0.0002666289, 44.78527
 48005790, 4.070251E-05, -0.0004138629, -0.7307798, 0.07486238, 0.0004161276, -1.468498E-06, -0.2295036, 0.03719873, -0.9999999, 7.616921E-05, 44.78527
 48206543, 0.001929932, 0.001426704, -0.6134523, 0.07501738, 0.0007548695, 0.001224362, -0.1940299, 0.03735372, -1, 0.0001094363, 44.87799
 48406463, 0.00223684, 0.003529467, -0.5113268, 0.07501738, 0.0009044973, 0.001073462, -0.1588017, 0.03719873, -0.9999998, 0.0006391882, 44.87799
 48606383, 0.003052679, 0.004090667, -0.4195714, 0.07486238, 0.001476214, 0.001650606, -0.1316073, 0.03719873, -0.9999993, 0.001172715, 44.78527
 48806303, 0.003488646, 0.004421735, 0.2459206, 0.07486238, 0.0008666776, 0.00151634, 0.389897, 0.03719873, -0.9999994, 0.001072432, 44.78527
 49006223, 0.002890815, 0.0040628, 1.03221, 0.07486238, 0.001094231, 0.001552104, 0.3242569, 0.03719873, -1, 0.0001083326, 44.78527
 49206143, 0.002811369, 0.004304286, 0.8670635, 0.07486238, 0.000774599, 0.001376575, 0.2767784, 0.03719873, -0.9999993, -0.001178849, 44.78527
 49406063, 0.00264875, 0.004438166, 0.7428553, 0.07486238, 0.001176324, 0.001476137, 0.2379825, 0.03719873, -0.999998, -0.001987664, 44.78527
 49605983, 0.003309196, 0.005043233, 0.6406458, 0.07486238, 0.0009027252, 0.002328896, 0.2061795, 0.03719873, -0.9999968, -0.002450754, 44.78527
 49805903, 0.002741615, 0.006068713, 0.5560244, 0.07486238, 0.0006722474, 0.001774281, 0.179501, 0.03719873, -0.9999956, -0.002891457, 44.78527
 50005823, 0.002290915, 0.005678838, 0.4851015, 0.07486238, 0.001067304, 0.00204855, 0.1572115, 0.03719873, -0.9999945, -0.003306746, 44.78527
 50206576, 0.00332406, 0.005215558, 1.012526, 0.07501738, 0.002204461, 0.002288816, 0.6085289, 0.03735372, -0.9999916, -0.00353563, 44.87799
 50406496, 0.01536176, 0.01103637, 1.512532, 0.07501738, 0.01229974, 0.007676576, 0.4181548, 0.03719873, -0.9999475, -0.003361536, 44.87799
 50606416, 0.05684126, 0.03152379, 1.037101, 0.07486238, 0.03332291, 0.01686675, 0.2888735, 0.03719873, -0.9997789, -0.002963289, 44.78527
 50806336, 0.1197348, 0.05963859, 0.7297894, 0.07486238, 0.0562053, 0.0274869, 0.2114332, 0.03719873, -0.9994994, -0.002517119, 44.78527
 51006256, 0.1830914, 0.0879361, 0.5452019, 0.07486238, 0.07718873, 0.03639701, 0.161794, 0.03719873, -0.9991559, -0.002130059, 44.78527
 51206176, 0.2411971, 0.1123208, 0.4058764, 0.07486238, 0.09662338, 0.04437204, 0.1132057, 0.03719873, -0.998786, -0.001820843, 44.78527
 51406096, 0.2939425, 0.1345297, 0.2700506, 0.07486238, 0.1139407, 0.05190133, 0.06730235, 0.03719873, -0.9984311, 0.006415781, 44.78527
 51606016, 0.3406214, 0.1541437, 0.1465534, 0.07486238, 0.1289537, 0.05763587, 0.02756095, 0.03719873, -0.9944695, 0.09269868, 44.78527
 51805936, 0.3789293, 0.1689302, 0.04359922, 0.07486238, 0.1402385, 0.06212247, -0.003064809, 0.03719873, -0.954971, 0.2960929, 44.78527
 52005856, 0.408315, 0.1777163, -0.03599771, 0.07486238, 0.149068, 0.06297892, -0.02707826, 0.03719873, -0.8324006, 0.553175, 44.78527
 52205776, 0.4303791, 0.179728, -0.09793092, 0.07486238, 0.155104, 0.06393915, -0.04537544, 0.03719873, -0.6202934, 0.7787622, 44.78527
 52406529, 0.4476992, 0.1844705, -0.1452175, 0.07501738, 0.1603453, 0.06668328, -0.05953939, 0.03735372, -0.3679258, 0.9180027, 44.87799
 52606449, 0.4594832, 0.192866, -0.1814175, 0.07501738, 0.1647914, 0.06967742, -0.07073522, 0.03719873, -0.1386027, 0.971472, 44.87799
 52806369, 0.4702188, 0.1988108, -0.2092629, 0.07486238, 0.1652128, 0.06936201, -0.07767922, 0.03719873, 0.04847999, 0.9735398, 44.78527
 53006289, 0.4587383, 0.1902036, -0.2250979, 0.07486238, 0.1539642, 0.0622744, -0.08064747, 0.03719873, 0.2087747, 0.9485736, 44.78527
 53206209, 0.4152817, 0.1641205, -0.2261218, 0.07486238, 0.1321723, 0.04937687, -0.07689395, 0.03719873, 0.3622838, 0.9012731, 44.78527
 53406129, 0.3471286, 0.1231199, -0.2107473, 0.07486238, 0.1064861, 0.03387768, -0.06938167, 0.03719873, 0.4807958, 0.8467574, 44.78527
 53606049, 0.2768889, 0.08319365, -0.1882626, 0.07486238, 0.08330187, 0.02271412, -0.06099336, 0.03719873, 0.5243087, 0.8225242, 44.78527
 53805969, 0.2119284, 0.0567208, -0.1642735, 0.07486238, 0.06079021, 0.01635464, -0.05306233, 0.03719873, 0.4991257, 0.8387253, 44.78527
 54005889, 0.1480649, 0.04349777, -0.1417755, 0.07486238, 0.03816025, 0.01421602, -0.04518393, 0.03719873, 0.4330433, 0.875088, 44.78527
 54205809, 0.08719256, 0.03960459, -0.1201224, 0.07486238, 0.01923079, 0.01310166, -0.03812553, 0.03719873, 0.3616593, 0.9074823, 44.78527
 54406562, 0.03587365, 0.03305298, -0.1007461, 0.07501738, 0.002106821, 0.007480212, -0.0315998, 0.03735372, 0.3175228, 0.925046, 44.87799
 54606482, -0.01111318, 0.003768056, -0.08182769, 0.07501738, -0.01252853, -0.007937031, -0.02391948, 0.03719873, 0.3138528, 0.9275805, 44.87799
 54806402, -0.05072994, -0.03773845, -0.06128908, 0.07486238, -0.02649962, -0.02157096, -0.01765731, 0.03719873, 0.3407405, 0.9191846, 44.78527
 55006322, -0.08867943, -0.07166468, -0.04305352, 0.07486238, -0.039178, -0.03183523, -0.01132935, 0.03719873, 0.3777962, 0.9059854, 44.78527
 55206242, -0.1268966, -0.1058773, -0.02583831, 0.07486238, -0.05323803, -0.04528168, -0.00499157, 0.03719873, 0.4064352, 0.895536, 44.78527
 55406162, -0.1649478, -0.1351657, -0.03046483, 0.07486238, -0.05910527, -0.04848106, -0.08408593, 0.03719873, 0.4172791, 0.8924502, 44.78527
 55606082, -0.1971373, -0.1433113, -0.1257106, 0.07486238, -0.08185608, -0.05194071, 0.0002490835, 0.03719873, 0.4107693, 0.8970549, 44.78527
 55806002, -0.2331465, -0.1430176, 0.02369533, 0.07486238, -0.08022797, -0.04687722, 0.01809265, 0.03719873, 0.3943503, 0.9033267, 44.78527
 56005922, -0.2179909, -0.1289045, 0.05910546, 0.07486238, -0.07167963, -0.04373113, 0.02402626, 0.03719873, 0.3791948, 0.9082536, 44.78527
 56205842, -0.1963522, -0.1261056, 0.07111779, 0.07486238, -0.06488674, -0.0469657, 0.02626605, 0.03719873, 0.3716199, 0.9104201, 44.78527
 56405762, -0.1786341, -0.1439305, 0.07561855, 0.07486238, -0.05955359, -0.05657564, 0.02742986, 0.03719873, 0.371221, 0.9100494, 44.78527
 56606515, -0.1636818, -0.1690679, 0.07914637, 0.07501738, -0.05492445, -0.06363241, 0.02903847, 0.03735372, 0.3730388, 0.9087626, 44.87799
 56806435, -0.1495838, -0.1848257, 0.08399286, 0.07501738, -0.04975633, -0.06766954, 0.03054268, 0.03719873, 0.3714681, 0.9088241, 44.87799
 57006355, -0.13822, -0.1984093, 0.0896355, 0.07486238, -0.04657252, -0.07296294, 0.03315952, 0.03719873, 0.3633322, 0.9115576, 44.78527
 57206275, -0.1271346, -0.2107606, 0.09915866, 0.07486238, -0.04194467, -0.07544494, 0.03761232, 0.03719873, 0.3483231, 0.9163787, 44.78527
 57406195, -0.1136531, -0.217418, 0.1113812, 0.07486238, -0.03701398, -0.07942229, 0.04188198, 0.03719873, 0.3284688, 0.9225584, 44.78527
 57606115, -0.09948714, -0.2348856, 0.1245041, 0.07486238, -0.03180703, -0.0877818, 0.04607486, 0.03719873, 0.3068497, 0.9289513, 44.78527
 57806035, -0.08585901, -0.2568869, 0.1381128, 0.07486238, -0.02784071, -0.09390456, 0.05251085, 0.03719873, 0.2848655, 0.9346118, 44.78527
 58005955, -0.07279512, -0.2726172, 0.1546099, 0.07486238, -0.02268152, -0.1000108, 0.05786392, 0.03719873, 0.2623587, 0.9397668, 44.78527
 58205875, -0.06168961, -0.2957055, 0.1702512, 0.07486238, -0.01979218, -0.1101512, 0.06340508, 0.03719873, 0.2386804, 0.9447762, 44.78527
 58405795, -0.04845168, -0.3175147, 0.1837634, 0.07486238, -0.01211582, -0.1129947, 0.06612448, 0.03719873, 0.2127417, 0.9480804, 44.78527
 58606548, -0.02562656, -0.3179803, 0.1879991, 0.07501738, -0.005037146, -0.1093251, 0.06529248, 0.03735372, 0.1831691, 0.9511175, 44.87799
 58806468, -0.002334342, -0.3001, 0.1809506, 0.07501738, 0.007931927, -0.09914248, 0.06105507, 0.03719873, 0.1517026, 0.9510176, 44.87799
 59006388, 0.04549127, -0.2659575, 0.1650251, 0.07486238, 0.02841678, -0.08472437, 0.05366912, 0.03719873, 0.1205602, 0.9476032, 44.78527
 59206308, 0.1045082, -0.224223, 0.1422993, 0.07486238, 0.04949889, -0.06953204, 0.04436613, 0.03719873, 0.09204546, 0.9419966, 44.78527
 59406228, 0.1608591, -0.1815773, 0.1175683, 0.07486238, 0.06756265, -0.05474614, 0.03586375, 0.03719873, 0.06761276, 0.9350223, 44.78527
 59606148, 0.2101241, -0.1396317, 0.09439301, 0.07486238, 0.08395224, -0.04024901, 0.02894396, 0.03719873, 0.04752059, 0.9267582, 44.78527
 59806068, 0.2565527, -0.1002518, 0.07330237, 0.07486238, 0.1005309, -0.02887863, 0.0210212, 0.03719873, 0.0311387, 0.9172439, 44.78527
 60005988, 0.295432, -0.07575662, 0.05090648, 0.07486238, 0.1073999, -0.02292652, 0.01290691, 0.03719873, 0.01823063, 0.9097642, 44.78527
 60205908, 0.2987522, -0.05788212, 0.02843223, 0.07486238, 0.1002884, -0.01591327, 0.005695976, 0.03719873, 0.008526477, 0.906053, 44.78527
 60405828, 0.2762361, -0.03502012, 0.0119038, 0.07486238, 0.09268603, -0.006799768, 0.00122518, 0.03719873, 0.001274526, 0.9021716, 44.78527
 60606581, 0.2536432, -0.006695572, -0.001957207, 0.07501738, 0.084078, 0.004777728, -0.003654251, 0.03735372, -0.0045739, 0.8987514, 44.87799
 60806501, 0.2222462, 0.02739379, -0.01660519, 0.07501738, 0.0681601, 0.01781169, -0.008935535, 0.03719873, -0.009712073, 0.8979968, 44.87799
 61006421, 0.1714944, 0.0648469, -0.02961073, 0.07486238, 0.04795754, 0.02967788, -0.01161875, 0.03719873, -0.01433525, 0.8986256, 44.78527
 61206341, 0.1154818, 0.0938627, -0.03473967, 0.07486238, 0.02925231, 0.03722068, -0.01260157, 0.03719873, -0.01782905, 0.8992578, 44.78527
 61406261, 0.06302223, 0.1075596, -0.03396847, 0.07486238, 0.01170562, 0.03865487, -0.01121013, 0.03719873, -0.01982668, 0.8998292, 44.78527
 61606181, 0.01633928, 0.1102091, -0.02982529, 0.07486238, -0.003247278, 0.03929403, -0.00941935, 0.03719873, -0.02101111, 0.9001138, 44.78527
 61806101, -0.02364194, 0.1107187, -0.02407755, 0.07486238, -0.01635007, 0.03849057, -0.007425483, 0.03719873, -0.02159124, 0.900201, 44.78527
 62006021, -0.06090066, 0.1076137, -0.01927459, 0.07486238, -0.03107977, 0.03728601, -0.00527236, 0.03719873, -0.02208184, 0.9017906, 44.78527
 62205941, -0.1067768, 0.1039747, -0.01396735, 0.07486238, -0.04872879, 0.03560473, -0.004260458, 0.03719873, -0.02291697, 0.9046618, 44.78527
 62405861, -0.1566298, 0.1006975, -0.00861524, 0.07486238, -0.06414874, 0.03482196, -0.001247593, 0.03719873, -0.02418687, 0.9074692, 44.78527
 62605781, -0.1906783, 0.09850976, -0.000858467, 0.07486238, -0.06957581, 0.03424901, 0.0008627896, 0.03719873, -0.02584601, 0.9072261, 44.78527
 62806534, -0.193801, 0.09699897, 0.003723207, 0.07501738, -0.06648546, 0.03372064, 0.001371543, 0.03735372, -0.0273491, 0.9052284, 44.87799
 63006454, -0.184458, 0.09462343, 0.004027878, 0.07501738, -0.06323832, 0.03284058, 0.0009044056, 0.03719873, -0.02871571, 0.9038365, 44.87799
 63206374, -0.181137, 0.09217133, 0.002609587, 0.07486238, -0.06393965, 0.03168199, 0.001433316, 0.03719873, -0.02984931, 0.9030073, 44.78527
 63406294, -0.1791509, 0.08929288, 0.003096892, 0.07486238, -0.06199865, 0.03069669, 0.0003093483, 0.03719873, -0.03051963, 0.9018755, 44.78527
 63606214, -0.1765638, 0.08688679, 0.002305698, 0.07486238, -0.06241153, 0.03041038, 0.0006824564, 0.03719873, -0.03135581, 0.9013006, 44.78527
 63806134, -0.1779821, 0.08555348, 0.001892019, 0.07486238, -0.06334844, 0.02959466, 0.0007017594, 0.03719873, -0.03227706, 0.9011244, 44.78527
 64006054, -0.1795491, 0.0837658, 0.003760685, 0.07486238, -0.0626074, 0.02931483, 0.001695193, 0.03719873, -0.03299866, 0.9003691, 44.78527
 64205974, -0.1774018, 0.08220358, 0.003826909, 0.07486238, -0.06241005, 0.02840293, 0.001295372, 0.03719873, -0.03348795, 0.9001104, 44.78527
 64405894, -0.1791583, 0.079972, 0.003722386, 0.07486238, -0.06403705, 0.02738152, 0.001710167, 0.03719873, -0.0337959, 0.9004335, 44.78527
 64605814, -0.1805799, 0.07635676, 0.004781543, 0.07486238, -0.06214271, 0.02592887, 0.001787454, 0.03719873, -0.03395464, 0.8997478, 44.78527
 64806567, -0.1735744, 0.07380848, 0.005025089, 0.07501738, -0.05931012, 0.02556963, 0.001512192, 0.03735372, -0.03415643, 0.8990056, 44.87799
 65006487, -0.1669914, 0.07227847, 0.004108432, 0.07501738, -0.05753848, 0.02502648, 0.00117515, 0.03719873, -0.03449574, 0.8983747, 44.87799
 65206407, -0.1611659, 0.07039137, 0.0032526, 0.07486238, -0.05579836, 0.02464424, 0.0008718148, 0.03719873, -0.03519099, 0.89799, 44.78527
 65406327, -0.1551, 0.06911734, 0.002006606, 0.07486238, -0.05248768, 0.02386471, 0.0008196401, 0.03719873, -0.03572417, 0.8968805, 44.78527
 65606247, -0.1438663, 0.06681859, 0.002622951, 0.07486238, -0.04792587, 0.02320178, 0.001051468, 0.03719873, -0.03584278, 0.8955228, 44.78527
 65806167, -0.1320176, 0.06556381, 0.002795717, 0.07486238, -0.0445207, 0.0231138, 0.0009590531, 0.03719873, -0.03588003, 0.8945221, 44.78527
 66006087, -0.1234819, 0.06479274, 0.001690901, 0.07486238, -0.04168691, 0.02260198, 0.0002446983, 0.03719873, -0.03595735, 0.893592, 44.78527
 66206007, -0.1169507, 0.06341277, 0.0003624586, 0.07486238, -0.04043064, 0.02192519, 5.906841E-05, 0.03719873, -0.03611875, 0.8932071, 44.78527
 66405927, -0.1138591, 0.06180871, -0.0004810078, 0.07486238, -0.03969868, 0.02172949, -0.0007437031, 0.03719873, -0.03626877, 0.8930766, 44.78527
 66605847, -0.1106983, 0.06060495, -0.0007777011, 0.07486238, -0.03742081, 0.02066956, 0.00016027, 0.03719873, -0.03614778, 0.8921628, 44.78527
 66805767, -0.1028851, 0.05792239, 0.0002529443, 0.07486238, -0.0339026, 0.02002204, -6.978701E-05, 0.03719873, -0.03587088, 0.89087, 44.78527
 67006520, -0.09153673, 0.05600888, 0.0006558967, 0.07501738, -0.02921648, 0.01950999, 0.0009800398, 0.03735372, -0.03577946, 0.8892805, 44.87799
 67206440, -0.07741903, 0.05421878, 0.0003336357, 0.07501738, -0.02514728, 0.01861444, -0.0005636892, 0.03719873, -0.03605332, 0.8878981, 44.87799
 67406360, -0.07012755, 0.05292741, -0.001981363, 0.07486238, -0.02338407, 0.01833668, -0.0005981114, 0.03719873, -0.03626181, 0.8870668, 44.78527
 67606280, -0.06499194, 0.05178303, -0.0008866183, 0.07486238, -0.02194281, 0.01798972, 0.0002300844, 0.03719873, -0.03640771, 0.8860632, 44.78527
 67806200, -0.06026377, 0.05066732, -0.000726308, 0.07486238, -0.02023685, 0.01750553, -0.0006620333, 0.03719873, -0.03651416, 0.8854707, 44.78527
 68006120, -0.05826728, 0.04934975, -0.002258688, 0.07486238, -0.02086015, 0.01714, -0.0005291228, 0.03719873, -0.03651116, 0.8851032, 44.78527
 68206040, -0.05812943, 0.04769915, -0.001926287, 0.07486238, -0.02031509, 0.01679563, -0.0006627267, 0.03719873, -0.03644261, 0.8846613, 44.78527
 68405960, -0.05675238, 0.04654891, -0.001909008, 0.07486238, -0.01954717, 0.01604246, -0.0008121888, 0.03719873, -0.03626628, 0.8842482, 44.78527
 68605880, -0.0573043, 0.04474609, -0.00262742, 0.07486238, -0.02050013, 0.0154639, -0.0008559498, 0.03719873, -0.03617445, 0.8844143, 44.78527
 68805800, -0.05713857, 0.04347901, -0.00215039, 0.07486238, -0.01932531, 0.0153463, -0.0002216179, 0.03719873, -0.0360511, 0.8837413, 44.78527
 69006553, -0.05400641, 0.04278576, -0.001153299, 0.07501738, -0.01873465, 0.01479956, -0.0006605858, 0.03735372, -0.03592053, 0.8833938, 44.87799
 69206473, -0.05232716, 0.04175373, -0.002075032, 0.07501738, -0.01774884, 0.01477649, -0.000701931, 0.03719873, -0.03584576, 0.8829079, 44.87799
 69406393, -0.05112278, 0.041784, -0.001975101, 0.07486238, -0.01849951, 0.01460974, -0.0004304832, 0.03719873, -0.03577973, 0.8830171, 44.78527
 69606313, -0.05119895, 0.04058739, -0.001319531, 0.07486238, -0.01690028, 0.01399771, -0.001206074, 0.03719873, -0.03597681, 0.8825237, 44.78527
 69806233, -0.04766935, 0.03953579, -0.002431524, 0.07486238, -0.01673808, 0.01373512, -0.0005659747, 0.03719873, -0.0359937, 0.8822908, 44.78527
 70006153, -0.04709891, 0.03838013, -0.002027059, 0.07486238, -0.0163679, 0.01309453, -0.0009700577, 0.03719873, -0.03599704, 0.8822383, 44.78527
 70206073, -0.04564127, 0.03658279, -0.002453158, 0.07486238, -0.01472585, 0.01254759, -0.0005747129, 0.03719873, -0.03602742, 0.8814852, 44.78527
 70405993, -0.03997353, 0.03467547, -0.002418203, 0.07486238, -0.01312511, 0.01163294, -0.001790084, 0.03719873, -0.03597098, 0.8810525, 44.78527
 70605913, -0.03802056, 0.03240616, -0.003588559, 0.07486238, -0.01414977, 0.01081338, -0.001069443, 0.03719873, -0.03571761, 0.8812152, 44.78527
 70805833, -0.03909951, 0.0300696, -0.002434204, 0.07486238, -0.01316843, 0.01013365, -0.0002398878, 0.03719873, -0.03549431, 0.8808106, 44.78527
 71006586, -0.03594653, 0.02797758, -0.001705037, 0.07501738, -0.01212294, 0.009684434, -0.0004201185, 0.03735372, -0.03539326, 0.8804079, 44.87799
 71206506, -0.03431727, 0.02666698, -0.001795552, 0.07501738, -0.01183744, 0.009056009, -0.0003339504, 0.03719873, -0.03534922, 0.8803952, 44.87799
 71406426, -0.03265348, 0.02527685, -0.001565099, 0.07486238, -0.01139984, 0.008557108, -0.0005205349, 0.03719873, -0.03542666, 0.8804154, 44.78527
 71606346, -0.03253654, 0.02398224, -0.002774999, 0.07486238, -0.01136894, 0.008085897, -0.001223702, 0.03719873, -0.03568083, 0.8802684, 44.78527
 71806266, -0.03095596, 0.02236024, -0.003269945, 0.07486238, -0.01013235, 0.007509696, -0.0007735757, 0.03719873, -0.03587367, 0.8799155, 44.78527
 72006186, -0.02688661, 0.0132034, -0.001882194, 0.07486238, -0.008608866, -0.008375836, -0.0008133078, 0.03719873, -0.03529636, 0.8792369, 44.78527
 72206106, -0.02025422, -0.08482963, -0.001698243, 0.07486238, -0.001137269, -0.06342348, 0.001114577, 0.03719873, -0.02820003, 0.8754237, 44.78527
 72406026, 0.01263416, -0.219431, -0.001843402, 0.07486238, 0.01198241, -0.08974133, -0.003188102, 0.03719873, -0.01356877, 0.8717845, 44.78527
 72605946, 0.04290539, -0.233319, -0.01011042, 0.07486238, 0.01928635, -0.06722512, -0.004359207, 0.03719873, -0.001255063, 0.8695303, 44.78527
 72805866, 0.05820165, -0.1571016, -0.01233991, 0.07486238, 0.0219522, -0.03640129, -0.004714396, 0.03719873, 0.0005794978, 0.8677881, 44.78527
 73005786, 0.06132372, -0.0725292, -0.0131692, 0.07486238, 0.02025776, -0.008954631, -0.004238471, 0.03719873, -0.008028884, 0.8667583, 44.78527
 73206539, 0.05105319, -0.0012431, -0.004144642, 0.07501738, 0.01475366, 0.01226401, 0.001057306, 0.03735372, -0.02203222, 0.866273, 44.87799
 73406459, -0.03821732, 0.05426409, -0.02666992, 0.07501738, -0.1262011, 0.03196757, -0.05224118, 0.03719873, -0.0361328, 0.9341099, 44.87799
 73606379, -0.8297043, 0.1101292, -0.1527531, 0.07486238, -0.4804208, 0.04529395, -0.01804142, 0.03719873, -0.04097116, 0.9956167, 44.78527
 73806299, -1.376285, 0.1245923, 0.01749225, 0.07486238, -0.4714537, 0.04128881, 0.03253852, 0.03719873, -0.03746651, 0.9988468, 44.78527
 74006219, -1.257646, 0.110522, 0.09360877, 0.07486238, -0.395683, 0.03511921, 0.03098869, 0.03719873, -0.03111008, 0.9988842, 44.78527
 74206139, -1.04251, 0.09483656, 0.07637501, 0.07486238, -0.3229481, 0.03085137, 0.01992345, 0.03719873, -0.02592543, 0.9984013, 44.78527
 74406059, -0.8472447, 0.0835034, 0.04510272, 0.07486238, -0.2605879, 0.02710247, 0.0103206, 0.03719873, -0.02387506, 0.9976926, 44.78527
 74605979, -0.6830581, 0.07450604, 0.01758786, 0.07486238, -0.2092895, 0.02492252, -0.0002869709, 0.03719873, -0.02466647, 0.9969162, 44.78527
 74805899, -0.5471603, 0.06815595, -0.009081294, 0.07486238, -0.1670266, 0.02256955, -0.008523649, 0.03719873, -0.02666717, 0.9961864, 44.78527
 75005819, -0.434566, 0.06180771, -0.03100067, 0.07486238, -0.1315531, 0.02034992, -0.01436328, 0.03719873, -0.02819261, 0.9955281, 44.78527
 75206572, -0.3409203, 0.05565717, -0.04696163, 0.07501738, -0.1019541, 0.01825093, -0.01949929, 0.03735372, -0.02837239, 0.9950275, 44.87799
 75406492, -0.2602906, 0.04910177, -0.05940329, 0.07501738, -0.07601388, 0.01558951, -0.02305374, 0.03719873, -0.02717806, 0.9946396, 44.87799
 75606412, -0.1922696, 0.04248713, -0.06822394, 0.07486238, -0.05498112, 0.01376628, -0.0245154, 0.03719873, -0.02520505, 0.994358, 44.78527
 75806332, -0.1352895, 0.03733782, -0.07200181, 0.07486238, -0.03634982, 0.01193057, -0.02601292, 0.03719873, -0.02325849, 0.9941201, 44.78527
 76006252, -0.08601996, 0.03270892, -0.07182439, 0.07486238, -0.02115195, 0.01107379, -0.02437268, 0.03719873, -0.02166235, 0.9939538, 44.78527
 76206172, -0.04392349, 0.02967288, -0.07337165, 0.07486238, -0.005377025, 0.009546224, -0.03667457, 0.03719873, -0.02014085, 0.9936432, 44.78527
 76406092, 0.0144815, 0.02498052, -0.2023296, 0.07486238, 0.02174858, 0.007797703, -0.1148708, 0.03719873, -0.01830526, 0.9924819, 44.78527
 76606012, 0.08862142, 0.02014498, -0.321124, 0.07486238, 0.04478703, 0.006126452, -0.1005637, 0.03719873, -0.01493642, 0.9908326, 44.78527
 76805932, 0.1443758, 0.01586159, -0.2331306, 0.07486238, 0.05923297, 0.004678855, -0.05200844, 0.03719873, -0.0100907, 0.9893754, 44.78527
 77005852, 0.1759833, 0.01250158, -0.09566484, 0.07486238, 0.06566537, 0.003879927, -0.006374905, 0.03719873, -0.005320969, 0.9885364, 44.78527
 77205772, 0.1883909, 0.01064792, 0.02137938, 0.07486238, 0.06688103, 0.003311884, 0.02661561, 0.03719873, -0.002339309, 0.9883078, 44.78527
 77406525, 0.1893685, 0.009563159, 0.108491, 0.07501738, 0.06535389, 0.003136616, 0.0584351, 0.03735372, -0.001793685, 0.9884827, 44.87799
 77606445, 0.1807028, 0.009024241, 0.2072299, 0.07501738, 0.06129242, 0.003108299, 0.09211766, 0.03719873, -0.002906227, 0.9888765, 44.87799
 77806365, 0.1700116, 0.008351293, 0.2852622, 0.07486238, 0.05753118, 0.002736862, 0.1117614, 0.03719873, -0.004336216, 0.9893252, 44.78527
 78006285, 0.1601229, 0.007470036, 0.343927, 0.07486238, 0.05452342, 0.00243783, 0.1350367, 0.03719873, -0.005050219, 0.9897953, 44.78527
 78206205, 0.1512734, 0.007156391, 0.3987879, 0.07486238, 0.05153255, 0.002352471, 0.1469098, 0.03719873, -0.004527668, 0.9902694, 44.78527
 78406125, 0.1443054, 0.006283339, 0.4289257, 0.07486238, 0.04933394, 0.002002057, 0.1564222, 0.03719873, -0.00303877, 0.9907213, 44.78527
 78606045, 0.138435, 0.00586005, 0.4548877, 0.07486238, 0.04747052, 0.001992466, 0.1661447, 0.03719873, -0.001243355, 0.9911777, 44.78527
 78805965, 0.1327814, 0.005459113, 0.4784873, 0.07486238, 0.04615661, 0.001820891, 0.1658633, 0.03719873, 0.0002760158, 0.9916361, 44.78527
 79005885, 0.1333627, 0.004850473, 0.4398587, 0.07486238, 0.04800116, 0.001593831, 0.1350963, 0.03719873, 0.001472196, 0.9920668, 44.78527
 79205805, 0.1390957, 0.003710915, 0.3471439, 0.07486238, 0.05034924, 0.000816432, 0.1008302, 0.03719873, 0.002422048, 0.9924842, 44.78527
 79406558, 0.1454101, 0.002455083, 0.2507677, 0.07501738, 0.05231007, 0.0004640857, 0.06628738, 0.03735372, 0.003329735, 0.9929144, 44.87799
 79606478, 0.1498674, 0.00168759, 0.1485563, 0.07501738, 0.05360822, 0.000738346, 0.02923234, 0.03719873, 0.00439268, 0.99334, 44.87799
 79806398, 0.153747, 0.00162952, 0.04779834, 0.07486238, 0.05513093, 0.0002712246, -0.002195298, 0.03719873, 0.005664874, 0.9937524, 44.78527
 80006318, 0.1555849, 0.001199305, -0.02873736, 0.07486238, 0.05473601, 0.0003675813, -0.02200326, 0.03719873, 0.007119495, 0.9941509, 44.78527
 80206238, 0.1543505, 0.0008146981, -0.07790031, 0.07486238, 0.05358083, 0.0001570051, -0.03553265, 0.03719873, 0.008588864, 0.9945312, 44.78527
 80406158, 0.1510175, 0.000734672, -0.1118252, 0.07486238, 0.05247447, 0.0003541382, -0.04471594, 0.03719873, 0.009983046, 0.9948955, 44.78527
 80606078, 0.1470186, 0.001183045, -0.1339785, 0.07486238, 0.05076494, 0.0004290338, -0.05084825, 0.03719873, 0.01139641, 0.9952726, 44.78527
 80805998, 0.1409487, 0.0009788949, -0.1451803, 0.07486238, 0.04797545, 0.0001720989, -0.05179324, 0.03719873, 0.01288199, 0.9956586, 44.78527
 81005918, 0.1328736, 0.0003928359, -0.1429024, 0.07486238, 0.04491751, 0.000151654, -0.04818813, 0.03719873, 0.01435011, 0.9960204, 44.78527
 81205838, 0.1253161, 0.000439015, -0.129403, 0.07486238, 0.04287253, 0.0003264692, -0.04181516, 0.03719873, 0.01582223, 0.9962993, 44.78527
 81406591, 0.1195888, 0.000802014, -0.1120767, 0.07501738, 0.04080034, -1.224638E-05, -0.0357776, 0.03735372, 0.01725763, 0.9965948, 44.87799
 81606511, 0.1122276, 3.163874E-05, -0.09143718, 0.07501738, 0.03754733, -6.83444E-06, -0.02651566, 0.03719873, 0.0186383, 0.9968653, 44.87799
 81806431, 0.1044792, -0.0001983602, -0.06781284, 0.07486238, 0.03545881, 5.486061E-05, -0.01953376, 0.03719873, 0.01996685, 0.9971146, 44.78527
 82006351, 0.09849872, -6.871655E-05, -0.04804255, 0.07486238, 0.0334353, -0.0001341749, -0.0132481, 0.03719873, 0.02128309, 0.9973359, 44.78527
 82206271, 0.09286739, 3.786931E-05, -0.03005722, 0.07486238, 0.03140833, -2.814813E-05, -0.005963343, 0.03719873, 0.02254103, 0.9975454, 44.78527
 82406191, 0.08753026, -0.0001436781, -0.0126182, 0.07486238, 0.03004274, 7.452894E-05, -0.001629506, 0.03719873, 0.02378987, 0.9977325, 44.78527
 82606111, 0.08302769, -0.0002649231, 0.001149726, 0.07486238, 0.02815311, -0.0004481022, 0.002940794, 0.03719873, 0.02497343, 0.9979078, 44.78527
 82806031, 0.07871915, -0.001147745, 0.01243721, 0.07486238, 0.02707199, -0.000627125, 0.005983744, 0.03719873, 0.02607159, 0.9980555, 44.78527
 83005951, 0.07543698, -0.001492595, 0.02021507, 0.07486238, 0.02599013, -0.0006892186, 0.008060544, 0.03719873, 0.02702039, 0.9981826, 44.78527
 83205871, 0.0732577, -0.001953578, 0.02206101, 0.07486238, 0.0253625, -0.0007208847, 0.007425413, 0.03719873, 0.02794903, 0.9982972, 44.78527
 83405791, 0.07065197, -0.00205177, 0.02314358, 0.07486238, 0.02422384, -0.0007440826, 0.008354039, 0.03719873, 0.02887874, 0.9984165, 44.78527
 83606544, 0.06801111, -0.002194064, 0.02259991, 0.07501738, 0.0233256, -0.0009164042, 0.007339558, 0.03735372, 0.02987415, 0.9985157, 44.87799
 83806464, 0.06554966, -0.002191427, 0.01828904, 0.07501738, 0.0226508, -0.0009545099, 0.00541688, 0.03719873, 0.03072559, 0.9985961, 44.87799
 84006384, 0.064069, -0.002178888, 0.01481546, 0.07486238, 0.02236977, -0.000849862, 0.005111071, 0.03719873, 0.03153943, 0.9986688, 44.78527
 84206304, 0.06250364, -0.002289298, 0.01057265, 0.07486238, 0.02163509, -0.0007913327, 0.001186608, 0.03719873, 0.03226205, 0.9987506, 44.78527
 84406224, 0.06014295, -0.003478915, 0.002597435, 0.07486238, 0.02063772, -0.001979871, 0.0004724675, 0.03719873, 0.03285244, 0.9988307, 44.78527
 84606144, 0.05840825, -0.005410373, -0.00146449, 0.07486238, 0.02052063, -0.001677192, -0.002343357, 0.03719873, 0.03340601, 0.998876, 44.78527
 84806064, 0.05830081, -0.004379139, -0.00790072, 0.07486238, 0.02060883, -0.001353515, -0.003079982, 0.03719873, 0.03398854, 0.9989144, 44.78527
 85005984, 0.05784319, -0.003914117, -0.008291847, 0.07486238, 0.01985721, -0.001683699, -0.002848952, 0.03719873, 0.03454348, 0.9989493, 44.78527
 85205904, 0.05718631, -0.004273269, -0.008291099, 0.07486238, 0.02028546, -0.001737936, -0.002781555, 0.03719873, 0.03508781, 0.9989806, 44.78527
 85405824, 0.05745137, -0.00464169, -0.007919176, 0.07486238, 0.02003527, -0.001383858, -0.003082228, 0.03719873, 0.03562099, 0.9990085, 44.78527
 85606577, 0.05709503, -0.004606126, -0.008004702, 0.07501738, 0.02011462, -0.001653724, -0.002387938, 0.03735372, 0.03616248, 0.9990335, 44.87799
 85806497, 0.0559662, -0.005591914, -0.009019258, 0.07501738, 0.01897832, -0.00220969, -0.004790467, 0.03719873, 0.03674077, 0.9990648, 44.87799
 86006417, 0.05394524, -0.007023517, -0.01310369, 0.07486238, 0.01878664, -0.002604253, -0.004677072, 0.03719873, 0.03723871, 0.9990878, 44.78527
 86206337, 0.05301953, -0.007808723, -0.01439464, 0.07486238, 0.01857406, -0.0029367, -0.005489139, 0.03719873, 0.03775536, 0.9991003, 44.78527
 86406257, 0.05253814, -0.007826893, -0.01578674, 0.07486238, 0.01837724, -0.002742195, -0.005308512, 0.03719873, 0.03827675, 0.9991089, 44.78527
 86606177, 0.05177342, -0.007887249, -0.01417574, 0.07486238, 0.01813362, -0.00255407, -0.00337673, 0.03719873, 0.03877383, 0.9991138, 44.78527
 86806097, 0.05163151, -0.008171094, -0.009214706, 0.07486238, 0.01834882, -0.00303991, -0.003151794, 0.03719873, 0.0392233, 0.9991156, 44.78527
 87006017, 0.05231811, -0.008741422, -0.009093489, 0.07486238, 0.01853565, -0.003081198, -0.002910441, 0.03719873, 0.03960292, 0.999117, 44.78527
 87205937, 0.0526329, -0.009024116, -0.0072862, 0.07486238, 0.01839209, -0.002997776, -0.001058383, 0.03719873, 0.03992518, 0.9991207, 44.78527
 87405857, 0.05243698, -0.009019204, -0.003089187, 0.07486238, 0.01820948, -0.003360671, -0.001049935, 0.03719873, 0.04021451, 0.999127, 44.78527
 87605777, 0.05152885, -0.009508903, -0.003204673, 0.07486238, 0.01816672, -0.003377586, -0.001439221, 0.03719873, 0.04048605, 0.9991309, 44.78527
 87806530, 0.05199622, -0.009647629, -0.003612842, 0.07501738, 0.01835357, -0.00346218, -0.001378113, 0.03735372, 0.04072882, 0.9991308, 44.87799
 88006450, 0.05288746, -0.009735592, -0.003096068, 0.07501738, 0.01904113, -0.003434188, -0.001023406, 0.03719873, 0.04095171, 0.9991263, 44.87799
 88206370, 0.05505116, -0.009567696, -0.003006762, 0.07486238, 0.02003749, -0.003440999, -0.0012791, 0.03719873, 0.04117349, 0.99912, 44.78527
 88406290, 0.05763667, -0.009422084, -0.003209654, 0.07486238, 0.02046227, -0.003185524, -0.0009236442, 0.03719873, 0.04138032, 0.9991145, 44.78527
 88606210, 0.05920087, -0.009201757, -0.002956579, 0.07486238, 0.02162832, -0.003086726, -0.001202995, 0.03719873, 0.04157423, 0.9991094, 44.78527
 88806130, 0.06142944, -0.009146809, -0.003459133, 0.07486238, 0.02177852, -0.00347652, -0.001151648, 0.03719873, 0.04175713, 0.9991065, 44.78527
 89006050, 0.06192768, -0.0102781, -0.003364614, 0.07486238, 0.02180462, -0.003899646, -0.001329683, 0.03719873, 0.04192602, 0.9991045, 44.78527
 89205970, 0.06217482, -0.01130085, -0.003278183, 0.07486238, 0.02203833, -0.004042038, -0.0008504004, 0.03719873, 0.04208145, 0.9991024, 44.78527
 89405890, 0.06241501, -0.01166545, -0.003734519, 0.07486238, 0.02202689, -0.004211255, -0.002008346, 0.03719873, 0.04230427, 0.9990968, 44.78527
 89605810, 0.06234439, -0.01162159, -0.004785355, 0.07486238, 0.02184962, -0.004282349, -0.001222192, 0.03719873, 0.0429522, 0.9990721, 44.78527
 89806563, 0.06245214, -0.01217201, -0.003389166, 0.07501738, 0.02191184, -0.004437148, -0.001197473, 0.03735372, 0.04363121, 0.999045, 44.87799
 90006483, 0.0627541, -0.01217879, -0.00339608, 0.07501738, 0.02277132, -0.004148026, -0.001336893, 0.03719873, 0.04425572, 0.9990178, 44.87799
 90206403, 0.06525395, -0.01222297, -0.003426927, 0.07486238, 0.02360143, -0.00441013, -0.001036117, 0.03719873, 0.0448501, 0.998991, 44.78527
 90406323, 0.06739619, -0.01217485, -0.001533961, 0.07486238, 0.02440214, -0.004226277, -0.0002203679, 0.03719873, 0.04499463, 0.9989845, 44.78527
 90606243, 0.06914709, -0.01189261, -0.001279961, 0.07486238, 0.02441705, -0.004232705, -0.0003466876, 0.03719873, 0.04447393, 0.9990077, 44.78527
 90806163, 0.06997953, -0.0117071, -0.002494157, 0.07486238, 0.02496932, -0.003792961, -0.001598518, 0.03719873, 0.04363772, 0.999045, 44.78527
 91006083, 0.07093972, -0.01106678, -0.004573976, 0.07486238, 0.02494931, -0.003831412, -0.002236518, 0.03719873, 0.04285914, 0.9990796, 44.78527
 91206003, 0.07047755, -0.01125736, -0.006504542, 0.07486238, 0.02453376, -0.004196306, -0.001951681, 0.03719873, 0.0427612, 0.9990848, 44.78527
 91405923, 0.06860486, -0.0119504, 0.02531036, 0.07486238, 0.0236575, -0.003947756, 0.01601984, 0.03719873, 0.04343741, 0.9990562, 44.78527
 91605843, 0.06734957, -0.01185989, 0.03210669, 0.07486238, 0.02391268, -0.004306833, 0.00413714, 0.03719873, 0.04431972, 0.9990174, 44.78527
 91805763, 0.06752271, -0.01246615, 0.005130525, 0.07486238, 0.02380906, -0.004636752, -0.002122041, 0.03719873, 0.04503434, 0.9989854, 44.78527
 92006516, 0.06788164, -0.01291013, -0.01044486, 0.07501738, 0.02391918, -0.004294516, -0.005804602, 0.03735372, 0.04533339, 0.9989718, 44.87799
 92206436, 0.06762282, -0.01217453, -0.01717823, 0.07501738, 0.02392557, -0.004210272, -0.005800899, 0.03719873, 0.04506468, 0.9989839, 44.87799
 92406356, 0.06789241, -0.01177059, -0.01618616, 0.07486238, 0.02411996, -0.003828463, -0.005107894, 0.03719873, 0.04496105, 0.9989886, 44.78527
 92606276, 0.06840289, -0.0113661, -0.01268679, 0.07486238, 0.02424605, -0.004233613, -0.003859168, 0.03719873, 0.04527713, 0.9989744, 44.78527
 92806196, 0.06865122, -0.01198372, -0.01016519, 0.07486238, 0.02417431, -0.004225338, -0.003639587, 0.03719873, 0.04554155, 0.9989624, 44.78527
 93006116, 0.06843976, -0.01226538, -0.01470137, 0.07486238, 0.02411319, -0.004369214, -0.01585101, 0.03719873, 0.04567179, 0.9989564, 44.78527
 93206036, 0.06905316, -0.0123903, -0.1063342, 0.07486238, 0.02443562, -0.004421735, -0.06994785, 0.03719873, 0.04581567, 0.9989499, 44.78527
 93405956, 0.0699542, -0.01286802, -0.2464934, 0.07486238, 0.02468923, -0.005034016, -0.1102433, 0.03719873, 0.04596898, 0.9989429, 44.78527
 93605876, 0.07021608, -0.01361347, -0.3287973, 0.07486238, 0.02454403, -0.005022139, -0.1226836, 0.03719873, 0.04607363, 0.9989381, 44.78527
 93805796, 0.07014543, -0.01326271, -0.3535062, 0.07486238, 0.02475209, -0.00414155, -0.1267852, 0.03719873, 0.04615224, 0.9989344, 44.78527
 94006549, 0.0703091, -0.01223751, -0.341424, 0.07501738, 0.02461544, -0.004542061, -0.0979711, 0.03735372, 0.04625876, 0.9989294, 44.87799
 94206469, 0.06874332, -0.0124882, -0.2165986, 0.07501738, 0.02380054, -0.004269115, -0.04457913, 0.03719873, 0.04640219, 0.9989226, 44.87799
 94406389, 0.0667059, -0.01215758, -0.08831706, 0.07486238, 0.02290795, -0.00421406, -0.01213128, 0.03719873, 0.04654751, 0.9989157, 44.78527
 94606309, 0.06518013, -0.0116265, -0.01240043, 0.07486238, 0.02293348, -0.004276892, 0.006067223, 0.03719873, 0.04667585, 0.9989093, 44.78527
 94806229, 0.06483014, -0.01170806, 0.02714734, 0.07486238, 0.02259509, -0.004100236, 0.01342697, 0.03719873, 0.04678602, 0.9989035, 44.78527
 95006149, 0.06405859, -0.01152347, 0.04195535, 0.07486238, 0.02228996, -0.003898883, 0.01532488, 0.03719873, 0.04688478, 0.9988983, 44.78527
 95206069, 0.06345186, -0.01203022, 0.04259255, 0.07486238, 0.02198049, -0.004357799, 0.0132304, 0.03719873, 0.04697001, 0.9988939, 44.78527
 95405989, 0.06191191, -0.01136382, 0.03440245, 0.07486238, 0.02154205, -0.00375382, 0.01067518, 0.03719873, 0.04701657, 0.9988919, 44.78527
 95605909, 0.06024764, -0.01010636, 0.02536061, 0.07486238, 0.02088886, -0.003656463, 0.006268846, 0.03719873, 0.04705806, 0.9988893, 44.78527
 95805829, 0.05938585, -0.009524518, 0.01456602, 0.07486238, 0.02114598, -0.003252068, 0.002730068, 0.03719873, 0.0470619, 0.9988881, 44.78527
 96006582, 0.05861619, -0.009679534, 0.006312522, 0.07501738, 0.02009359, -0.003665016, 0.001986236, 0.03735372, 0.04703087, 0.99889, 44.87799
 96206502, 0.05601437, -0.01036082, 0.001869655, 0.07501738, 0.01926734, -0.003689307, -0.0008714181, 0.03719873, 0.04699266, 0.9988912, 44.87799
 96406422, 0.05459453, -0.01023999, -0.004251719, 0.07486238, 0.01916963, -0.003604848, -0.002145614, 0.03719873, 0.04688773, 0.9988948, 44.78527
 96606342, 0.0536943, -0.009835477, -0.005749247, 0.07486238, 0.01854728, -0.003714679, -0.001945922, 0.03719873, 0.04678193, 0.9988995, 44.78527
 96806262, 0.05188054, -0.009609553, -0.005454274, 0.07486238, 0.01773544, -0.003065715, -0.001854273, 0.03719873, 0.04666426, 0.9989048, 44.78527
 97006182, 0.04966837, -0.009107604, -0.005328597, 0.07486238, 0.01686808, -0.003325088, -0.001722041, 0.03719873, 0.04653766, 0.9989105, 44.78527
 97206102, 0.04704393, -0.008971306, -0.004593465, 0.07486238, 0.01603259, -0.003090031, -0.001839815, 0.03719873, 0.04662993, 0.9989061, 44.78527
 97406022, 0.04482299, -0.00867285, -0.005379388, 0.07486238, 0.01535258, -0.00316737, -0.001599554, 0.03719873, 0.04674395, 0.9989011, 44.78527
 97605942, 0.04243814, -0.00858226, -0.005147417, 0.07486238, 0.01435573, -0.00284557, -0.001574739, 0.03719873, 0.04684371, 0.9988966, 44.78527
 97805862, 0.04057121, -0.008371954, -0.005055031, 0.07486238, 0.01407033, -0.002775326, -0.001672292, 0.03719873, 0.04690193, 0.9988916, 44.78527
 98005782, 0.0400766, -0.007817233, -0.005561692, 0.07486238, 0.01409575, -0.00274622, -0.001992543, 0.03719873, 0.04682128, 0.9988924, 44.78527
 98206535, 0.03997139, -0.007772049, -0.005491362, 0.07501738, 0.01395647, -0.002420576, -0.002699336, 0.03735372, 0.04654582, 0.9989032, 44.87799
 98406455, 0.03833022, -0.007097108, -0.006705847, 0.07501738, 0.01274546, -0.002302089, -0.001670567, 0.03719873, 0.04593029, 0.9989315, 44.87799
 98606375, 0.03550897, -0.006299873, -0.005808085, 0.07486238, 0.01202099, -0.001551377, -0.002418105, 0.03719873, 0.04545554, 0.9989535, 44.78527
 98806295, 0.03325915, -0.004676457, -0.005684195, 0.07486238, 0.01128405, -0.0013938, -0.001622896, 0.03719873, 0.04520508, 0.998965, 44.78527
 99006215, 0.03096035, -0.003328097, -0.004812987, 0.07486238, 0.01015318, -0.0008879428, -0.00176309, 0.03719873, 0.0449566, 0.9989762, 44.78527
 99206135, 0.02858198, -0.0026663, -0.004052835, 0.07486238, 0.01007466, -0.00105614, -0.001148938, 0.03719873, 0.04484168, 0.9989787, 44.78527
 99406055, 0.02788859, -0.003459286, -0.003462583, 0.07486238, 0.009362268, -0.001387786, -0.001491205, 0.03719873, 0.04508455, 0.9989663, 44.78527
 99605975, 0.02626503, -0.004387622, -0.00336877, 0.07486238, 0.009227961, -0.001724454, -0.001257162, 0.03719873, 0.04532897, 0.9989525, 44.78527
 99805895, 0.02588112, -0.004983009, -0.003924476, 0.07486238, 0.009137516, -0.001758245, -0.001856333, 0.03719873, 0.04529792, 0.9989505, 44.78527
 100005815, 0.02466217, -0.004675847, -0.004129472, 0.07486238, 0.008118968, -0.001675474, -0.001557063, 0.03719873, 0.0450471, 0.9989614, 44.78527
 100206568, 0.0218983, -0.004745342, -0.003956388, 0.07501738, 0.006949628, -0.001673814, -0.001208994, 0.03735372, 0.04482219, 0.998973, 44.87799
 100406488, 0.01910946, -0.005122557, -0.004266567, 0.07501738, 0.006402497, -0.001694989, -0.001485098, 0.03719873, 0.04473393, 0.9989768, 44.87799
 100606408, 0.01707028, -0.005387455, -0.004516014, 0.07486238, 0.00548487, -0.002006429, -0.001427795, 0.03719873, 0.04463375, 0.9989809, 44.78527
 100806328, 0.01495457, -0.004899509, -0.004513709, 0.07486238, 0.004926545, -0.001034614, -0.00127736, 0.03719873, 0.04446743, 0.9989879, 44.78527
 101006248, 0.01275756, -0.003216753, -0.004372329, 0.07486238, 0.004189448, -0.001039304, -0.001728191, 0.03719873, 0.04417903, 0.9990009, 44.78527
 101206168, 0.01042879, -0.002454128, -0.004694084, 0.07486238, 0.003189113, -0.0006097272, -0.001547653, 0.03719873, 0.04388751, 0.9990137, 44.78527
 101406088, 0.008372084, -0.001122002, -0.004480785, 0.07486238, 0.002591971, 3.953211E-05, -0.001466217, 0.03719873, 0.04359056, 0.9990264, 44.78527
 101606008, 0.006284546, 0.0003411339, -0.00422319, 0.07486238, 0.001677966, 0.0002326554, -0.001546938, 0.03719873, 0.04329537, 0.9990388, 44.78527
 101805928, 0.004104434, 0.00126969, -0.00452075, 0.07486238, 0.0009874189, 0.0006573688, -0.001536396, 0.03719873, 0.04300183, 0.9990509, 44.78527
 102005848, 0.00199694, 0.002107474, -0.004550663, 0.07486238, 0.0002425891, 0.0009567259, -0.001878091, 0.03719873, 0.04270597, 0.9990647, 44.78527
 102205768, -0.0005725518, 0.002097039, -0.005142505, 0.07486238, -0.001139136, 0.0003191774, -0.00242809, 0.03719873, 0.04238527, 0.9990802, 44.78527
 102406521, -0.003632059, 0.001046792, -0.005511242, 0.07501738, -0.001736859, 0.000252617, -0.001370241, 0.03735372, 0.04183183, 0.9991032, 44.87799
 102606441, -0.005343581, 0.0006558753, -0.003945635, 0.07501738, -0.002198342, -0.0002472343, -0.001060395, 0.03719873, 0.0412761, 0.9991264, 44.87799
 102806361, -0.007264984, -0.0002343415, -0.0046289, 0.07486238, -0.00319751, -0.0003859604, -0.001757622, 0.03719873, 0.04078303, 0.9991472, 44.78527
 103006281, -0.009422274, -0.0002757082, -0.00486821, 0.07486238, -0.003825868, 0.0001627149, -0.00190141, 0.03719873, 0.04042609, 0.9991615, 44.78527
 103206201, -0.01132985, 0.0006696251, -0.004570945, 0.07486238, -0.004237514, 2.363902E-05, -0.001500881, 0.03719873, 0.04019913, 0.9991704, 44.78527
 103406121, -0.01282586, 0.0004888811, -0.003857494, 0.07486238, -0.004754708, 0.0001575482, -0.001271277, 0.03719873, 0.03997473, 0.9991788, 44.78527
 103606041, -0.01444142, 0.001099047, -0.003182848, 0.07486238, -0.005519322, 0.0006599168, -0.0005821091, 0.03719873, 0.03969997, 0.9991924, 44.78527
 103805961, -0.01738436, 0.002264218, -0.001852762, 0.07486238, -0.006625483, 0.001026362, -0.0003930629, 0.03719873, 0.03903008, 0.9992216, 44.78527
 104005881, -0.0199828, 0.002687551, -0.002136599, 0.07486238, -0.007144992, 0.0008539465, -0.00141822, 0.03719873, 0.03856064, 0.9992397, 44.78527
 104205801, -0.02149954, 0.002438036, -0.00370258, 0.07486238, -0.008035759, 0.0007224169, -0.001161534, 0.03719873, 0.0383914, 0.9992473, 44.78527
 104406554, -0.0237152, 0.002963998, -0.003138858, 0.07501738, -0.008735305, 0.00146391, -0.001380186, 0.03735372, 0.03827671, 0.9992512, 44.87799
 104606474, -0.02468874, 0.003753111, -0.004133472, 0.07501738, -0.008673612, 0.001184172, -0.001803806, 0.03719873, 0.0381978, 0.9992528, 44.87799
 104806394, -0.02526309, 0.004291922, -0.003742734, 0.07486238, -0.009269846, 0.001799719, -0.001307001, 0.03719873, 0.03785757, 0.9992658, 44.78527
 105006314, -0.02707794, 0.005020698, -0.003342295, 0.07486238, -0.01006603, 0.001747349, -0.0004756038, 0.03719873, 0.03736314, 0.9992863, 44.78527
 105206234, -0.02913843, 0.005160526, -0.002515035, 0.07486238, -0.01075302, 0.001555024, -0.001342323, 0.03719873, 0.03667863, 0.9993138, 44.78527
 105406154, -0.03127235, 0.00482708, -0.00349162, 0.07486238, -0.01116939, 0.001743211, -0.001672791, 0.03719873, 0.03644416, 0.9993234, 44.78527
 105606074, -0.03252861, 0.004926434, -0.004263547, 0.07486238, -0.01192177, 0.00171357, -0.001482189, 0.03719873, 0.03626335, 0.9993306, 44.78527
 105805994, -0.03410667, 0.00551013, -0.003291548, 0.07486238, -0.0123357, 0.00235335, -0.0008751348, 0.03719873, 0.03628986, 0.9993306, 44.78527
 106005914, -0.0351646, 0.006708415, -0.002399859, 0.07486238, -0.01237315, 0.002151282, -0.001390492, 0.03719873, 0.03613776, 0.9993356, 44.78527
 106205834, -0.03530159, 0.00674389, -0.003450049, 0.07486238, -0.0128801, 0.002483964, -0.001187884, 0.03719873, 0.03550021, 0.9993579, 44.78527
 106406587, -0.03694588, 0.007152192, -0.003473338, 0.07501738, -0.01350977, 0.002347345, -0.001217504, 0.03735372, 0.03464574, 0.9993904, 44.87799
 106606507, -0.03863434, 0.007269079, -0.002960597, 0.07501738, -0.01397762, 0.002767648, -0.001257658, 0.03719873, 0.03425316, 0.9994054, 44.87799
 106806427, -0.04013163, 0.007648699, -0.001509027, 0.07486238, -0.01430646, 0.002454838, -0.001152858, 0.03719873, 0.03414991, 0.99941, 44.78527
 107006347, -0.04121554, 0.006904931, -0.003019981, 0.07486238, -0.01502963, 0.002265976, -0.001274573, 0.03719873, 0.03356069, 0.9994308, 44.78527
 107206267, -0.04243932, 0.007139034, -0.004218069, 0.07486238, -0.0149156, 0.003109114, -0.0009715889, 0.03719873, 0.03277005, 0.9994578, 44.78527
 107406187, -0.04306274, 0.008481614, -0.003498546, 0.07486238, -0.01544716, 0.00307554, -0.001534441, 0.03719873, 0.03224676, 0.9994757, 44.78527
 107606107, -0.04416813, 0.008842104, -0.004543833, 0.07486238, -0.01550427, 0.003055753, -0.001246795, 0.03719873, 0.03175591, 0.9994918, 44.78527
 107806027, -0.04418054, 0.008361572, -0.003850535, 0.07486238, -0.01533307, 0.002941599, -0.001628626, 0.03719873, 0.03151856, 0.999499, 44.78527
 108005947, -0.04362111, 0.00731557, -0.004400447, 0.07486238, -0.01525722, 0.002466333, -0.001342024, 0.03719873, 0.03133867, 0.9995051, 44.78527
 108205867, -0.04414964, 0.006817847, -0.002933599, 0.07486238, -0.01573427, 0.002749349, -0.0008158209, 0.03719873, 0.03081048, 0.9995224, 44.78527
 108405787, -0.04496553, 0.007393763, -0.002624315, 0.07486238, -0.01616419, 0.00235007, -0.0009395988, 0.03719873, 0.03030473, 0.9995386, 44.78527
 108606540, -0.04612445, 0.007259744, -0.002417425, 0.07501738, -0.01655192, 0.00269354, -0.001040268, 0.03735372, 0.03036356, 0.9995372, 44.87799
 108806460, -0.04619368, 0.00777272, -0.002830189, 0.07501738, -0.01638405, 0.002664569, -0.0009781559, 0.03719873, 0.03005356, 0.9995467, 44.87799
 109006380, -0.04656627, 0.008042283, -0.002436058, 0.07486238, -0.0168379, 0.00287431, -0.0002980566, 0.03719873, 0.0292433, 0.9995714, 44.78527
 109206300, -0.04734218, 0.008114307, -0.002074792, 0.07486238, -0.01681515, 0.002656281, -0.0007705787, 0.03719873, 0.0288269, 0.999584, 44.78527
 109406220, -0.04775523, 0.00767358, -0.002498116, 0.07486238, -0.01694605, 0.002773248, -0.001649548, 0.03719873, 0.02890059, 0.9995822, 44.78527
 109606140, -0.04864965, 0.008215551, -0.003763353, 0.07486238, -0.01716354, 0.003004249, -0.001122335, 0.03719873, 0.02857095, 0.9995917, 44.78527
 109806060, -0.0490942, 0.008614829, -0.003529461, 0.07486238, -0.01721336, 0.0032736, -0.0012113, 0.03719873, 0.02779154, 0.9996137, 44.78527
 110005980, -0.04845396, 0.008921403, -0.002856719, 0.07486238, -0.01694978, 0.002923101, -0.001210069, 0.03719873, 0.02720146, 0.9996299, 44.78527
 110205900, -0.04794715, 0.008117001, -0.00307401, 0.07486238, -0.01614758, 0.002553903, -0.001313897, 0.03719873, 0.02724537, 0.9996287, 44.78527
 110405820, -0.04758535, 0.008098326, -0.002879403, 0.07486238, -0.01750455, 0.003301314, -0.001090849, 0.03719873, 0.0274159, 0.9996238, 44.78527
 110606573, -0.04919283, 0.009243207, -0.002622301, 0.07501738, -0.01695205, 0.003660315, 0.000349103, 0.03735372, 0.02691087, 0.9996374, 44.87799
 110806493, -0.04819526, 0.009674852, -0.001465706, 0.07501738, -0.01678577, 0.00354048, -0.001138975, 0.03719873, 0.02627748, 0.999654, 44.87799
 111006413, -0.0479592, 0.009572081, -0.003055391, 0.07486238, -0.01695881, 0.003180607, -0.0007696946, 0.03719873, 0.02611611, 0.999658, 44.78527
 111206333, -0.04769118, 0.009237482, -0.002441092, 0.07486238, -0.016617, 0.003529782, -0.001184751, 0.03719873, 0.02581508, 0.9996653, 44.78527
 111406253, -0.0475866, 0.009201416, -0.002362533, 0.07486238, -0.01660649, 0.00295234, -0.0004134729, 0.03719873, 0.02501809, 0.9996855, 44.78527
 111606173, -0.04649067, 0.008671159, -0.002283907, 0.07486238, -0.01585331, 0.003289738, -0.001258977, 0.03719873, 0.02443893, 0.9996995, 44.78527
 111806093, -0.04540814, 0.009025285, -0.00274649, 0.07486238, -0.01595544, 0.003111264, -0.001206703, 0.03719873, 0.02420677, 0.9997049, 44.78527
 112006013, -0.04502511, 0.008576018, -0.003241698, 0.07486238, -0.01559294, 0.002715561, -0.0008682138, 0.03719873, 0.0239046, 0.9997118, 44.78527
 112205933, -0.04448938, 0.008351767, -0.002816855, 0.07486238, -0.0154478, 0.003092685, -0.001170173, 0.03719873, 0.02349825, 0.9997209, 44.78527
 112405853, -0.04378828, 0.008297383, -0.003834727, 0.07486238, -0.01543654, 0.002715353, -0.001365929, 0.03719873, 0.02293463, 0.9997337, 44.78527
 112605773, -0.04336734, 0.007993535, -0.003825908, 0.07486238, -0.01497841, 0.002704203, -0.001187662, 0.03719873, 0.02248545, 0.9997434, 44.78527
 112806526, -0.0426302, 0.007544489, -0.00325248, 0.07501738, -0.01488382, 0.002624102, -0.001156408, 0.03735372, 0.02242581, 0.9997442, 44.87799
 113006446, -0.04216779, 0.007752019, -0.003701447, 0.07501738, -0.01501031, 0.00273825, -0.001750764, 0.03719873, 0.02205961, 0.9997519, 44.87799
 113206366, -0.04157292, 0.007921508, -0.003263618, 0.07486238, -0.01468396, 0.002886712, -0.0005294909, 0.03719873, 0.02134573, 0.9997668, 44.78527
 113406286, -0.04097769, 0.007894682, -0.001917547, 0.07486238, -0.01404139, 0.002763217, -0.0006783442, 0.03719873, 0.02084174, 0.9997767, 44.78527
 113606206, -0.03985392, 0.007635524, -0.002448117, 0.07486238, -0.01362786, 0.002570344, -0.0007304333, 0.03719873, 0.0206188, 0.9997809, 44.78527
 113806126, -0.03871961, 0.007360832, -0.002706028, 0.07486238, -0.01359979, 0.002646535, -0.001007703, 0.03719873, 0.02054372, 0.9997818, 44.78527
 114006046, -0.03855013, 0.007371845, -0.003662657, 0.07486238, -0.01354542, 0.002720797, -0.001587093, 0.03719873, 0.0203966, 0.9997839, 44.78527
 114205966, -0.4300469, 0.1967505, -0.5832632, 0.07486238, -0.1298989, 0.05982627, -0.1860022, 0.03719873, 0.02027661, 0.9997927, 44.78527
 114405886, -0.1032308, 0.04457228, -0.1545245, 0.07486238, 0.06016301, -0.02984411, 0.08151297, 0.03719873, 0.02025231, 0.9997935, 44.78527
 114605806, 0.1263703, -0.06353734, 0.1685071, 0.07486238, 0.01216843, -0.007178059, 0.01372211, 0.03719873, 0.02029829, 0.9997919, 44.78527
 114806559, 0.003421164, -0.00553858, -0.00377674, 0.07501738, -0.00843071, 0.002437255, -0.01405507, 0.03735372, 0.0203275, 0.9997932, 44.87799
 115006479, -0.01450987, 0.002807637, -0.02627477, 0.07501738, -1.302668E-05, -0.001374979, -0.001675499, 0.03719873, 0.02032584, 0.9997934, 44.87799
 115206399, 0.002836652, -0.005279766, -0.0005670415, 0.07486238, 0.001435012, -0.001907398, 0.0008110782, 0.03719873, 0.02031714, 0.9997936, 44.78527
 115406319, 0.001988828, -0.004840085, -0.0003177598, 0.07486238, -0.0001755727, -0.001289673, -0.001481633, 0.03719873, 0.02029943, 0.9997939, 44.78527
 115606239, -0.001161873, -0.003285514, -0.00421248, 0.07486238, -0.0007591023, -0.0009016651, -0.001563544, 0.03719873, 0.02027266, 0.9997944, 44.78527
 115806159, -0.001575696, -0.002866362, -0.003660108, 0.07486238, -0.0002343294, -0.001162958, -0.0008524118, 0.03719873, 0.02023718, 0.9997951, 44.78527
 116006079, -0.001408098, -0.002920602, -0.002942145, 0.07486238, -0.000947053, -0.0006931512, -0.001275002, 0.03719873, 0.02018392, 0.9997961, 44.78527
 116205999, -0.002376087, -0.002495128, -0.003162596, 0.07486238, -0.0005516681, -0.0007495416, -0.000799, 0.03719873, 0.02011355, 0.9997975, 44.78527
 116405919, -0.002129538, -0.002342196, -0.003110955, 0.07486238, -0.0006817907, -0.0007395345, -0.001281864, 0.03719873, 0.02005514, 0.9997985, 44.78527
 116605839, -0.002326619, -0.00221093, -0.00346219, 0.07486238, -0.0007994131, -0.0006554427, -0.001100567, 0.03719873, 0.01999707, 0.9997997, 44.78527
 116806592, -0.002708005, -0.002073451, -0.003162601, 0.07501738, -0.001157904, -0.0008055488, -0.0009906309, 0.03719873, 0.01993712, 0.9998008, 44.87799
 117006512, -0.003270669, -0.002053416, -0.003095878, 0.07501738, -0.001338785, -0.0005144989, -0.0009961703, 0.03735372, 0.01987454, 0.9998021, 44.87799
 117206432, -0.003500873, -0.001877769, -0.003345843, 0.07501738, -0.001175217, -0.0003720997, -0.001211117, 0.03719873, 0.01981136, 0.9998032, 44.87799
 117406352, -0.003485063, -0.001396448, -0.003591153, 0.07486238, -0.00111656, -0.0006753247, -0.001449768, 0.03719873, 0.01974712, 0.9998044, 44.78527
 117606272, -0.003447454, -0.001510437, -0.003734367, 0.07486238, -0.001341703, -0.0005682152, -0.001108471, 0.03719873, 0.01968206, 0.9998056, 44.78527
 117806192, -0.003907707, -0.001296844, -0.003442549, 0.07486238, -0.001312574, -0.0002999818, -0.001550814, 0.03719873, 0.0196159, 0.9998068, 44.78527
 118006112, -0.003993736, -0.001031063, -0.003807019, 0.07486238, -0.001319017, -0.0003750931, -0.00135275, 0.03719873, 0.01954747, 0.9998082, 44.78527
 118206032, -0.003942713, -0.0009364816, -0.003648798, 0.07486238, -0.0009873555, -0.0002577853, -0.0009566425, 0.03719873, 0.01947948, 0.9998093, 44.78527
 118405952, -0.003914237, -0.001050028, -0.003256458, 0.07486238, -0.001792349, -0.0008008675, -0.001141966, 0.03719873, 0.01941158, 0.9998106, 44.78527
 118605872, -0.004756432, -0.001467841, -0.003355671, 0.07486238, -0.001699083, -0.0004688666, -0.001124564, 0.03719873, 0.01934216, 0.9998119, 44.78527
 118805792, -0.005164667, -0.0008111672, -0.00340806, 0.07486238, -0.001805287, -0.0001355723, -0.001196607, 0.03719873, 0.01927226, 0.9998132, 44.78527
 119006545, -0.00503788, -0.0006224015, -0.003298811, 0.07501738, -0.001743483, -0.0003290861, -0.00133037, 0.03735372, 0.01920011, 0.9998145, 44.87799
 119206465, -0.00490622, -0.0004070553, -0.003542361, 0.07501738, -0.001695114, -0.0001129161, -0.001263481, 0.03719873, 0.01912892, 0.9998157, 44.87799
 119406385, -0.005181144, -0.0001005696, -0.003299811, 0.07486238, -0.001990119, 5.627619E-05, -0.001097898, 0.03719873, 0.01905699, 0.9998171, 44.78527
 119606305, -0.005314962, -0.0001006077, -0.003275366, 0.07486238, -0.001844398, -0.0001080645, -0.001320075, 0.03719873, 0.0189843, 0.9998184, 44.78527
 119806225, -0.005534872, -1.47781E-05, -0.0036132, 0.07486238, -0.002169268, 0.0001733489, -0.001115387, 0.03719873, 0.01891177, 0.9998196, 44.78527
 120006145, -0.005870243, 0.0003640929, -0.003250323, 0.07486238, -0.002138757, 0.0005330521, -0.001505303, 0.03719873, 0.01883947, 0.9998209, 44.78527
 120206065, -0.005912542, 0.0008736848, -0.003646135, 0.07486238, -0.002298944, 0.0001993478, -0.001188683, 0.03719873, 0.01876655, 0.9998223, 44.78527
 120405985, -0.006311762, 0.0004873753, -0.003385963, 0.07486238, -0.001990157, 0.000354404, -0.00124369, 0.03719873, 0.01869465, 0.9998236, 44.78527
 120605905, -0.005880216, 0.000888893, -0.003441576, 0.07486238, -0.002110461, 0.0001354906, -0.001143939, 0.03719873, 0.01862231, 0.9998248, 44.78527
 120805825, -0.006111483, 0.0007272158, -0.003550801, 0.07486238, -0.002099721, 0.0003764876, -0.001065666, 0.03719873, 0.01855076, 0.9998261, 44.78527
 121006578, -0.006067856, 0.0008381501, -0.003263135, 0.07501738, -0.002140249, 0.0002183716, -0.0008803897, 0.03735372, 0.01847884, 0.9998273, 44.87799
 121206498, -0.006251738, 0.0007700686, -0.003002975, 0.07501738, -0.002142412, 0.0003079328, -0.0009968773, 0.03719873, 0.01842267, 0.9998283, 44.87799
 121406418, -0.006397453, 0.0009195259, -0.003205637, 0.07486238, -0.002371812, 0.0003748683, -0.0009952186, 0.03719873, 0.01836594, 0.9998293, 44.78527
 121606338, -0.006464964, 0.001010103, -0.003221005, 0.07486238, -0.002230022, 0.0003923976, -0.001360958, 0.03719873, 0.01831089, 0.9998303, 44.78527
 121806258, -0.006569583, 0.001284613, -0.003682125, 0.07486238, -0.002281004, 0.0007242259, -0.001295561, 0.03719873, 0.01825389, 0.9998313, 44.78527
 122006178, -0.00670204, 0.001375101, -0.003396836, 0.07486238, -0.002251273, 0.0003466371, -0.0006527971, 0.03719873, 0.01819699, 0.9998322, 44.78527
 122206098, -0.006919845, 0.001360529, -0.00288545, 0.07486238, -0.00271535, 0.0008533389, -0.001271094, 0.03719873, 0.01813915, 0.9998332, 44.78527
 122406018, -0.007258354, 0.001762206, -0.003493201, 0.07486238, -0.002481864, 0.0004708208, -0.001265202, 0.03719873, 0.01808202, 0.9998343, 44.78527
 122605938, -0.006917861, 0.00150259, -0.00354813, 0.07486238, -0.002554698, 0.0005109624, -0.0008911929, 0.03719873, 0.01802571, 0.9998352, 44.78527
 122805858, -0.007155694, 0.001725622, -0.003100648, 0.07486238, -0.002491752, 0.0007853967, -0.001457877, 0.03719873, 0.01796891, 0.9998361, 44.78527
 123005778, -0.007147984, 0.001813653, -0.003815294, 0.07486238, -0.002599893, 0.0004781274, -0.001552803, 0.03719873, 0.01791129, 0.9998372, 44.78527
 123206531, -0.007216554, 0.001752037, -0.003663932, 0.07501738, -0.002586252, 0.0007897017, -0.001224583, 0.03735372, 0.01785355, 0.9998382, 44.87799
 123406451, -0.007296093, 0.002034937, -0.003329509, 0.07501738, -0.002258228, 0.0002537059, -0.001070085, 0.03719873, 0.0177969, 0.9998391, 44.87799
 123606371, -0.00704343, 0.001776557, -0.003348919, 0.07486238, -0.002726594, 0.0008376095, -0.001350555, 0.03719873, 0.01774032, 0.9998401, 44.78527
 123806291, -0.00726071, 0.002377928, -0.003506943, 0.07486238, -0.002633621, 0.001083013, -0.001231249, 0.03719873, 0.01768441, 0.9998411, 44.78527
 124006211, -0.007369793, 0.002608258, -0.003542345, 0.07486238, -0.002557072, 0.0008259915, -0.001134967, 0.03719873, 0.0176296, 0.999842, 44.78527
 124206131, -0.007321046, 0.002435515, -0.003300902, 0.07486238, -0.002539901, 0.0004722057, -0.001196562, 0.03719873, 0.01757266, 0.999843, 44.78527
 124406051, -0.007302509, 0.00217293, -0.003461566, 0.07486238, -0.002481757, 0.0008901695, -0.001118631, 0.03719873, 0.01751832, 0.9998438, 44.78527
 124605971, -0.007175814, 0.002468689, -0.003127088, 0.07486238, -0.002664358, 0.0009084446, -0.0009974495, 0.03719873, 0.01746427, 0.9998448, 44.78527
 124805891, -0.007497882, 0.002725938, -0.00323489, 0.07486238, -0.002743758, 0.001139567, -0.001284992, 0.03719873, 0.01741148, 0.9998456, 44.78527
 125005811, -0.007566585, 0.002990867, -0.003305644, 0.07486238, -0.00260654, 0.001137342, -0.001246149, 0.03719873, 0.01735771, 0.9998465, 44.78527
 125206564, -0.007500932, 0.003055223, -0.003282057, 0.07501738, -0.002717572, 0.0008545947, -0.001112569, 0.03735372, 0.01730468, 0.9998474, 44.87799
 125406484, -0.00760338, 0.002841071, -0.003304851, 0.07501738, -0.002780306, 0.0009292308, -0.00109645, 0.03719873, 0.01725183, 0.9998482, 44.87799
 125606404, -0.007794903, 0.002649129, -0.003318568, 0.07486238, -0.002857253, 0.0009662138, -0.001215552, 0.03719873, 0.01719916, 0.9998491, 44.78527
 125806324, -0.008020964, 0.002821788, -0.003409866, 0.07486238, -0.002947352, 0.0008028456, -0.001230787, 0.03719873, 0.01714779, 0.9998499, 44.78527
 126006244, -0.00818418, 0.002648574, -0.003455787, 0.07486238, -0.002949972, 0.0008327932, -0.00122229, 0.03719873, 0.01709641, 0.9998507, 44.78527
 126206164, -0.008012321, 0.002781094, -0.003372058, 0.07486238, -0.002647975, 0.001215119, -0.001382377, 0.03719873, 0.01704982, 0.9998516, 44.78527
 126406084, -0.007687725, 0.002968947, -0.003324939, 0.07486238, -0.002926347, 0.001072897, -0.001175091, 0.03719873, 0.01700617, 0.9998524, 44.78527
 126606004, -0.008228194, 0.00320656, -0.003341182, 0.07486238, -0.002923753, 0.001223522, -0.001319278, 0.03719873, 0.01696293, 0.9998531, 44.78527
 126805924, -0.008063305, 0.003575811, -0.003583239, 0.07486238, -0.002926864, 0.001293923, -0.001543088, 0.03719873, 0.01692034, 0.9998537, 44.78527
 127005844, -0.008166857, 0.003353353, -0.003687762, 0.07486238, -0.003119118, 0.001216159, -0.001254311, 0.03719873, 0.01687828, 0.9998544, 44.78527
 127205764, -0.008454509, 0.003483088, -0.003382965, 0.07486238, -0.002758447, 0.00145131, -0.001060332, 0.03719873, 0.01683827, 0.9998551, 44.78527
 127406517, -0.0080064, 0.003612593, -0.003207731, 0.07501738, -0.002655856, 0.001140503, -0.000999406, 0.03735372, 0.01679717, 0.9998558, 44.87799
 127606437, -0.007770533, 0.003584876, -0.003254091, 0.07501738, -0.00249079, 0.001472673, -0.001441533, 0.03719873, 0.01675847, 0.9998565, 44.87799
 127806357, -0.007636662, 0.003827083, -0.003599196, 0.07486238, -0.003007537, 0.001214709, -0.00111676, 0.03719873, 0.01671907, 0.9998572, 44.78527
 128006277, -0.008284539, 0.003380843, -0.003107695, 0.07486238, -0.002870869, 0.001411701, -0.001173644, 0.03719873, 0.01668123, 0.9998578, 44.78527
 128206197, -0.008165654, 0.003894765, -0.00344427, 0.07486238, -0.002808036, 0.001139649, -0.001378619, 0.03719873, 0.01664397, 0.9998584, 44.78527
 128406117, -0.00813045, 0.003453862, -0.003716941, 0.07486238, -0.00295346, 0.001368794, -0.001549518, 0.03719873, 0.01660529, 0.999859, 44.78527
 128606037, -0.008246248, 0.003938833, -0.003853988, 0.07486238, -0.002872168, 0.001304927, -0.001146018, 0.03719873, 0.01656873, 0.9998596, 44.78527
 128805957, -0.008136968, 0.003810303, -0.003234432, 0.07486238, -0.002918475, 0.001347345, -0.001287937, 0.03719873, 0.01653392, 0.9998602, 44.78527
 129005877, -0.008404667, 0.003887375, -0.003444711, 0.07486238, -0.003284659, 0.001334594, -0.001241234, 0.03719873, 0.01649752, 0.9998608, 44.78527
 129205797, -0.008649045, 0.003974491, -0.003335005, 0.07486238, -0.002583259, 0.001628883, -0.0009218603, 0.03719873, 0.01646231, 0.9998612, 44.78527
 129406550, -0.007894713, 0.004122844, -0.003276974, 0.07501738, -0.002852194, 0.001244764, -0.00127754, 0.03735372, 0.01642621, 0.9998618, 44.87799
 129606470, -0.007991669, 0.003864694, -0.003572171, 0.07501738, -0.002629914, 0.001411691, -0.001292174, 0.03719873, 0.01639168, 0.9998624, 44.87799
 129806390, -0.007960251, 0.004049938, -0.003517554, 0.07486238, -0.002697402, 0.001562813, -0.0008532854, 0.03719873, 0.01635837, 0.9998629, 44.78527
 130006310, -0.008043668, 0.004393608, -0.003040439, 0.07486238, -0.002790369, 0.001211693, -0.001406647, 0.03719873, 0.01632592, 0.9998634, 44.78527
 130206230, -0.008220301, 0.003888434, -0.003435595, 0.07486238, -0.003129843, 0.001396517, -0.00122459, 0.03719873, 0.01629378, 0.999864, 44.78527
 130406150, -0.008575001, 0.003943759, -0.003483733, 0.07486238, -0.002920988, 0.001353287, -0.0008701609, 0.03719873, 0.01626215, 0.9998645, 44.78527
 130606070, -0.008580762, 0.00412966, -0.002989207, 0.07486238, -0.003147524, 0.001486433, -0.001304226, 0.03719873, 0.01622953, 0.9998649, 44.78527
 130805990, -0.008475196, 0.004320609, -0.003229036, 0.07486238, -0.003049322, 0.001434321, -0.001234745, 0.03719873, 0.01619929, 0.9998654, 44.78527
 131005910, -0.008680284, 0.004214514, -0.003158452, 0.07486238, -0.002819298, 0.001928008, -0.0008579576, 0.03719873, 0.01616937, 0.9998659, 44.78527
 131205830, -0.008117917, 0.0046733, -0.002885899, 0.07486238, -0.002855099, 0.00144217, -0.001175795, 0.03719873, 0.01614206, 0.9998664, 44.78527
 131406583, -0.008250228, 0.004388717, -0.003293778, 0.07501738, -0.002924624, 0.001550971, -0.001208452, 0.03735372, 0.01611878, 0.9998668, 44.87799
 131606503, -0.008312022, 0.004284187, -0.003401692, 0.07501738, -0.00305824, 0.00132895, -0.001241421, 0.03719873, 0.01609662, 0.9998671, 44.87799
 131806423, -0.008512478, 0.004238714, -0.003346865, 0.07486238, -0.003107006, 0.001510334, -0.0009628711, 0.03719873, 0.01607476, 0.9998676, 44.78527
 132006343, -0.008435791, 0.004544509, -0.003175535, 0.07486238, -0.002819569, 0.001800018, -0.00118342, 0.03719873, 0.01605487, 0.999868, 44.78527
 132206263, -0.008133974, 0.004582409, -0.003345315, 0.07486238, -0.002926777, 0.001369065, -0.001193046, 0.03719873, 0.01603538, 0.9998682, 44.78527
 132406183, -0.00820714, 0.004070292, -0.003209553, 0.07486238, -0.002813161, 0.001455762, -0.001157473, 0.03719873, 0.01601656, 0.9998686, 44.78527
 132606103, -0.008032915, 0.004413541, -0.003374979, 0.07486238, -0.002721876, 0.001202693, -0.00107076, 0.03719873, 0.01599799, 0.9998689, 44.78527
 132806023, -0.008074287, 0.004145884, -0.003242533, 0.07486238, -0.002486529, 0.001387051, -0.001349186, 0.03719873, 0.01598153, 0.9998692, 44.78527
 133005943, -0.007757712, 0.004158936, -0.003430099, 0.07486238, -0.002853813, 0.001523813, -0.001211106, 0.03719873, 0.01596556, 0.9998694, 44.78527
 133205863, -0.008031849, 0.004419486, -0.003296303, 0.07486238, -0.00315715, 0.001883557, -0.001029846, 0.03719873, 0.01594948, 0.9998698, 44.78527
 133405783, -0.008423236, 0.005019053, -0.003262318, 0.07486238, -0.002904647, 0.001941522, -0.001181079, 0.03719873, 0.01593324, 0.99987, 44.78527
 133606536, -0.008220546, 0.004841674, -0.003418355, 0.07501738, -0.003041928, 0.001787484, -0.001243032, 0.03735372, 0.01591862, 0.9998702, 44.87799
 133806456, -0.008094739, 0.004762921, -0.003349913, 0.07501738, -0.002920746, 0.001569719, -0.001117851, 0.03719873, 0.01590368, 0.9998705, 44.87799
 134006376, -0.00824625, 0.004519529, -0.003608136, 0.07486238, -0.003151649, 0.001736145, -0.001446578, 0.03719873, 0.01589032, 0.9998707, 44.78527
 134206296, -0.008440048, 0.004772385, -0.003642805, 0.07486238, -0.002910286, 0.0014986, -0.0007377855, 0.03719873, 0.01587713, 0.999871, 44.78527
 134406216, -0.008118887, 0.004422281, -0.002973892, 0.07486238, -0.002605087, 0.001601702, -0.001379799, 0.03719873, 0.01586489, 0.9998711, 44.78527
 134606136, -0.007638257, 0.004763418, -0.003652797, 0.07486238, -0.002721922, 0.00178117, -0.001024506, 0.03719873, 0.01585167, 0.9998713, 44.78527
 134806056, -0.007874698, 0.004719932, -0.003345691, 0.07486238, -0.002726629, 0.001763915, -0.001274392, 0.03719873, 0.01584039, 0.9998716, 44.78527
 135005976, -0.008170304, 0.004929469, -0.003619202, 0.07486238, -0.00308191, 0.001296049, -0.001617045, 0.03719873, 0.01582955, 0.9998717, 44.78527
 135205896, -0.008368532, 0.004272284, -0.003976978, 0.07486238, -0.002856664, 0.001200796, -0.001504775, 0.03719873, 0.01581947, 0.9998718, 44.78527
