TimeUS,CAN,CAE,CAD,CAe,NAN,NAE,NAD,NAe,m10,m00,Gye
 8040949, -0.01083339, -0.003921081, -0.05424276, 1.495416, -0.007748732, 0.006691291, -0.06755063, 1.491887, -0.3201157, 0.9473785, 11.1826
 8220877, -0.007875834, 0.006657141, -0.06972598, 1.529076, 9.41327E-05, -0.0001234065, -0.001013341, 0.03347886, -0.3201112, 0.94738, 2995.994
 8420797, 0.0002229193, -0.0002085789, -0.003370386, 0.07439747, 0.0001911634, 0.0002294642, -0.0008661619, 0.03719873, -0.3201211, 0.9473766, 5.563381
 8620717, 6.204499E-05, 0.0006384594, -0.003089012, 0.07811734, 0.0001918166, 6.073991E-05, -0.0009713101, 0.03719873, -0.3201395, 0.9473704, 5.84155
 8820637, -3.944215E-05, 0.0004507747, -0.003304561, 0.07811734, 0.000253286, -0.0001112646, -0.0009816056, 0.03719873, -0.3201652, 0.9473618, 5.84155
 9020557, 7.318091E-05, 0.0003944707, -0.003252587, 0.07811734, -0.0002426329, 0.0002112303, -0.001037373, 0.03719873, -0.3202031, 0.9473489, 5.84155
 9220477, -0.0003416819, 0.000679074, -0.003257039, 0.07810804, -0.0001124374, 0.0005058524, -0.001390187, 0.03718013, -0.320234, 0.9473385, 5.840384
 9420397, -0.000292153, 0.001073542, -0.003784763, 0.07807828, -0.0002733419, 0.000208635, -0.001004961, 0.03718013, -0.3202462, 0.9473344, 5.838631
 9620317, -0.0006220869, 0.0006688899, -0.003370281, 0.07807828, 7.043013E-05, 0.0003686706, -0.001078746, 0.03718013, -0.320246, 0.9473345, 5.838631
 9820237, -4.209649E-05, 0.0007192793, -0.003612655, 0.07807828, -0.0003315001, 0.0002051226, -0.001099242, 0.03718013, -0.3202395, 0.9473367, 5.838631
 10020157, -0.0004077002, 0.0006589745, -0.003259232, 0.07807828, 1.718848E-06, -2.521446E-05, -0.001062635, 0.03718013, -0.3202352, 0.9473382, 5.838631
 10220910, -0.0002748821, 0.0001708553, -0.003398313, 0.0782332, 0.0001351466, 2.713715E-06, -0.0008829811, 0.03733505, -0.3202523, 0.9473324, 5.850215
 10420830, -9.195467E-05, 0.0004613046, -0.003118024, 0.0782332, -8.335261E-07, 0.0001242394, -0.00120582, 0.03718013, -0.3202608, 0.9473295, 5.850215
 10620750, -3.578064E-05, 0.0005852109, -0.003629167, 0.07807828, -2.729441E-05, 0.0001003143, -0.0009977163, 0.03718013, -0.3202598, 0.9473298, 5.838631
 10820670, -0.0003002178, 0.0005648995, -0.003302292, 0.07807828, 0.0004141476, 0.0002549682, -0.001217355, 0.03718013, -0.3202408, 0.9473362, 5.838631
 11020590, 0.0005894823, 0.0006272485, -0.00347051, 0.07807828, -6.823145E-05, -0.0001756043, -0.00112193, 0.03718013, -0.3202166, 0.9473444, 5.838631
 11220510, -0.0003563079, 8.31965E-05, -0.003533409, 0.07808758, 0.0001048953, 0.0002570527, -0.001192093, 0.03719873, -0.3202035, 0.9473488, 5.839798
 11420430, -9.849323E-05, 0.0005774089, -0.003564534, 0.07811734, 4.613742E-06, -4.071999E-06, -0.0009230735, 0.03719873, -0.3202013, 0.9473496, 5.84155
 11620350, -0.000128379, 0.000167555, -0.003367821, 0.07811734, -0.0003606882, 5.770528E-05, -0.001546908, 0.03719873, -0.3202021, 0.9473493, 5.84155
 11820270, -0.0004828383, 0.0002016678, -0.003952228, 0.07811734, -0.0001295785, 0.0003700661, -0.001161206, 0.03719873, -0.3202079, 0.9473474, 5.84155
 12020190, -0.0003173315, 0.0008860752, -0.003569481, 0.07811734, 0.0002659035, -0.0002101757, -0.0009317484, 0.03719873, -0.3202232, 0.9473422, 5.84155
 12220943, 0.0002083919, 0.0002003941, -0.003307045, 0.07826295, 0.000155185, 6.133191E-05, -0.0009889504, 0.03733505, -0.3202263, 0.9473411, 5.851971
 12420863, 4.09513E-05, 0.0006513346, -0.003331439, 0.0782332, -3.87101E-05, 0.0003151562, -0.001046716, 0.03718013, -0.3202156, 0.9473447, 5.850215
 12620783, -0.0001316852, 0.0005808903, -0.003327002, 0.07807828, -2.54511E-05, 7.222876E-05, -0.001168832, 0.03718013, -0.3202007, 0.9473497, 5.838631
 12820703, -0.0001137363, 0.0002384707, -0.003706279, 0.07807828, 8.942356E-05, 0.0001717182, -0.001209443, 0.03718013, -0.3201753, 0.9473583, 5.838631
 13020623, -9.967729E-05, 0.0003608268, -0.003408069, 0.07807828, -0.000322181, 2.538856E-05, -0.001245763, 0.03718013, -0.3201615, 0.9473631, 5.838631
 13220543, -0.0006073989, 0.0004100588, -0.003530043, 0.07808758, -0.0002156948, 0.0001148979, -0.001115734, 0.03719873, -0.3201579, 0.9473643, 5.839798
 13420463, -0.0004123671, 0.0004506539, -0.003414246, 0.07811734, -0.000353237, 0.0001640579, -0.0008231684, 0.03719873, -0.3201765, 0.947358, 5.84155
 13620383, -0.000586203, 0.0007209759, -0.003061805, 0.07811734, -0.0001184155, 0.0002603415, -0.0008620627, 0.03719873, -0.3201922, 0.9473526, 5.84155
 13820303, -0.0002334015, 0.0006414068, -0.003365009, 0.07811734, -0.000233163, 8.597221E-05, -0.001035371, 0.03719873, -0.3201909, 0.9473531, 5.84155
 14020223, -0.0006892707, 0.0001839618, -0.003437555, 0.07811734, 1.462069E-06, 0.0002213462, -0.001047955, 0.03719873, -0.3201864, 0.9473546, 5.84155
 14220976, -0.0003340013, 0.0008637551, -0.003208924, 0.07826295, -0.0003278471, -0.0001075497, -0.0008582496, 0.03718013, -0.320195, 0.9473516, 5.851971
 14420896, -0.000672347, 0.000379954, -0.0030892, 0.0782332, 5.717516E-05, 0.0003338819, -0.001121723, 0.03733505, -0.3202212, 0.9473429, 5.850215
 14620816, -6.796289E-05, 0.001088822, -0.003512448, 0.0782332, -0.000193707, 0.0005463581, -0.001250148, 0.03718013, -0.3202637, 0.9473285, 5.850215
 14820736, -0.0001793257, 0.0008525135, -0.003708481, 0.07807828, -0.0001446461, 0.000187003, -0.000893426, 0.03718013, -0.3202786, 0.9473234, 5.838631
 15020656, -0.0004796063, 0.0004898596, -0.003423217, 0.07807828, -0.0002067986, 8.653163E-05, -0.001305058, 0.03718013, -0.3202701, 0.9473263, 5.838631
 15220576, -0.0004083085, 0.0006075814, -0.003915393, 0.07807828, -0.0001373697, -3.301579E-05, -0.001247193, 0.03718013, -0.320269, 0.9473267, 5.838631
 15420496, -0.0002546615, 0.0005294732, -0.003752895, 0.07807828, -0.000268059, 0.0001273236, -0.001236516, 0.03718013, -0.3202755, 0.9473245, 5.838631
 15620416, -0.0003239441, 0.0004327761, -0.003547832, 0.07807828, -0.0005332723, 0.0004229413, -0.0009659716, 0.03718013, -0.3202686, 0.9473267, 5.838631
 15820336, -0.0006305591, 0.0008896456, -0.003271225, 0.07807828, 0.0001412206, 0.000160889, -0.001081701, 0.03718013, -0.3202624, 0.9473288, 5.838631
 16020256, 8.354165E-06, 0.0006282555, -0.003636612, 0.07807828, 0.0001177146, 0.0001187694, -0.001063494, 0.03718013, -0.3202575, 0.9473306, 5.838631
 16220176, -0.0001510403, 0.0005407372, -0.003378451, 0.07808758, -0.000180377, 3.630933E-05, -0.0009961911, 0.03719873, -0.3202491, 0.9473334, 5.839798
 16420929, -2.25463E-05, 0.0005398608, -0.003401214, 0.07827234, 3.028406E-05, 0.0002978384, -0.0006781265, 0.03735373, -0.3202382, 0.947337, 5.853141
 16620849, -0.0002658791, 0.0006965769, -0.002881835, 0.07827234, -0.0002746227, 2.618034E-05, -0.001183322, 0.03719873, -0.3202187, 0.9473436, 5.853141
 16820769, -0.0005626527, 0.0004445223, -0.003530225, 0.07811734, -0.000394682, 0.0004227797, -0.001103151, 0.03719873, -0.3202011, 0.9473495, 5.84155
 17020689, -0.0009428627, 0.001046048, -0.003449166, 0.07811734, -8.33766E-05, -8.560946E-06, -0.001199338, 0.03719873, -0.3202085, 0.9473471, 5.84155
 17220609, -0.0005801116, 0.0005570503, -0.003430472, 0.07810804, -0.0001022353, 0.0005830342, -0.00123337, 0.03718013, -0.3202173, 0.9473441, 5.840384
 17420529, -0.0004461193, 0.001031271, -0.003617308, 0.07807828, -0.0002991076, 0.0002828715, -0.001250148, 0.03718013, -0.3202438, 0.9473351, 5.838631
 17620449, -0.0005846081, 0.0007998568, -0.003725506, 0.07807828, -0.0002277581, 0.0002752992, -0.001314019, 0.03718013, -0.3202509, 0.9473328, 5.838631
 17820369, -0.0004943779, 0.0008885937, -0.003604067, 0.07807828, -0.0002312219, 0.0002012503, -0.0008072484, 0.03718013, -0.3202438, 0.9473352, 5.838631
 18020289, -0.0006795362, 0.0006205125, -0.003034341, 0.07807828, 4.950682E-05, 0.0002199584, -0.0009924732, 0.03718013, -0.3202331, 0.9473388, 5.838631
 18220209, -0.0001366972, 0.0007779432, -0.003141663, 0.07808758, -0.0002145842, 0.000258937, -0.001059871, 0.03719873, -0.3202333, 0.9473386, 5.839798
 18420962, -0.000804662, 0.0006851834, -0.003612467, 0.07827234, 0.0002023027, 0.0004470283, -0.0009894291, 0.03735373, -0.3202462, 0.9473343, 5.853141
 18620882, -6.327078E-05, 0.001202649, -0.003522109, 0.07827234, -0.0004345865, 0.0002577727, -0.001190377, 0.03719873, -0.3202646, 0.9473281, 5.853141
 18820802, -0.001001468, 0.0006449014, -0.003648852, 0.07811734, 1.847416E-05, 0.0001649482, -0.00101316, 0.03719873, -0.3202722, 0.9473256, 5.84155
 19020722, -0.0002900207, 0.0005586238, -0.003452645, 0.07811734, -0.0005453397, 0.0003486777, -0.001018212, 0.03719873, -0.3202677, 0.947327, 5.84155
 19220642, -0.001169309, 0.0008113442, -0.003603457, 0.07810804, -7.574882E-05, 0.0002030892, -0.001199052, 0.03718013, -0.3202646, 0.9473281, 5.840384
 19420562, -0.000674472, 0.0005717904, -0.003499567, 0.07807828, -0.0004386254, 0.0002810566, -0.000791233, 0.03718013, -0.3202718, 0.9473257, 5.838631
 19620482, -0.0008271704, 0.0008327663, -0.003261834, 0.07807828, -0.0001510867, 0.0001667212, -0.0009194509, 0.03718013, -0.2920759, 0.9563951, 5.838631
 19820402, -0.0008761457, 0.0009515384, -0.003317583, 0.07807828, -0.0002918878, 0.0002382026, -0.001167974, 0.03718013, -0.2458722, 0.9693022, 5.838631
 20020322, -0.0006340547, 0.0009531279, -0.003421768, 0.07807828, -9.204341E-05, 0.0005538044, -0.0007529107, 0.03718013, -0.2108375, 0.9775211, 5.838631
 20220242, -0.0003107277, 0.001325424, -0.003182663, 0.07807828, 0.0001673602, 0.0004148215, -0.001198575, 0.03718013, -0.1951298, 0.9807774, 5.838631
 20420162, -0.000236359, 0.001343005, -0.004092763, 0.07807828, -0.0003853194, 0.000149149, -0.0008837978, 0.03718013, -0.1920997, 0.9813754, 5.838631
 20620915, 0.01295285, -0.001648332, -0.00328843, 0.0782332, 0.02514755, -0.004236735, -0.0008717811, 0.03733505, -0.1891597, 0.9819463, 5.850215
 20820835, 0.2885409, -0.05361797, -0.002193999, 0.0782332, 0.2092009, -0.03943552, 0.0001460445, 0.03718013, -0.1867453, 0.9824075, 5.850215
 21020755, 0.9494367, -0.1770411, 0.008594278, 0.07807828, 0.4409934, -0.08712552, 0.005366943, 0.03718013, -0.185637, 0.9825982, 5.838631
 21220675, 1.678489, -0.3217741, 0.01557367, 0.07808758, 0.6560084, -0.1243138, 0.003446154, 0.03719873, -0.1852722, 0.9824995, 5.839798
 21420595, 2.34421, -0.4425548, -0.007402148, 0.07811734, 0.8620671, -0.1522441, -0.01299472, 0.03719873, -0.1848681, 0.9819795, 5.84155
 21620515, 2.931826, -0.5373455, -0.07040591, 0.07811734, 0.9929935, -0.1826636, -0.03803991, 0.03719873, -0.1844014, 0.9807422, 5.84155
 21820435, 3.134166, -0.5817968, -0.1492325, 0.07811734, 0.9400655, -0.1802375, -0.06022275, 0.03719873, -0.1837402, 0.9786474, 5.84155
 22020355, 2.865007, -0.5412785, -0.2147912, 0.07811734, 0.8130135, -0.1478945, -0.07651948, 0.03719873, -0.1830362, 0.9757613, 5.84155
 22220275, 2.443867, -0.4502941, -0.2823292, 0.07810804, 0.6725923, -0.1296572, -0.1267496, 0.03718013, -0.1823613, 0.9723336, 5.840384
 22420195, 2.001482, -0.3757034, -0.4424785, 0.07807828, 0.5354561, -0.09555613, -0.1121755, 0.03718013, -0.1818078, 0.9687183, 5.838631
 22620948, 1.611053, -0.2990584, -0.2730795, 0.0782332, 0.4408464, -0.08889133, -0.05054789, 0.03733505, -0.1814509, 0.9651219, 5.850215
 22820868, 1.726259, -0.3248182, -1.117865, 0.0782332, 0.5607244, -0.1012435, -0.9747888, 0.03718013, -0.1795392, 0.9559076, 5.850215
 23020788, 1.498163, -0.2884133, -3.140358, 0.07807828, 0.3787958, -0.08206002, -0.8094745, 0.03718013, -0.1770644, 0.9381759, 5.838631
 23220708, 1.234316, -0.2633913, -1.916095, 0.07808758, 0.4084421, -0.07454491, -0.3074805, 0.03719873, -0.1759273, 0.9315137, 5.839798
 23420628, 1.312178, -0.2545783, -0.6993024, 0.07811734, 0.394304, -0.08408982, -0.130411, 0.03719873, -0.1782577, 0.9313089, 5.84155
 23620548, 1.118974, -0.2411077, -0.5268476, 0.07811734, 0.257036, -0.05140386, -0.2477182, 0.03719873, -0.178197, 0.9269647, 5.84155
 23820468, 0.62959, -0.1402955, -0.9727539, 0.07811734, 0.1052504, -0.03812759, -0.3411174, 0.03719873, -0.1839215, 0.9165155, 5.84155
 24020388, 0.23852, -0.1012664, -1.095334, 0.07811734, 0.02827905, -0.02852259, -0.3155912, 0.03719873, -0.195444, 0.9066401, 5.84155
 24220308, 0.01763528, -0.2610685, -0.9040081, 0.07810804, -0.04313612, -0.1434186, -0.2436863, 0.03718013, -0.2073147, 0.8994458, 5.840384
 24420228, -0.1988576, -0.4273408, -0.7794451, 0.07807828, -0.08520317, -0.1052483, -0.2135085, 0.03718013, -0.210565, 0.8942789, 5.838631
 24620148, -0.2356245, -0.3091117, -0.5263571, 0.07807828, -0.07194048, -0.07620914, -0.1072613, 0.03718013, -0.2217018, 0.8915942, 5.838631
 24820901, -0.2994097, -0.2533239, -0.3912241, 0.0782332, -0.1432475, -0.09949184, -0.1245215, 0.03733505, -0.2365827, 0.8867568, 5.850215
 25020821, -0.4379351, -0.3496349, -0.3169311, 0.0782332, -0.1192267, -0.1115231, -0.03877747, 0.03718013, -0.2433048, 0.8856451, 5.850215
 25220741, -0.4812593, -0.3259338, -0.2337757, 0.07807828, -0.2083321, -0.09458394, -0.1318769, 0.03718013, -0.252866, 0.8818489, 5.838631
 25420661, -0.8502465, -0.2989359, -0.6524875, 0.07807828, -0.341261, -0.09550147, -0.3067028, 0.03718013, -0.2654338, 0.8716794, 5.838631
 25620581, -1.128331, -0.2900254, -0.9645823, 0.07807828, -0.3317089, -0.06859363, -0.2577862, 0.03718013, -0.2744402, 0.8629658, 5.838631
 25820501, -0.9951409, -0.1805389, -0.624535, 0.07807828, -0.2598128, -0.03637364, -0.1040399, 0.03718013, -0.282856, 0.8600602, 5.838631
 26020421, -0.6748959, -0.1059851, -0.07089747, 0.07807828, -0.1527088, -0.0230241, 0.07804284, 0.03718013, -0.2944678, 0.8626737, 5.838631
 26220341, -0.456609, -0.1027404, 0.2937121, 0.07808758, -0.1378352, -0.03496443, 0.1009418, 0.03719873, -0.3060381, 0.8656597, 5.839798
 26420261, -0.4579026, -0.1132747, 0.2735772, 0.07811734, -0.1470919, -0.0188825, 0.07457696, 0.03719873, -0.3143956, 0.867233, 5.84155
 26620181, -0.5194194, -0.09039754, 0.1475128, 0.07811734, -0.1817318, -0.0396997, 0.02167988, 0.03719873, -0.3243669, 0.866717, 5.84155
 26820934, -0.542585, -0.1468871, 0.1591176, 0.07827234, -0.1481194, -0.05549463, 0.07807644, 0.03735373, -0.3342341, 0.867782, 5.853141
 27020854, -0.428353, -0.1406602, 0.3336215, 0.07827234, -0.09608639, -0.02123301, 0.1452314, 0.03719873, -0.34167, 0.8708084, 5.853141
 27220774, -0.3861025, -0.07916158, 0.3496571, 0.07810804, -0.1321079, -0.02933015, 0.08621943, 0.03718013, -0.3502229, 0.8716217, 5.840384
 27420694, -0.3847707, -0.1034695, 0.3319281, 0.07807828, -0.1264586, -0.04335373, 0.08195487, 0.03718013, -0.3602331, 0.8721927, 5.838631
 27620614, -0.4766879, -0.1210217, 0.1170949, 0.07807828, -0.1623124, -0.04589849, -0.002883902, 0.03718013, -0.3696048, 0.8700051, 5.838631
 27820534, -0.5298373, -0.1095777, 0.009761147, 0.07807828, -0.1736342, -0.02000217, -0.01876185, 0.03718013, -0.3785382, 0.8679143, 5.838631
 28020454, -0.5847829, -0.05527144, -0.1084003, 0.07807828, -0.1751463, -0.01045441, 0.02169532, 0.03718013, -0.3860942, 0.865799, 5.838631
 28220374, -0.6140202, 0.01385839, 0.05086789, 0.07808758, -0.2055691, 0.02232277, 0.02643681, 0.03719873, -0.3932477, 0.8645937, 5.839798
 28420294, -0.6739606, 0.09741325, 0.1567604, 0.07811734, -0.2065481, 0.03199957, 0.09862558, 0.03719873, -0.4009022, 0.8648071, 5.84155
 28620214, -0.4088955, 0.03301612, 1.035482, 0.07811734, 0.03337836, 0.01957429, 0.7298926, 0.03719873, -0.3985517, 0.8814035, 5.84155
 28820967, 0.2754017, 0.3228799, 2.570113, 0.07827234, 0.1473084, 0.2005437, 0.8764703, 0.03735373, -0.4102873, 0.8929812, 5.853141
 29020887, 0.3793, 0.7102834, 2.435033, 0.07827234, 0.05904812, 0.2546378, 0.5052647, 0.03719873, -0.4408628, 0.8818464, 5.853141
 29220807, 0.06487047, 0.9094871, 0.9549211, 0.07810804, -0.04061786, 0.3036541, 0.01434591, 0.03718013, -0.4415512, 0.881026, 5.840384
 29420727, -0.220106, 0.8960441, -0.1816852, 0.07807828, -0.1002575, 0.2156719, -0.1047356, 0.03718013, -0.4236729, 0.8896362, 5.838631
 29620647, -0.3259694, 0.5724368, -0.09498093, 0.07807828, -0.1005392, 0.1033447, 0.09845465, 0.03718013, -0.4031557, 0.9016572, 5.838631
 29820567, -0.2961363, 0.2903544, 0.4887531, 0.07807828, -0.08894127, 0.08526368, 0.1888972, 0.03718013, -0.3861745, 0.9124724, 5.838631
 30020487, -0.2759703, 0.3269666, 0.5376756, 0.07807828, -0.08474875, 0.1097313, 0.1814596, 0.03718013, -0.369799, 0.9216532, 5.838631
 30220407, -0.2759844, 0.3885719, 0.4773589, 0.07807828, -0.1116176, 0.143495, 0.0998253, 0.03718013, -0.355877, 0.9286209, 5.838631
 30420327, -0.5557228, 0.5872243, 0.111285, 0.07807828, -0.2972661, 0.2535693, -0.09109475, 0.03718013, -0.3393492, 0.9347314, 5.838631
 30620247, -1.201885, 0.8924208, -0.5036349, 0.07807828, -0.4576881, 0.2899025, -0.1761794, 0.03718013, -0.3245755, 0.9386853, 5.838631
 30820167, -1.374216, 0.8044581, -0.2651758, 0.07807828, -0.361368, 0.1746144, 0.1159772, 0.03718013, -0.3123835, 0.9443722, 5.838631
 31020920, -0.9771433, 0.4344951, 0.7387966, 0.0782332, -0.2230717, 0.073566, 0.3932607, 0.03733505, -0.3021126, 0.951274, 5.850215
 31220840, -0.621308, 0.2070744, 1.295028, 0.0782332, -0.1571101, 0.06340395, 0.3810973, 0.03718013, -0.2885734, 0.9573226, 5.850215
 31420760, -0.468096, 0.1930655, 1.060681, 0.07807828, -0.1325015, 0.05895708, 0.2422042, 0.03718013, -0.2738895, 0.9616267, 5.838631
 31620680, -0.3824266, 0.1955737, 0.6136087, 0.07807828, -0.09711792, 0.05471724, 0.1325807, 0.03718013, -0.2581587, 0.9654435, 5.838631
 31820600, -0.2906167, 0.168585, 0.3526511, 0.07807828, -0.06464034, 0.05212659, 0.06383249, 0.03718013, -0.2409042, 0.9693568, 5.838631
 32020520, -0.2064269, 0.1570917, 0.1706936, 0.07807828, -0.05541662, 0.04516349, 0.05278973, 0.03718013, -0.2234351, 0.9730878, 5.838631
 32220440, -0.1559295, 0.0975735, 0.2124787, 0.07807828, -0.03158449, 0.01905268, 0.07412271, 0.03718013, -0.2062284, 0.9762928, 5.838631
 32420360, -0.1034295, 0.04576039, 0.2355607, 0.07807828, -0.02408838, 0.005079922, 0.08797777, 0.03718013, -0.1883411, 0.9792956, 5.838631
 32620280, -0.06844761, 0.005279808, 0.3138597, 0.07807828, -0.01207152, -0.0009486083, 0.1017613, 0.03718013, -0.1704743, 0.9818026, 5.838631
 32820200, -0.03875721, -0.01486856, 0.2252274, 0.07807828, -0.01287134, -0.01390815, 0.01272589, 0.03718013, -0.153674, 0.9842777, 5.838631
 33020953, -0.04635941, -0.05120769, 0.01195168, 0.0782332, -0.01334018, -0.01913967, -0.02539672, 0.03733505, -0.1390677, 0.9865324, 5.850215
 33220873, -0.05195324, -0.07373466, -0.0811023, 0.0782332, -0.01941513, -0.02513686, -0.02518552, 0.03718013, -0.1240856, 0.9886665, 5.850215
 33420793, -0.0552076, -0.08171427, -0.02549467, 0.07807828, -0.01096076, -0.03190358, 0.02206034, 0.03718013, -0.1105745, 0.9901763, 5.838631
 33620713, -0.03961984, -0.09568182, 0.08504182, 0.07807828, -0.01085454, -0.02801078, 0.02925236, 0.03718013, -0.09686089, 0.9914318, 5.838631
 33820633, -0.02968149, -0.1074114, 0.0458936, 0.07807828, -0.01208556, -0.0390866, -0.01537004, 0.03718013, -0.08599333, 0.9924527, 5.838631
 34020553, -0.02493466, -0.1245288, -0.0537186, 0.07807828, -0.005182564, -0.03258219, 0.003153874, 0.03718013, -0.07466538, 0.993494, 5.838631
 34220473, -0.01437387, -0.1533733, 0.03432425, 0.07807828, -0.007717364, -0.06297825, 0.01116392, 0.03718013, -0.06595905, 0.994048, 5.838631
 34420393, -0.01302917, -0.196714, 0.04923017, 0.07807828, -0.006210626, -0.05611077, 0.01215772, 0.03718013, -0.05586897, 0.9946138, 5.838631
 34620313, -0.003786532, -0.1821722, 0.01043889, 0.07807828, -0.00678216, -0.06191642, -0.01484325, 0.03718013, -0.04875704, 0.9951356, 5.838631
 34820233, -0.0200883, -0.1957862, -0.06758004, 0.07807828, 0.007282305, -0.05792769, -0.04294327, 0.03718013, -0.04011605, 0.9957432, 5.838631
 35020153, 0.004551467, -0.168167, -0.07993056, 0.07807828, 0.002054573, -0.04942553, -0.0120277, 0.03718013, -0.03372152, 0.9961224, 5.838631
 35220906, 0.004012635, -0.1929193, -0.04287935, 0.0782332, -0.002770295, -0.06289505, 0.01152011, 0.03733505, -0.02853848, 0.996376, 5.850215
 35420826, -0.00709327, -0.2077985, 0.001280019, 0.0782332, 0.0005446281, -0.06243038, -0.006553984, 0.03718013, -0.02140796, 0.9966412, 5.850215
 35620746, 0.01549455, -0.1767404, 0.03591342, 0.07807828, 0.003934025, -0.04571151, 0.03884802, 0.03718013, -0.01458975, 0.9966705, 5.838631
 35820666, 0.006239598, -0.170045, 0.003994009, 0.07807828, -0.002159071, -0.05496567, -0.01579196, 0.03718013, -0.01078039, 0.9969465, 5.838631
 36020586, 0.001483013, -0.195344, -0.01966888, 0.07807828, -0.003222404, -0.05711281, -0.01270634, 0.03718013, -0.00640757, 0.9970956, 5.838631
 36220506, -0.01327944, -0.2007883, -0.1390087, 0.07807828, -0.002662535, -0.0711624, -0.08030244, 0.03718013, -0.003637216, 0.9975134, 5.838631
 36420426, -0.01354135, -0.2222496, -0.150906, 0.07807828, -0.00605164, -0.06696684, -0.001823554, 0.03718013, -0.0003010235, 0.9976304, 5.838631
 36620346, -0.01271727, -0.1897452, 0.03381297, 0.07807828, 0.001202776, -0.0575635, 0.03961494, 0.03718013, 0.004192448, 0.9975008, 5.838631
 36820266, 0.00250588, -0.1902287, 0.0258896, 0.07807828, -0.001132047, -0.05893569, -0.01349472, 0.03718013, 0.006348484, 0.9976158, 5.838631
 37020186, -0.01013479, -0.1876476, -0.05970643, 0.07807828, -0.009953015, -0.05113093, -0.04045384, 0.03718013, 0.008560544, 0.9977844, 5.838631
 37220939, -0.02905323, -0.1842258, -0.1472314, 0.0782332, -0.00460518, -0.0636793, -0.04224315, 0.03733505, 0.008768802, 0.998007, 5.850215
 37420859, -0.02037116, -0.2112131, -0.1130506, 0.0782332, -0.001967626, -0.06885322, -0.03333255, 0.03718013, 0.00939803, 0.9981356, 5.850215
 37620779, -0.03010656, -0.194966, -0.0779267, 0.07807828, -0.01391495, -0.04136196, -0.004409075, 0.03718013, 0.01250813, 0.9981605, 5.838631
 37820699, -0.03265079, -0.1208351, -0.0212177, 0.07807828, -0.01605759, -0.02303198, -0.01268919, 0.03718013, 0.0144227, 0.9981762, 5.838631
 38020619, -0.04120351, -0.0964594, -0.0804631, 0.07807828, -0.01210059, -0.04341877, -0.03560949, 0.03718013, 0.01436037, 0.9983107, 5.838631
 38220539, -0.03786388, -0.1352401, -0.0642233, 0.07807828, -0.01912641, -0.0399916, 0.02117225, 0.03718013, 0.01576098, 0.998263, 5.838631
 38420459, -0.0452188, -0.1173828, 0.01689605, 0.07807828, -0.006673437, -0.03321618, -0.03809244, 0.03718013, 0.01875321, 0.9982818, 5.838631
 38620379, -0.03761271, -0.1016442, -0.1870312, 0.07807828, -0.01190916, -0.03994527, -0.08798874, 0.03718013, 0.01820556, 0.9985825, 5.838631
 38820299, -0.04911518, -0.1233323, -0.2438228, 0.07807828, -0.02104396, -0.03575566, -0.01643143, 0.03718013, 0.0193918, 0.998699, 5.838631
 39020219, -0.05080017, -0.1173135, 0.009563405, 0.07807828, -0.01277471, -0.04294443, 0.002853491, 0.03718013, 0.01905047, 0.9986317, 5.838631
 39220972, -0.04332661, -0.124074, -0.04591119, 0.0782332, -0.02066899, -0.02871214, -0.04810325, 0.03718013, 0.02078705, 0.998717, 5.850215
 39420892, -0.06966051, -0.09579749, -0.1747485, 0.0782332, -0.02575744, -0.03315063, -0.0520441, 0.03733505, 0.02037044, 0.9988668, 5.850215
 39620812, -0.07631306, -0.08772546, -0.07909323, 0.0782332, -0.01844971, -0.01264586, -0.02127416, 0.03718013, 0.02213458, 0.998836, 5.850215
 39820732, -0.07641992, -0.06170467, -0.03464012, 0.07807828, -0.0190541, -0.02370319, -0.02146091, 0.03718013, 0.02178002, 0.9988247, 5.838631
 40020652, -0.07562737, -0.07203627, -0.09890965, 0.07807828, -0.04403662, -0.01537104, -0.01538653, 0.03718013, 0.02207287, 0.9988857, 5.838631
 40220572, -0.09827061, -0.07136536, -0.08320583, 0.07807828, -0.02072106, -0.02434507, -0.04352144, 0.03718013, 0.02200687, 0.998965, 5.838631
 40420492, -0.06972124, -0.08330575, -0.1299731, 0.07807828, -0.02675385, -0.03764903, -0.0321477, 0.03718013, 0.02154503, 0.9990389, 5.838631
 40620412, -0.0759364, -0.1119862, -0.07286745, 0.07807828, -0.02678693, -0.0389229, -0.01842696, 0.03718013, 0.02081667, 0.9990819, 5.838631
 40820332, -0.06191593, -0.09572838, -0.05417482, 0.07807828, -0.01893017, -0.02292695, 0.001472456, 0.03718013, 0.02182945, 0.9990453, 5.838631
 41020252, -0.0613221, -0.06082172, 0.02877578, 0.07807828, -0.02089421, -0.007400241, 0.01241178, 0.03718013, 0.02160064, 0.9989936, 5.838631
 41220172, -0.0717507, -0.04166503, 0.06775419, 0.07807828, -0.01786994, -0.01541274, 0.03010575, 0.03718013, 0.02068053, 0.9989179, 5.838631
 41420925, -0.06844293, -0.05577944, -0.03197156, 0.0782332, -0.02383964, -0.007753305, -0.03679592, 0.03733505, 0.02125, 0.9989907, 5.850215
 41620845, -0.07359866, -0.0231843, -0.1016882, 0.0782332, -0.02929092, -0.005469129, -0.03695869, 0.03718013, 0.02083592, 0.9990625, 5.850215
 41820765, -0.08711755, -0.02820885, -0.1523203, 0.07807828, -0.01433417, -0.02151372, -0.03786889, 0.03718013, 0.01968984, 0.9991829, 5.838631
 42020685, -0.05566584, -0.05518301, -0.0722283, 0.07807828, -0.01650252, -0.005051062, -0.01641761, 0.03718013, 0.01984684, 0.9991779, 5.838631
 42220605, -0.05432433, -0.01194836, -0.01741525, 0.07807828, -0.01514927, 9.014855E-05, 0.0375789, 0.03718013, 0.01947798, 0.9991077, 5.838631
 42420525, -0.03519667, -0.003061516, 0.1140761, 0.07807828, -0.01281803, 8.967367E-05, -0.004045012, 0.03718013, 0.01914704, 0.9990544, 5.838631
 42620445, -0.06629772, -0.01415065, -0.05873348, 0.07807828, -0.02617866, -0.01811035, -0.03296611, 0.03718013, 0.01870434, 0.9991224, 5.838631
 42820365, -0.07658716, -0.02920272, -0.1175318, 0.07807828, -0.01595831, 0.0007055048, -0.02852958, 0.03718013, 0.01903398, 0.9991833, 5.838631
 43020285, -0.05231529, 0.01610519, -0.1161624, 0.07807828, -0.02399309, 0.01162712, -0.06109101, 0.03718013, 0.01990564, 0.9992536, 5.838631
 43220205, -0.06976507, 0.01396101, -0.1304167, 0.07807828, -0.02460764, -0.004986139, 0.0143095, 0.03718013, 0.01911911, 0.9992687, 5.838631
 43420958, -0.07930648, -0.007419512, 0.01706376, 0.0782332, -0.02251124, 0.001050939, -0.054609, 0.03733505, 0.01998392, 0.9992559, 5.850215
 43620878, -0.07407486, 0.03441648, -0.056269, 0.0782332, -0.02761781, 0.02707302, 0.01864279, 0.03718013, 0.02145003, 0.9991542, 5.850215
 43820798, -0.08294198, 0.1027023, 0.0299447, 0.07807828, -0.01378914, 0.02990076, -0.02579801, 0.03718013, 0.02249188, 0.9991224, 5.838631
 44020718, -0.06928823, 0.1274146, -0.0860017, 0.07807828, -0.01903916, 0.01974679, -0.01786566, 0.03718013, 0.02877591, 0.9989664, 5.838631
 44220638, -0.08533679, 0.5130452, -0.01608465, 0.07807828, -0.0282914, 0.3298107, 0.03134322, 0.03718013, 0.03211108, 0.9988824, 5.838631
 44420558, -0.08017828, 0.6307459, -0.008627328, 0.07807828, -0.01987777, -0.0279629, -0.0663038, 0.03718013, 0.02195038, 0.9992667, 5.838631
 44620478, -0.05557139, -0.3255313, -0.137365, 0.07807828, -0.01199198, -0.1970031, 0.03529109, 0.03718013, 0.03547998, 0.9987559, 5.838631
 44820398, -0.02065331, -0.5640477, 0.1695069, 0.07807828, -0.008812603, -0.127219, 0.04398131, 0.03718013, 0.04886894, 0.9980825, 5.838631
 45020318, -0.05263647, -0.2961194, 0.05050096, 0.07807828, -0.03072707, -0.04223142, -0.01461741, 0.03718013, 0.05131552, 0.9979834, 5.838631
 45220238, -0.07946695, -0.06424421, -0.05297838, 0.07807828, -0.0199512, 0.006491275, -0.05122729, 0.03718013, 0.04429456, 0.9983289, 5.838631
 45420158, -0.0634962, 0.01426476, -0.1488413, 0.07807828, -0.0245704, 0.0008789569, -0.02430468, 0.03718013, 0.038116, 0.9986305, 5.838631
 45620911, -0.06607166, -0.01833674, -0.04133092, 0.0782332, -0.008672891, -0.03089933, -0.002970297, 0.03733505, 0.03526527, 0.9987106, 5.850215
 45820831, -0.05274341, -0.112141, -0.03747132, 0.0782332, -0.01987112, -0.04194177, -0.01128117, 0.03718013, 0.03448955, 0.9987688, 5.850215
 46020751, -0.05939721, -0.1255099, 0.007477763, 0.07807828, -0.01845159, -0.0395229, 0.01139576, 0.03718013, 0.0335055, 0.9987268, 5.838631
 46220671, -0.06295935, -0.1111295, 0.02689335, 0.07807828, 0.0005294559, -0.0277743, -0.002529562, 0.03718013, 0.03192979, 0.9987364, 5.838631
 46420591, -0.02642902, -0.06873962, 0.08914669, 0.07807828, -0.004004426, -0.01552948, 0.01495488, 0.03718013, 0.02939494, 0.998668, 5.838631
 46620511, -0.0364881, -0.05889037, -0.002457533, 0.07807828, -0.008393154, -0.02366869, -0.001161206, 0.03718013, 0.02548724, 0.9987824, 5.838631
 46820431, -0.04798369, -0.07838682, -0.05830283, 0.07807828, -0.02063085, -0.02805455, -0.03426259, 0.03718013, 0.02282955, 0.9989184, 5.838631
 47020351, -0.05443501, -0.08022802, -0.02708763, 0.07807828, -0.0118235, -0.009592048, 0.05944239, 0.03718013, 0.02120978, 0.9988463, 5.838631
 47220271, -0.04389334, -0.03377401, 0.1258625, 0.07807828, -0.01503228, 0.005940794, -0.01296612, 0.03718013, 0.01896075, 0.998829, 5.838631
 47420191, -0.05274067, 0.001202466, -0.03239784, 0.07807828, -0.02429835, -0.005971987, -0.03516879, 0.03718013, 0.01592609, 0.9989184, 5.838631
 47620944, -0.0463017, -0.04794427, -0.08259308, 0.0782332, 0.0001581402, -0.01018106, 0.01537942, 0.03733505, 0.01305788, 0.9989515, 5.850215
 47820864, -0.007947585, -0.02104247, 0.003818387, 0.0782332, -0.00924394, -0.01400367, 0.003441959, 0.03718013, 0.01101232, 0.9989693, 5.850215
 48020784, -0.04135513, -0.05968779, 0.04702906, 0.07807828, -0.01647693, -0.02596663, 0.02307312, 0.03718013, 0.009573158, 0.998925, 5.838631
 48220704, -0.05511337, -0.07661606, 0.0336052, 0.07807828, -0.02240954, -0.02867629, -0.009002803, 0.03718013, 0.007353052, 0.9989409, 5.838631
 48420624, -0.04888168, -0.07232893, -0.08322579, 0.07807828, -0.01722438, -0.0263607, -0.01545364, 0.03718013, 0.004405272, 0.9990041, 5.838631
 48620544, -0.03723581, -0.08883591, 0.003740848, 0.07807828, -0.00354226, -0.02204358, -0.007359706, 0.03718013, 4.928666E-05, 0.9989425, 5.838631
 48820464, -0.02357287, -0.06601598, -0.01054635, 0.07807828, -0.002956533, -0.002411418, -0.002474653, 0.03718013, -0.00282521, 0.998936, 5.838631
 49020384, -0.03565399, -0.0191811, -0.03979772, 0.07807828, -0.008911313, -0.00997921, 0.03309394, 0.03718013, -0.006245074, 0.9988964, 5.838631
 49220304, -0.02807654, -0.01831953, 0.1350347, 0.07807828, -0.01041022, -0.005422907, 0.02091467, 0.03718013, -0.009758903, 0.9987031, 5.838631
 49420224, -0.02480791, -0.008342468, -0.01499324, 0.07807828, -0.01357441, 0.002264314, -0.04862089, 0.03718013, -0.01313529, 0.9987614, 5.838631
 49620977, -0.03520199, -0.007463859, -0.1248122, 0.0782332, -0.01797444, -0.009234245, -0.02852367, 0.03718013, -0.01638386, 0.998786, 5.850215
 49820897, -0.04128306, -0.01036351, -0.06836659, 0.0782332, -0.007059027, -0.001174524, 0.04236079, 0.03733505, -0.01974629, 0.9987015, 5.850215
 50020817, -0.03299904, -0.0100124, 0.05837316, 0.0782332, -0.01513856, 0.003486889, 0.003082377, 0.03718013, -0.02264697, 0.9986249, 5.850215
 50220737, -0.02818519, 0.02293923, 0.1131336, 0.07807828, -0.01032473, 0.006964037, 0.07411899, 0.03718013, -0.02557012, 0.9983154, 5.838631
 50420657, -0.02252337, 0.03067258, 0.08981329, 0.07807828, -0.009649546, 0.01439226, -0.01606689, 0.03718013, -0.02688175, 0.9983004, 5.838631
 50620577, -0.02935358, 0.04397443, -0.06677174, 0.07807828, -0.006231002, 0.01967272, -0.01747157, 0.03718013, -0.02894308, 0.9983281, 5.838631
 50820497, -0.02348236, 0.03990765, -0.06246154, 0.07807828, -0.00933353, -0.003077589, -0.03356782, 0.03718013, -0.03267943, 0.9982616, 5.838631
 51020417, -0.02741131, 0.009142034, -0.1125941, 0.07807828, -0.01423266, 0.007553612, -0.01842086, 0.03718013, -0.03421095, 0.9982861, 5.838631
 51220337, -0.0374439, 0.05823348, 0.003521594, 0.07807828, -0.01275011, 0.009897548, 0.04520019, 0.03718013, -0.035633, 0.9981249, 5.838631
 51420257, -0.03463855, 0.02910326, 0.09697388, 0.07807828, -0.01276936, -0.003523786, -0.009737029, 0.03718013, -0.03911169, 0.997933, 5.838631
 51620177, -0.0447451, 0.005189249, 0.06497067, 0.07807828, -0.0289319, -0.0005115399, 0.05137028, 0.03718013, -0.04166011, 0.997641, 5.838631
 51820930, -0.04776663, 0.01942007, 0.1067145, 0.0782332, -0.004172897, 0.009575458, 0.04669605, 0.03733505, -0.04243642, 0.9974878, 5.850215
 52020850, -0.02113841, 0.02093004, 0.1234401, 0.0782332, -0.007408265, -0.002109791, 0.02581689, 0.03718013, -0.04415974, 0.9972648, 5.850215
 52220770, -0.02357189, 0.02862915, 0.005031129, 0.07807828, -0.003598716, 0.02259324, -0.009324539, 0.03718013, -0.0448029, 0.9973037, 5.838631
 52420690, 0.0006956575, 0.05803648, -0.04729889, 0.07807828, 0.007669556, 0.006497923, -0.003321463, 0.03718013, -0.04942557, 0.9971063, 5.838631
 52620610, 0.002252168, -0.001526119, -0.03250213, 0.07807828, -0.00215723, 0.007667503, -0.03522522, 0.03718013, -0.0513676, 0.9970855, 5.838631
 52820530, -0.002776824, 0.0252116, -0.03997737, 0.07807828, -0.005434585, 0.003384513, 0.02604453, 0.03718013, -0.05265884, 0.9969614, 5.838631
 53020450, -0.01644978, 0.02123493, 0.07483429, 0.07807828, -0.00357436, -0.00161628, -0.02080457, 0.03718013, -0.05448529, 0.9968001, 5.838631
 53220370, -0.01260484, 0.01468971, -0.07294498, 0.07807828, -0.005123913, 0.0006062755, -0.02550726, 0.03718013, -0.05765948, 0.9967349, 5.838631
 53420290, -0.02334315, 0.02274641, -0.0857285, 0.07807828, -0.01124967, 0.01557047, 0.006594403, 0.03718013, -0.05851928, 0.9967284, 5.838631
 53620210, -0.02229684, 0.04368882, 0.01764388, 0.07807828, -0.003384327, -0.001253139, 0.03338432, 0.03718013, -0.06259899, 0.996424, 5.838631
 53820963, -0.01889729, -0.006835796, 0.009493902, 0.0782332, -0.01255445, 0.008412788, -0.0475261, 0.03733505, -0.06419777, 0.9964192, 5.850215
 54020883, -0.03005457, 0.01262136, -0.03379932, 0.0782332, -0.00530965, -0.00212928, 0.05713122, 0.03718013, -0.0678338, 0.9960567, 5.850215
 54220803, -0.004843943, 0.0037753, 0.07376409, 0.07807828, 0.001181017, 0.004413093, 0.03198402, 0.03718013, -0.0696773, 0.9958784, 5.838631
 54420723, 0.006043367, 0.03455161, 0.0898824, 0.07807828, -0.003979348, 0.01551174, 0.04317311, 0.03718013, -0.07112502, 0.9956604, 5.838631
 54620643, -0.01622271, 0.0598654, 0.005637021, 0.07807828, -0.004191628, 0.02451212, -0.03165476, 0.03718013, -0.07242047, 0.9956728, 5.838631
 54820563, -0.0162698, 0.03919113, -0.04390623, 0.07807828, -0.003336019, -0.00840866, -0.01041015, 0.03718013, -0.07677172, 0.9953559, 5.838631
 55020483, -0.001658068, -0.01489743, -0.02465722, 0.07807828, 0.007592194, 0.004654425, 0.02091601, 0.03718013, -0.07858634, 0.9951687, 5.838631
 55220403, 0.001223232, 0.02558514, 0.05566004, 0.07807828, -0.008780435, 0.01689545, 0.004742823, 0.03718013, -0.08101343, 0.9949533, 5.838631
 55420323, -0.03586772, 0.0343755, -0.06614345, 0.07807828, -0.00560616, 0.003625175, -0.01584354, 0.03718013, -0.08335651, 0.9948472, 5.838631
 55620243, -0.01728388, 0.04904252, -0.0005982185, 0.07807828, 0.00542109, 0.02160282, -0.00578296, 0.03718013, -0.08409644, 0.9947322, 5.838631
 55820163, -0.00209676, 0.05977439, -0.08065479, 0.07807828, 0.001405714, 0.01494788, -0.04400428, 0.03718013, -0.08717693, 0.9946101, 5.838631
 56020916, -0.001763251, 0.02426665, -0.09146324, 0.0782332, -0.002833337, -0.0005536265, 0.01733099, 0.03733505, -0.08956444, 0.9943815, 5.850215
 56220836, -0.01075171, 0.009961217, 0.09081215, 0.0782332, 0.003686795, 0.002886174, 0.07144977, 0.03718013, -0.09228648, 0.9939339, 5.850215
 56420756, 0.006235183, 0.01653606, 0.1374195, 0.07807828, 0.003070664, 0.008088117, -0.003036524, 0.03718013, -0.09457941, 0.9936609, 5.838631
 56620676, 0.002865619, 0.04875775, -0.05261173, 0.07807828, 0.0007019929, 0.0260654, -0.04177558, 0.03718013, -0.09426776, 0.9938101, 5.838631
 56820596, -0.007232944, 0.0630286, -0.07482068, 0.07807828, -0.003345128, 0.004796156, 0.02166549, 0.03718013, -0.09791011, 0.9934501, 5.838631
 57020516, -0.02161698, 0.03438181, -0.06312936, 0.07807828, 0.005322824, 0.01473205, -0.06863575, 0.03718013, -0.09895658, 0.9935665, 5.838631
 57220436, 0.005437658, 0.05316933, -0.1267997, 0.07807828, 0.0009671573, -0.003068512, -0.005243111, 0.03718013, -0.1015125, 0.9933068, 5.838631
 57420356, -0.009005086, -0.002494652, 0.01901725, 0.07807828, -0.003496761, 0.003762155, 0.01748625, 0.03718013, -0.1049095, 0.992875, 5.838631
 57620276, -0.01948873, 0.01273871, 0.07600135, 0.07807828, -0.01644616, 0.005195247, 0.0519884, 0.03718013, -0.1059034, 0.9925949, 5.838631
 57820196, -0.03311309, 0.03805446, 0.116941, 0.07807828, 0.002585014, 0.01909964, 0.01010605, 0.03718013, -0.1076174, 0.9923063, 5.838631
 58020949, 0.02150748, 0.07524408, 0.06008975, 0.0782332, 0.01015784, 0.03219539, 0.04221978, 0.03733505, -0.1100768, 0.9918895, 5.850215
 58220869, 0.03927693, 0.09535091, 0.1077631, 0.0782332, -0.00107482, 0.03394632, -0.00508677, 0.03718013, -0.1116233, 0.9916527, 5.850215
 58420789, 0.005184297, 0.09227948, -0.08843705, 0.07807828, -0.004289347, 0.02109402, -0.06979324, 0.03718013, -0.1143728, 0.9915804, 5.838631
 58620709, -0.009075692, 0.05367449, -0.198118, 0.07807828, 0.008708687, 0.007816338, -0.02773119, 0.03718013, -0.1153059, 0.9916524, 5.838631
 58820629, 0.01440753, 0.05766871, 0.01490605, 0.07807828, 0.0009043115, 0.03050469, 0.01906557, 0.03718013, -0.1146066, 0.9916052, 5.838631
 59020549, 0.0008305077, 0.1065733, 0.06401307, 0.07807828, -0.003956827, 0.02533836, 0.05632264, 0.03718013, -0.1156688, 0.9913318, 5.838631
 59220469, -0.006855731, 0.07484575, 0.11468, 0.07807828, -0.01061586, 0.01891038, -0.01494229, 0.03718013, -0.1170337, 0.9911012, 5.838631
 59420389, -0.01687442, 0.06323569, -0.008842459, 0.07807828, -0.00483668, 0.01750627, 0.02878601, 0.03718013, -0.1187304, 0.9908392, 5.838631
 59620309, 0.002456582, 0.05680222, 0.002712166, 0.07807828, 0.005932181, 0.03193335, 0.005542445, 0.03718013, -0.1185956, 0.9908727, 5.838631
 59820229, 0.01268174, 0.08968696, 0.0411358, 0.07807828, 0.0003523847, 0.01511095, -0.0177424, 0.03718013, -0.1203761, 0.990639, 5.838631
 60020149, -0.01029134, 0.02182513, -0.09290674, 0.07807828, -0.006101199, -0.00575207, -0.06277157, 0.03718013, -0.1234158, 0.9904301, 5.838631
 60220902, -0.007831924, 0.03097061, -0.1027494, 0.0782332, 0.01816602, 0.01679886, 0.03199955, 0.03733505, -0.1221481, 0.9905487, 5.850215
 60420822, 0.03593705, 0.05731526, 0.1141842, 0.0782332, 0.01410537, 0.01597977, 0.04499628, 0.03718013, -0.12332, 0.9902375, 5.850215
 60620742, 0.01927704, 0.05026759, 0.08130147, 0.07807828, -0.00133035, 0.0134782, 0.01542733, 0.03718013, -0.1255115, 0.9899256, 5.838631
 60820662, -0.004227285, 0.03913886, -0.0174753, 0.07807828, 0.009196297, 0.009219583, -0.0199038, 0.03718013, -0.1266602, 0.98984, 5.838631
 61020582, 0.02698099, 0.05198327, -0.0004950524, 0.07807828, -0.001370966, 0.03245777, 0.03831904, 0.03718013, -0.1267162, 0.9897379, 5.838631
 61220502, 0.003766807, 0.08093689, 0.02734578, 0.07807828, 0.005835308, 0.01825956, -0.04216338, 0.03718013, -0.1287002, 0.989589, 5.838631
 61420422, 0.01655742, 0.03702553, -0.0002790354, 0.07807828, 0.01691598, 0.003825761, 0.08288986, 0.03718013, -0.1304968, 0.9891267, 5.838631
 61620342, 0.02508054, 0.01827972, 0.1392862, 0.07807828, 0.006271886, 0.007917533, 0.006636729, 0.03718013, -0.1306039, 0.9890686, 5.838631
 61820262, 0.006392308, 0.04732293, -0.0586756, 0.07807828, 0.002313749, 0.03285849, -0.0421343, 0.03718013, -0.1305325, 0.9892598, 5.838631
 62020182, 0.00505084, 0.09961563, -0.09246548, 0.07807828, 0.006537682, 0.03824762, 0.002983521, 0.03718013, -0.1308893, 0.9892589, 5.838631
 62220935, 0.02322153, 0.09884515, -0.04892457, 0.0782332, 0.01733066, 0.02285982, -0.02776585, 0.03733505, -0.1327189, 0.9891527, 5.850215
 62420855, 0.02818578, 0.05347491, -0.08757888, 0.0782332, -0.000627219, 0.01481639, -0.006941402, 0.03718013, -0.132066, 0.9893011, 5.850215
 62620775, -0.006873664, 0.06900293, 0.1078088, 0.07807828, -0.00415479, 0.01488089, 0.07081965, 0.03718013, -0.1316356, 0.9890338, 5.838631
 62820695, -0.009534813, 0.03585978, 0.1570443, 0.07807828, -0.007731955, 0.002550919, 0.005113749, 0.03718013, -0.1342538, 0.9885794, 5.838631
 63020615, -0.006578756, 0.01124327, -0.01716389, 0.07807828, -0.002793947, 0.01128854, -0.03134942, 0.03718013, -0.1342793, 0.9886377, 5.838631
 63220535, -0.004469887, 0.04131892, -0.1257687, 0.07807828, 0.0006443128, 0.01910696, -0.03074398, 0.03718013, -0.1350852, 0.9887037, 5.838631
 63420455, 0.01345386, 0.05949729, -0.08173452, 0.07807828, 0.009909241, 0.01264037, -0.03019879, 0.03718013, -0.1359278, 0.9886599, 5.838631
 63620375, 0.02501656, 0.04609862, -0.03237322, 0.07807828, 0.003152152, 0.01214657, 0.002677228, 0.03718013, -0.137092, 0.9884748, 5.838631
 63820295, 0.0003121123, 0.03995411, 0.05563138, 0.07807828, 0.003861795, 0.01347858, 0.04484538, 0.03718013, -0.1368152, 0.988355, 5.838631
 64020215, 0.02515408, 0.05746026, 0.1327906, 0.07807828, 0.01473901, 0.02281883, 0.03796784, 0.03718013, -0.1382068, 0.9879727, 5.838631
 64220968, 0.02362555, 0.03084159, 0.06077058, 0.0782332, -0.004783184, 0.005814001, -0.01833124, 0.03733505, -0.1401906, 0.9877189, 5.850215
 64420888, -0.0003070319, 0.01969089, -0.1283574, 0.0782332, 0.01348209, 0.01602363, -0.04631163, 0.03718013, -0.1410284, 0.9878585, 5.850215
 64620808, 0.0223326, 0.04245622, -0.1004651, 0.07807828, -0.008070351, 0.01395158, -0.01237384, 0.03718013, -0.1408068, 0.9879602, 5.838631
 64820728, -0.008376611, 0.03900971, -0.02198675, 0.07807828, -0.001997858, 0.01017402, 0.01140882, 0.03718013, -0.1429482, 0.9876511, 5.838631
 65020648, -0.001757832, 0.04074595, 0.04455569, 0.07807828, -0.01114253, 0.01238779, 0.04489189, 0.03718013, -0.142954, 0.9875325, 5.838631
 65220568, -0.001687807, 0.04609307, 0.1051524, 0.07807828, -0.001069279, -0.003323488, 0.001909064, 0.03718013, -0.1443532, 0.9872251, 5.838631
 65420488, -0.002637945, 0.02041635, 0.01287519, 0.07807828, 7.182466E-05, 0.01631634, 0.01138651, 0.03718013, -0.1446378, 0.9871232, 5.838631
 65620408, 0.01215121, 0.04465362, 0.03421248, 0.07807828, 0.004503201, 0.01600839, 0.002258923, 0.03718013, -0.1456879, 0.9869534, 5.838631
 65820328, 0.02409976, 0.03711599, -0.008129708, 0.07807828, 0.000745898, 0.01615288, 0.02568428, 0.03718013, -0.1462269, 0.9868777, 5.838631
 66020248, -0.0002759885, 0.03924223, -0.01507911, 0.07807828, 0.01407781, 0.003569569, -0.005276476, 0.03718013, -0.1473476, 0.9868329, 5.838631
 66220168, 0.02926383, 0.04481356, 0.012027, 0.07807828, 0.01362833, 0.02677397, 0.01737796, 0.03718013, -0.1471256, 0.9867815, 5.838631
 66420921, 0.03718551, 0.06564549, 0.02888069, 0.0782332, 0.01043052, 0.02055806, -0.005109497, 0.03733505, -0.1474255, 0.9867529, 5.850215
 66620841, 0.01174354, 0.04706752, -0.01321192, 0.0782332, -0.002512636, 0.0043092, -0.0003678757, 0.03718013, -0.1493066, 0.9864968, 5.850215
 66820761, 0.0008458912, 0.003180787, 0.02230043, 0.07807828, 0.003501504, 0.001567731, 0.01954918, 0.03718013, -0.1503433, 0.9862376, 5.838631
 67020681, 0.02416666, 0.01813162, 0.04778915, 0.07807828, 0.005745961, 0.01713299, 0.01587509, 0.03718013, -0.1505437, 0.9861707, 5.838631
 67220601, 0.02702477, 0.04964374, -0.02386691, 0.07807828, 0.01346809, 0.01196245, -0.01628987, 0.03718013, -0.151376, 0.9861479, 5.838631
 67420521, 0.03116723, 0.0412773, -0.09174798, 0.07807828, 0.0002329907, 0.01302871, -0.01802334, 0.03718013, -0.1521933, 0.9862113, 5.838631
 67620441, 0.002277525, 0.02861308, -0.06540534, 0.07807828, -0.006444361, 0.005482316, 0.03603294, 0.03718013, -0.1533039, 0.9860504, 5.838631
 67820361, -0.005632862, 0.01274615, 0.1300146, 0.07807828, -0.002346054, -0.001056583, 0.03774363, 0.03718013, -0.1546231, 0.9856642, 5.838631
 68020281, -0.01516454, -0.008560764, 0.05781887, 0.07807828, -0.004804811, -0.01454116, -0.005519852, 0.03718013, -0.1567666, 0.9853026, 5.838631
 68220201, -0.00286085, -0.02575852, -0.003923601, 0.07807828, -0.004301812, 0.0005164471, -0.03136209, 0.03718013, -0.157397, 0.9852357, 5.838631
 68420954, -0.01966945, 0.0294639, -0.1787429, 0.0782332, -0.001789212, 0.02924201, -0.05321234, 0.03733505, -0.158004, 0.9854259, 5.850215
 68620874, 0.0009319219, 0.05851589, -0.05532813, 0.0782332, -0.003599604, 0.01085478, -0.002708782, 0.03718013, -0.1591032, 0.9851969, 5.850215
 68820794, -0.0007728175, 0.04930512, -0.02667565, 0.07807828, 0.002571364, 0.01791472, -0.02462603, 0.03718013, -0.1597355, 0.9851345, 5.838631
 69020714, 0.007822523, 0.0457147, -0.01158194, 0.07807828, 0.008851086, 0.007864048, 0.06210875, 0.03718013, -0.1609103, 0.9847617, 5.838631
 69220634, 0.01825709, 0.01071869, 0.189418, 0.07807828, 0.008978332, -0.01616887, 0.05018029, 0.03718013, -0.1635007, 0.9840879, 5.838631
 69420554, 0.02517016, -0.01978153, 0.1332556, 0.07807828, -0.0008712501, 0.0001239839, -0.004595825, 0.03718013, -0.1638078, 0.9839659, 5.838631
 69620474, 0.01979064, 0.02813762, -0.05301263, 0.07807828, 0.002085584, 0.02926674, -0.001661303, 0.03718013, -0.1624437, 0.9842775, 5.838631
 69820394, 0.01249316, 0.07600223, -0.01223226, 0.07807828, 0.01955709, 0.01423643, 0.02281154, 0.03718013, -0.1640693, 0.984009, 5.838631
 70020314, 0.01973458, 0.02377101, -0.01081795, 0.07807828, -0.01273831, 0.004832546, -0.05879205, 0.03718013, -0.1662996, 0.9838102, 5.838631
 70220234, -0.02075783, 0.005888907, -0.1008079, 0.07807828, -0.0009657929, 0.004494938, 0.007649031, 0.03718013, -0.1665876, 0.9837726, 5.838631
 70420154, 0.007820689, 0.02638122, 0.01615808, 0.07807828, 0.008250207, -0.0088974, 0.02434062, 0.03718013, -0.1681641, 0.983451, 5.838631
 70620907, 0.01898676, 0.00114336, 0.02742872, 0.0782332, 0.004848834, 0.005024969, 0.03384266, 0.03733505, -0.1687638, 0.9833278, 5.850215
 70820827, 0.01668746, 0.0239623, 0.02430939, 0.0782332, 0.001796314, 0.007636585, -0.01059595, 0.03718013, -0.1694165, 0.9832872, 5.850215
 71020747, 0.00526326, 0.008391922, 0.02267376, 0.07807828, -0.006517407, -0.007123839, 0.04468283, 0.03718013, -0.1727816, 0.9825489, 5.838631
 71220667, -0.01562489, -0.01945798, 0.1005892, 0.07807828, -0.01019481, 0.007806312, -0.042457, 0.03718013, -0.1729221, 0.9825446, 5.838631
 71420587, -0.0270589, 0.04051876, -0.1911328, 0.07807828, -0.005765587, 0.02348654, -0.05698956, 0.03718013, -0.1728252, 0.9828601, 5.838631
 71620507, -0.01545304, 0.06260324, -0.1307958, 0.07807828, -0.001138023, 0.022441, -0.009397275, 0.03718013, -0.1741621, 0.9826722, 5.838631
 71820427, 0.009758593, 0.04600929, 0.06104115, 0.07807828, 0.007955938, -0.0002995186, 0.05249803, 0.03718013, -0.1759943, 0.9821263, 5.838631
 72020347, 0.02303521, -0.01502338, 0.1201747, 0.07807828, 0.003649372, -0.01300027, 0.04449237, 0.03718013, -0.178777, 0.9814909, 5.838631
 72220267, 0.008198591, -0.01770326, 0.09084347, 0.07807828, -0.005050611, -0.004432384, -0.0058597, 0.03718013, -0.1798079, 0.9812868, 5.838631
 72420187, -0.008703506, 0.003129426, -0.04181673, 0.07807828, 0.004669454, 0.004806535, -0.04983872, 0.03718013, -0.1801309, 0.9813623, 5.838631
 72620940, 0.01654445, 0.02405177, -0.06677264, 0.0782332, 0.006150529, 0.00945637, 0.01491304, 0.03733505, -0.180861, 0.9811645, 5.850215
 72820860, 0.01681819, 0.03514785, 0.02898793, 0.0782332, 0.001102906, 0.007173753, 0.03132959, 0.03718013, -0.1820796, 0.9808837, 5.850215
 73020780, 0.0154246, 0.02175196, 0.0835325, 0.07807828, 0.007732992, 0.01670681, -0.01747271, 0.03718013, -0.1827716, 0.9807189, 5.838631
 73220700, 0.01377963, 0.02864254, -0.04670537, 0.07807828, -0.0009686588, 0.0003711296, -0.008446842, 0.03718013, -0.1845806, 0.9804347, 5.838631
 73420620, -0.008576737, 0.01775619, -0.04283278, 0.07807828, 0.00513658, 0.008257794, 0.001449577, 0.03718013, -0.1846328, 0.9805084, 5.838631
 73620540, -0.009221594, 0.01298479, -0.03844111, 0.07807828, -0.007327658, 0.0001212588, 0.00732882, 0.03718013, -0.1873879, 0.9800062, 5.838631
 73820460, -0.006093367, -0.004660962, 0.07293162, 0.07807828, 0.009714073, -0.008002715, 0.03132358, 0.03718013, -0.1892453, 0.9794607, 5.838631
 74020380, 0.02383164, -0.006414204, 0.05751844, 0.07807828, 0.007458242, 0.01246897, 0.01790742, 0.03718013, -0.1893307, 0.9794156, 5.838631
 74220300, 0.02149769, 0.03176351, -0.1048361, 0.07807828, 0.002402566, 0.00931809, -0.06723488, 0.03718013, -0.1924049, 0.9791766, 5.838631
 74420220, 0.005242542, 0.004404799, -0.0998189, 0.07807828, 0.001243833, -0.002304383, 0.04519076, 0.03718013, -0.193286, 0.9789547, 5.838631
 74620973, 0.01445266, 0.02559189, 0.1280821, 0.0782332, 0.01618838, 0.01546516, 0.03798395, 0.03718013, -0.1935962, 0.9787259, 5.850215
 74820893, 0.03179881, 0.02829115, 0.1010244, 0.0782332, 0.008112323, -8.497371E-05, -0.002182947, 0.03733505, -0.1955068, 0.978262, 5.850215
 75020813, 0.01648351, 0.001955646, -0.04251375, 0.0782332, -0.003018596, -0.0009815058, 0.01020233, 0.03718013, -0.1964998, 0.9781482, 5.850215
 75220733, -0.004315986, 0.01643147, -0.06650741, 0.07807828, 0.002844959, 0.0121771, -0.03733199, 0.03718013, -0.1973409, 0.978162, 5.838631
 75420653, 0.005753013, 0.02541418, -0.07338279, 0.07807828, -0.002097262, 0.009728367, 0.02097597, 0.03718013, -0.1995349, 0.9776996, 5.838631
 75620573, -0.002410082, 0.03708232, 0.09161165, 0.07807828, 0.0001279021, 0.01328669, 0.001475983, 0.03718013, -0.200322, 0.9774021, 5.838631
 75820493, -0.006395426, 0.03640818, 0.01515396, 0.07807828, 0.00092044, 0.001850037, -0.005474475, 0.03718013, -0.2014954, 0.9771762, 5.838631
 76020413, -0.001304352, 0.01455806, -0.07578433, 0.07807828, -0.001279009, 0.02482165, 0.003861408, 0.03718013, -0.2018636, 0.977177, 5.838631
 76220333, 0.005869273, 0.05270087, -0.01245916, 0.07807828, -0.003630806, 0.007168149, 0.02082402, 0.03718013, -0.2036663, 0.9767952, 5.838631
 76420253, -0.002410177, -0.005394832, 0.06347912, 0.07807828, 0.009663512, -0.01405592, 0.03191844, 0.03718013, -0.2069056, 0.9759964, 5.838631
 76620173, 0.0174714, -0.02355014, 0.09692119, 0.07807828, 0.002439405, 0.003763054, -0.005701644, 0.03718013, -0.2073955, 0.9758152, 5.838631
 76820926, 0.01727188, -0.001514265, 0.04338428, 0.0782332, 0.001944935, -0.00701378, 0.04252553, 0.03733505, -0.2092753, 0.9752432, 5.850215
 77020846, 0.02279224, 0.009884778, 0.04328631, 0.0782332, -0.000776457, 0.009884902, -0.004046919, 0.03718013, -0.2096175, 0.9752424, 5.850215
 77220766, 0.006820663, 0.03617593, -0.05504573, 0.07807828, 0.003746983, 0.004114753, -0.04226643, 0.03718013, -0.2112912, 0.975035, 5.838631
 77420686, 0.008763237, 0.009965478, -0.08287296, 0.07807828, 0.001968502, 0.001293315, 0.01822343, 0.03718013, -0.2141698, 0.9744355, 5.838631
 77620606, 0.001735563, -0.001948948, -0.002583358, 0.07807828, -0.005677181, -0.008089207, -0.05848642, 0.03718013, -0.2156845, 0.9742345, 5.838631
 77820526, -0.001628006, 0.001397551, -0.1193516, 0.07807828, 0.002187348, 0.009474888, -0.009995179, 0.03718013, -0.2174049, 0.9738995, 5.838631
 78020446, -0.009466902, 0.02873598, -0.04080032, 0.07807828, -0.007663461, 0.01344494, -0.001637281, 0.03718013, -0.2178864, 0.973841, 5.838631
 78220366, -0.03177388, 0.03345409, 0.03602155, 0.07807828, -0.006680384, -0.005039237, 0.02390124, 0.03718013, -0.2191896, 0.9734104, 5.838631
 78420286, -0.01407234, 0.004511735, 0.0598563, 0.07807828, 0.003034272, 0.01248184, -0.01313037, 0.03718013, -0.2203526, 0.9730846, 5.838631
 78620206, 0.00720787, 0.02334834, -0.02283789, 0.07807828, 0.01102182, -0.004670387, 0.007221575, 0.03718013, -0.2221688, 0.9726527, 5.838631
 78820959, 0.02822452, 0.01482119, -0.02774375, 0.0782332, 0.006817126, 0.01356059, 0.02026874, 0.03733505, -0.2231391, 0.9724448, 5.850215
 79020879, 0.01104435, 0.0268591, 0.1783186, 0.0782332, 0.002065738, 0.01042786, 0.04027424, 0.03718013, -0.2247781, 0.971743, 5.850215
 79220799, -0.002669959, 0.02409796, -0.00754029, 0.07807828, 0.004416874, 0.01256022, -0.05291996, 0.03718013, -0.2253022, 0.9718099, 5.838631
 79420719, 0.01098992, 0.02477677, -0.1134052, 0.07807828, 0.006522775, 0.004222436, -0.0219612, 0.03718013, -0.2269559, 0.9715168, 5.838631
 79620639, 0.01587023, 0.02338575, -0.02906034, 0.07807828, -0.0024594, 0.009437476, 0.02450449, 0.03718013, -0.2279276, 0.9712318, 5.838631
 79820559, 0.01232596, 0.03807187, 0.07470395, 0.07807828, 0.01588084, 0.004965343, 0.03109803, 0.03718013, -0.2289163, 0.970868, 5.838631
 80020479, 0.03234937, 0.005737632, 0.02302241, 0.07807828, -0.002103774, -0.01123923, -0.0380953, 0.03718013, -0.2323073, 0.9701557, 5.838631
 80220399, -0.008552575, -0.009682725, -0.07555804, 0.07807828, -0.006094187, 0.009683223, -0.02603977, 0.03718013, -0.2333066, 0.9700133, 5.838631
 80420319, -0.005742047, 0.04258725, -0.08984198, 0.07807828, 0.000180083, 0.02260916, -0.03531521, 0.03718013, -0.2323803, 0.970362, 5.838631
 80620239, 0.008276076, 0.04663336, -0.009259455, 0.07807828, 0.005080204, -0.0002196029, 0.03256296, 0.03718013, -0.2346144, 0.9696836, 5.838631
 80820159, 0.01723834, 0.00369205, 0.03113262, 0.07807828, -0.007400293, 0.0001792578, -0.03984373, 0.03718013, -0.235941, 0.9694588, 5.838631
 81020912, -0.003242516, 0.004139788, -0.05461264, 0.0782332, 0.002297878, -0.002921499, 0.008509032, 0.03733505, -0.2373283, 0.9690891, 5.850215
 81220832, -0.003413248, 0.01019998, -0.07902718, 0.0782332, -0.01045304, 0.0130184, -0.07409459, 0.03718013, -0.2389591, 0.9689657, 5.850215
 81420752, -0.02982062, 0.01286042, -0.132787, 0.07807828, -0.001383293, 0.007158939, 0.01194152, 0.03718013, -0.2398658, 0.9687474, 5.838631
 81620672, 0.008245002, 0.02593833, 0.1056324, 0.07807828, 0.01002034, 0.008839676, 0.0713167, 0.03718013, -0.2418669, 0.9679698, 5.838631
 81820592, 0.01815118, 0.01010763, 0.1663199, 0.07807828, -0.002546001, -0.005216953, 0.008881066, 0.03718013, -0.243709, 0.9673649, 5.838631
 82020512, -0.01400492, -0.007348148, 0.07747615, 0.07807828, -0.002693273, 0.0004299947, 0.02308151, 0.03718013, -0.245612, 0.9667157, 5.838631
 82220432, 0.0005568645, -0.002284243, -0.02212647, 0.07807828, 0.01354505, 0.001999195, -0.07132632, 0.03718013, -0.2474051, 0.9664752, 5.838631
 82420352, 0.01658968, 0.001788405, -0.09553742, 0.07807828, -0.00176178, 0.008450108, -0.004026614, 0.03718013, -0.2493242, 0.9659493, 5.838631
 82620272, 0.002931811, 0.01724257, -0.02331957, 0.07807828, 0.002290304, 0.004448282, 0.007486876, 0.03718013, -0.2508909, 0.9655687, 5.838631
 82820192, 0.01144357, 0.03200129, -0.0317833, 0.07807828, 0.003550176, 0.007909362, -0.06157719, 0.03718013, -0.2508867, 0.9657249, 5.838631
 83020945, 0.009873481, 0.03281658, -0.1179161, 0.0782332, -0.001069223, 0.002296335, -0.02682745, 0.03733505, -0.2532526, 0.965196, 5.850215
 83220865, 0.007632376, 0.02704259, -0.04741635, 0.07823878, 0.01185501, 0.01757904, 0.003938434, 0.03719873, -0.2539884, 0.9649853, 5.8508
 83420785, 0.02231954, 0.03115187, 0.08946849, 0.07811734, 0.009429997, -0.01056553, 0.03009021, 0.03719873, -0.256004, 0.9642481, 5.84155
 83620705, 0.007276416, -0.02046245, 0.07683026, 0.07811734, -0.01682956, -0.0007148937, 0.01467013, 0.03719873, -0.2573373, 0.9638094, 5.84155
 83820625, -0.02591655, 0.005586592, 0.08900911, 0.07811734, 0.003533541, 0.002322065, 0.02809135, 0.03719873, -0.2589249, 0.9632174, 5.84155
 84020545, 0.01918666, -0.001905409, -0.02895998, 0.07811734, 0.008709671, 0.01085131, -0.05689023, 0.03719873, -0.260309, 0.9630462, 5.84155
 84220465, 0.01147316, 0.01949126, -0.1741783, 0.07811176, -0.01262775, -0.001575062, -0.07804103, 0.03718013, -0.2626036, 0.9626946, 5.840967
 84420385, -0.04262719, 0.005109204, -0.110963, 0.07807828, -0.01617187, -0.004644878, 0.002905541, 0.03718013, -0.2647514, 0.9621125, 5.838631
 84620305, -0.03852361, 0.01083601, -0.01691706, 0.07807828, -0.00692612, 0.02243572, 0.006930057, 0.03718013, -0.2652785, 0.9619631, 5.838631
 84820225, -0.02780861, 0.03673084, 0.05195151, 0.07807828, -0.006743832, 0.007660667, 0.04442888, 0.03718013, -0.2673671, 0.9612082, 5.838631
 85020145, -0.0121873, 0.03404239, 0.1169926, 0.07807828, 0.005331552, 0.02413648, 0.008274868, 0.03718013, -0.2674417, 0.9610668, 5.838631
 85220898, 0.01103221, 0.04572818, -0.06561737, 0.0782332, 0.007301053, -0.0007431202, -0.0178035, 0.03733505, -0.270065, 0.9604956, 5.850215
 85420818, 0.01712286, -0.01237919, -0.04581598, 0.0782332, 0.01057707, -0.01588458, 0.02312412, 0.03718013, -0.272094, 0.9599445, 5.850215
 85620738, 0.03073185, -0.01006081, 0.100456, 0.07807828, 0.01861028, 0.01608056, 0.04200952, 0.03718013, -0.2720497, 0.9597681, 5.838631
 85820658, 0.05002705, 0.04552948, 0.1378415, 0.07807828, 0.01451073, 0.01367641, 0.03768567, 0.03718013, -0.2733547, 0.9592288, 5.838631
 86020578, 0.030647, 0.03385002, -0.003783219, 0.07807828, 0.004885096, 0.02436274, -0.0294986, 0.03718013, -0.2742374, 0.9591658, 5.838631
 86220498, 0.01607792, 0.03631415, -0.09543672, 0.07807828, -0.0002151939, 0.001514699, -0.01997292, 0.03718013, -0.2765944, 0.9586498, 5.838631
 86420418, -0.00657739, 0.00851869, -0.07384432, 0.07807828, -0.0006839518, -0.003898552, 0.01157555, 0.03718013, -0.2778107, 0.9583687, 5.838631
 86620338, 0.01196308, 0.002109222, 0.02633684, 0.07807828, -0.007290134, 0.006736123, 0.02593042, 0.03718013, -0.2789742, 0.9579732, 5.838631
 86820258, 0.001243327, 0.01825096, 0.09971492, 0.07807828, 0.001134121, 0.00431362, 0.01306192, 0.03718013, -0.2799334, 0.9575499, 5.838631
 87020178, 0.00834026, 0.01133385, 0.03625143, 0.07807828, 0.007212274, 0.0008708643, 0.005555219, 0.03718013, -0.2813424, 0.9570994, 5.838631
 87220931, 0.007429902, 0.01533554, -0.03484711, 0.0782332, 0.00331797, 0.007517003, -0.06804498, 0.03733505, -0.2825544, 0.9569721, 5.850215
 87420851, 4.732725E-05, 0.02245974, -0.2041643, 0.0782332, 0.001670628, 0.006866516, -0.04721183, 0.03718013, -0.2850951, 0.9564105, 5.850215
 87620771, 0.006399476, 0.005421694, 0.001015261, 0.07807828, -0.001147312, 0.002129451, 0.03854935, 0.03718013, -0.2864885, 0.9557898, 5.838631
 87820691, -0.003681922, 0.01335557, 0.08206535, 0.07807828, -0.007122009, 0.01044582, -0.03381168, 0.03718013, -0.2884433, 0.955175, 5.838631
 88020611, 0.001226047, 0.02965622, -0.02582188, 0.07807828, 0.005977218, 0.0242775, 0.05867184, 0.03718013, -0.2885534, 0.9550017, 5.838631
 88220531, 0.01169056, 0.03993883, 0.0573507, 0.07808387, -0.005829898, -0.003775077, -0.0404056, 0.03719873, -0.2906767, 0.9545018, 5.839214
 88420451, -0.01851447, 0.0231745, -0.07831092, 0.07811734, -0.008463929, 0.006268029, -0.01272017, 0.03719873, -0.2916866, 0.9542424, 5.84155
 88620371, -0.01438273, 0.007015046, -0.06202761, 0.07811734, -0.0001448588, 0.007029976, -0.03522941, 0.03719873, -0.2927549, 0.9540067, 5.84155
 88820291, 0.004163738, 0.01465295, -0.03257047, 0.07811734, 0.008042753, 0.002836218, 0.005702026, 0.03719873, -0.2943124, 0.953449, 5.84155
 89020211, 0.01998098, 0.01634115, 0.07934446, 0.07811734, 0.004358419, 0.0133259, 0.04301505, 0.03719873, -0.2951142, 0.9529974, 5.84155
 89220964, 0.01618326, 0.01833824, 0.07999962, 0.07826667, 0.008173164, 0.002697246, 0.01455473, 0.03733505, -0.2980796, 0.9520314, 5.852556
 89420884, 0.01976986, 0.007334684, -0.02010104, 0.0782332, 0.003607367, 0.005486448, -0.005528145, 0.03718013, -0.2995951, 0.9516785, 5.850215
 89620804, -0.00687238, 0.006614461, -0.02081037, 0.07807828, -0.01727607, 0.01068628, 0.009190124, 0.03718013, -0.3001601, 0.9515316, 5.838631
 89820724, -0.02691681, 0.03989178, -0.005885783, 0.07807828, -0.002437129, 0.01703442, 0.002145481, 0.03718013, -0.3010442, 0.9512751, 5.838631
 90020644, 0.005168315, 0.02794069, 0.008717587, 0.07807828, -0.002312641, 0.002276216, -0.005668184, 0.03718013, -0.3029019, 0.950653, 5.838631
 90220564, -0.01176154, 0.002028411, -0.04218486, 0.07807828, -0.003362526, 8.276221E-05, 0.001945671, 0.03718013, -0.3053071, 0.9499224, 5.838631
 90420484, -0.02032338, 0.006962371, 0.02480205, 0.07807828, 0.002854349, 0.001413826, -0.01248156, 0.03718013, -0.3061602, 0.9496275, 5.838631
 90620404, 0.01497285, 0.009766647, 0.01563302, 0.07807828, 0.004582204, -0.002157418, 0.05338211, 0.03718013, -0.3071823, 0.9491661, 5.838631
 90820324, 0.01952951, 0.005192413, 0.03909259, 0.07807828, -0.0004014257, -0.005288937, -0.03372626, 0.03718013, -0.3089363, 0.948709, 5.838631
 91020244, 0.004412766, -0.002347913, -0.0144026, 0.07807828, 0.002211776, 0.007049773, 0.02665197, 0.03718013, -0.3103218, 0.9481658, 5.838631
 91220164, 0.0002304069, 0.007268074, 0.02244934, 0.07807828, 0.01394508, 0.006025213, 0.01451217, 0.03718013, -0.3123775, 0.947498, 5.838631
 91420917, 0.02225813, 0.006348016, 0.0303808, 0.0782332, 0.009345155, 0.006391007, 0.004569599, 0.03733505, -0.3131235, 0.9472708, 5.850215
 91620837, 0.01538848, 0.03560372, -0.07190417, 0.0782332, -0.0003089682, 0.01206259, 0.00733597, 0.03718013, -0.3143408, 0.947024, 5.850215
 91820757, 0.0008683514, 0.03504268, -0.008925433, 0.07807828, 0.0003594629, 0.008549429, -0.01394381, 0.03718013, -0.3158677, 0.9465622, 5.838631
 92020677, 0.004698379, 0.01915564, -0.033159, 0.07807828, 0.0002837476, 0.01203028, 0.004734338, 0.03718013, -0.3170569, 0.9461709, 5.838631
 92220597, 0.001740321, 0.02420174, 0.05356756, 0.07807828, -0.005391288, 0.003701757, 0.0360154, 0.03718013, -0.3182913, 0.9456158, 5.838631
 92420517, -0.003546279, 0.004571478, 0.06466968, 0.07807828, 0.002975805, -0.007010825, 0.01721227, 0.03718013, -0.3209583, 0.9446547, 5.838631
 92620437, -0.001566032, -0.02008216, 0.03261349, 0.07807828, -0.00120504, 0.002036496, -0.02869211, 0.03718013, -0.3218783, 0.9443763, 5.838631
 92820357, 0.006907015, 0.03808949, -0.09899276, 0.07807828, 0.008079938, 0.01796708, -0.03482626, 0.03718013, -0.322724, 0.9442253, 5.838631
 93020277, 0.01362979, 0.03313895, -0.003564483, 0.07807828, -0.003148566, 0.00576951, 0.01059108, 0.03718013, -0.3236878, 0.943815, 5.838631
 93220197, 0.01555574, 0.05704387, -0.001045866, 0.07808387, 0.0001103079, 0.03177227, -0.001114399, 0.03719873, -0.3235602, 0.9438726, 5.839214
 93420950, 0.00985172, 0.05280991, 0.0598831, 0.07827234, -0.006934475, 0.007808139, 0.03085188, 0.03735373, -0.3264238, 0.9427139, 5.853141
 93620870, -0.0278043, 0.00632925, 0.02006272, 0.07827234, -0.01077749, -0.0001500334, -0.04525701, 0.03719873, -0.3271336, 0.9425639, 5.853141
 93820790, -0.0208609, 0.007188049, -0.1251133, 0.07811734, -0.003265725, -0.004512698, -0.03529881, 0.03719873, -0.3293002, 0.9419569, 5.84155
 94020710, -0.00623324, -0.002053924, -0.04714932, 0.07811734, 0.01176272, 0.00474329, 0.006124907, 0.03719873, -0.3299082, 0.9417122, 5.84155
 94220630, 0.01329179, 0.005442356, 0.02142121, 0.07811176, 0.003813225, -0.002676164, 0.03459319, 0.03718013, -0.3322064, 0.9408311, 5.840967
 94420550, -0.0009746006, -0.01674968, 0.1047875, 0.07807828, -0.002943173, -0.01200181, 0.06299493, 0.03718013, -0.3339569, 0.9400027, 5.838631
 94620470, 0.02009357, -0.007156348, 0.1954826, 0.07807828, 0.006513909, 0.000404503, 0.04055394, 0.03718013, -0.3346607, 0.9394876, 5.838631
 94820390, 0.024594, 0.01897784, -0.01153838, 0.07807828, 0.007203408, 0.0062248, -0.0311539, 0.03718013, -0.3357878, 0.9392911, 5.838631
 95020310, 0.01913729, 0.01479833, -0.05509313, 0.07807828, 0.003081543, 0.007350219, -0.03795812, 0.03718013, -0.3368495, 0.9389996, 5.838631
 95220230, 0.01394406, 0.02645403, -0.1591571, 0.07807828, 0.0008543946, 0.003511988, -0.05072147, 0.03718013, -0.3386238, 0.9386324, 5.838631
 95420150, -0.005790999, -0.0009084542, -0.1191362, 0.07807828, -0.003755414, -0.004755878, -0.03031185, 0.03718013, -0.3413255, 0.9378029, 5.838631
 95620903, -0.01789862, -0.01486613, -0.09542764, 0.0782332, -0.008630928, -0.007413451, -0.02321827, 0.03733505, -0.3424413, 0.9375022, 5.850215
 95820823, -0.001079685, 0.02035939, 0.05225404, 0.0782332, 0.007428416, 0.02304748, 0.0676428, 0.03718013, -0.3421539, 0.9373369, 5.850215
 96020743, 0.007859316, 0.04750574, 0.1320754, 0.07807828, -0.007342262, 0.005676072, 0.01486918, 0.03718013, -0.3439369, 0.9365785, 5.838631
 96220663, -0.02039339, 0.02964234, 0.02540779, 0.07807828, -0.005476, -0.002640015, 0.003807642, 0.03718013, -0.3459248, 0.9358438, 5.838631
 96420583, -0.008878617, 0.01022478, -0.06240234, 0.07807828, -0.003291059, 0.01827195, -0.04171476, 0.03718013, -0.3461356, 0.9359348, 5.838631
 96620503, -0.005880961, 0.04149593, -0.1049302, 0.07807828, 0.002245916, 0.01128125, -0.02700087, 0.03718013, -0.3471801, 0.9356056, 5.838631
 96820423, 0.0008435245, 0.05597278, 0.03645222, 0.07807828, 0.003981136, 0.02445624, -0.009498324, 0.03718013, -0.3460292, 0.9359061, 5.838631
 97020343, 0.01184115, 0.07185365, 0.001101796, 0.07807828, 0.008834844, 0.002618999, -0.008484211, 0.03718013, -0.3480217, 0.9351134, 5.838631
 97220263, 0.01712596, 0.0128007, 0.05667152, 0.07807828, -0.002520804, -0.001955609, 0.04057558, 0.03718013, -0.3481329, 0.93486, 5.838631
 97420183, -0.008089694, -0.007064895, 0.02915175, 0.07807828, 0.005562088, -0.01610963, -0.004698494, 0.03718013, -0.3500921, 0.9341852, 5.838631
 97620936, 0.00226919, -0.03187846, 0.01726327, 0.0782332, 0.002594074, -0.01936963, 0.02171948, 0.03733505, -0.3517123, 0.9335051, 5.850215
 97820856, 0.004647565, -0.03511806, 0.03925603, 0.0782332, 0.002382589, 0.007852693, 0.008506041, 0.03718013, -0.3533223, 0.9328985, 5.850215
 98020776, -0.000310306, 0.008598504, -0.0007533496, 0.07807828, 0.007380727, 0.007015652, -0.01677004, 0.03718013, -0.353614, 0.9328348, 5.838631
 98220696, 0.01198645, 0.03094088, -0.01937341, 0.07808387, -0.008569351, 0.001703594, -0.03126848, 0.03719873, -0.3557498, 0.932064, 5.839214
 98420616, -0.01235605, 0.0008330491, -0.1549758, 0.07811734, 0.005099944, -0.007142307, -0.06297185, 0.03719873, -0.3580689, 0.9314547, 5.84155
 98620536, -0.008030776, 0.02200384, -0.108554, 0.07811734, -0.0034174, 0.002776667, 0.02666741, 0.03719873, -0.3576703, 0.9316013, 5.84155
 98820456, 0.001084314, 0.04257112, 0.0549949, 0.07811734, 0.002135871, 0.007339887, 0.02157721, 0.03719873, -0.3579663, 0.9313807, 5.84155
 99020376, 0.01389789, 0.03237728, 0.06663129, 0.07811734, -0.0001093606, 0.007981212, -0.03599377, 0.03719873, -0.3596362, 0.9307111, 5.84155
 99220296, 0.004660437, 0.006049249, -0.09719098, 0.07811176, 0.00228863, -0.002824589, -0.007691929, 0.03718013, -0.3609344, 0.9302855, 5.840967
 99420216, 0.01341365, -0.001031739, 0.02161246, 0.07807828, 0.007977792, 0.004515057, 0.05680863, 0.03718013, -0.3610052, 0.9300993, 5.838631
 99620969, 0.02663569, 0.01013058, 0.05566567, 0.0782332, -0.00297643, 0.005704566, -0.0244809, 0.03733505, -0.3620839, 0.9297963, 5.850215
 99820889, 0.01243604, 0.03140887, 0.0005597379, 0.0782332, 0.004257072, 0.002906712, 0.02530487, 0.03718013, -0.363383, 0.9291996, 5.850215
 100020809, 0.02112266, 0.0166654, 0.05383668, 0.07807828, 0.01458935, -0.0001814235, 0.005310985, 0.03718013, -0.3638389, 0.9289888, 5.838631
 100220729, 0.02450234, 0.0128345, 0.007192919, 0.07807828, -0.004914838, -0.001590694, 0.003114503, 0.03718013, -0.3657396, 0.9282487, 5.838631
 100420649, 0.001294519, 0.006716548, -0.03439663, 0.07807828, 0.01021141, 0.01547364, -0.01340091, 0.03718013, -0.3653904, 0.9285226, 5.838631
 100620569, 0.009479111, 0.01660043, -0.1178737, 0.07807828, -0.01052658, -0.009208703, -0.04456787, 0.03718013, -0.3684813, 0.9275501, 5.838631
 100820489, -0.03232357, -0.03055061, -0.09031115, 0.07807828, -0.009363725, -0.01651048, -0.01377823, 0.03718013, -0.3696648, 0.9271429, 5.838631
 101020409, -0.02616203, -0.02457246, 0.05579024, 0.07807828, -0.006262961, 0.0008492141, 0.04080818, 0.03718013, -0.3714092, 0.9261981, 5.838631
 101220329, -0.01464983, 0.02025142, 0.09047383, 0.078082, 0.00178746, 0.02001338, 0.007119954, 0.03719873, -0.3706743, 0.9264143, 5.838922
 101420249, 0.01259745, 0.05693833, 0.05001578, 0.07811734, 0.008377037, 0.02018802, -0.01506365, 0.03719873, -0.3711636, 0.9261444, 5.84155
 101620169, 0.008314339, 0.03594128, -0.03287352, 0.07811734, 8.961549E-05, -0.002266334, 0.02277026, 0.03719873, -0.3733469, 0.9252438, 5.84155
 101820922, 0.004026759, 0.0002853775, -0.01418323, 0.07827234, -0.0001043479, -0.00353309, -0.02513998, 0.03735373, -0.3744793, 0.9249185, 5.853141
 102020842, 0.001526946, -0.0006812399, -0.08161311, 0.07827234, -0.001849877, -0.00596429, -0.008391647, 0.03719873, -0.3765475, 0.9241559, 5.853141
 102220762, -0.006487683, -0.01108843, 0.05717435, 0.07811362, -0.004255702, 0.004385212, 0.0415854, 0.03718013, -0.3769329, 0.9238081, 5.841259
 102420682, -0.0117119, 0.02001884, 0.1284123, 0.07807828, -0.01403681, 0.0003446273, 0.0418263, 0.03718013, -0.3785328, 0.9229749, 5.838631
 102620602, -0.01934746, 0.01796781, 0.02683732, 0.07807828, -0.002524492, 0.0006465202, -0.01039232, 0.03718013, -0.3786858, 0.922974, 5.838631
 102820522, 0.008972538, 0.01801276, -0.03509647, 0.07807828, 0.008757609, 0.009112047, 0.005431672, 0.03718013, -0.3801765, 0.9223775, 5.838631
 103020442, 0.02198732, 0.03079892, -0.02110321, 0.07807828, -0.001207476, 0.005592501, -0.03912514, 0.03718013, -0.3817984, 0.9218289, 5.838631
 103220362, 0.007121655, 0.0003950017, -0.03935291, 0.078082, 0.01155983, 0.000433358, 0.01059528, 0.03719873, -0.3817473, 0.9217811, 5.838922
 103420282, 0.02363648, 0.02309261, -0.003279814, 0.07811734, -0.004714063, 0.008221579, 0.002015166, 0.03719873, -0.3826666, 0.9214598, 5.84155
 103620202, -0.001172919, 0.0136052, -0.006253925, 0.07811734, 0.01117243, -0.0002510169, -0.01570493, 0.03719873, -0.3839384, 0.9209694, 5.84155
 103820955, 0.01030439, 0.006873178, -0.08014091, 0.07827234, -0.003890408, 0.01393998, -0.03685632, 0.03735373, -0.3841004, 0.9210273, 5.853141
 104020875, 0.005455549, 0.02682544, 0.05330892, 0.07827234, -0.002215786, -0.01037893, 0.07617487, 0.03719873, -0.3859432, 0.9199181, 5.853141
 104220795, 0.005822486, -0.009755925, 0.1053146, 0.07811362, 0.001935429, 0.01523244, -0.03531912, 0.03718013, -0.3851448, 0.9203213, 5.841259
 104420715, 0.01256664, 0.04126908, -0.07641675, 0.07807828, -0.01374834, -0.0007295372, -0.007303939, 0.03718013, -0.3869988, 0.9196067, 5.838631
 104620635, -0.02743286, -0.007353027, -0.02183053, 0.07807828, -0.0001659921, 0.004863274, -0.03344914, 0.03718013, -0.3885768, 0.9190069, 5.838631
 104820555, -0.004969568, -0.002720582, -0.09458151, 0.07807828, -0.008965428, -0.002985079, -0.03060566, 0.03718013, -0.3909247, 0.9181397, 5.838631
 105020475, -0.00968424, -0.01209168, -0.03770162, 0.07807828, -0.006565554, -0.00596513, 0.04687722, 0.03718013, -0.3913399, 0.9178414, 5.838631
 105220395, -0.01160701, -0.01041166, 0.1206244, 0.07807828, -0.008727259, -0.00662068, -0.02611298, 0.03718013, -0.3935658, 0.9168617, 5.838631
 105420315, -0.03312413, -0.0203104, -0.06390543, 0.07807828, 0.005890378, -0.004484848, 0.00986782, 0.03718013, -0.3951807, 0.9161924, 5.838631
 105620235, -0.00082, -0.01442104, -0.02464567, 0.07807828, -0.005793649, 0.006858456, -0.0280637, 0.03718013, -0.3965481, 0.915724, 5.838631
 105820155, -0.0183654, -0.003362341, -0.01723877, 0.07807828, -0.004099273, -0.0155627, 0.05898547, 0.03718013, -0.3985032, 0.9147393, 5.838631
 106020908, -0.003163188, -0.02157586, 0.1146586, 0.0782332, 0.001519861, -0.00515731, 0.0096947, 0.03733505, -0.3989127, 0.9144585, 5.850215
 106220828, 0.007116498, 0.002498072, 0.06777254, 0.07823692, -0.003515381, -0.004992841, 0.0203956, 0.03719873, -0.4001647, 0.9137654, 5.850507
 106420748, 0.009823579, 0.008327994, 0.04811289, 0.07811734, 0.006194956, 0.005031131, 0.01543248, 0.03719873, -0.4012585, 0.9132339, 5.84155
 106620668, 0.0266368, 0.02807145, -0.01948367, 0.07811734, 0.0002701513, 0.005208834, -0.0191527, 0.03719873, -0.401396, 0.9132993, 5.84155
 106820588, 0.02057211, 0.043497, -0.06498345, 0.07811734, 0.008533699, 0.01084993, -0.02810698, 0.03719873, -0.4021358, 0.913084, 5.84155
 107020508, 0.01402802, 0.01324556, -0.02941887, 0.07811734, -0.004946029, -0.007158422, -0.01370072, 0.03719873, -0.4039274, 0.9123117, 5.84155
 107220428, -0.01486851, -0.02079574, -0.0602834, 0.07811362, 0.002145814, 0.004025127, -0.01656318, 0.03718013, -0.4052157, 0.9118432, 5.841259
 107420348, -0.006524553, 0.006923092, -0.07977887, 0.07807828, -0.009963954, -0.01306206, -0.03506211, 0.03718013, -0.4065999, 0.911382, 5.838631
 107620268, -0.03366302, 0.003287767, -0.08062725, 0.07807828, -0.01167899, 0.01695649, 0.00878364, 0.03718013, -0.4072121, 0.9110929, 5.838631
 107820188, -0.0321477, 0.03152708, 0.1273926, 0.07807828, -0.01052269, 0.003392856, 0.05534923, 0.03718013, -0.4088096, 0.9100686, 5.838631
 108020941, -0.01350047, 0.0403334, 0.07052416, 0.0782332, 0.02328406, 0.05276424, -0.07033666, 0.03733505, -0.4127809, 0.9083751, 5.850215
 108220861, -0.5518641, 0.0717755, -0.2573201, 0.07823692, -0.6821756, -0.01049204, -0.05872675, 0.03719873, -0.432465, 0.8991883, 5.850507
 108420781, -2.699059, -0.111894, 0.03257831, 0.07811734, -1.014243, -0.07019531, 0.1207369, 0.03719873, -0.4393457, 0.8938327, 5.84155
 108620701, -3.262321, -0.3334991, 0.505337, 0.07811734, -1.018762, -0.1762429, 0.1990721, 0.03719873, -0.4538629, 0.8813787, 5.84155
 108820621, -3.278245, -0.7937426, 0.6488568, 0.07811734, -1.036511, -0.3604279, 0.1844655, 0.03719873, -0.4918645, 0.8552619, 5.84155
 109020541, -3.373244, -1.358605, 0.2998306, 0.07811734, -1.090545, -0.5211156, -0.07920033, 0.03719873, -0.5656428, 0.8077351, 5.84155
 109220461, -3.517419, -1.663173, -0.5997708, 0.07811362, -1.093197, -0.4780988, -0.3408653, 0.03718013, -0.6598215, 0.7357813, 5.841259
