TimeUS,CGpN,CGpE,CGpD,CGpe,PGpN,PGpE,PGpD,PGpe
 8425795, 0, 0, 0, 2.5, 0, 0, 0, 0
 8606556, 0, 0, 0, 2.5, 0, 0, 0, 2.5
 8806476, 0, 0, 0, 2.5, 0, 0, 0, 2.5
 9006396, 0, 0, 0, 2.5, 0, 0, 0, 2.5
 9206316, 0, 0, 0, 2.5, 0, 0, 0, 2.5
 9406236, 0, 0, 0, 2.5, 0, 0, 0, 2.5
 9606156, 0, 0, 0, 2.5, 0, 0, 0, 2.5
 9806076, 0, 0, 0, 2.5, 0, 0, 0, 2.5
 10005996, 0, 0, 0, 2.5, 0, 0, 0, 2.5
 10205916, 0, 0, 0, 2.5, 0, 0, 0, 2.5
 10405836, 0, 0, 0, 2.5, 0, 0, 0, 2.5
 10606589, 0, 0, 0, 2.5, 0, 0, 0, 2.5
 10806509, 0, 0, 0, 2.5, 0, 0, 0, 2.5
 11006429, 0, 0, 0, 2.5, 0, 0, 0, 2.5
 11206349, 0, 0, 0, 2.5, 0, 0, 0, 2.5
 11406269, 0, 0, 0, 2.5, 0, 0, 0, 2.5
 11606189, 0, 0, 0, 2.5, 0, 0, 0, 2.5
 11806109, 0, 0, 0, 2.5, 0, 0, 0, 2.5
 12006029, 0, 0, 0, 2.5, 0, 0, 0, 2.5
 12205949, 0, 0, 0, 2.5, 0, 0, 0, 2.5
 12405869, 0, 0, 0, 2.5, 0, 0, 0, 2.5
 12605789, 0, 0, 0, 2.5, 0, 0, 0, 2.5
 12806542, 0, 0, 0, 2.5, 0, 0, 0, 2.5
 13006462, 0, 0, 0, 2.5, 0, 0, 0, 2.5
 13206382, 0, 0, 0, 2.5, 0, 0, 0, 2.5
 13406302, 0, 0, 0, 2.5, 0, 0, 0, 2.5
 13606222, 0, 0, 0, 2.5, 0, 0, 0, 2.5
 13806142, 0, 0, 0, 2.5, 0, 0, 0, 2.5
 14006062, 0, 0, 0, 2.5, 0, 0, 0, 2.5
 14205982, 0, 0, 0, 2.5, 0, 0, 0, 2.5
 14405902, 0, 0, 0, 2.5, 0, 0, 0, 2.5
 14605822, 0, 0, 0, 2.5, 0, 0, 0, 2.5
 14806575, 0, 0, 0, 2.5, 0, 0, 0, 2.5
 15006495, 0, 0, 0, 2.5, 0, 0, 0, 2.5
 15206415, 0, 0, 0, 2.5, 0, 0, 0, 2.5
 15406335, 0, 0, 0, 2.5, 0, 0, 0, 2.5
 15606255, 0, 0, 0, 2.5, 0, 0, 0, 2.5
 15806175, 0, 0, 0, 2.5, 0, 0, 0, 2.5
 16006095, 0, 0, 0, 2.5, 0, 0, 0, 2.5
 16206015, 0, 0, 0, 2.5, 0, 0, 0, 2.5
 16405935, 0, 0, 0, 2.5, 0, 0, 0, 2.5
 16605855, 0, 0, 0, 2.5, 0, 0, 0, 2.5
 16805775, 0, 0, 0, 2.5, 0, 0, 0, 2.5
 17006528, 0, 0, 0, 2.5, 0, 0, 0, 2.5
 17206448, 0, 0, 0, 2.5, 0, 0, 0, 2.5
 17406368, 0, 0, 0, 2.5, 0, 0, 0, 2.5
 17606288, 0, 0, 0, 2.5, 0, 0, 0, 2.5
 17806208, 0, 0, 0, 2.5, 0, 0, 0, 2.5
 18006128, 0, 0, 0, 2.5, 0, 0, 0, 2.5
 18206048, 0, 0, 0, 2.5, 0, 0, 0, 2.5
 18405968, 0, 0, 0, 2.5, 0, 0, 0, 2.5
 18605888, 0, 0, 0, 2.5, 0, 0, 0, 2.5
 18805808, 0, 0, 0, 2.5, 0, 0, 0, 2.5
 19006561, 0, 0, 0, 2.5, 0, 0, 0, 2.5
 19206481, 0, 0, 0, 2.5, 0, 0, 0, 2.5
 19406401, 0, 0, 0, 2.5, 0, 0, 0, 2.5
 19606321, 0, 0, 0, 2.5, 0, 0, 0, 2.5
 19806241, 0, 0, 0, 2.5, 0, 0, 0, 2.5
 20006161, 0, 0, 0, 2.5, 0, 0, 0, 2.5
 20206081, 0, 0, 0, 2.5, 0, 0, 0, 2.5
 20406001, 0, 0, 0, 2.5, 0, 0, 0, 2.5
 20605921, 0, 0, 0, 2.5, 0, 0, 0, 2.5
 20805841, 0, 0, 0, 2.5, 0, 0, 0, 2.5
 21005761, 0, 0, 0, 2.5, 0, 0, 0, 2.5
 21206514, 0, 0, 0, 2.5, 0, 0, 0, 2.5
 21406434, 0, 0, 0, 2.5, 0, 0, 0, 2.5
 21606354, 0, 0, 0, 2.5, 0, 0, 0, 2.5
 21806274, 0, 0, 0, 2.5, 0, 0, 0, 2.5
 22006194, 0, 0, 0, 2.5, 0, 0, 0, 2.5
 22206114, 0, 0, 0, 2.5, 0, 0, 0, 2.5
 22406034, 0, 0, 0, 2.5, 0, 0, 0, 2.5
 22605954, 0, 0, 0, 2.5, 0, 0, 0, 2.5
 22805874, 0, 0, 0, 2.5, 0, 0, 0, 2.5
 23005794, 0, 0, 0, 2.5, 0, 0, 0, 2.5
 23206547, 0, 0, 0, 2.5, 0, 0, 0, 2.5
 23406467, 0, 0, 0, 2.5, 0, 0, 0, 2.5
 23606387, 0, 0, 0, 2.5, 0, 0, 0, 2.5
 23806307, 0, 0, 0, 2.5, 0, 0, 0, 2.5
 24006227, 0, 0, 0, 2.5, 0, 0, 0, 2.5
 24206147, 0, 0, 0, 2.5, 0, 0, 0, 2.5
 24406067, 0, 0, 0, 2.5, 0, 0, 0, 2.5
 24605987, 0, 0, 0, 2.5, 0, 0, 0, 2.5
 24805907, 0, 0, 0, 2.5, 0, 0, 0, 2.5
 25005827, 0, 0, 0, 2.5, 0, 0, 0, 2.5
 25206580, 0, 0, 0, 2.5, 0, 0, 0, 2.5
 25406500, 0, 0, 0, 2.5, 0, 0, 0, 2.5
 25606420, 0, 0, 0, 2.5, 0, 0, 0, 2.5
 25806340, 0, 0, 0, 2.5, 0, 0, 0, 2.5
 26006260, 0, 0, 0, 2.5, 0, 0, 0, 2.5
 26206180, 0, 0, 0, 2.5, 0, 0, 0, 2.5
 26406100, 0, 0, 0, 2.5, 0, 0, 0, 2.5
 26606020, 0, 0, 0, 2.5, 0, 0, 0, 2.5
 26805940, 0, 0, 0, 2.5, 0, 0, 0, 2.5
 27005860, 0, 0, 0, 2.5, 0, 0, 0, 2.5
 27205780, 0, 0, 0, 2.5, 0, 0, 0, 2.5
 27406533, 0, 0, 0, 2.5, 0, 0, 0, 2.5
 27606453, 0, 0, 0, 2.5, 0, 0, 0, 2.5
 27806373, 0, 0, 0, 2.5, 0, 0, 0, 2.5
 28006293, 0, 0, 0, 2.5, 0, 0, 0, 2.5
 28206213, 0, 0, 0, 2.5, 0, 0, 0, 2.5
 28406133, 0, 0, 0, 2.5, 0, 0, 0, 2.5
 28606053, 0, 0, 0, 2.5, 0, 0, 0, 2.5
 28805973, 0, 0, 0, 2.5, 0, 0, 0, 2.5
 29005893, 0, 0, 0, 2.5, 0, 0, 0, 2.5
 29205813, 0, 0, 0, 2.5, 0, 0, 0, 2.5
 29406566, 0, 0, 0, 2.5, 0, 0, 0, 2.5
 29606486, 0, 0, 0, 2.5, 0, 0, 0, 2.5
 29806406, 0, 0, 0, 2.5, 0, 0, 0, 2.5
 30006326, 0, 0, 0, 2.5, 0, 0, 0, 2.5
 30206246, 0, 0, 0, 2.5, 0, 0, 0, 2.5
 30406166, 0, 0, 0, 2.5, 0, 0, 0, 2.5
 30606086, 0, 0, 0, 2.5, 0, 0, 0, 2.5
 30806006, 0, 0, 0, 2.5, 0, 0, 0, 2.5
 31005926, 0, 0, 0, 2.5, 0, 0, 0, 2.5
 31205846, 0, 0, 0, 2.5, 0, 0, 0, 2.5
 31405766, 0, 0, 0, 2.5, 0, 0, 0, 2.5
 31606519, 0, 0, 0, 2.5, 0, 0, 0, 2.5
 31806439, 0, 0, 0, 2.5, 0, 0, 0, 2.5
 32006359, 0, 0, 0, 2.5, 0, 0, 0, 2.5
 32206279, 0, 0, 0, 2.5, 0, 0, 0, 2.5
 32406199, 0, 0, 0, 2.5, 0, 0, 0, 2.5
 32606119, 0, 0, 0, 2.5, 0, 0, 0, 2.5
 32806039, 0, 0, 0, 2.5, 0, 0, 0, 2.5
 33005959, 0, 0, 0, 2.5, 0, 0, 0, 2.5
 33205879, 0, 0, 0, 2.5, 0, 0, 0, 2.5
 33405799, 0, 0, 0, 2.5, 0, 0, 0, 2.5
 33606552, 0, 0, 0, 2.5, 0, 0, 0, 2.5
 33806472, 0, 0, 0, 2.5, 0, 0, 0, 2.5
 34006392, 0, 0, 0, 2.5, 0, 0, 0, 2.5
 34206312, 0, 0, 0, 2.5, 0, 0, 0, 2.5
 34406232, 0, 0, 0, 2.5, 0, 0, 0, 2.5
 34606152, 0, 0, 0, 2.5, 0, 0, 0, 2.5
 34806072, 0, 0, 0, 2.5, 0, 0, 0, 2.5
 35005992, 0, 0, 0, 2.5, 0, 0, 0, 2.5
 35205912, 0, 0, 0, 2.5, 0, 0, 0, 2.5
 35405832, 0, 0, 0, 2.5, 0, 0, 0, 2.5
 35606585, 0, 0, 0, 2.5, 0, 0, 0, 2.5
 35806505, 0, 0, 0, 2.5, 0, 0, 0, 2.5
 36006425, 0, 0, 0, 2.5, 0, 0, 0, 2.5
 36206345, 0, 0, 0, 2.5, 0, 0, 0, 2.5
 36406265, 0, 0, 0, 2.5, 0, 0, 0, 2.5
 36606185, 0, 0, 0, 2.5, 0, 0, 0, 2.5
 36806105, 0, 0, 0, 2.5, 0, 0, 0, 2.5
 37006025, 0, 0, 0, 2.5, 0, 0, 0, 2.5
 37205945, 0, 0, 0, 2.5, 0, 0, 0, 2.5
 37405865, 0, 0, 0, 2.5, 0, 0, 0, 2.5
 37605785, 0, 0, 0, 2.5, 0, 0, 0, 2.5
 37806538, 0, 0, 0, 2.5, 0, 0, 0, 2.5
 38006458, 0, 0, 0, 2.5, 0, 0, 0, 2.5
 38206378, 0, 0, 0, 2.5, 0, 0, 0, 2.5
 38406298, 0, 0, 0, 2.5, 0, 0, 0, 2.5
 38606218, 0, 0, 0, 2.5, 0, 0, 0, 2.5
 38806138, 0, 0, 0, 2.5, 0, 0, 0, 2.5
 39006058, 0, 0, 0, 2.5, 0, 0, 0, 2.5
 39205978, 0, 0, 0, 2.5, 0, 0, 0, 2.5
 39405898, 0, 0, 0, 2.5, 0, 0, 0, 2.5
 39605818, 0, 0, 0, 2.5, 0, 0, 0, 2.5
 39806571, 0, 0, 0, 2.5, 0, 0, 0, 2.5
 40006491, 0, 0, 0, 2.5, 0, 0, 0, 2.5
 40206411, 0, 0, 0, 2.5, 0, 0, 0, 2.5
 40406331, 0, 0, 0, 2.5, 0, 0, 0, 2.5
 40606251, 0, 0, 0, 2.5, 0, 0, 0, 2.5
 40806171, 0, 0, 0, 2.5, 0, 0, 0, 2.5
 41006091, 0, 0, 0, 2.5, 0, 0, 0, 2.5
 41206011, 0, 0, 0, 2.5, 0, 0, 0, 2.5
 41405931, 0, 0, 0, 2.5, 0, 0, 0, 2.5
 41605851, 0, 0, 0, 2.5, 0, 0, 0, 2.5
 41805771, 0, 0, 0, 2.5, 0, 0, 0, 2.5
 42006524, 0, 0, 0, 2.5, 0, 0, 0, 2.5
 42206444, 0, 0, 0, 2.5, 0, 0, 0, 2.5
 42406364, 0, 0, 0, 2.5, 0, 0, 0, 2.5
 42606284, 0, 0, 0, 2.5, 0, 0, 0, 2.5
 42806204, 0, 0, 0, 2.5, 0, 0, 0, 2.5
 43006124, 0, 0, 0, 2.5, 0, 0, 0, 2.5
 43206044, 0, 0, 0, 2.5, 0, 0, 0, 2.5
 43405964, 0, 0, 0, 2.5, 0, 0, 0, 2.5
 43605884, 0, 0, 0, 2.5, 0, 0, 0, 2.5
 43805804, 0, 0, 0, 2.5, 0, 0, 0, 2.5
 44006557, 0, 0, 0, 2.5, 0, 0, 0, 2.5
 44206477, 0, 0, 0, 2.5, 0, 0, 0, 2.5
 44406397, 0, 0, 0, 2.5, 0, 0, 0, 2.5
 44606317, 0, 0, 0, 2.5, 0, 0, 0, 2.5
 44806237, 0, 0, 0, 2.5, 0, 0, 0, 2.5
 45006157, 0, 0, 0, 2.5, 0, 0, 0, 2.5
 45206077, 0, 0, 0, 2.5, 0, 0, 0, 2.5
 45405997, 0, 0, 0, 2.5, 0, 0, 0, 2.5
 45605917, 0, 0, 0, 2.5, 0, 0, 0, 2.5
 45805837, 0, 0, 0, 2.5, 0, 0, 0, 2.5
 46006590, 0, 0, 0, 2.5, 0, 0, 0, 2.5
 46206510, 0, 0, 0, 2.5, 0, 0, 0, 2.5
 46406430, 0, 0, 0, 2.5, 0, 0, 0, 2.5
 46606350, 0, 0, -0.048, 2.5, 0, 0, 0, 2.5
 46806270, 0, 0, -0.686, 2.5, 0, 0, -0.048, 2.5
 47006190, -0.001, -0.001, -1.7, 2.5, 0, 0, -0.686, 2.5
 47206110, -0.007, -0.008, -3.131, 2.5, -0.001, -0.001, -1.7, 2.5
 47406030, -0.015, -0.017, -3.915, 2.5, -0.007, -0.008, -3.131, 2.5
 47605950, -0.022, -0.026, -4.58, 2.5, -0.015, -0.017, -3.915, 2.5
 47805870, -0.029, -0.034, -5.218, 2.5, -0.022, -0.026, -4.58, 2.5
 48005790, -0.034, -0.042, -5.754, 2.5, -0.029, -0.034, -5.218, 2.5
 48206543, -0.038, -0.049, -6.199, 2.5, -0.034, -0.042, -5.754, 2.5
 48406463, -0.041, -0.056, -6.569, 2.5, -0.038, -0.049, -6.199, 2.5
 48606383, -0.044, -0.061, -6.877, 2.5, -0.041, -0.056, -6.569, 2.5
 48806303, -0.047, -0.06500001, -7.129, 2.5, -0.044, -0.061, -6.877, 2.5
 49006223, -0.049, -0.066, -6.72, 2.5, -0.047, -0.06500001, -7.129, 2.5
 49206143, -0.051, -0.066, -6.087, 2.5, -0.049, -0.066, -6.72, 2.5
 49406063, -0.053, -0.067, -5.55, 2.5, -0.051, -0.066, -6.087, 2.5
 49605983, -0.055, -0.06900001, -5.09, 2.5, -0.053, -0.067, -5.55, 2.5
 49805903, -0.056, -0.071, -4.693, 2.5, -0.055, -0.06900001, -5.09, 2.5
 50005823, -0.058, -0.07300001, -4.348, 2.5, -0.056, -0.071, -4.693, 2.5
 50206576, -0.06, -0.07600001, -4.044, 2.5, -0.058, -0.07300001, -4.348, 2.5
 50406496, -0.06, -0.07600001, -3.17, 2.5, -0.06, -0.07600001, -4.044, 2.5
 50606416, -0.051, -0.072, -2.289, 2.5, -0.06, -0.07600001, -3.17, 2.5
 50806336, -0.019, -0.046, -1.685, 2.5, -0.051, -0.072, -2.289, 2.5
 51006256, 0.054, 0.001, -1.254, 2.5, -0.019, -0.046, -1.685, 2.5
 51206176, 0.18, 0.079, -0.9260001, 2.5, 0.054, 0.001, -1.254, 2.5
 51406096, 0.34, 0.17, -0.686, 2.5, 0.18, 0.079, -0.9260001, 2.5
 51606016, 0.527, 0.271, -0.531, 2.5, 0.34, 0.17, -0.686, 2.5
 51805936, 0.777, 0.387, -0.449, 2.5, 0.527, 0.271, -0.531, 2.5
 52005856, 1.066, 0.513, -0.428, 2.5, 0.777, 0.387, -0.449, 2.5
 52205776, 1.37, 0.636, -0.453, 2.5, 1.066, 0.513, -0.428, 2.5
 52406529, 1.695, 0.7600001, -0.5100001, 2.5, 1.37, 0.636, -0.453, 2.5
 52606449, 2.047, 0.895, -0.591, 2.5, 1.695, 0.7600001, -0.5100001, 2.5
 52806369, 2.427, 1.051, -0.689, 2.5, 2.047, 0.895, -0.591, 2.5
 53006289, 2.835, 1.214, -0.8010001, 2.5, 2.427, 1.051, -0.689, 2.5
 53206209, 3.24, 1.359, -0.92, 2.5, 2.835, 1.214, -0.8010001, 2.5
 53406129, 3.61, 1.493, -1.036, 2.5, 3.24, 1.359, -0.92, 2.5
 53606049, 3.938, 1.61, -1.143, 2.5, 3.61, 1.493, -1.036, 2.5
 53805969, 4.238, 1.722, -1.236, 2.5, 3.938, 1.61, -1.143, 2.5
 54005889, 4.495, 1.84, -1.318, 2.5, 4.238, 1.722, -1.236, 2.5
 54205809, 4.71, 1.968, -1.388, 2.5, 4.495, 1.84, -1.318, 2.5
 54406562, 4.908, 2.098, -1.447, 2.5, 4.71, 1.968, -1.388, 2.5
 54606482, 5.099, 2.233, -1.495, 2.5, 4.908, 2.098, -1.447, 2.5
 54806402, 5.251, 2.349, -1.537, 2.5, 5.099, 2.233, -1.495, 2.5
 55006322, 5.376, 2.427, -1.568, 2.5, 5.251, 2.349, -1.537, 2.5
 55206242, 5.474, 2.471, -1.59, 2.5, 5.376, 2.427, -1.568, 2.5
 55406162, 5.562, 2.492, -1.601, 2.5, 5.474, 2.471, -1.59, 2.5
 55606082, 5.634, 2.484, -1.636, 2.5, 5.562, 2.492, -1.601, 2.5
 55806002, 5.684, 2.458, -1.674, 2.5, 5.634, 2.484, -1.636, 2.5
 56005922, 5.698, 2.419, -1.656, 2.5, 5.684, 2.458, -1.674, 2.5
 56205842, 5.727, 2.39, -1.617, 2.5, 5.698, 2.419, -1.656, 2.5
 56405762, 5.774, 2.368, -1.573, 2.5, 5.727, 2.39, -1.617, 2.5
 56606515, 5.821, 2.353, -1.527, 2.5, 5.774, 2.368, -1.573, 2.5
 56806435, 5.845, 2.345, -1.481, 2.5, 5.821, 2.353, -1.527, 2.5
 57006355, 5.864, 2.329, -1.431, 2.5, 5.845, 2.345, -1.481, 2.5
 57206275, 5.872, 2.293, -1.375, 2.5, 5.864, 2.329, -1.431, 2.5
 57406195, 5.891, 2.221, -1.313, 2.5, 5.872, 2.293, -1.375, 2.5
 57606115, 5.924, 2.115, -1.242, 2.5, 5.891, 2.221, -1.313, 2.5
 57806035, 5.968, 1.988, -1.163, 2.5, 5.924, 2.115, -1.242, 2.5
 58005955, 6.024, 1.848, -1.074, 2.5, 5.968, 1.988, -1.163, 2.5
 58205875, 6.093, 1.69, -0.9760001, 2.5, 6.024, 1.848, -1.074, 2.5
 58405795, 6.154, 1.513, -0.867, 2.5, 6.093, 1.69, -0.9760001, 2.5
 58606548, 6.209, 1.324, -0.749, 2.5, 6.154, 1.513, -0.867, 2.5
 58806468, 6.276, 1.127, -0.626, 2.5, 6.209, 1.324, -0.749, 2.5
 59006388, 6.359, 0.936, -0.507, 2.5, 6.276, 1.127, -0.626, 2.5
 59206308, 6.472, 0.7640001, -0.398, 2.5, 6.359, 0.936, -0.507, 2.5
 59406228, 6.625, 0.601, -0.3, 2.5, 6.472, 0.7640001, -0.398, 2.5
 59606148, 6.819, 0.45, -0.217, 2.5, 6.625, 0.601, -0.3, 2.5
 59806068, 7.05, 0.321, -0.146, 2.5, 6.819, 0.45, -0.217, 2.5
 60005988, 7.321001, 0.213, -0.086, 2.5, 7.05, 0.321, -0.146, 2.5
 60205908, 7.62, 0.129, -0.039, 2.5, 7.321001, 0.213, -0.086, 2.5
 60405828, 7.925, 0.072, -0.004, 2.5, 7.62, 0.129, -0.039, 2.5
 60606581, 8.223001, 0.027, 0.019, 2.5, 7.925, 0.072, -0.004, 2.5
 60806501, 8.489, 0.003, 0.033, 2.5, 8.223001, 0.027, 0.019, 2.5
 61006421, 8.741, -0.006, 0.041, 2.5, 8.489, 0.003, 0.033, 2.5
 61206341, 8.982, -0.015, 0.037, 2.5, 8.741, -0.006, 0.041, 2.5
 61406261, 9.197001, -0.014, 0.027, 2.5, 8.982, -0.015, 0.037, 2.5
 61606181, 9.384001, -0.008, 0.017, 2.5, 9.197001, -0.014, 0.027, 2.5
 61806101, 9.543, 0.013, 0.007, 2.5, 9.384001, -0.008, 0.017, 2.5
 62006021, 9.68, 0.034, 0, 2.5, 9.543, 0.013, 0.007, 2.5
 62205941, 9.791, 0.048, -0.008, 2.5, 9.68, 0.034, 0, 2.5
 62405861, 9.863001, 0.05, -0.015, 2.5, 9.791, 0.048, -0.008, 2.5
 62605781, 9.906, 0.047, -0.019, 2.5, 9.863001, 0.05, -0.015, 2.5
 62806534, 9.93, 0.046, -0.02, 2.5, 9.906, 0.047, -0.019, 2.5
 63006454, 9.949, 0.043, -0.02, 2.5, 9.93, 0.046, -0.02, 2.5
 63206374, 9.972, 0.029, -0.018, 2.5, 9.949, 0.043, -0.02, 2.5
 63406294, 10.006, 0.013, -0.017, 2.5, 9.972, 0.029, -0.018, 2.5
 63606214, 10.03, -0.01, -0.019, 2.5, 10.006, 0.013, -0.017, 2.5
 63806134, 10.037, -0.042, -0.021, 2.5, 10.03, -0.01, -0.019, 2.5
 64006054, 10.038, -0.063, -0.021, 2.5, 10.037, -0.042, -0.021, 2.5
 64205974, 10.043, -0.07700001, -0.019, 2.5, 10.038, -0.063, -0.021, 2.5
 64405894, 10.056, -0.083, -0.018, 2.5, 10.043, -0.07700001, -0.019, 2.5
 64605814, 10.066, -0.094, -0.018, 2.5, 10.056, -0.083, -0.018, 2.5
 64806567, 10.058, -0.105, -0.02, 2.5, 10.066, -0.094, -0.018, 2.5
 65006487, 10.048, -0.109, -0.019, 2.5, 10.058, -0.105, -0.02, 2.5
 65206407, 10.042, -0.113, -0.017, 2.5, 10.048, -0.109, -0.019, 2.5
 65406327, 10.049, -0.114, -0.015, 2.5, 10.042, -0.113, -0.017, 2.5
 65606247, 10.07, -0.116, -0.013, 2.5, 10.049, -0.114, -0.015, 2.5
 65806167, 10.091, -0.115, -0.014, 2.5, 10.07, -0.116, -0.013, 2.5
 66006087, 10.1, -0.115, -0.016, 2.5, 10.091, -0.115, -0.014, 2.5
 66206007, 10.106, -0.111, -0.015, 2.5, 10.1, -0.115, -0.016, 2.5
 66405927, 10.103, -0.1, -0.017, 2.5, 10.106, -0.111, -0.015, 2.5
 66605847, 10.076, -0.086, -0.018, 2.5, 10.103, -0.1, -0.017, 2.5
 66805767, 10.043, -0.075, -0.016, 2.5, 10.076, -0.086, -0.018, 2.5
 67006520, 10.021, -0.078, -0.013, 2.5, 10.043, -0.075, -0.016, 2.5
 67206440, 9.994, -0.078, -0.013, 2.5, 10.021, -0.078, -0.013, 2.5
 67406360, 9.979, -0.072, -0.01, 2.5, 9.994, -0.078, -0.013, 2.5
 67606280, 9.971001, -0.063, -0.01, 2.5, 9.979, -0.072, -0.01, 2.5
 67806200, 9.97, -0.056, -0.009000001, 2.5, 9.971001, -0.063, -0.01, 2.5
 68006120, 9.972, -0.051, -0.009000001, 2.5, 9.97, -0.056, -0.009000001, 2.5
 68206040, 9.968, -0.049, -0.01, 2.5, 9.972, -0.051, -0.009000001, 2.5
 68405960, 9.961, -0.05, -0.01, 2.5, 9.968, -0.049, -0.01, 2.5
 68605880, 9.956, -0.054, -0.01, 2.5, 9.961, -0.05, -0.01, 2.5
 68805800, 9.941001, -0.064, -0.01, 2.5, 9.956, -0.054, -0.01, 2.5
 69006553, 9.941001, -0.07300001, -0.006, 2.5, 9.941001, -0.064, -0.01, 2.5
 69206473, 9.955001, -0.07700001, -0.006, 2.5, 9.941001, -0.07300001, -0.006, 2.5
 69406393, 9.951, -0.067, -0.009000001, 2.5, 9.955001, -0.07700001, -0.006, 2.5
 69606313, 9.942, -0.054, -0.008, 2.5, 9.951, -0.067, -0.009000001, 2.5
 69806233, 9.937, -0.042, -0.008, 2.5, 9.942, -0.054, -0.008, 2.5
 70006153, 9.935, -0.031, -0.006, 2.5, 9.937, -0.042, -0.008, 2.5
 70206073, 9.947001, -0.014, -0.004, 2.5, 9.935, -0.031, -0.006, 2.5
 70405993, 9.958, 0.005, -0.005, 2.5, 9.947001, -0.014, -0.004, 2.5
 70605913, 9.959001, 0.025, -0.006, 2.5, 9.958, 0.005, -0.005, 2.5
 70805833, 9.963, 0.038, -0.005, 2.5, 9.959001, 0.025, -0.006, 2.5
 71006586, 9.972, 0.034, -0.004, 2.5, 9.963, 0.038, -0.005, 2.5
 71206506, 9.995001, 0.03, -0.003, 2.5, 9.972, 0.034, -0.004, 2.5
 71406426, 0, 5E-05, -0.003, 2.5, 9.995001, 0.03, -0.003, 2.5
 71606346, 0, 5E-05, -0.004, 2.5, 0, 5E-05, -0.003, 2.5
 71806266, 0, 5E-05, -0.006, 2.5, 0, 5E-05, -0.004, 2.5
 72006186, 0, 5E-05, -0.007, 2.5, 0, 5E-05, -0.006, 2.5
 72206106, 0, 5E-05, -0.006, 2.5, 0, 5E-05, -0.007, 2.5
 72406026, 0, 5E-05, -0.004, 2.5, 0, 5E-05, -0.006, 2.5
 72605946, 0, 5E-05, -0.004, 2.5, 0, 5E-05, -0.004, 2.5
 72805866, 0, 5E-05, -0.008, 2.5, 0, 5E-05, -0.004, 2.5
 73005786, 0, 5E-05, -0.006, 2.5, 0, 5E-05, -0.008, 2.5
 73206539, 0, 5E-05, -0.003, 2.5, 0, 5E-05, -0.006, 2.5
 73406459, 0, 5E-05, 0, 2.5, 0, 5E-05, -0.003, 2.5
 73606379, 0, 5E-05, 0, 2.5, 0, 5E-05, 0, 2.5
 73806299, 0, 5E-05, 0.002, 2.5, 0, 5E-05, 0, 2.5
 74006219, 0, 5E-05, 0.003, 2.5, 0, 5E-05, 0.002, 2.5
 74206139, 0, 5E-05, 0.006, 2.5, 0, 5E-05, 0.003, 2.5
 74406059, 0, 5E-05, 0.01, 2.5, 0, 5E-05, 0.006, 2.5
 74605979, 0, 5E-05, -0.022, 2.5, 0, 5E-05, 0.01, 2.5
 74805899, 0, 5E-05, -0.146, 2.5, 0, 5E-05, -0.022, 2.5
 75005819, 0, 5E-05, -0.126, 2.5, 0, 5E-05, -0.146, 2.5
 75206572, 0, 5E-05, -0.067, 2.5, 0, 5E-05, -0.126, 2.5
 75406492, 0, 5E-05, -0.01, 2.5, 0, 5E-05, -0.067, 2.5
 75606412, 0, 5E-05, 0.035, 2.5, 0, 5E-05, -0.01, 2.5
 75806332, 0, 5E-05, 0.06500001, 2.5, 0, 5E-05, 0.035, 2.5
 76006252, 0, 5E-05, 0.082, 2.5, 0, 5E-05, 0.06500001, 2.5
 76206172, 0, 5E-05, 0.087, 2.5, 0, 5E-05, 0.082, 2.5
 76406092, 0, 5E-05, 0.08400001, 2.5, 0, 5E-05, 0.087, 2.5
 76606012, 0, 5E-05, 0.074, 2.5, 0, 5E-05, 0.08400001, 2.5
 76805932, 0, 5E-05, 0.049, 2.5, 0, 5E-05, 0.074, 2.5
 77005852, 0, 5E-05, -0.085, 2.5, 0, 5E-05, 0.049, 2.5
 77205772, 0, 5E-05, -0.25, 2.5, 0, 5E-05, -0.085, 2.5
 77406525, 0, 5E-05, -0.346, 2.5, 0, 5E-05, -0.25, 2.5
 77606445, 0, 5E-05, -0.372, 2.5, 0, 5E-05, -0.346, 2.5
 77806365, 0, 5E-05, -0.343, 2.5, 0, 5E-05, -0.372, 2.5
 78006285, 0, 5E-05, -0.278, 2.5, 0, 5E-05, -0.343, 2.5
 78206205, 0, 5E-05, -0.187, 2.5, 0, 5E-05, -0.278, 2.5
 78406125, 0, 5E-05, -0.085, 2.5, 0, 5E-05, -0.187, 2.5
 78606045, 0, 5E-05, 0.013, 2.5, 0, 5E-05, -0.085, 2.5
 78805965, 0, 5E-05, 0.151, 2.5, 0, 5E-05, 0.013, 2.5
 79005885, 0, 5E-05, 0.326, 2.5, 0, 5E-05, 0.151, 2.5
 79205805, 0, 5E-05, 0.516, 2.5, 0, 5E-05, 0.326, 2.5
 79406558, 0, 5E-05, 0.724, 2.5, 0, 5E-05, 0.516, 2.5
 79606478, 0, 5E-05, 0.947, 2.5, 0, 5E-05, 0.724, 2.5
 79806398, 0, 5E-05, 1.175, 2.5, 0, 5E-05, 0.947, 2.5
 80006318, 0, 5E-05, 1.394, 2.5, 0, 5E-05, 1.175, 2.5
 80206238, 0, 5E-05, 1.578, 2.5, 0, 5E-05, 1.394, 2.5
 80406158, 0, 5E-05, 1.718, 2.5, 0, 5E-05, 1.578, 2.5
 80606078, 0, 5E-05, 1.814, 2.5, 0, 5E-05, 1.718, 2.5
 80805998, 0, 5E-05, 1.866, 2.5, 0, 5E-05, 1.814, 2.5
 81005918, 0, 5E-05, 1.88, 2.5, 0, 5E-05, 1.866, 2.5
 81205838, 0, 5E-05, 1.864, 2.5, 0, 5E-05, 1.88, 2.5
 81406591, 0, 5E-05, 1.827, 2.5, 0, 5E-05, 1.864, 2.5
 81606511, 0, 5E-05, 1.774, 2.5, 0, 5E-05, 1.827, 2.5
 81806431, 0, 5E-05, 1.714, 2.5, 0, 5E-05, 1.774, 2.5
 82006351, 0, 5E-05, 1.652, 2.5, 0, 5E-05, 1.714, 2.5
 82206271, 0, 5E-05, 1.59, 2.5, 0, 5E-05, 1.652, 2.5
 82406191, 0, 5E-05, 1.532, 2.5, 0, 5E-05, 1.59, 2.5
 82606111, 0, 5E-05, 1.481, 2.5, 0, 5E-05, 1.532, 2.5
 82806031, 0, 5E-05, 1.442, 2.5, 0, 5E-05, 1.481, 2.5
 83005951, 0, 5E-05, 1.412, 2.5, 0, 5E-05, 1.442, 2.5
 83205871, 0, 5E-05, 1.392, 2.5, 0, 5E-05, 1.412, 2.5
 83405791, 0, 5E-05, 1.38, 2.5, 0, 5E-05, 1.392, 2.5
 83606544, 0, 5E-05, 1.376, 2.5, 0, 5E-05, 1.38, 2.5
 83806464, 0, 5E-05, 1.377, 2.5, 0, 5E-05, 1.376, 2.5
 84006384, 0, 5E-05, 1.381, 2.5, 0, 5E-05, 1.377, 2.5
 84206304, 0, 5E-05, 1.39, 2.5, 0, 5E-05, 1.381, 2.5
 84406224, 0, 5E-05, 1.4, 2.5, 0, 5E-05, 1.39, 2.5
 84606144, 0, 5E-05, 1.409, 2.5, 0, 5E-05, 1.4, 2.5
 84806064, 0, 5E-05, 1.418, 2.5, 0, 5E-05, 1.409, 2.5
 85005984, 0, 5E-05, 1.426, 2.5, 0, 5E-05, 1.418, 2.5
 85205904, 0, 5E-05, 1.434, 2.5, 0, 5E-05, 1.426, 2.5
 85405824, 0, 5E-05, 1.441, 2.5, 0, 5E-05, 1.434, 2.5
 85606577, 0, 5E-05, 1.443, 2.5, 0, 5E-05, 1.441, 2.5
 85806497, 0, 5E-05, 1.444, 2.5, 0, 5E-05, 1.443, 2.5
 86006417, 0, 5E-05, 1.443, 2.5, 0, 5E-05, 1.444, 2.5
 86206337, 0, 5E-05, 1.439, 2.5, 0, 5E-05, 1.443, 2.5
 86406257, 0, 5E-05, 1.433, 2.5, 0, 5E-05, 1.439, 2.5
 86606177, 0, 5E-05, 1.428, 2.5, 0, 5E-05, 1.433, 2.5
 86806097, 0, 5E-05, 1.423, 2.5, 0, 5E-05, 1.428, 2.5
 87006017, 0, 5E-05, 1.419, 2.5, 0, 5E-05, 1.423, 2.5
 87205937, 0, 5E-05, 1.416, 2.5, 0, 5E-05, 1.419, 2.5
 87405857, 0, 5E-05, 1.414, 2.5, 0, 5E-05, 1.416, 2.5
 87605777, 0, 5E-05, 1.414, 2.5, 0, 5E-05, 1.414, 2.5
 87806530, 0, 5E-05, 1.414, 2.5, 0, 5E-05, 1.414, 2.5
 88006450, 0, 5E-05, 1.413, 2.5, 0, 5E-05, 1.414, 2.5
 88206370, 0, 5E-05, 1.413, 2.5, 0, 5E-05, 1.413, 2.5
 88406290, 0, 5E-05, 1.413, 2.5, 0, 5E-05, 1.413, 2.5
 88606210, 0, 5E-05, 1.413, 2.5, 0, 5E-05, 1.413, 2.5
 88806130, 0, 5E-05, 1.412, 2.5, 0, 5E-05, 1.413, 2.5
 89006050, 0, 5E-05, 1.412, 2.5, 0, 5E-05, 1.412, 2.5
 89205970, 0, 5E-05, 1.413, 2.5, 0, 5E-05, 1.412, 2.5
 89405890, 0, 5E-05, 1.413, 2.5, 0, 5E-05, 1.413, 2.5
 89605810, 0, 5E-05, 1.413, 2.5, 0, 5E-05, 1.413, 2.5
 89806563, 0, 5E-05, 1.414, 2.5, 0, 5E-05, 1.413, 2.5
 90006483, 0, 5E-05, 1.416, 2.5, 0, 5E-05, 1.414, 2.5
 90206403, 0, 5E-05, 1.416, 2.5, 0, 5E-05, 1.416, 2.5
 90406323, 0, 5E-05, 1.415, 2.5, 0, 5E-05, 1.416, 2.5
 90606243, 0, 5E-05, 1.413, 2.5, 0, 5E-05, 1.415, 2.5
 90806163, 0, 5E-05, 1.412, 2.5, 0, 5E-05, 1.413, 2.5
 91006083, 0, 5E-05, 1.412, 2.5, 0, 5E-05, 1.412, 2.5
 91206003, 0, 5E-05, 1.414, 2.5, 0, 5E-05, 1.412, 2.5
 91405923, 0, 5E-05, 1.415, 2.5, 0, 5E-05, 1.414, 2.5
 91605843, 0, 5E-05, 1.416, 2.5, 0, 5E-05, 1.415, 2.5
 91805763, 0, 5E-05, 1.416, 2.5, 0, 5E-05, 1.416, 2.5
 92006516, 0, 5E-05, 1.435, 2.5, 0, 5E-05, 1.416, 2.5
 92206436, 0, 5E-05, 1.446, 2.5, 0, 5E-05, 1.435, 2.5
 92406356, 0, 5E-05, 1.449, 2.5, 0, 5E-05, 1.446, 2.5
 92606276, 0, 5E-05, 1.447, 2.5, 0, 5E-05, 1.449, 2.5
 92806196, 0, 5E-05, 1.443, 2.5, 0, 5E-05, 1.447, 2.5
 93006116, 0, 5E-05, 1.438, 2.5, 0, 5E-05, 1.443, 2.5
 93206036, 0, 5E-05, 1.435, 2.5, 0, 5E-05, 1.438, 2.5
 93405956, 0, 5E-05, 1.432, 2.5, 0, 5E-05, 1.435, 2.5
 93605876, 0, 5E-05, 1.43, 2.5, 0, 5E-05, 1.432, 2.5
 93805796, 0, 5E-05, 1.429, 2.5, 0, 5E-05, 1.43, 2.5
 94006549, 0, 5E-05, 1.427, 2.5, 0, 5E-05, 1.429, 2.5
 94206469, 0, 5E-05, 1.423, 2.5, 0, 5E-05, 1.427, 2.5
 94406389, 0, 5E-05, 1.345, 2.5, 0, 5E-05, 1.423, 2.5
 94606309, 0, 5E-05, 1.181, 2.5, 0, 5E-05, 1.345, 2.5
 94806229, 0, 5E-05, 0.9720001, 2.5, 0, 5E-05, 1.181, 2.5
 95006149, 0, 5E-05, 0.749, 2.5, 0, 5E-05, 0.9720001, 2.5
 95206069, 0, 5E-05, 0.535, 2.5, 0, 5E-05, 0.749, 2.5
 95405989, 0, 5E-05, 0.41, 2.5, 0, 5E-05, 0.535, 2.5
 95605909, 0, 5E-05, 0.362, 2.5, 0, 5E-05, 0.41, 2.5
 95805829, 0, 5E-05, 0.358, 2.5, 0, 5E-05, 0.362, 2.5
 96006582, 0, 5E-05, 0.377, 2.5, 0, 5E-05, 0.358, 2.5
 96206502, 0, 5E-05, 0.406, 2.5, 0, 5E-05, 0.377, 2.5
 96406422, 0, 5E-05, 0.433, 2.5, 0, 5E-05, 0.406, 2.5
 96606342, 0, 5E-05, 0.456, 2.5, 0, 5E-05, 0.433, 2.5
 96806262, 0, 5E-05, 0.474, 2.5, 0, 5E-05, 0.456, 2.5
 97006182, 0, 5E-05, 0.486, 2.5, 0, 5E-05, 0.474, 2.5
 97206102, 0, 5E-05, 0.493, 2.5, 0, 5E-05, 0.486, 2.5
 97406022, 0, 5E-05, 0.496, 2.5, 0, 5E-05, 0.493, 2.5
 97605942, 0, 5E-05, 0.497, 2.5, 0, 5E-05, 0.496, 2.5
 97805862, 0, 5E-05, 0.496, 2.5, 0, 5E-05, 0.497, 2.5
 98005782, 0, 5E-05, 0.495, 2.5, 0, 5E-05, 0.496, 2.5
 98206535, 0, 5E-05, 0.493, 2.5, 0, 5E-05, 0.495, 2.5
 98406455, 0, 5E-05, 0.492, 2.5, 0, 5E-05, 0.493, 2.5
 98606375, 0, 5E-05, 0.49, 2.5, 0, 5E-05, 0.492, 2.5
 98806295, 0, 5E-05, 0.489, 2.5, 0, 5E-05, 0.49, 2.5
 99006215, 0, 5E-05, 0.487, 2.5, 0, 5E-05, 0.489, 2.5
 99206135, 0, 5E-05, 0.486, 2.5, 0, 5E-05, 0.487, 2.5
 99406055, 0, 5E-05, 0.485, 2.5, 0, 5E-05, 0.486, 2.5
 99605975, 0, 5E-05, 0.483, 2.5, 0, 5E-05, 0.485, 2.5
 99805895, 0, 5E-05, 0.482, 2.5, 0, 5E-05, 0.483, 2.5
 100005815, 0, 5E-05, 0.482, 2.5, 0, 5E-05, 0.482, 2.5
 100206568, 0, 5E-05, 0.481, 2.5, 0, 5E-05, 0.482, 2.5
 100406488, 0, 5E-05, 0.481, 2.5, 0, 5E-05, 0.481, 2.5
 100606408, 0, 5E-05, 0.48, 2.5, 0, 5E-05, 0.481, 2.5
 100806328, 0, 5E-05, 0.479, 2.5, 0, 5E-05, 0.48, 2.5
 101006248, 0, 5E-05, 0.478, 2.5, 0, 5E-05, 0.479, 2.5
 101206168, 0, 5E-05, 0.477, 2.5, 0, 5E-05, 0.478, 2.5
 101406088, 0, 5E-05, 0.477, 2.5, 0, 5E-05, 0.477, 2.5
 101606008, 0, 5E-05, 0.477, 2.5, 0, 5E-05, 0.477, 2.5
 101805928, 0, 5E-05, 0.477, 2.5, 0, 5E-05, 0.477, 2.5
 102005848, 0, 5E-05, 0.476, 2.5, 0, 5E-05, 0.477, 2.5
 102205768, 0, 5E-05, 0.476, 2.5, 0, 5E-05, 0.476, 2.5
 102406521, 0, 5E-05, 0.476, 2.5, 0, 5E-05, 0.476, 2.5
 102606441, 0, 5E-05, 0.476, 2.5, 0, 5E-05, 0.476, 2.5
 102806361, 0, 5E-05, 0.475, 2.5, 0, 5E-05, 0.476, 2.5
 103006281, 0, 5E-05, 0.474, 2.5, 0, 5E-05, 0.475, 2.5
 103206201, 0, 5E-05, 0.474, 2.5, 0, 5E-05, 0.474, 2.5
 103406121, 0, 5E-05, 0.474, 2.5, 0, 5E-05, 0.474, 2.5
 103606041, 0, 5E-05, 0.473, 2.5, 0, 5E-05, 0.474, 2.5
 103805961, 0, 5E-05, 0.473, 2.5, 0, 5E-05, 0.473, 2.5
 104005881, 0, 5E-05, 0.473, 2.5, 0, 5E-05, 0.473, 2.5
 104205801, 0, 5E-05, 0.472, 2.5, 0, 5E-05, 0.473, 2.5
 104406554, 0, 5E-05, 0.472, 2.5, 0, 5E-05, 0.472, 2.5
 104606474, 0, 5E-05, 0.472, 2.5, 0, 5E-05, 0.472, 2.5
 104806394, 0, 5E-05, 0.472, 2.5, 0, 5E-05, 0.472, 2.5
 105006314, 0, 5E-05, 0.472, 2.5, 0, 5E-05, 0.472, 2.5
 105206234, 0, 5E-05, 0.472, 2.5, 0, 5E-05, 0.472, 2.5
 105406154, 0, 5E-05, 0.472, 2.5, 0, 5E-05, 0.472, 2.5
 105606074, 0, 5E-05, 0.472, 2.5, 0, 5E-05, 0.472, 2.5
 105805994, 0, 5E-05, 0.473, 2.5, 0, 5E-05, 0.472, 2.5
 106005914, 0, 5E-05, 0.473, 2.5, 0, 5E-05, 0.473, 2.5
 106205834, 0, 5E-05, 0.473, 2.5, 0, 5E-05, 0.473, 2.5
 106406587, 0, 5E-05, 0.474, 2.5, 0, 5E-05, 0.473, 2.5
 106606507, 0, 5E-05, 0.474, 2.5, 0, 5E-05, 0.474, 2.5
 106806427, 0, 5E-05, 0.474, 2.5, 0, 5E-05, 0.474, 2.5
 107006347, 0, 5E-05, 0.475, 2.5, 0, 5E-05, 0.474, 2.5
 107206267, 0, 5E-05, 0.475, 2.5, 0, 5E-05, 0.475, 2.5
 107406187, 0, 5E-05, 0.475, 2.5, 0, 5E-05, 0.475, 2.5
 107606107, 0, 5E-05, 0.475, 2.5, 0, 5E-05, 0.475, 2.5
 107806027, 0, 5E-05, 0.475, 2.5, 0, 5E-05, 0.475, 2.5
 108005947, 0, 5E-05, 0.475, 2.5, 0, 5E-05, 0.475, 2.5
 108205867, 0, 5E-05, 0.477, 2.5, 0, 5E-05, 0.475, 2.5
 108405787, 0, 5E-05, 0.477, 2.5, 0, 5E-05, 0.477, 2.5
 108606540, 0, 5E-05, 0.476, 2.5, 0, 5E-05, 0.477, 2.5
 108806460, 0, 5E-05, 0.476, 2.5, 0, 5E-05, 0.476, 2.5
 109006380, 0, 5E-05, 0.475, 2.5, 0, 5E-05, 0.476, 2.5
 109206300, 0, 5E-05, 0.475, 2.5, 0, 5E-05, 0.475, 2.5
 109406220, 0, 5E-05, 0.475, 2.5, 0, 5E-05, 0.475, 2.5
 109606140, 0, 5E-05, 0.475, 2.5, 0, 5E-05, 0.475, 2.5
 109806060, 0, 5E-05, 0.476, 2.5, 0, 5E-05, 0.475, 2.5
 110005980, 0, 5E-05, 0.476, 2.5, 0, 5E-05, 0.476, 2.5
 110205900, 0, 5E-05, 0.477, 2.5, 0, 5E-05, 0.476, 2.5
 110405820, 0, 5E-05, 0.477, 2.5, 0, 5E-05, 0.477, 2.5
 110606573, 0, 5E-05, 0.477, 2.5, 0, 5E-05, 0.477, 2.5
 110806493, 0, 5E-05, 0.477, 2.5, 0, 5E-05, 0.477, 2.5
 111006413, 0, 5E-05, 0.477, 2.5, 0, 5E-05, 0.477, 2.5
 111206333, 0, 5E-05, 0.477, 2.5, 0, 5E-05, 0.477, 2.5
 111406253, 0, 5E-05, 0.477, 2.5, 0, 5E-05, 0.477, 2.5
 111606173, 0, 5E-05, 0.477, 2.5, 0, 5E-05, 0.477, 2.5
 111806093, 0, 5E-05, 0.476, 2.5, 0, 5E-05, 0.477, 2.5
 112006013, 0, 5E-05, 0.477, 2.5, 0, 5E-05, 0.476, 2.5
 112205933, 0, 5E-05, 0.477, 2.5, 0, 5E-05, 0.477, 2.5
 112405853, 0, 5E-05, 0.478, 2.5, 0, 5E-05, 0.477, 2.5
 112605773, 0, 5E-05, 0.478, 2.5, 0, 5E-05, 0.478, 2.5
 112806526, 0, 5E-05, 0.478, 2.5, 0, 5E-05, 0.478, 2.5
 113006446, 0, 5E-05, 0.478, 2.5, 0, 5E-05, 0.478, 2.5
 113206366, 0, 5E-05, 0.478, 2.5, 0, 5E-05, 0.478, 2.5
 113406286, 0, 5E-05, 0.477, 2.5, 0, 5E-05, 0.478, 2.5
 113606206, 0, 5E-05, 0.477, 2.5, 0, 5E-05, 0.477, 2.5
 113806126, 0, 5E-05, 0.478, 2.5, 0, 5E-05, 0.477, 2.5
 114006046, 0, 5E-05, 0.478, 2.5, 0, 5E-05, 0.478, 2.5
 114205966, 0, 5E-05, 0.478, 2.5, 0, 5E-05, 0.478, 2.5
 114405886, 0, 5E-05, 0.478, 2.5, 0, 5E-05, 0.478, 2.5
 114605806, 0, 5E-05, 0.478, 2.5, 0, 5E-05, 0.478, 2.5
 114806559, 0, 5E-05, 0.477, 2.5, 0, 5E-05, 0.478, 2.5
 115006479, 0, 5E-05, 0.477, 2.5, 0, 5E-05, 0.477, 2.5
 115206399, 0, 5E-05, 0.477, 2.5, 0, 5E-05, 0.477, 2.5
 115406319, 0, 5E-05, -0.08000001, 2.5, 0, 5E-05, 0.477, 2.5
 115606239, 0, 5E-05, -0.07700001, 2.5, 0, 5E-05, -0.08000001, 2.5
 115806159, 0, 5E-05, 0.02, 2.5, 0, 5E-05, -0.07700001, 2.5
 116006079, 0, 5E-05, 0.008, 2.5, 0, 5E-05, 0.02, 2.5
 116205999, 0, 5E-05, -0.003, 2.5, 0, 5E-05, 0.008, 2.5
 116405919, 0, 5E-05, 0, 2.5, 0, 5E-05, -0.003, 2.5
 116605839, 0, 5E-05, 0, 2.5, 0, 5E-05, 0, 2.5
 116806592, 0, 5E-05, 0, 2.5, 0, 5E-05, 0, 2.5
 117006512, 0, 5E-05, 0, 2.5, 0, 5E-05, 0, 2.5
 117206432, 0, 5E-05, 0, 2.5, 0, 5E-05, 0, 2.5
 117406352, 0, 5E-05, 0, 2.5, 0, 5E-05, 0, 2.5
 117606272, 0, 5E-05, 0, 2.5, 0, 5E-05, 0, 2.5
 117806192, 0, 5E-05, 0, 2.5, 0, 5E-05, 0, 2.5
 118006112, 0, 5E-05, 0, 2.5, 0, 5E-05, 0, 2.5
 118206032, 0, 5E-05, 0, 2.5, 0, 5E-05, 0, 2.5
 118405952, 0, 5E-05, 0, 2.5, 0, 5E-05, 0, 2.5
 118605872, 0, 5E-05, 0, 2.5, 0, 5E-05, 0, 2.5
 118805792, 0, 5E-05, 0, 2.5, 0, 5E-05, 0, 2.5
 119006545, 0, 5E-05, 0, 2.5, 0, 5E-05, 0, 2.5
 119206465, 0, 5E-05, 0, 2.5, 0, 5E-05, 0, 2.5
 119406385, 0, 5E-05, 0, 2.5, 0, 5E-05, 0, 2.5
 119606305, 0, 5E-05, 0, 2.5, 0, 5E-05, 0, 2.5
 119806225, 0, 5E-05, 0, 2.5, 0, 5E-05, 0, 2.5
 120006145, 0, 5E-05, 0, 2.5, 0, 5E-05, 0, 2.5
 120206065, 0, 5E-05, 0, 2.5, 0, 5E-05, 0, 2.5
 120405985, 0, 5E-05, 0, 2.5, 0, 5E-05, 0, 2.5
 120605905, 0, 5E-05, 0, 2.5, 0, 5E-05, 0, 2.5
 120805825, 0, 5E-05, 0, 2.5, 0, 5E-05, 0, 2.5
 121006578, 0, 5E-05, 0, 2.5, 0, 5E-05, 0, 2.5
 121206498, 0, 5E-05, 0, 2.5, 0, 5E-05, 0, 2.5
 121406418, 0, 5E-05, 0, 2.5, 0, 5E-05, 0, 2.5
 121606338, 0, 5E-05, 0, 2.5, 0, 5E-05, 0, 2.5
 121806258, 0, 5E-05, 0, 2.5, 0, 5E-05, 0, 2.5
 122006178, 0, 5E-05, 0, 2.5, 0, 5E-05, 0, 2.5
 122206098, 0, 5E-05, 0, 2.5, 0, 5E-05, 0, 2.5
 122406018, 0, 5E-05, 0, 2.5, 0, 5E-05, 0, 2.5
 122605938, 0, 5E-05, 0, 2.5, 0, 5E-05, 0, 2.5
 122805858, 0, 5E-05, 0, 2.5, 0, 5E-05, 0, 2.5
 123005778, 0, 5E-05, 0, 2.5, 0, 5E-05, 0, 2.5
 123206531, 0, 5E-05, 0, 2.5, 0, 5E-05, 0, 2.5
 123406451, 0, 5E-05, 0, 2.5, 0, 5E-05, 0, 2.5
 123606371, 0, 5E-05, 0, 2.5, 0, 5E-05, 0, 2.5
 123806291, 0, 5E-05, 0, 2.5, 0, 5E-05, 0, 2.5
 124006211, 0, 5E-05, 0, 2.5, 0, 5E-05, 0, 2.5
 124206131, 0, 5E-05, 0, 2.5, 0, 5E-05, 0, 2.5
 124406051, 0, 5E-05, 0, 2.5, 0, 5E-05, 0, 2.5
 124605971, 0, 5E-05, 0, 2.5, 0, 5E-05, 0, 2.5
 124805891, 0, 5E-05, 0, 2.5, 0, 5E-05, 0, 2.5
 125005811, 0, 5E-05, 0, 2.5, 0, 5E-05, 0, 2.5
 125206564, 0, 5E-05, 0, 2.5, 0, 5E-05, 0, 2.5
 125406484, 0, 5E-05, 0, 2.5, 0, 5E-05, 0, 2.5
 125606404, 0, 5E-05, 0, 2.5, 0, 5E-05, 0, 2.5
 125806324, 0, 5E-05, 0, 2.5, 0, 5E-05, 0, 2.5
 126006244, 0, 5E-05, 0, 2.5, 0, 5E-05, 0, 2.5
 126206164, 0, 5E-05, 0, 2.5, 0, 5E-05, 0, 2.5
 126406084, 0, 5E-05, 0, 2.5, 0, 5E-05, 0, 2.5
 126606004, 0, 5E-05, 0, 2.5, 0, 5E-05, 0, 2.5
 126805924, 0, 5E-05, 0, 2.5, 0, 5E-05, 0, 2.5
 127005844, 0, 5E-05, 0, 2.5, 0, 5E-05, 0, 2.5
 127205764, 0, 5E-05, 0, 2.5, 0, 5E-05, 0, 2.5
 127406517, 0, 5E-05, 0, 2.5, 0, 5E-05, 0, 2.5
 127606437, 0, 5E-05, 0, 2.5, 0, 5E-05, 0, 2.5
 127806357, 0, 5E-05, 0, 2.5, 0, 5E-05, 0, 2.5
 128006277, 0, 5E-05, 0, 2.5, 0, 5E-05, 0, 2.5
 128206197, 0, 5E-05, 0, 2.5, 0, 5E-05, 0, 2.5
 128406117, 0, 5E-05, 0, 2.5, 0, 5E-05, 0, 2.5
 128606037, 0, 5E-05, 0, 2.5, 0, 5E-05, 0, 2.5
 128805957, 0, 5E-05, 0, 2.5, 0, 5E-05, 0, 2.5
 129005877, 0, 5E-05, 0, 2.5, 0, 5E-05, 0, 2.5
 129205797, 0, 5E-05, 0, 2.5, 0, 5E-05, 0, 2.5
 129406550, 0, 5E-05, 0, 2.5, 0, 5E-05, 0, 2.5
 129606470, 0, 5E-05, 0, 2.5, 0, 5E-05, 0, 2.5
 129806390, 0, 5E-05, 0, 2.5, 0, 5E-05, 0, 2.5
 130006310, 0, 5E-05, 0, 2.5, 0, 5E-05, 0, 2.5
 130206230, 0, 5E-05, 0, 2.5, 0, 5E-05, 0, 2.5
 130406150, 0, 5E-05, 0, 2.5, 0, 5E-05, 0, 2.5
 130606070, 0, 5E-05, 0, 2.5, 0, 5E-05, 0, 2.5
 130805990, 0, 5E-05, 0, 2.5, 0, 5E-05, 0, 2.5
 131005910, 0, 5E-05, 0, 2.5, 0, 5E-05, 0, 2.5
 131205830, 0, 5E-05, 0, 2.5, 0, 5E-05, 0, 2.5
 131406583, 0, 5E-05, 0, 2.5, 0, 5E-05, 0, 2.5
 131606503, 0, 5E-05, 0, 2.5, 0, 5E-05, 0, 2.5
 131806423, 0, 5E-05, 0, 2.5, 0, 5E-05, 0, 2.5
 132006343, 0, 0, 0, 2.5, 0, 5E-05, 0, 2.5
 132206263, 0, 0, 0, 2.5, 0, 0, 0, 2.5
 132406183, 0, 0, 0, 2.5, 0, 0, 0, 2.5
 132606103, 0, 0, 0, 2.5, 0, 0, 0, 2.5
 132806023, 0, 0, 0, 2.5, 0, 0, 0, 2.5
 133005943, 0, 0, 0, 2.5, 0, 0, 0, 2.5
 133205863, 0, 0, 0, 2.5, 0, 0, 0, 2.5
 133405783, 0, 0, 0, 2.5, 0, 0, 0, 2.5
 133606536, 0, 0, 0, 2.5, 0, 0, 0, 2.5
 133806456, 0, 0, 0, 2.5, 0, 0, 0, 2.5
 134006376, 0, 0, 0, 2.5, 0, 0, 0, 2.5
 134206296, 0, 0, 0, 2.5, 0, 0, 0, 2.5
 134406216, 0, 0, 0, 2.5, 0, 0, 0, 2.5
 134606136, 0, 0, 0, 2.5, 0, 0, 0, 2.5
 134806056, 0, 0, 0, 2.5, 0, 0, 0, 2.5
 135005976, 0, 0, 0, 2.5, 0, 0, 0, 2.5
 135205896, 0, 0, 0, 2.5, 0, 0, 0, 2.5
