TimeUS,CGpN,CGpE,CGpD,CGpe,PGpN,PGpE,PGpD,PGpe
 8425795, 0, 0, 0, 0.01, 0, 0, 0, 0
 8606556, 0, 0, 0, 0.01, 0, 0, 0, 0.01
 8806476, 0, 0, 0, 0.01, 0, 0, 0, 0.01
 9006396, 0, 0, 0, 0.01, 0, 0, 0, 0.01
 9206316, 0, 0, 0, 0.01, 0, 0, 0, 0.01
 9406236, 0, 0, 0, 0.01, 0, 0, 0, 0.01
 9606156, 0, 0, 0, 0.01, 0, 0, 0, 0.01
 9806076, 0, 0, 0, 0.01, 0, 0, 0, 0.01
 10005996, 0, 0, 0, 0.01, 0, 0, 0, 0.01
 10205916, 0, 0, 0, 0.01, 0, 0, 0, 0.01
 10405836, 0, 0, 0, 0.01, 0, 0, 0, 0.01
 10606589, 0, 0, 0, 0.01, 0, 0, 0, 0.01
 10806509, 0, 0, 0, 0.01, 0, 0, 0, 0.01
 11006429, 0, 0, 0, 0.01, 0, 0, 0, 0.01
 11206349, 0, 0, 0, 0.01, 0, 0, 0, 0.01
 11406269, 0, 0, 0, 0.01, 0, 0, 0, 0.01
 11606189, 0, 0, 0, 0.01, 0, 0, 0, 0.01
 11806109, 0, 0, 0, 0.01, 0, 0, 0, 0.01
 12006029, 0, 0, 0, 0.01, 0, 0, 0, 0.01
 12205949, 0, 0, 0, 0.01, 0, 0, 0, 0.01
 12405869, 0, 0, 0, 0.01, 0, 0, 0, 0.01
 12605789, 0, 0, 0, 0.01, 0, 0, 0, 0.01
 12806542, 0, 0, 0, 0.01, 0, 0, 0, 0.01
 13006462, 0, 0, 0, 0.01, 0, 0, 0, 0.01
 13206382, 0, 0, 0, 0.01, 0, 0, 0, 0.01
 13406302, 0, 0, 0, 0.01, 0, 0, 0, 0.01
 13606222, 0, 0, 0, 0.01, 0, 0, 0, 0.01
 13806142, 0, 0, 0, 0.01, 0, 0, 0, 0.01
 14006062, 0, 0, 0, 0.01, 0, 0, 0, 0.01
 14205982, 0, 0, 0, 0.01, 0, 0, 0, 0.01
 14405902, 0, 0, 0, 0.01, 0, 0, 0, 0.01
 14605822, 0, 0, 0, 0.01, 0, 0, 0, 0.01
 14806575, 0, 0, 0, 0.01, 0, 0, 0, 0.01
 15006495, 0, 0, 0, 0.01, 0, 0, 0, 0.01
 15206415, 0, 0, 0, 0.01, 0, 0, 0, 0.01
 15406335, 0, 0, 0, 0.01, 0, 0, 0, 0.01
 15606255, 0, 0, 0, 0.01, 0, 0, 0, 0.01
 15806175, 0, 0, 0, 0.01, 0, 0, 0, 0.01
 16006095, 0, 0, 0, 0.01, 0, 0, 0, 0.01
 16206015, 0, 0, 0, 0.01, 0, 0, 0, 0.01
 16405935, 0, 0, 0, 0.01, 0, 0, 0, 0.01
 16605855, 0, 0, 0, 0.01, 0, 0, 0, 0.01
 16805775, 0, 0, 0, 0.01, 0, 0, 0, 0.01
 17006528, 0, 0, 0, 0.01, 0, 0, 0, 0.01
 17206448, 0, 0, 0, 0.01, 0, 0, 0, 0.01
 17406368, 0, 0, 0, 0.01, 0, 0, 0, 0.01
 17606288, 0, 0, 0, 0.01, 0, 0, 0, 0.01
 17806208, 0, 0, 0, 0.01, 0, 0, 0, 0.01
 18006128, 0, 0, 0, 0.01, 0, 0, 0, 0.01
 18206048, 0, 0, 0, 0.01, 0, 0, 0, 0.01
 18405968, 0, 0, 0, 0.01, 0, 0, 0, 0.01
 18605888, 0, 0, 0, 0.01, 0, 0, 0, 0.01
 18805808, 0, 0, 0, 0.01, 0, 0, 0, 0.01
 19006561, 0, 0, 0, 0.01, 0, 0, 0, 0.01
 19206481, 0, 0, 0, 0.01, 0, 0, 0, 0.01
 19406401, 0, 0, 0, 0.01, 0, 0, 0, 0.01
 19606321, 0, 0, 0, 0.01, 0, 0, 0, 0.01
 19806241, 0, 0, 0, 0.01, 0, 0, 0, 0.01
 20006161, 0, 0, 0, 0.01, 0, 0, 0, 0.01
 20206081, 0, 0, 0, 0.01, 0, 0, 0, 0.01
 20406001, 0, 0, 0, 0.01, 0, 0, 0, 0.01
 20605921, 0, 0, 0, 0.01, 0, 0, 0, 0.01
 20805841, 0, 0, 0, 0.01, 0, 0, 0, 0.01
 21005761, 0, 0, 0, 0.01, 0, 0, 0, 0.01
 21206514, 0, 0, 0, 0.01, 0, 0, 0, 0.01
 21406434, 0, 0, 0, 0.01, 0, 0, 0, 0.01
 21606354, 0, 0, 0, 0.01, 0, 0, 0, 0.01
 21806274, 0, 0, 0, 0.01, 0, 0, 0, 0.01
 22006194, 0, 0, 0, 0.01, 0, 0, 0, 0.01
 22206114, 0, 0, 0, 0.01, 0, 0, 0, 0.01
 22406034, 0, 0, 0, 0.01, 0, 0, 0, 0.01
 22605954, 0, 0, 0, 0.01, 0, 0, 0, 0.01
 22805874, 0, 0, 0, 0.01, 0, 0, 0, 0.01
 23005794, 0, 0, 0, 0.01, 0, 0, 0, 0.01
 23206547, 0, 0, 0, 0.01, 0, 0, 0, 0.01
 23406467, 0, 0, 0, 0.01, 0, 0, 0, 0.01
 23606387, 0, 0, 0, 0.01, 0, 0, 0, 0.01
 23806307, 0, 0, 0, 0.01, 0, 0, 0, 0.01
 24006227, 0, 0, 0, 0.01, 0, 0, 0, 0.01
 24206147, 0, 0, 0, 0.01, 0, 0, 0, 0.01
 24406067, 0, 0, 0, 0.01, 0, 0, 0, 0.01
 24605987, 0, 0, 0, 0.01, 0, 0, 0, 0.01
 24805907, 0, 0, 0, 0.01, 0, 0, 0, 0.01
 25005827, 0, 0, 0, 0.01, 0, 0, 0, 0.01
 25206580, 0, 0, 0, 0.01, 0, 0, 0, 0.01
 25406500, 0, 0, 0, 0.01, 0, 0, 0, 0.01
 25606420, 0, 0, 0, 0.01, 0, 0, 0, 0.01
 25806340, 0, 0, 0, 0.01, 0, 0, 0, 0.01
 26006260, 0, 0, 0, 0.01, 0, 0, 0, 0.01
 26206180, 0, 0, 0, 0.01, 0, 0, 0, 0.01
 26406100, 0, 0, 0, 0.01, 0, 0, 0, 0.01
 26606020, 0, 0, 0, 0.01, 0, 0, 0, 0.01
 26805940, 0, 0, 0, 0.01, 0, 0, 0, 0.01
 27005860, 0, 0, 0, 0.01, 0, 0, 0, 0.01
 27205780, 0, 0, 0, 0.01, 0, 0, 0, 0.01
 27406533, 0, 0, 0, 0.01, 0, 0, 0, 0.01
 27606453, 0, 0, 0, 0.01, 0, 0, 0, 0.01
 27806373, 0, 0, 0, 0.01, 0, 0, 0, 0.01
 28006293, 0, 0, 0, 0.01, 0, 0, 0, 0.01
 28206213, 0, 0, 0, 0.01, 0, 0, 0, 0.01
 28406133, 0, 0, 0, 0.01, 0, 0, 0, 0.01
 28606053, 0, 0, 0, 0.01, 0, 0, 0, 0.01
 28805973, 0, 0, 0, 0.01, 0, 0, 0, 0.01
 29005893, 0, 0, 0, 0.01, 0, 0, 0, 0.01
 29205813, 0, 0, 0, 0.01, 0, 0, 0, 0.01
 29406566, 0, 0, 0, 0.01, 0, 0, 0, 0.01
 29606486, 0, 0, 0, 0.01, 0, 0, 0, 0.01
 29806406, 0, 0, 0, 0.01, 0, 0, 0, 0.01
 30006326, 0, 0, 0, 0.01, 0, 0, 0, 0.01
 30206246, 0, 0, 0, 0.01, 0, 0, 0, 0.01
 30406166, 0, 0, 0, 0.01, 0, 0, 0, 0.01
 30606086, 0, 0, 0, 0.01, 0, 0, 0, 0.01
 30806006, 0, 0, 0, 0.01, 0, 0, 0, 0.01
 31005926, 0, 0, 0, 0.01, 0, 0, 0, 0.01
 31205846, 0, 0, 0, 0.01, 0, 0, 0, 0.01
 31405766, 0, 0, 0, 0.01, 0, 0, 0, 0.01
 31606519, 0, 0, 0, 0.01, 0, 0, 0, 0.01
 31806439, 0, 0, 0, 0.01, 0, 0, 0, 0.01
 32006359, 0, 0, 0, 0.01, 0, 0, 0, 0.01
 32206279, 0, 0, 0, 0.01, 0, 0, 0, 0.01
 32406199, 0, 0, 0, 0.01, 0, 0, 0, 0.01
 32606119, 0, 0, 0, 0.01, 0, 0, 0, 0.01
 32806039, 0, 0, 0, 0.01, 0, 0, 0, 0.01
 33005959, 0, 0, 0, 0.01, 0, 0, 0, 0.01
 33205879, 0, 0, 0, 0.01, 0, 0, 0, 0.01
 33405799, 0, 0, 0, 0.01, 0, 0, 0, 0.01
 33606552, 0, 0, 0, 0.01, 0, 0, 0, 0.01
 33806472, 0, 0, 0, 0.01, 0, 0, 0, 0.01
 34006392, 0, 0, 0, 0.01, 0, 0, 0, 0.01
 34206312, 0, 0, 0, 0.01, 0, 0, 0, 0.01
 34406232, 0, 0, 0, 0.01, 0, 0, 0, 0.01
 34606152, 0, 0, 0, 0.01, 0, 0, 0, 0.01
 34806072, 0, 0, 0, 0.01, 0, 0, 0, 0.01
 35005992, 0, 0, 0, 0.01, 0, 0, 0, 0.01
 35205912, 0, 0, 0, 0.01, 0, 0, 0, 0.01
 35405832, 0, 0, 0, 0.01, 0, 0, 0, 0.01
 35606585, 0, 0, 0, 0.01, 0, 0, 0, 0.01
 35806505, 0, 0, 0, 0.01, 0, 0, 0, 0.01
 36006425, 0, 0, 0, 0.01, 0, 0, 0, 0.01
 36206345, 0, 0, 0, 0.01, 0, 0, 0, 0.01
 36406265, 0, 0, 0, 0.01, 0, 0, 0, 0.01
 36606185, 0, 0, 0, 0.01, 0, 0, 0, 0.01
 36806105, 0, 0, 0, 0.01, 0, 0, 0, 0.01
 37006025, 0, 0, 0, 0.01, 0, 0, 0, 0.01
 37205945, 0, 0, 0, 0.01, 0, 0, 0, 0.01
 37405865, 0, 0, 0, 0.01, 0, 0, 0, 0.01
 37605785, 0, 0, 0, 0.01, 0, 0, 0, 0.01
 37806538, 0, 0, 0, 0.01, 0, 0, 0, 0.01
 38006458, 0, 0, 0, 0.01, 0, 0, 0, 0.01
 38206378, 0, 0, 0, 0.01, 0, 0, 0, 0.01
 38406298, 0, 0, 0, 0.01, 0, 0, 0, 0.01
 38606218, 0, 0, 0, 0.01, 0, 0, 0, 0.01
 38806138, 0, 0, 0, 0.01, 0, 0, 0, 0.01
 39006058, 0, 0, 0, 0.01, 0, 0, 0, 0.01
 39205978, 0, 0, 0, 0.01, 0, 0, 0, 0.01
 39405898, 0, 0, 0, 0.01, 0, 0, 0, 0.01
 39605818, 0, 0, 0, 0.01, 0, 0, 0, 0.01
 39806571, 0, 0, 0, 0.01, 0, 0, 0, 0.01
 40006491, 0, 0, 0, 0.01, 0, 0, 0, 0.01
 40206411, 0, 0, 0, 0.01, 0, 0, 0, 0.01
 40406331, 0, 0, 0, 0.01, 0, 0, 0, 0.01
 40606251, 0, 0, 0, 0.01, 0, 0, 0, 0.01
 40806171, 0, 0, 0, 0.01, 0, 0, 0, 0.01
 41006091, 0, 0, 0, 0.01, 0, 0, 0, 0.01
 41206011, 0, 0, 0, 0.01, 0, 0, 0, 0.01
 41405931, 0, 0, 0, 0.01, 0, 0, 0, 0.01
 41605851, 0, 0, 0, 0.01, 0, 0, 0, 0.01
 41805771, 0, 0, 0, 0.01, 0, 0, 0, 0.01
 42006524, 0, 0, 0, 0.01, 0, 0, 0, 0.01
 42206444, 0, 0, 0, 0.01, 0, 0, 0, 0.01
 42406364, 0, 0, 0, 0.01, 0, 0, 0, 0.01
 42606284, 0, 0, 0, 0.01, 0, 0, 0, 0.01
 42806204, 0, 0, 0, 0.01, 0, 0, 0, 0.01
 43006124, 0, 0, 0, 0.01, 0, 0, 0, 0.01
 43206044, 0, 0, 0, 0.01, 0, 0, 0, 0.01
 43405964, 0, 0, 0, 0.01, 0, 0, 0, 0.01
 43605884, 0, 0, 0, 0.01, 0, 0, 0, 0.01
 43805804, 0, 0, 0, 0.01, 0, 0, 0, 0.01
 44006557, 0, 0, 0, 0.01, 0, 0, 0, 0.01
 44206477, 0, 0, 0, 0.01, 0, 0, 0, 0.01
 44406397, 0, 0, 0, 0.01, 0, 0, 0, 0.01
 44606317, 0, 0, 0, 0.01, 0, 0, 0, 0.01
 44806237, 0, 0, 0, 0.01, 0, 0, 0, 0.01
 45006157, 0, 0, 0, 0.01, 0, 0, 0, 0.01
 45206077, 0, 0, 0, 0.01, 0, 0, 0, 0.01
 45405997, 0, 0, 0, 0.01, 0, 0, 0, 0.01
 45605917, 0, 0, 0, 0.01, 0, 0, 0, 0.01
 45805837, 0, 0, 0, 0.01, 0, 0, 0, 0.01
 46006590, 0, 0, 0, 0.01, 0, 0, 0, 0.01
 46206510, 0, 0, 0, 0.01, 0, 0, 0, 0.01
 46406430, 0, 0, 0, 0.01, 0, 0, 0, 0.01
 46606350, 0, 0, -0.048, 0.01, 0, 0, 0, 0.01
 46806270, 0, 0, -0.686, 0.01, 0, 0, -0.048, 0.01
 47006190, -0.001, -0.001, -1.701, 0.01, 0, 0, -0.686, 0.01
 47206110, -0.008, -0.007, -3.131, 0.01, -0.001, -0.001, -1.701, 0.01
 47406030, -0.016, -0.016, -3.916, 0.01, -0.008, -0.007, -3.131, 0.01
 47605950, -0.024, -0.024, -4.58, 0.01, -0.016, -0.016, -3.916, 0.01
 47805870, -0.031, -0.033, -5.218, 0.01, -0.024, -0.024, -4.58, 0.01
 48005790, -0.036, -0.041, -5.755, 0.01, -0.031, -0.033, -5.218, 0.01
 48206543, -0.042, -0.048, -6.201, 0.01, -0.036, -0.041, -5.755, 0.01
 48406463, -0.046, -0.053, -6.572001, 0.01, -0.042, -0.048, -6.201, 0.01
 48606383, -0.05, -0.057, -6.88, 0.01, -0.046, -0.053, -6.572001, 0.01
 48806303, -0.054, -0.059, -7.134, 0.01, -0.05, -0.057, -6.88, 0.01
 49006223, -0.057, -0.06, -6.813, 0.01, -0.054, -0.059, -7.134, 0.01
 49206143, -0.058, -0.06, -6.164001, 0.01, -0.057, -0.06, -6.813, 0.01
 49406063, -0.06, -0.061, -5.616, 0.01, -0.058, -0.06, -6.164001, 0.01
 49605983, -0.062, -0.063, -5.147, 0.01, -0.06, -0.061, -5.616, 0.01
 49805903, -0.06500001, -0.066, -4.742, 0.01, -0.062, -0.063, -5.147, 0.01
 50005823, -0.068, -0.068, -4.39, 0.01, -0.06500001, -0.066, -4.742, 0.01
 50206576, -0.071, -0.07, -4.082, 0.01, -0.068, -0.068, -4.39, 0.01
 50406496, -0.072, -0.07, -3.191, 0.01, -0.071, -0.07, -4.082, 0.01
 50606416, -0.061, -0.063, -2.294, 0.01, -0.072, -0.07, -3.191, 0.01
 50806336, -0.021, -0.041, -1.681, 0.01, -0.061, -0.063, -2.294, 0.01
 51006256, 0.06, -0.001, -1.244, 0.01, -0.021, -0.041, -1.681, 0.01
 51206176, 0.185, 0.057, -0.914, 0.01, 0.06, -0.001, -1.244, 0.01
 51406096, 0.351, 0.133, -0.674, 0.01, 0.185, 0.057, -0.914, 0.01
 51606016, 0.5560001, 0.225, -0.52, 0.01, 0.351, 0.133, -0.674, 0.01
 51805936, 0.7970001, 0.333, -0.441, 0.01, 0.5560001, 0.225, -0.52, 0.01
 52005856, 1.07, 0.454, -0.422, 0.01, 0.7970001, 0.333, -0.441, 0.01
 52205776, 1.371, 0.585, -0.449, 0.01, 1.07, 0.454, -0.422, 0.01
 52406529, 1.702, 0.729, -0.508, 0.01, 1.371, 0.585, -0.449, 0.01
 52606449, 2.06, 0.887, -0.59, 0.01, 1.702, 0.729, -0.508, 0.01
 52806369, 2.443, 1.062, -0.6900001, 0.01, 2.06, 0.887, -0.59, 0.01
 53006289, 2.847, 1.249, -0.802, 0.01, 2.443, 1.062, -0.6900001, 0.01
 53206209, 3.252, 1.434, -0.92, 0.01, 2.847, 1.249, -0.802, 0.01
 53406129, 3.637, 1.607, -1.035, 0.01, 3.252, 1.434, -0.92, 0.01
 53606049, 3.988, 1.757, -1.14, 0.01, 3.637, 1.607, -1.035, 0.01
 53805969, 4.303, 1.892, -1.233, 0.01, 3.988, 1.757, -1.14, 0.01
 54005889, 4.583, 2.012, -1.313, 0.01, 4.303, 1.892, -1.233, 0.01
 54205809, 4.829, 2.122, -1.381, 0.01, 4.583, 2.012, -1.313, 0.01
 54406562, 5.04, 2.228, -1.439, 0.01, 4.829, 2.122, -1.381, 0.01
 54606482, 5.221, 2.329, -1.487, 0.01, 5.04, 2.228, -1.439, 0.01
 54806402, 5.373, 2.407, -1.525, 0.01, 5.221, 2.329, -1.487, 0.01
 55006322, 5.499, 2.46, -1.555, 0.01, 5.373, 2.407, -1.525, 0.01
 55206242, 5.599, 2.492, -1.577, 0.01, 5.499, 2.46, -1.555, 0.01
 55406162, 5.671, 2.5, -1.59, 0.01, 5.599, 2.492, -1.577, 0.01
 55606082, 5.726, 2.494, -1.66, 0.01, 5.671, 2.5, -1.59, 0.01
 55806002, 5.734, 2.476, -1.662, 0.01, 5.726, 2.494, -1.66, 0.01
 56005922, 5.73, 2.46, -1.634, 0.01, 5.734, 2.476, -1.662, 0.01
 56205842, 5.732, 2.45, -1.596, 0.01, 5.73, 2.46, -1.634, 0.01
 56405762, 5.741, 2.437, -1.554, 0.01, 5.732, 2.45, -1.596, 0.01
 56606515, 5.756, 2.407, -1.512, 0.01, 5.741, 2.437, -1.554, 0.01
 56806435, 5.775, 2.359, -1.468, 0.01, 5.756, 2.407, -1.512, 0.01
 57006355, 5.799, 2.3, -1.42, 0.01, 5.775, 2.359, -1.468, 0.01
 57206275, 5.823, 2.227, -1.367, 0.01, 5.799, 2.3, -1.42, 0.01
 57406195, 5.853, 2.142, -1.306, 0.01, 5.823, 2.227, -1.367, 0.01
 57606115, 5.887, 2.048, -1.236, 0.01, 5.853, 2.142, -1.306, 0.01
 57806035, 5.925, 1.935, -1.157, 0.01, 5.887, 2.048, -1.236, 0.01
 58005955, 5.967, 1.802, -1.068, 0.01, 5.925, 1.935, -1.157, 0.01
 58205875, 6.015, 1.654, -0.9680001, 0.01, 5.967, 1.802, -1.068, 0.01
 58405795, 6.066, 1.482, -0.8570001, 0.01, 6.015, 1.654, -0.9680001, 0.01
 58606548, 6.124, 1.29, -0.737, 0.01, 6.066, 1.482, -0.8570001, 0.01
 58806468, 6.195, 1.093, -0.6160001, 0.01, 6.124, 1.29, -0.737, 0.01
 59006388, 6.282, 0.9, -0.498, 0.01, 6.195, 1.093, -0.6160001, 0.01
 59206308, 6.403, 0.721, -0.39, 0.01, 6.282, 0.9, -0.498, 0.01
 59406228, 6.564, 0.561, -0.295, 0.01, 6.403, 0.721, -0.39, 0.01
 59606148, 6.763, 0.421, -0.212, 0.01, 6.564, 0.561, -0.295, 0.01
 59806068, 6.998, 0.302, -0.142, 0.01, 6.763, 0.421, -0.212, 0.01
 60005988, 7.269001, 0.201, -0.08400001, 0.01, 6.998, 0.302, -0.142, 0.01
 60205908, 7.57, 0.108, -0.038, 0.01, 7.269001, 0.201, -0.08400001, 0.01
 60405828, 7.876, 0.025, -0.005, 0.01, 7.57, 0.108, -0.038, 0.01
 60606581, 8.177, -0.046, 0.018, 0.01, 7.876, 0.025, -0.005, 0.01
 60806501, 8.469001, -0.101, 0.033, 0.01, 8.177, -0.046, 0.018, 0.01
 61006421, 8.747001, -0.136, 0.037, 0.01, 8.469001, -0.101, 0.033, 0.01
 61206341, 8.998, -0.148, 0.032, 0.01, 8.747001, -0.136, 0.037, 0.01
 61406261, 9.218, -0.144, 0.021, 0.01, 8.998, -0.148, 0.032, 0.01
 61606181, 9.407001, -0.132, 0.01, 0.01, 9.218, -0.144, 0.021, 0.01
 61806101, 9.570001, -0.117, 0, 0.01, 9.407001, -0.132, 0.01, 0.01
 62006021, 9.709001, -0.103, -0.007, 0.01, 9.570001, -0.117, 0, 0.01
 62205941, 9.823001, -0.09100001, -0.015, 0.01, 9.709001, -0.103, -0.007, 0.01
 62405861, 9.906, -0.081, -0.022, 0.01, 9.823001, -0.09100001, -0.015, 0.01
 62605781, 9.954, -0.072, -0.027, 0.01, 9.906, -0.081, -0.022, 0.01
 62806534, 9.98, -0.064, -0.029, 0.01, 9.954, -0.072, -0.027, 0.01
 63006454, 10.003, -0.054, -0.029, 0.01, 9.98, -0.064, -0.029, 0.01
 63206374, 10.027, -0.047, -0.028, 0.01, 10.003, -0.054, -0.029, 0.01
 63406294, 10.046, -0.04, -0.029, 0.01, 10.027, -0.047, -0.028, 0.01
 63606214, 10.063, -0.034, -0.029, 0.01, 10.046, -0.04, -0.029, 0.01
 63806134, 10.076, -0.029, -0.029, 0.01, 10.063, -0.034, -0.029, 0.01
 64006054, 10.083, -0.024, -0.029, 0.01, 10.076, -0.029, -0.029, 0.01
 64205974, 10.087, -0.02, -0.028, 0.01, 10.083, -0.024, -0.029, 0.01
 64405894, 10.087, -0.016, -0.028, 0.01, 10.087, -0.02, -0.028, 0.01
 64605814, 10.08, -0.014, -0.027, 0.01, 10.087, -0.016, -0.028, 0.01
 64806567, 10.067, -0.013, -0.026, 0.01, 10.08, -0.014, -0.027, 0.01
 65006487, 10.055, -0.012, -0.024, 0.01, 10.067, -0.013, -0.026, 0.01
 65206407, 10.042, -0.012, -0.022, 0.01, 10.055, -0.012, -0.024, 0.01
 65406327, 10.028, -0.011, -0.021, 0.01, 10.042, -0.012, -0.022, 0.01
 65606247, 10.013, -0.011, -0.02, 0.01, 10.028, -0.011, -0.021, 0.01
 65806167, 10.002, -0.011, -0.019, 0.01, 10.013, -0.011, -0.02, 0.01
 66006087, 9.995001, -0.012, -0.017, 0.01, 10.002, -0.011, -0.019, 0.01
 66206007, 9.989, -0.013, -0.016, 0.01, 9.995001, -0.012, -0.017, 0.01
 66405927, 9.984, -0.013, -0.015, 0.01, 9.989, -0.013, -0.016, 0.01
 66605847, 9.976001, -0.013, -0.016, 0.01, 9.984, -0.013, -0.015, 0.01
 66805767, 9.968, -0.014, -0.015, 0.01, 9.976001, -0.013, -0.016, 0.01
 67006520, 9.963, -0.015, -0.014, 0.01, 9.968, -0.014, -0.015, 0.01
 67206440, 9.963, -0.015, -0.013, 0.01, 9.963, -0.015, -0.014, 0.01
 67406360, 9.969001, -0.015, -0.012, 0.01, 9.963, -0.015, -0.013, 0.01
 67606280, 9.975, -0.015, -0.012, 0.01, 9.969001, -0.015, -0.012, 0.01
 67806200, 9.983001, -0.015, -0.01, 0.01, 9.975, -0.015, -0.012, 0.01
 68006120, 9.992001, -0.015, -0.01, 0.01, 9.983001, -0.015, -0.01, 0.01
 68206040, 9.999001, -0.015, -0.01, 0.01, 9.992001, -0.015, -0.01, 0.01
 68405960, 10.005, -0.014, -0.009000001, 0.01, 9.999001, -0.015, -0.01, 0.01
 68605880, 10.011, -0.014, -0.009000001, 0.01, 10.005, -0.014, -0.009000001, 0.01
 68805800, 10.014, -0.015, -0.008, 0.01, 10.011, -0.014, -0.009000001, 0.01
 69006553, 10.016, -0.015, -0.008, 0.01, 10.014, -0.015, -0.008, 0.01
 69206473, 10.018, -0.015, -0.007, 0.01, 10.016, -0.015, -0.008, 0.01
 69406393, 10.02, -0.014, -0.007, 0.01, 10.018, -0.015, -0.007, 0.01
 69606313, 10.02, -0.013, -0.007, 0.01, 10.02, -0.014, -0.007, 0.01
 69806233, 10.019, -0.011, -0.006, 0.01, 10.02, -0.013, -0.007, 0.01
 70006153, 10.018, -0.011, -0.006, 0.01, 10.019, -0.011, -0.006, 0.01
 70206073, 10.016, -0.011, -0.005, 0.01, 10.018, -0.011, -0.006, 0.01
 70405993, 10.013, -0.011, -0.004, 0.01, 10.016, -0.011, -0.005, 0.01
 70605913, 10.012, -0.01, -0.004, 0.01, 10.013, -0.011, -0.004, 0.01
 70805833, 10.011, -0.01, -0.004, 0.01, 10.012, -0.01, -0.004, 0.01
 71006586, 10.007, -0.009000001, -0.003, 0.01, 10.011, -0.01, -0.004, 0.01
 71206506, 10.005, -0.009000001, -0.002, 0.01, 10.007, -0.009000001, -0.003, 0.01
 71406426, 10.001, -0.009000001, -0.002, 0.01, 10.005, -0.009000001, -0.002, 0.01
 71606346, 9.997001, -0.009000001, -0.001, 0.01, 10.001, -0.009000001, -0.002, 0.01
 71806266, 0, 5E-05, -0.001, 0.01, 9.997001, -0.009000001, -0.001, 0.01
 72006186, 0, 5E-05, 0, 0.01, 0, 5E-05, -0.001, 0.01
 72206106, 0, 5E-05, 0, 0.01, 0, 5E-05, 0, 0.01
 72406026, 0, 5E-05, 0, 0.01, 0, 5E-05, 0, 0.01
 72605946, 0, 5E-05, 0, 0.01, 0, 5E-05, 0, 0.01
 72805866, 0, 5E-05, -0.006, 0.01, 0, 5E-05, 0, 0.01
 73005786, 0, 5E-05, -0.014, 0.01, 0, 5E-05, -0.006, 0.01
 73206539, 0, 5E-05, -0.021, 0.01, 0, 5E-05, -0.014, 0.01
 73406459, 0, 5E-05, -0.018, 0.01, 0, 5E-05, -0.021, 0.01
 73606379, 0, 5E-05, -0.047, 0.01, 0, 5E-05, -0.018, 0.01
 73806299, 0, 5E-05, -0.158, 0.01, 0, 5E-05, -0.047, 0.01
 74006219, 0, 5E-05, -0.123, 0.01, 0, 5E-05, -0.158, 0.01
 74206139, 0, 5E-05, -0.049, 0.01, 0, 5E-05, -0.123, 0.01
 74406059, 0, 5E-05, 0.018, 0.01, 0, 5E-05, -0.049, 0.01
 74605979, 0, 5E-05, 0.071, 0.01, 0, 5E-05, 0.018, 0.01
 74805899, 0, 5E-05, 0.11, 0.01, 0, 5E-05, 0.071, 0.01
 75005819, 0, 5E-05, 0.132, 0.01, 0, 5E-05, 0.11, 0.01
 75206572, 0, 5E-05, 0.141, 0.01, 0, 5E-05, 0.132, 0.01
 75406492, 0, 5E-05, 0.138, 0.01, 0, 5E-05, 0.141, 0.01
 75606412, 0, 5E-05, 0.125, 0.01, 0, 5E-05, 0.138, 0.01
 75806332, 0, 5E-05, 0.104, 0.01, 0, 5E-05, 0.125, 0.01
 76006252, 0, 5E-05, 0.081, 0.01, 0, 5E-05, 0.104, 0.01
 76206172, 0, 5E-05, 0.05, 0.01, 0, 5E-05, 0.081, 0.01
 76406092, 0, 5E-05, -0.089, 0.01, 0, 5E-05, 0.05, 0.01
 76606012, 0, 5E-05, -0.273, 0.01, 0, 5E-05, -0.089, 0.01
 76805932, 0, 5E-05, -0.396, 0.01, 0, 5E-05, -0.273, 0.01
 77005852, 0, 5E-05, -0.443, 0.01, 0, 5E-05, -0.396, 0.01
 77205772, 0, 5E-05, -0.423, 0.01, 0, 5E-05, -0.443, 0.01
 77406525, 0, 5E-05, -0.357, 0.01, 0, 5E-05, -0.423, 0.01
 77606445, 0, 5E-05, -0.256, 0.01, 0, 5E-05, -0.357, 0.01
 77806365, 0, 5E-05, -0.104, 0.01, 0, 5E-05, -0.256, 0.01
 78006285, 0, 5E-05, 0.079, 0.01, 0, 5E-05, -0.104, 0.01
 78206205, 0, 5E-05, 0.295, 0.01, 0, 5E-05, 0.079, 0.01
 78406125, 0, 5E-05, 0.536, 0.01, 0, 5E-05, 0.295, 0.01
 78606045, 0, 5E-05, 0.793, 0.01, 0, 5E-05, 0.536, 0.01
 78805965, 0, 5E-05, 1.066, 0.01, 0, 5E-05, 0.793, 0.01
 79005885, 0, 5E-05, 1.354, 0.01, 0, 5E-05, 1.066, 0.01
 79205805, 0, 5E-05, 1.606, 0.01, 0, 5E-05, 1.354, 0.01
 79406558, 0, 5E-05, 1.801, 0.01, 0, 5E-05, 1.606, 0.01
 79606478, 0, 5E-05, 1.937, 0.01, 0, 5E-05, 1.801, 0.01
 79806398, 0, 5E-05, 2.011, 0.01, 0, 5E-05, 1.937, 0.01
 80006318, 0, 5E-05, 2.027, 0.01, 0, 5E-05, 2.011, 0.01
 80206238, 0, 5E-05, 2.002, 0.01, 0, 5E-05, 2.027, 0.01
 80406158, 0, 5E-05, 1.949, 0.01, 0, 5E-05, 2.002, 0.01
 80606078, 0, 5E-05, 1.878, 0.01, 0, 5E-05, 1.949, 0.01
 80805998, 0, 5E-05, 1.796, 0.01, 0, 5E-05, 1.878, 0.01
 81005918, 0, 5E-05, 1.71, 0.01, 0, 5E-05, 1.796, 0.01
 81205838, 0, 5E-05, 1.628, 0.01, 0, 5E-05, 1.71, 0.01
 81406591, 0, 5E-05, 1.553, 0.01, 0, 5E-05, 1.628, 0.01
 81606511, 0, 5E-05, 1.489, 0.01, 0, 5E-05, 1.553, 0.01
 81806431, 0, 5E-05, 1.438, 0.01, 0, 5E-05, 1.489, 0.01
 82006351, 0, 5E-05, 1.401, 0.01, 0, 5E-05, 1.438, 0.01
 82206271, 0, 5E-05, 1.376, 0.01, 0, 5E-05, 1.401, 0.01
 82406191, 0, 5E-05, 1.362, 0.01, 0, 5E-05, 1.376, 0.01
 82606111, 0, 5E-05, 1.358, 0.01, 0, 5E-05, 1.362, 0.01
 82806031, 0, 5E-05, 1.362, 0.01, 0, 5E-05, 1.358, 0.01
 83005951, 0, 5E-05, 1.373, 0.01, 0, 5E-05, 1.362, 0.01
 83205871, 0, 5E-05, 1.388, 0.01, 0, 5E-05, 1.373, 0.01
 83405791, 0, 5E-05, 1.404, 0.01, 0, 5E-05, 1.388, 0.01
 83606544, 0, 5E-05, 1.419, 0.01, 0, 5E-05, 1.404, 0.01
 83806464, 0, 5E-05, 1.433, 0.01, 0, 5E-05, 1.419, 0.01
 84006384, 0, 5E-05, 1.446, 0.01, 0, 5E-05, 1.433, 0.01
 84206304, 0, 5E-05, 1.458, 0.01, 0, 5E-05, 1.446, 0.01
 84406224, 0, 5E-05, 1.466, 0.01, 0, 5E-05, 1.458, 0.01
 84606144, 0, 5E-05, 1.47, 0.01, 0, 5E-05, 1.466, 0.01
 84806064, 0, 5E-05, 1.471, 0.01, 0, 5E-05, 1.47, 0.01
 85005984, 0, 5E-05, 1.469, 0.01, 0, 5E-05, 1.471, 0.01
 85205904, 0, 5E-05, 1.466, 0.01, 0, 5E-05, 1.469, 0.01
 85405824, 0, 5E-05, 1.464, 0.01, 0, 5E-05, 1.466, 0.01
 85606577, 0, 5E-05, 1.462, 0.01, 0, 5E-05, 1.464, 0.01
 85806497, 0, 5E-05, 1.46, 0.01, 0, 5E-05, 1.462, 0.01
 86006417, 0, 5E-05, 1.456, 0.01, 0, 5E-05, 1.46, 0.01
 86206337, 0, 5E-05, 1.449, 0.01, 0, 5E-05, 1.456, 0.01
 86406257, 0, 5E-05, 1.442, 0.01, 0, 5E-05, 1.449, 0.01
 86606177, 0, 5E-05, 1.435, 0.01, 0, 5E-05, 1.442, 0.01
 86806097, 0, 5E-05, 1.429, 0.01, 0, 5E-05, 1.435, 0.01
 87006017, 0, 5E-05, 1.425, 0.01, 0, 5E-05, 1.429, 0.01
 87205937, 0, 5E-05, 1.422, 0.01, 0, 5E-05, 1.425, 0.01
 87405857, 0, 5E-05, 1.421, 0.01, 0, 5E-05, 1.422, 0.01
 87605777, 0, 5E-05, 1.422, 0.01, 0, 5E-05, 1.421, 0.01
 87806530, 0, 5E-05, 1.422, 0.01, 0, 5E-05, 1.422, 0.01
 88006450, 0, 5E-05, 1.423, 0.01, 0, 5E-05, 1.422, 0.01
 88206370, 0, 5E-05, 1.424, 0.01, 0, 5E-05, 1.423, 0.01
 88406290, 0, 5E-05, 1.425, 0.01, 0, 5E-05, 1.424, 0.01
 88606210, 0, 5E-05, 1.425, 0.01, 0, 5E-05, 1.425, 0.01
 88806130, 0, 5E-05, 1.426, 0.01, 0, 5E-05, 1.425, 0.01
 89006050, 0, 5E-05, 1.424, 0.01, 0, 5E-05, 1.426, 0.01
 89205970, 0, 5E-05, 1.424, 0.01, 0, 5E-05, 1.424, 0.01
 89405890, 0, 5E-05, 1.424, 0.01, 0, 5E-05, 1.424, 0.01
 89605810, 0, 5E-05, 1.422, 0.01, 0, 5E-05, 1.424, 0.01
 89806563, 0, 5E-05, 1.421, 0.01, 0, 5E-05, 1.422, 0.01
 90006483, 0, 5E-05, 1.422, 0.01, 0, 5E-05, 1.421, 0.01
 90206403, 0, 5E-05, 1.422, 0.01, 0, 5E-05, 1.422, 0.01
 90406323, 0, 5E-05, 1.422, 0.01, 0, 5E-05, 1.422, 0.01
 90606243, 0, 5E-05, 1.424, 0.01, 0, 5E-05, 1.422, 0.01
 90806163, 0, 5E-05, 1.425, 0.01, 0, 5E-05, 1.424, 0.01
 91006083, 0, 5E-05, 1.425, 0.01, 0, 5E-05, 1.425, 0.01
 91206003, 0, 5E-05, 1.424, 0.01, 0, 5E-05, 1.425, 0.01
 91405923, 0, 5E-05, 1.452, 0.01, 0, 5E-05, 1.424, 0.01
 91605843, 0, 5E-05, 1.468, 0.01, 0, 5E-05, 1.452, 0.01
 91805763, 0, 5E-05, 1.469, 0.01, 0, 5E-05, 1.468, 0.01
 92006516, 0, 5E-05, 1.462, 0.01, 0, 5E-05, 1.469, 0.01
 92206436, 0, 5E-05, 1.452, 0.01, 0, 5E-05, 1.462, 0.01
 92406356, 0, 5E-05, 1.442, 0.01, 0, 5E-05, 1.452, 0.01
 92606276, 0, 5E-05, 1.434, 0.01, 0, 5E-05, 1.442, 0.01
 92806196, 0, 5E-05, 1.43, 0.01, 0, 5E-05, 1.434, 0.01
 93006116, 0, 5E-05, 1.428, 0.01, 0, 5E-05, 1.43, 0.01
 93206036, 0, 5E-05, 1.42, 0.01, 0, 5E-05, 1.428, 0.01
 93405956, 0, 5E-05, 1.332, 0.01, 0, 5E-05, 1.42, 0.01
 93605876, 0, 5E-05, 1.159, 0.01, 0, 5E-05, 1.332, 0.01
 93805796, 0, 5E-05, 0.946, 0.01, 0, 5E-05, 1.159, 0.01
 94006549, 0, 5E-05, 0.72, 0.01, 0, 5E-05, 0.946, 0.01
 94206469, 0, 5E-05, 0.512, 0.01, 0, 5E-05, 0.72, 0.01
 94406389, 0, 5E-05, 0.399, 0.01, 0, 5E-05, 0.512, 0.01
 94606309, 0, 5E-05, 0.359, 0.01, 0, 5E-05, 0.399, 0.01
 94806229, 0, 5E-05, 0.361, 0.01, 0, 5E-05, 0.359, 0.01
 95006149, 0, 5E-05, 0.384, 0.01, 0, 5E-05, 0.361, 0.01
 95206069, 0, 5E-05, 0.414, 0.01, 0, 5E-05, 0.384, 0.01
 95405989, 0, 5E-05, 0.443, 0.01, 0, 5E-05, 0.414, 0.01
 95605909, 0, 5E-05, 0.465, 0.01, 0, 5E-05, 0.443, 0.01
 95805829, 0, 5E-05, 0.481, 0.01, 0, 5E-05, 0.465, 0.01
 96006582, 0, 5E-05, 0.492, 0.01, 0, 5E-05, 0.481, 0.01
 96206502, 0, 5E-05, 0.497, 0.01, 0, 5E-05, 0.492, 0.01
 96406422, 0, 5E-05, 0.499, 0.01, 0, 5E-05, 0.497, 0.01
 96606342, 0, 5E-05, 0.498, 0.01, 0, 5E-05, 0.499, 0.01
 96806262, 0, 5E-05, 0.497, 0.01, 0, 5E-05, 0.498, 0.01
 97006182, 0, 5E-05, 0.495, 0.01, 0, 5E-05, 0.497, 0.01
 97206102, 0, 5E-05, 0.494, 0.01, 0, 5E-05, 0.495, 0.01
 97406022, 0, 5E-05, 0.493, 0.01, 0, 5E-05, 0.494, 0.01
 97605942, 0, 5E-05, 0.492, 0.01, 0, 5E-05, 0.493, 0.01
 97805862, 0, 5E-05, 0.49, 0.01, 0, 5E-05, 0.492, 0.01
 98005782, 0, 5E-05, 0.489, 0.01, 0, 5E-05, 0.49, 0.01
 98206535, 0, 5E-05, 0.487, 0.01, 0, 5E-05, 0.489, 0.01
 98406455, 0, 5E-05, 0.485, 0.01, 0, 5E-05, 0.487, 0.01
 98606375, 0, 5E-05, 0.484, 0.01, 0, 5E-05, 0.485, 0.01
 98806295, 0, 5E-05, 0.483, 0.01, 0, 5E-05, 0.484, 0.01
 99006215, 0, 5E-05, 0.482, 0.01, 0, 5E-05, 0.483, 0.01
 99206135, 0, 5E-05, 0.481, 0.01, 0, 5E-05, 0.482, 0.01
 99406055, 0, 5E-05, 0.48, 0.01, 0, 5E-05, 0.481, 0.01
 99605975, 0, 5E-05, 0.481, 0.01, 0, 5E-05, 0.48, 0.01
 99805895, 0, 5E-05, 0.481, 0.01, 0, 5E-05, 0.481, 0.01
 100005815, 0, 5E-05, 0.481, 0.01, 0, 5E-05, 0.481, 0.01
 100206568, 0, 5E-05, 0.481, 0.01, 0, 5E-05, 0.481, 0.01
 100406488, 0, 5E-05, 0.48, 0.01, 0, 5E-05, 0.481, 0.01
 100606408, 0, 5E-05, 0.48, 0.01, 0, 5E-05, 0.48, 0.01
 100806328, 0, 5E-05, 0.479, 0.01, 0, 5E-05, 0.48, 0.01
 101006248, 0, 5E-05, 0.478, 0.01, 0, 5E-05, 0.479, 0.01
 101206168, 0, 5E-05, 0.478, 0.01, 0, 5E-05, 0.478, 0.01
 101406088, 0, 5E-05, 0.477, 0.01, 0, 5E-05, 0.478, 0.01
 101606008, 0, 5E-05, 0.477, 0.01, 0, 5E-05, 0.477, 0.01
 101805928, 0, 5E-05, 0.476, 0.01, 0, 5E-05, 0.477, 0.01
 102005848, 0, 5E-05, 0.476, 0.01, 0, 5E-05, 0.476, 0.01
 102205768, 0, 5E-05, 0.474, 0.01, 0, 5E-05, 0.476, 0.01
 102406521, 0, 5E-05, 0.474, 0.01, 0, 5E-05, 0.474, 0.01
 102606441, 0, 5E-05, 0.474, 0.01, 0, 5E-05, 0.474, 0.01
 102806361, 0, 5E-05, 0.473, 0.01, 0, 5E-05, 0.474, 0.01
 103006281, 0, 5E-05, 0.472, 0.01, 0, 5E-05, 0.473, 0.01
 103206201, 0, 5E-05, 0.471, 0.01, 0, 5E-05, 0.472, 0.01
 103406121, 0, 5E-05, 0.471, 0.01, 0, 5E-05, 0.471, 0.01
 103606041, 0, 5E-05, 0.471, 0.01, 0, 5E-05, 0.471, 0.01
 103805961, 0, 5E-05, 0.471, 0.01, 0, 5E-05, 0.471, 0.01
 104005881, 0, 5E-05, 0.472, 0.01, 0, 5E-05, 0.471, 0.01
 104205801, 0, 5E-05, 0.473, 0.01, 0, 5E-05, 0.472, 0.01
 104406554, 0, 5E-05, 0.473, 0.01, 0, 5E-05, 0.473, 0.01
 104606474, 0, 5E-05, 0.473, 0.01, 0, 5E-05, 0.473, 0.01
 104806394, 0, 5E-05, 0.473, 0.01, 0, 5E-05, 0.473, 0.01
 105006314, 0, 5E-05, 0.473, 0.01, 0, 5E-05, 0.473, 0.01
 105206234, 0, 5E-05, 0.473, 0.01, 0, 5E-05, 0.473, 0.01
 105406154, 0, 5E-05, 0.473, 0.01, 0, 5E-05, 0.473, 0.01
 105606074, 0, 5E-05, 0.473, 0.01, 0, 5E-05, 0.473, 0.01
 105805994, 0, 5E-05, 0.472, 0.01, 0, 5E-05, 0.473, 0.01
 106005914, 0, 5E-05, 0.473, 0.01, 0, 5E-05, 0.472, 0.01
 106205834, 0, 5E-05, 0.473, 0.01, 0, 5E-05, 0.473, 0.01
 106406587, 0, 5E-05, 0.474, 0.01, 0, 5E-05, 0.473, 0.01
 106606507, 0, 5E-05, 0.474, 0.01, 0, 5E-05, 0.474, 0.01
 106806427, 0, 5E-05, 0.474, 0.01, 0, 5E-05, 0.474, 0.01
 107006347, 0, 5E-05, 0.473, 0.01, 0, 5E-05, 0.474, 0.01
 107206267, 0, 5E-05, 0.475, 0.01, 0, 5E-05, 0.473, 0.01
 107406187, 0, 5E-05, 0.476, 0.01, 0, 5E-05, 0.475, 0.01
 107606107, 0, 5E-05, 0.475, 0.01, 0, 5E-05, 0.476, 0.01
 107806027, 0, 5E-05, 0.474, 0.01, 0, 5E-05, 0.475, 0.01
 108005947, 0, 5E-05, 0.473, 0.01, 0, 5E-05, 0.474, 0.01
 108205867, 0, 5E-05, 0.472, 0.01, 0, 5E-05, 0.473, 0.01
 108405787, 0, 5E-05, 0.472, 0.01, 0, 5E-05, 0.472, 0.01
 108606540, 0, 5E-05, 0.472, 0.01, 0, 5E-05, 0.472, 0.01
 108806460, 0, 5E-05, 0.472, 0.01, 0, 5E-05, 0.472, 0.01
 109006380, 0, 5E-05, 0.473, 0.01, 0, 5E-05, 0.472, 0.01
 109206300, 0, 5E-05, 0.473, 0.01, 0, 5E-05, 0.473, 0.01
 109406220, 0, 5E-05, 0.474, 0.01, 0, 5E-05, 0.473, 0.01
 109606140, 0, 5E-05, 0.474, 0.01, 0, 5E-05, 0.474, 0.01
 109806060, 0, 5E-05, 0.474, 0.01, 0, 5E-05, 0.474, 0.01
 110005980, 0, 5E-05, 0.474, 0.01, 0, 5E-05, 0.474, 0.01
 110205900, 0, 5E-05, 0.473, 0.01, 0, 5E-05, 0.474, 0.01
 110405820, 0, 5E-05, 0.473, 0.01, 0, 5E-05, 0.473, 0.01
 110606573, 0, 5E-05, 0.473, 0.01, 0, 5E-05, 0.473, 0.01
 110806493, 0, 5E-05, 0.474, 0.01, 0, 5E-05, 0.473, 0.01
 111006413, 0, 5E-05, 0.474, 0.01, 0, 5E-05, 0.474, 0.01
 111206333, 0, 5E-05, 0.474, 0.01, 0, 5E-05, 0.474, 0.01
 111406253, 0, 5E-05, 0.475, 0.01, 0, 5E-05, 0.474, 0.01
 111606173, 0, 5E-05, 0.475, 0.01, 0, 5E-05, 0.475, 0.01
 111806093, 0, 5E-05, 0.476, 0.01, 0, 5E-05, 0.475, 0.01
 112006013, 0, 5E-05, 0.476, 0.01, 0, 5E-05, 0.476, 0.01
 112205933, 0, 5E-05, 0.476, 0.01, 0, 5E-05, 0.476, 0.01
 112405853, 0, 5E-05, 0.476, 0.01, 0, 5E-05, 0.476, 0.01
 112605773, 0, 5E-05, 0.475, 0.01, 0, 5E-05, 0.476, 0.01
 112806526, 0, 5E-05, 0.475, 0.01, 0, 5E-05, 0.475, 0.01
 113006446, 0, 5E-05, 0.475, 0.01, 0, 5E-05, 0.475, 0.01
 113206366, 0, 5E-05, 0.475, 0.01, 0, 5E-05, 0.475, 0.01
 113406286, 0, 5E-05, 0.475, 0.01, 0, 5E-05, 0.475, 0.01
 113606206, 0, 5E-05, 0.476, 0.01, 0, 5E-05, 0.475, 0.01
 113806126, 0, 5E-05, 0.476, 0.01, 0, 5E-05, 0.476, 0.01
 114006046, 0, 5E-05, 0.476, 0.01, 0, 5E-05, 0.476, 0.01
 114205966, 0, 5E-05, 0.476, 0.01, 0, 5E-05, 0.476, 0.01
 114405886, 0, 5E-05, -0.064, 0.01, 0, 5E-05, 0.476, 0.01
 114605806, 0, 5E-05, -0.08400001, 0.01, 0, 5E-05, -0.064, 0.01
 114806559, 0, 5E-05, 0.018, 0.01, 0, 5E-05, -0.08400001, 0.01
 115006479, 0, 5E-05, 0.009000001, 0.01, 0, 5E-05, 0.018, 0.01
 115206399, 0, 5E-05, -0.003, 0.01, 0, 5E-05, 0.009000001, 0.01
 115406319, 0, 5E-05, 0, 0.01, 0, 5E-05, -0.003, 0.01
 115606239, 0, 5E-05, 0, 0.01, 0, 5E-05, 0, 0.01
 115806159, 0, 5E-05, 0, 0.01, 0, 5E-05, 0, 0.01
 116006079, 0, 5E-05, 0, 0.01, 0, 5E-05, 0, 0.01
 116205999, 0, 5E-05, 0, 0.01, 0, 5E-05, 0, 0.01
 116405919, 0, 5E-05, 0, 0.01, 0, 5E-05, 0, 0.01
 116605839, 0, 5E-05, 0, 0.01, 0, 5E-05, 0, 0.01
 116806592, 0, 5E-05, 0, 0.01, 0, 5E-05, 0, 0.01
 117006512, 0, 5E-05, 0, 0.01, 0, 5E-05, 0, 0.01
 117206432, 0, 5E-05, 0, 0.01, 0, 5E-05, 0, 0.01
 117406352, 0, 5E-05, 0, 0.01, 0, 5E-05, 0, 0.01
 117606272, 0, 5E-05, 0, 0.01, 0, 5E-05, 0, 0.01
 117806192, 0, 5E-05, 0, 0.01, 0, 5E-05, 0, 0.01
 118006112, 0, 5E-05, 0, 0.01, 0, 5E-05, 0, 0.01
 118206032, 0, 5E-05, 0, 0.01, 0, 5E-05, 0, 0.01
 118405952, 0, 5E-05, 0, 0.01, 0, 5E-05, 0, 0.01
 118605872, 0, 5E-05, 0, 0.01, 0, 5E-05, 0, 0.01
 118805792, 0, 5E-05, 0, 0.01, 0, 5E-05, 0, 0.01
 119006545, 0, 5E-05, 0, 0.01, 0, 5E-05, 0, 0.01
 119206465, 0, 5E-05, 0, 0.01, 0, 5E-05, 0, 0.01
 119406385, 0, 5E-05, 0, 0.01, 0, 5E-05, 0, 0.01
 119606305, 0, 5E-05, 0, 0.01, 0, 5E-05, 0, 0.01
 119806225, 0, 5E-05, 0, 0.01, 0, 5E-05, 0, 0.01
 120006145, 0, 5E-05, 0, 0.01, 0, 5E-05, 0, 0.01
 120206065, 0, 5E-05, 0, 0.01, 0, 5E-05, 0, 0.01
 120405985, 0, 5E-05, 0, 0.01, 0, 5E-05, 0, 0.01
 120605905, 0, 5E-05, 0, 0.01, 0, 5E-05, 0, 0.01
 120805825, 0, 5E-05, 0, 0.01, 0, 5E-05, 0, 0.01
 121006578, 0, 5E-05, 0, 0.01, 0, 5E-05, 0, 0.01
 121206498, 0, 5E-05, 0, 0.01, 0, 5E-05, 0, 0.01
 121406418, 0, 5E-05, 0, 0.01, 0, 5E-05, 0, 0.01
 121606338, 0, 5E-05, 0, 0.01, 0, 5E-05, 0, 0.01
 121806258, 0, 5E-05, 0, 0.01, 0, 5E-05, 0, 0.01
 122006178, 0, 5E-05, 0, 0.01, 0, 5E-05, 0, 0.01
 122206098, 0, 5E-05, 0, 0.01, 0, 5E-05, 0, 0.01
 122406018, 0, 5E-05, 0, 0.01, 0, 5E-05, 0, 0.01
 122605938, 0, 5E-05, 0, 0.01, 0, 5E-05, 0, 0.01
 122805858, 0, 5E-05, 0, 0.01, 0, 5E-05, 0, 0.01
 123005778, 0, 5E-05, 0, 0.01, 0, 5E-05, 0, 0.01
 123206531, 0, 5E-05, 0, 0.01, 0, 5E-05, 0, 0.01
 123406451, 0, 5E-05, 0, 0.01, 0, 5E-05, 0, 0.01
 123606371, 0, 5E-05, 0, 0.01, 0, 5E-05, 0, 0.01
 123806291, 0, 5E-05, 0, 0.01, 0, 5E-05, 0, 0.01
 124006211, 0, 5E-05, 0, 0.01, 0, 5E-05, 0, 0.01
 124206131, 0, 5E-05, 0, 0.01, 0, 5E-05, 0, 0.01
 124406051, 0, 5E-05, 0, 0.01, 0, 5E-05, 0, 0.01
 124605971, 0, 5E-05, 0, 0.01, 0, 5E-05, 0, 0.01
 124805891, 0, 5E-05, 0, 0.01, 0, 5E-05, 0, 0.01
 125005811, 0, 5E-05, 0, 0.01, 0, 5E-05, 0, 0.01
 125206564, 0, 5E-05, 0, 0.01, 0, 5E-05, 0, 0.01
 125406484, 0, 5E-05, 0, 0.01, 0, 5E-05, 0, 0.01
 125606404, 0, 5E-05, 0, 0.01, 0, 5E-05, 0, 0.01
 125806324, 0, 5E-05, 0, 0.01, 0, 5E-05, 0, 0.01
 126006244, 0, 5E-05, 0, 0.01, 0, 5E-05, 0, 0.01
 126206164, 0, 5E-05, 0, 0.01, 0, 5E-05, 0, 0.01
 126406084, 0, 5E-05, 0, 0.01, 0, 5E-05, 0, 0.01
 126606004, 0, 5E-05, 0, 0.01, 0, 5E-05, 0, 0.01
 126805924, 0, 5E-05, 0, 0.01, 0, 5E-05, 0, 0.01
 127005844, 0, 5E-05, 0, 0.01, 0, 5E-05, 0, 0.01
 127205764, 0, 5E-05, 0, 0.01, 0, 5E-05, 0, 0.01
 127406517, 0, 5E-05, 0, 0.01, 0, 5E-05, 0, 0.01
 127606437, 0, 5E-05, 0, 0.01, 0, 5E-05, 0, 0.01
 127806357, 0, 5E-05, 0, 0.01, 0, 5E-05, 0, 0.01
 128006277, 0, 5E-05, 0, 0.01, 0, 5E-05, 0, 0.01
 128206197, 0, 5E-05, 0, 0.01, 0, 5E-05, 0, 0.01
 128406117, 0, 5E-05, 0, 0.01, 0, 5E-05, 0, 0.01
 128606037, 0, 5E-05, 0, 0.01, 0, 5E-05, 0, 0.01
 128805957, 0, 5E-05, 0, 0.01, 0, 5E-05, 0, 0.01
 129005877, 0, 5E-05, 0, 0.01, 0, 5E-05, 0, 0.01
 129205797, 0, 5E-05, 0, 0.01, 0, 5E-05, 0, 0.01
 129406550, 0, 5E-05, 0, 0.01, 0, 5E-05, 0, 0.01
 129606470, 0, 5E-05, 0, 0.01, 0, 5E-05, 0, 0.01
 129806390, 0, 5E-05, 0, 0.01, 0, 5E-05, 0, 0.01
 130006310, 0, 5E-05, 0, 0.01, 0, 5E-05, 0, 0.01
 130206230, 0, 5E-05, 0, 0.01, 0, 5E-05, 0, 0.01
 130406150, 0, 5E-05, 0, 0.01, 0, 5E-05, 0, 0.01
 130606070, 0, 5E-05, 0, 0.01, 0, 5E-05, 0, 0.01
 130805990, 0, 5E-05, 0, 0.01, 0, 5E-05, 0, 0.01
 131005910, 0, 5E-05, 0, 0.01, 0, 5E-05, 0, 0.01
 131205830, 0, 5E-05, 0, 0.01, 0, 5E-05, 0, 0.01
 131406583, 0, 5E-05, 0, 0.01, 0, 5E-05, 0, 0.01
 131606503, 0, 5E-05, 0, 0.01, 0, 5E-05, 0, 0.01
 131806423, 0, 5E-05, 0, 0.01, 0, 5E-05, 0, 0.01
 132006343, 0, 5E-05, 0, 0.01, 0, 5E-05, 0, 0.01
 132206263, 0, 5E-05, 0, 0.01, 0, 5E-05, 0, 0.01
 132406183, 0, 0, 0, 0.01, 0, 5E-05, 0, 0.01
 132606103, 0, 0, 0, 0.01, 0, 0, 0, 0.01
 132806023, 0, 0, 0, 0.01, 0, 0, 0, 0.01
 133005943, 0, 0, 0, 0.01, 0, 0, 0, 0.01
 133205863, 0, 0, 0, 0.01, 0, 0, 0, 0.01
 133405783, 0, 0, 0, 0.01, 0, 0, 0, 0.01
 133606536, 0, 0, 0, 0.01, 0, 0, 0, 0.01
 133806456, 0, 0, 0, 0.01, 0, 0, 0, 0.01
 134006376, 0, 0, 0, 0.01, 0, 0, 0, 0.01
 134206296, 0, 0, 0, 0.01, 0, 0, 0, 0.01
 134406216, 0, 0, 0, 0.01, 0, 0, 0, 0.01
 134606136, 0, 0, 0, 0.01, 0, 0, 0, 0.01
 134806056, 0, 0, 0, 0.01, 0, 0, 0, 0.01
 135005976, 0, 0, 0, 0.01, 0, 0, 0, 0.01
 135205896, 0, 0, 0, 0.01, 0, 0, 0, 0.01
