TimeUS,CAN,CAE,CAD,CAe,NAN,NAE,NAD,NAe,m10,m00,Gye
 8040949, -0.01083339, -0.003921081, -0.05424276, 1.495416, -0.01529053, -0.008586386, -0.07605818, 1.491887, -0.3201157, 0.9473785, 11.1826
 8220877, -0.01541763, -0.008620534, -0.07823353, 1.529077, 9.41327E-05, -0.0001234065, -0.001013341, 0.03347886, -0.3201112, 0.94738, 3601.934
 8420797, 0.0002229193, -0.0002085789, -0.003370386, 0.07439747, 0.0001911634, 0.0002294642, -0.0008661619, 0.03719873, -0.3201211, 0.9473766, 5.563381
 8620717, 6.204499E-05, 0.0006384594, -0.003089012, 0.07811734, 0.0001918166, 6.073991E-05, -0.0009713101, 0.03719873, -0.3201395, 0.9473704, 5.84155
 8820637, -3.944215E-05, 0.0004507747, -0.003304561, 0.07811734, 0.000253286, -0.0001112646, -0.0009816056, 0.03719873, -0.3201652, 0.9473618, 5.84155
 9020557, 7.318091E-05, 0.0003944707, -0.003252587, 0.07811734, -0.0002426329, 0.0002112303, -0.001037373, 0.03719873, -0.3202031, 0.9473489, 5.84155
 9220477, -0.0003416819, 0.000679074, -0.003257039, 0.07810804, -0.0001124374, 0.0005058524, -0.001390187, 0.03718013, -0.320234, 0.9473385, 5.840384
 9420397, -0.000292153, 0.001073542, -0.003784763, 0.07807828, -0.0002733419, 0.000208635, -0.001004961, 0.03718013, -0.3202462, 0.9473344, 5.838631
 9620317, -0.0006220869, 0.0006688899, -0.003370281, 0.07807828, 7.043013E-05, 0.0003686706, -0.001078746, 0.03718013, -0.320246, 0.9473345, 5.838631
 9820237, -4.209649E-05, 0.0007192793, -0.003612655, 0.07807828, -0.0003315001, 0.0002051226, -0.001099242, 0.03718013, -0.3202395, 0.9473367, 5.838631
 10020157, -0.0004077002, 0.0006589745, -0.003259232, 0.07807828, 1.718848E-06, -2.521446E-05, -0.001062635, 0.03718013, -0.3202352, 0.9473382, 5.838631
 10220910, -0.0002748821, 0.0001708553, -0.003398313, 0.0782332, 0.0001351466, 2.713715E-06, -0.0008829811, 0.03733505, -0.3202523, 0.9473324, 5.850215
 10420830, -9.195467E-05, 0.0004613046, -0.003118024, 0.0782332, -8.335261E-07, 0.0001242394, -0.00120582, 0.03718013, -0.3202608, 0.9473295, 5.850215
 10620750, -3.578064E-05, 0.0005852109, -0.003629167, 0.07807828, -2.729441E-05, 0.0001003143, -0.0009977163, 0.03718013, -0.3202598, 0.9473298, 5.838631
 10820670, -0.0003002178, 0.0005648995, -0.003302292, 0.07807828, 0.0004141476, 0.0002549682, -0.001217355, 0.03718013, -0.3202408, 0.9473362, 5.838631
 11020590, 0.0005894823, 0.0006272485, -0.00347051, 0.07807828, -6.823145E-05, -0.0001756043, -0.00112193, 0.03718013, -0.3202166, 0.9473444, 5.838631
 11220510, -0.0003563079, 8.31965E-05, -0.003533409, 0.07808758, 0.0001048953, 0.0002570527, -0.001192093, 0.03719873, -0.3202035, 0.9473488, 5.839798
 11420430, -9.849323E-05, 0.0005774089, -0.003564534, 0.07811734, 4.613742E-06, -4.071999E-06, -0.0009230735, 0.03719873, -0.3202013, 0.9473496, 5.84155
 11620350, -0.000128379, 0.000167555, -0.003367821, 0.07811734, -0.0003606882, 5.770528E-05, -0.001546908, 0.03719873, -0.3202021, 0.9473493, 5.84155
 11820270, -0.0004828383, 0.0002016678, -0.003952228, 0.07811734, -0.0001295785, 0.0003700661, -0.001161206, 0.03719873, -0.3202079, 0.9473474, 5.84155
 12020190, -0.0003173315, 0.0008860752, -0.003569481, 0.07811734, 0.0002659035, -0.0002101757, -0.0009317484, 0.03719873, -0.3202232, 0.9473422, 5.84155
 12220943, 0.0002083919, 0.0002003941, -0.003307045, 0.07826295, 0.000155185, 6.133191E-05, -0.0009889504, 0.03733505, -0.3202263, 0.9473411, 5.851971
 12420863, 4.09513E-05, 0.0006513346, -0.003331439, 0.0782332, -3.87101E-05, 0.0003151562, -0.001046716, 0.03718013, -0.3202156, 0.9473447, 5.850215
 12620783, -0.0001316852, 0.0005808903, -0.003327002, 0.07807828, -2.54511E-05, 7.222876E-05, -0.001168832, 0.03718013, -0.3202007, 0.9473497, 5.838631
 12820703, -0.0001137363, 0.0002384707, -0.003706279, 0.07807828, 8.942356E-05, 0.0001717182, -0.001209443, 0.03718013, -0.3201753, 0.9473583, 5.838631
 13020623, -9.967729E-05, 0.0003608268, -0.003408069, 0.07807828, -0.000322181, 2.538856E-05, -0.001245763, 0.03718013, -0.3201615, 0.9473631, 5.838631
 13220543, -0.0006073989, 0.0004100588, -0.003530043, 0.07808758, -0.0002156948, 0.0001148979, -0.001115734, 0.03719873, -0.3201579, 0.9473643, 5.839798
 13420463, -0.0004123671, 0.0004506539, -0.003414246, 0.07811734, -0.000353237, 0.0001640579, -0.0008231684, 0.03719873, -0.3201765, 0.947358, 5.84155
 13620383, -0.000586203, 0.0007209759, -0.003061805, 0.07811734, -0.0001184155, 0.0002603415, -0.0008620627, 0.03719873, -0.3201922, 0.9473526, 5.84155
 13820303, -0.0002334015, 0.0006414068, -0.003365009, 0.07811734, -0.000233163, 8.597221E-05, -0.001035371, 0.03719873, -0.3201909, 0.9473531, 5.84155
 14020223, -0.0006892707, 0.0001839618, -0.003437555, 0.07811734, 1.462069E-06, 0.0002213462, -0.001047955, 0.03719873, -0.3201864, 0.9473546, 5.84155
 14220976, -0.0003340013, 0.0008637551, -0.003208924, 0.07826295, -0.0003278471, -0.0001075497, -0.0008582496, 0.03718013, -0.320195, 0.9473516, 5.851971
 14420896, -0.000672347, 0.000379954, -0.0030892, 0.0782332, 5.717516E-05, 0.0003338819, -0.001121723, 0.03733505, -0.3202212, 0.9473429, 5.850215
 14620816, -6.796289E-05, 0.001088822, -0.003512448, 0.0782332, -0.000193707, 0.0005463581, -0.001250148, 0.03718013, -0.3202637, 0.9473285, 5.850215
 14820736, -0.0001793257, 0.0008525135, -0.003708481, 0.07807828, -0.0001446461, 0.000187003, -0.000893426, 0.03718013, -0.3202786, 0.9473234, 5.838631
 15020656, -0.0004796063, 0.0004898596, -0.003423217, 0.07807828, -0.0002067986, 8.653163E-05, -0.001305058, 0.03718013, -0.3202701, 0.9473263, 5.838631
 15220576, -0.0004083085, 0.0006075814, -0.003915393, 0.07807828, -0.0001373697, -3.301579E-05, -0.001247193, 0.03718013, -0.320269, 0.9473267, 5.838631
 15420496, -0.0002546615, 0.0005294732, -0.003752895, 0.07807828, -0.000268059, 0.0001273236, -0.001236516, 0.03718013, -0.3202755, 0.9473245, 5.838631
 15620416, -0.0003239441, 0.0004327761, -0.003547832, 0.07807828, -0.0005332723, 0.0004229413, -0.0009659716, 0.03718013, -0.3202686, 0.9473267, 5.838631
 15820336, -0.0006305591, 0.0008896456, -0.003271225, 0.07807828, 0.0001412206, 0.000160889, -0.001081701, 0.03718013, -0.3202624, 0.9473288, 5.838631
 16020256, 8.354165E-06, 0.0006282555, -0.003636612, 0.07807828, 0.0001177146, 0.0001187694, -0.001063494, 0.03718013, -0.3202575, 0.9473306, 5.838631
 16220176, -0.0001510403, 0.0005407372, -0.003378451, 0.07808758, -0.000180377, 3.630933E-05, -0.0009961911, 0.03719873, -0.3202491, 0.9473334, 5.839798
 16420929, -2.25463E-05, 0.0005398608, -0.003401214, 0.07827234, 3.028406E-05, 0.0002978384, -0.0006781265, 0.03735373, -0.3202382, 0.947337, 5.853141
 16620849, -0.0002658791, 0.0006965769, -0.002881835, 0.07827234, -0.0002746227, 2.618034E-05, -0.001183322, 0.03719873, -0.3202187, 0.9473436, 5.853141
 16820769, -0.0005626527, 0.0004445223, -0.003530225, 0.07811734, -0.000394682, 0.0004227797, -0.001103151, 0.03719873, -0.3202011, 0.9473495, 5.84155
 17020689, -0.0009428627, 0.001046048, -0.003449166, 0.07811734, -8.33766E-05, -8.560946E-06, -0.001199338, 0.03719873, -0.3202085, 0.9473471, 5.84155
 17220609, -0.0005801116, 0.0005570503, -0.003430472, 0.07810804, -0.0001022353, 0.0005830342, -0.00123337, 0.03718013, -0.3202173, 0.9473441, 5.840384
 17420529, -0.0004461193, 0.001031271, -0.003617308, 0.07807828, -0.0002991076, 0.0002828715, -0.001250148, 0.03718013, -0.3202438, 0.9473351, 5.838631
 17620449, -0.0005846081, 0.0007998568, -0.003725506, 0.07807828, -0.0002277581, 0.0002752992, -0.001314019, 0.03718013, -0.3202509, 0.9473328, 5.838631
 17820369, -0.0004943779, 0.0008885937, -0.003604067, 0.07807828, -0.0002312219, 0.0002012503, -0.0008072484, 0.03718013, -0.3202438, 0.9473352, 5.838631
 18020289, -0.0006795362, 0.0006205125, -0.003034341, 0.07807828, 4.950682E-05, 0.0002199584, -0.0009924732, 0.03718013, -0.3202331, 0.9473388, 5.838631
 18220209, -0.0001366972, 0.0007779432, -0.003141663, 0.07808758, -0.0002145842, 0.000258937, -0.001059871, 0.03719873, -0.3202333, 0.9473386, 5.839798
 18420962, -0.000804662, 0.0006851834, -0.003612467, 0.07827234, 0.0002023027, 0.0004470283, -0.0009894291, 0.03735373, -0.3202462, 0.9473343, 5.853141
 18620882, -6.327078E-05, 0.001202649, -0.003522109, 0.07827234, -0.0004345865, 0.0002577727, -0.001190377, 0.03719873, -0.3202646, 0.9473281, 5.853141
 18820802, -0.001001468, 0.0006449014, -0.003648852, 0.07811734, 1.847416E-05, 0.0001649482, -0.00101316, 0.03719873, -0.3202722, 0.9473256, 5.84155
 19020722, -0.0002900207, 0.0005586238, -0.003452645, 0.07811734, -0.0005453397, 0.0003486777, -0.001018212, 0.03719873, -0.3202677, 0.947327, 5.84155
 19220642, -0.001169309, 0.0008113442, -0.003603457, 0.07810804, -7.574882E-05, 0.0002030892, -0.001199052, 0.03718013, -0.3202646, 0.9473281, 5.840384
 19420562, -0.000674472, 0.0005717904, -0.003499567, 0.07807828, -0.0004386254, 0.0002810566, -0.000791233, 0.03718013, -0.3202718, 0.9473257, 5.838631
 19620482, -0.0008271704, 0.0008327663, -0.003261834, 0.07807828, -0.0001510867, 0.0001667212, -0.0009194509, 0.03718013, -0.2920759, 0.9563951, 5.838631
 19820402, -0.0008761457, 0.0009515387, -0.003317583, 0.07807828, -0.0002918878, 0.0002382027, -0.001167974, 0.03718013, -0.2458723, 0.9693022, 5.838631
 20020322, -0.0006340547, 0.0009531282, -0.003421768, 0.07807828, -9.204341E-05, 0.0005538045, -0.0007529107, 0.03718013, -0.2108377, 0.9775211, 5.838631
 20220242, -0.0003107278, 0.001325424, -0.003182663, 0.07807828, 0.0001673602, 0.0004148216, -0.001198575, 0.03718013, -0.19513, 0.9807774, 5.838631
 20420162, -0.000236359, 0.001343005, -0.004092744, 0.07807828, -0.0003853195, 0.0001491492, -0.0008837978, 0.03718013, -0.1921, 0.9813754, 5.838631
 20620915, 0.01295285, -0.001648334, -0.003288409, 0.0782332, 0.02514755, -0.00423674, -0.0008717811, 0.03733505, -0.1891599, 0.9819463, 5.850215
 20820835, 0.2885409, -0.05361804, -0.002194018, 0.0782332, 0.2092009, -0.03943557, 0.0001460445, 0.03718013, -0.1867455, 0.9824075, 5.850215
 21020755, 0.9494367, -0.1770413, 0.008594326, 0.07807828, 0.4409934, -0.08712562, 0.005366943, 0.03718013, -0.1856372, 0.9825982, 5.838631
 21220675, 1.678489, -0.3217745, 0.0155737, 0.07808758, 0.6560083, -0.1243139, 0.003446154, 0.03719873, -0.1852725, 0.9824995, 5.839798
 21420595, 2.344207, -0.4425629, -0.007402062, 0.07811734, 0.8620626, -0.1522599, -0.01299472, 0.03719873, -0.1848683, 0.9819794, 5.84155
 21620515, 2.931808, -0.5374178, -0.07040584, 0.07811734, 0.9929868, -0.182688, -0.03803981, 0.03719873, -0.1844014, 0.9807422, 5.84155
 21820435, 3.134116, -0.5819919, -0.1492316, 0.07811734, 0.9400399, -0.1803198, -0.06022189, 0.03719873, -0.1837393, 0.9786475, 5.84155
 22020355, 2.864982, -0.5413307, -0.2147909, 0.07811734, 0.8130518, -0.1477115, -0.07651976, 0.03719873, -0.1830325, 0.975762, 5.84155
 22220275, 2.443998, -0.4498296, -0.2823273, 0.07810804, 0.6726162, -0.1295941, -0.1267363, 0.03718013, -0.1823543, 0.9723351, 5.840384
 22420195, 2.001568, -0.3753716, -0.4424582, 0.07807828, 0.5354967, -0.09535288, -0.1121748, 0.03718013, -0.1817975, 0.9687207, 5.838631
 22620948, 1.611095, -0.2990306, -0.2730997, 0.0782332, 0.4408188, -0.08907687, -0.05055775, 0.03733505, -0.1814381, 0.9651247, 5.850215
 22820868, 1.725697, -0.324459, -1.119627, 0.0782332, 0.5600567, -0.100033, -0.977235, 0.03718013, -0.1793555, 0.9558808, 5.850215
 23020788, 1.492245, -0.2826393, -3.155743, 0.07807828, 0.3748593, -0.0796413, -0.8178301, 0.03718013, -0.1767929, 0.9378777, 5.838631
 23220708, 1.15899, -0.244642, -1.919155, 0.07808758, 0.3526295, -0.06354713, -0.2937645, 0.03719873, -0.1759695, 0.9308798, 5.839798
 23420628, 1.185802, -0.2294633, -0.6689011, 0.07811734, 0.3830552, -0.08145773, -0.1261571, 0.03719873, -0.1785637, 0.9307719, 5.84155
 23620548, 1.111407, -0.2379132, -0.5048117, 0.07811734, 0.2662106, -0.05251403, -0.2372019, 0.03719873, -0.1785864, 0.9270615, 5.84155
 23820468, 0.664941, -0.1443135, -0.9411461, 0.07811734, 0.118084, -0.03949203, -0.3335039, 0.03719873, -0.18391, 0.9170178, 5.84155
 24020388, 0.2785248, -0.1054558, -1.076437, 0.07811734, 0.03956165, -0.02948068, -0.3131979, 0.03719873, -0.1948903, 0.9073392, 5.84155
 24220308, 0.03363217, -0.2585747, -0.8924401, 0.07810804, -0.05444232, -0.1385289, -0.2335458, 0.03718013, -0.2065135, 0.9001717, 5.840384
 24420228, -0.2923579, -0.3983044, -0.7090504, 0.07807828, -0.1461604, -0.08834042, -0.1706904, 0.03718013, -0.2095146, 0.8953037, 5.838631
 24620148, -0.478075, -0.2362197, -0.3545197, 0.07807828, -0.1650151, -0.04579535, -0.03501388, 0.03718013, -0.2194964, 0.8938606, 5.838631
 24820901, -0.6077189, -0.145571, -0.118509, 0.0782332, -0.2426083, -0.06084416, -0.02519713, 0.03733505, -0.233224, 0.8916339, 5.850215
 25020821, -0.7580713, -0.2325576, -0.004780471, 0.0782332, -0.221805, -0.07931373, 0.05261223, 0.03718013, -0.2394013, 0.8931792, 5.850215
 25220741, -0.7525038, -0.2253429, 0.1081266, 0.07807828, -0.2495265, -0.06340723, 0.01213218, 0.03718013, -0.2472289, 0.8939388, 5.838631
 25420661, -0.8219385, -0.1846917, 0.04887833, 0.07807828, -0.2595941, -0.05337797, 0.02274747, 0.03718013, -0.2587101, 0.8940256, 5.838631
 25620581, -0.8486833, -0.1686104, 0.06436992, 0.07807828, -0.2569644, -0.04138341, 0.02019274, 0.03718013, -0.2692495, 0.8942706, 5.838631
 25820501, -0.8492695, -0.1152528, 0.0554689, 0.07807828, -0.2703165, -0.02589089, 0.001142331, 0.03718013, -0.2792485, 0.8940722, 5.838631
 26020421, -0.8254198, -0.07129345, 0.07804503, 0.07807828, -0.2478878, -0.01107036, 0.04786445, 0.03718013, -0.2903693, 0.8945613, 5.838631
 26220341, -0.7786977, -0.05134181, 0.1625722, 0.07808758, -0.2375804, -0.01617102, 0.05559595, 0.03719873, -0.3008372, 0.8953324, 5.839798
 26420261, -0.7546685, -0.04046515, 0.1930751, 0.07811734, -0.2425541, 0.01018799, 0.08359825, 0.03719873, -0.3089095, 0.8966379, 5.84155
 26620181, -0.949912, 0.07899741, 0.3106083, 0.07811734, -0.3958473, 0.0549739, 0.1329374, 0.03719873, -0.3181605, 0.8972743, 5.84155
 26820934, -1.443006, 0.2438504, 0.5350639, 0.07827234, -0.5195723, 0.1026825, 0.1983925, 0.03735373, -0.3267747, 0.8996369, 5.853141
 27020854, -1.606433, 0.3394886, 0.6209517, 0.07827234, -0.4500546, 0.1084524, 0.1842229, 0.03719873, -0.3341132, 0.9038371, 5.853141
 27220774, -1.349002, 0.3119823, 0.5025849, 0.07810804, -0.366314, 0.08006964, 0.1297522, 0.03718013, -0.3418927, 0.9071601, 5.840384
 27420694, -1.055601, 0.233429, 0.4634938, 0.07807828, -0.2790964, 0.05667531, 0.1527046, 0.03718013, -0.3503612, 0.9100891, 5.838631
 27620614, -0.8558886, 0.1757514, 0.4289658, 0.07807828, -0.2434469, 0.04509473, 0.1157286, 0.03718013, -0.3580569, 0.9115061, 5.838631
 27820534, -0.7456925, 0.1520377, 0.3593843, 0.07807828, -0.2147629, 0.04936136, 0.09344748, 0.03718013, -0.3650067, 0.9121893, 5.838631
 28020454, -0.6743019, 0.1503889, 0.2222257, 0.07807828, -0.2008335, 0.04583411, 0.06289387, 0.03718013, -0.370567, 0.9120764, 5.838631
 28220374, -0.6270095, 0.1540388, 0.1640564, 0.07808758, -0.182743, 0.04983759, 0.03677947, 0.03719873, -0.3751401, 0.9118556, 5.839798
 28420294, -0.5614984, 0.1623514, 0.124774, 0.07811734, -0.1643114, 0.04811801, 0.04130322, 0.03719873, -0.3795345, 0.9115582, 5.84155
 28620214, -0.4931524, 0.1642389, 0.1237449, 0.07811734, -0.1242644, 0.04365381, 0.04444661, 0.03719873, -0.3839559, 0.9111035, 5.84155
 28820967, -0.3523504, 0.1211337, 0.135744, 0.07827234, -0.1135482, 0.03980905, 0.05023075, 0.03735373, -0.3878862, 0.9108096, 5.853141
 29020887, -0.3974455, 0.1543678, 0.1640725, 0.07827234, -0.1367716, 0.05586389, 0.04808638, 0.03719873, -0.3912934, 0.9103059, 5.853141
 29220807, -0.4466154, 0.1894937, 0.1299742, 0.07810804, -0.1401821, 0.06214606, 0.04017929, 0.03718013, -0.3932915, 0.9103484, 5.840384
 29420727, -0.4328065, 0.1998031, 0.1139091, 0.07807828, -0.1235071, 0.058394, 0.02848477, 0.03718013, -0.3948641, 0.9105675, 5.838631
 29620647, -0.3782666, 0.2050186, 0.1171897, 0.07807828, -0.1106487, 0.06074236, 0.05055102, 0.03718013, -0.3954981, 0.9113081, 5.838631
 29820567, -0.3432383, 0.1951144, 0.1752905, 0.07807828, -0.1046294, 0.05884323, 0.05075112, 0.03718013, -0.3975239, 0.9114283, 5.838631
 30020487, -0.3257565, 0.1875032, 0.1165357, 0.07807828, -0.09650838, 0.05430206, 0.03400491, 0.03718013, -0.3974144, 0.9121185, 5.838631
 30220407, -0.2776884, 0.1688504, 0.1442094, 0.07807828, -0.06008694, 0.04179999, 0.102119, 0.03718013, -0.3977832, 0.9134334, 5.838631
 30420327, 0.059862, -0.1057405, 2.244207, 0.07807828, 0.1159944, -0.1410199, 1.881196, 0.03718013, -0.3901798, 0.9166136, 5.838631
 30620247, -0.06170864, -0.475573, 7.194242, 0.07807828, -0.2668581, -0.1551066, 2.510927, 0.03718013, -0.3940881, 0.8556831, 5.838631
 30820167, -0.5829376, -0.3687644, 6.408502, 0.07807828, 0.1154095, -0.01892526, 1.019722, 0.03718013, -0.4191636, 0.8031181, 5.838631
 31020920, 1.421037, 0.2586304, 1.066046, 0.0782332, 0.9055797, 0.2290436, -0.7042171, 0.03733505, -0.4054923, 0.8408356, 5.850215
 31220840, 2.85816, 0.8283525, -2.981047, 0.0782332, 0.7910029, 0.2828681, -1.095694, 0.03718013, -0.3636484, 0.8993752, 5.850215
 31420760, 2.122195, 0.7172815, -2.605668, 0.07807828, 0.4696385, 0.1157156, -0.2830469, 0.03718013, -0.336184, 0.9216423, 5.838631
 31620680, 1.279469, 0.1863031, 0.06394198, 0.07807828, 0.3028564, -0.03503182, 0.4567544, 0.03718013, -0.3263178, 0.9215378, 5.838631
 31820600, 0.886749, -0.1335681, 1.59226, 0.07807828, 0.2742543, -0.02884282, 0.4578365, 0.03718013, -0.3179569, 0.9195801, 5.838631
 32020520, 0.9115484, 0.0267585, 0.8896492, 0.07807828, 0.3171749, 0.07924908, -0.04914596, 0.03718013, -0.3056614, 0.9280319, 5.838631
 32220440, 1.063634, 0.3764707, -0.8992155, 0.07807828, 0.3544296, 0.1947595, -0.6530837, 0.03718013, -0.2886348, 0.9447937, 5.838631
 32420360, 1.006685, 0.7194588, -2.416795, 0.07807828, 0.246911, 0.2533459, -0.827112, 0.03718013, -0.2685259, 0.9595925, 5.838631
 32620280, 0.6396132, 0.7629037, -2.342703, 0.07807828, 0.138365, 0.2065675, -0.5587598, 0.03718013, -0.2512292, 0.967309, 5.838631
 32820200, 0.3565874, 0.5698742, -1.510924, 0.07807828, 0.07050569, 0.1298946, -0.3453521, 0.03718013, -0.2377811, 0.9713001, 5.838631
 33020953, 0.1749151, 0.3610881, -0.9049411, 0.0782332, 0.03713622, 0.09522814, -0.2279186, 0.03733505, -0.2267462, 0.9738922, 5.850215
 33220873, 0.07232808, 0.3035618, -0.7185865, 0.0782332, -0.004569, 0.1032574, -0.2370484, 0.03718013, -0.2146268, 0.9763319, 5.850215
 33420793, -0.03666597, 0.343642, -0.7597187, 0.07807828, -0.01580548, 0.1049241, -0.2343515, 0.03718013, -0.2046057, 0.9779049, 5.838631
 33620713, -0.07442248, 0.3574764, -0.7533171, 0.07807828, -0.03524339, 0.1203252, -0.2323699, 0.03718013, -0.1938692, 0.9793187, 5.838631
 33820633, -0.1321046, 0.3640062, -0.7452514, 0.07807828, -0.05426413, 0.1086574, -0.2350158, 0.03718013, -0.185619, 0.9800036, 5.838631
 34020553, -0.1494068, 0.3332472, -0.6790934, 0.07807828, -0.04013707, 0.09929592, -0.1425524, 0.03718013, -0.1762433, 0.9809595, 5.838631
 34220473, -0.1371685, 0.2307734, -0.412122, 0.07807828, -0.05310724, 0.0462054, -0.1194708, 0.03718013, -0.1689335, 0.9817807, 5.838631
 34420393, -0.1645185, 0.1472751, -0.3603843, 0.07807828, -0.06180073, 0.05346536, -0.1126919, 0.03718013, -0.1585806, 0.9830751, 5.838631
 34620313, -0.1917901, 0.1647891, -0.4054049, 0.07807828, -0.07463782, 0.04354587, -0.150628, 0.03718013, -0.1517857, 0.9834005, 5.838631
 34820233, -0.2366524, 0.1485427, -0.4824262, 0.07807828, -0.05990992, 0.05429173, -0.1725665, 0.03718013, -0.1421547, 0.9841078, 5.838631
 35020153, -0.2034759, 0.1841906, -0.4352675, 0.07807828, -0.06039025, 0.05407557, -0.1048256, 0.03718013, -0.1358028, 0.9844738, 5.838631
 35220906, -0.2223737, 0.123221, -0.3364253, 0.0782332, -0.07729839, 0.03286421, -0.06398665, 0.03733505, -0.1295813, 0.9849019, 5.850215
 35420826, -0.2669638, 0.09697335, -0.2655413, 0.0782332, -0.08891022, 0.0301962, -0.09027588, 0.03718013, -0.1212252, 0.9855901, 5.850215
 35620746, -0.2589745, 0.1107497, -0.1996011, 0.07807828, -0.07971384, 0.03781583, -0.01409644, 0.03718013, -0.113429, 0.9865698, 5.838631
 35820666, -0.2978697, 0.09240009, -0.1809825, 0.07807828, -0.09759592, 0.02263967, -0.0476267, 0.03718013, -0.1083402, 0.9868386, 5.838631
 36020586, -0.296069, 0.03570886, -0.08598584, 0.07807828, -0.09826428, 0.01700304, -0.0229306, 0.03718013, -0.1021251, 0.9877179, 5.838631
 36220506, -0.3316461, 0.03647123, -0.1816136, 0.07807828, -0.1031788, 0.001349595, -0.09216702, 0.03718013, -0.0976254, 0.9879426, 5.838631
 36420426, -0.3113002, -0.003712618, -0.08855376, 0.07807828, -0.09046233, -0.005297624, 0.06733146, 0.03718013, -0.09256301, 0.9891186, 5.838631
 36620346, -0.2917012, 0.01027972, 0.3541993, 0.07807828, -0.09635031, 0.001711231, 0.1909675, 0.03718013, -0.08633768, 0.9911992, 5.838631
 36820266, -0.3730334, 0.004266721, 0.5324934, 0.07807828, -0.1394357, 0.003452993, 0.1678405, 0.03718013, -0.08243162, 0.992794, 5.838631
 37020186, -0.4625279, 0.01190789, 0.5291575, 0.07807828, -0.1588475, 0.01325228, 0.1458032, 0.03718013, -0.07850143, 0.9943068, 5.838631
 37220939, -0.5076362, 0.01017765, 0.4603901, 0.0782332, -0.1510778, -0.00830947, 0.1516, 0.03733505, -0.07652337, 0.9954712, 5.850215
 37420859, -0.4712032, -0.04129213, 0.5058225, 0.0782332, -0.1319402, -0.01969507, 0.1577823, 0.03718013, -0.07368775, 0.9965112, 5.850215
 37620779, -0.4271874, -0.03904357, 0.5265898, 0.07807828, -0.1314891, 0.004598272, 0.1820295, 0.03718013, -0.06860985, 0.9974151, 5.838631
 37820699, -0.3958168, 0.01279135, 0.5640552, 0.07807828, -0.122417, 0.01342502, 0.1661295, 0.03718013, -0.0647553, 0.9978927, 5.838631
 38020619, -0.3615114, 0.01644556, 0.4734297, 0.07807828, -0.1000837, -0.01026044, 0.127615, 0.03718013, -0.06245171, 0.9979934, 5.838631
 38220539, -0.3019932, -0.03491333, 0.4426504, 0.07807828, -0.09493088, -0.01151577, 0.1712985, 0.03718013, -0.0587861, 0.9979277, 5.838631
 38420459, -0.2727261, -0.0299019, 0.475177, 0.07807828, -0.06872053, -0.007353526, 0.09552567, 0.03718013, -0.05350361, 0.9978319, 5.838631
 38620379, -0.2234486, -0.02187117, 0.2273909, 0.07807828, -0.06357916, -0.01704963, 0.03577241, 0.03718013, -0.05172111, 0.9976524, 5.838631
 38820299, -0.1939517, -0.05723223, 0.1341016, 0.07807828, -0.0557085, -0.01840429, 0.09254976, 0.03718013, -0.04824306, 0.9974611, 5.838631
 39020219, -0.1555363, -0.06500326, 0.3397275, 0.07807828, -0.04226528, -0.02717899, 0.09614349, 0.03718013, -0.04632236, 0.9969642, 5.838631
 39220972, -0.1311887, -0.07755856, 0.2392616, 0.0782332, -0.04088899, -0.0160185, 0.03334742, 0.03718013, -0.04251381, 0.9968098, 5.850215
 39420892, -0.1259378, -0.05888119, 0.07710371, 0.0782332, -0.0398784, -0.02438634, 0.0209217, 0.03733505, -0.04087272, 0.996652, 5.850215
 39620812, -0.1125735, -0.06578278, 0.1443496, 0.0782332, -0.02372371, -0.009168991, 0.04513498, 0.03718013, -0.03715305, 0.9964012, 5.850215
 39820732, -0.0842085, -0.05160497, 0.1673365, 0.07807828, -0.01630268, -0.02336149, 0.03713161, 0.03718013, -0.03577466, 0.9960455, 5.838631
 40020652, -0.04471974, -0.07822894, 0.07585654, 0.07807828, -0.02412944, -0.02021773, 0.03099298, 0.03718013, -0.03407532, 0.995937, 5.838631
 40220572, -0.03766544, -0.09221744, 0.05541502, 0.07807828, -0.002974947, -0.03240122, -0.007955706, 0.03718013, -0.03269988, 0.9959483, 5.838631
 40420492, -0.01272599, -0.106065, -0.03277264, 0.07807828, -0.009071862, -0.04284982, -0.01030605, 0.03718013, -0.031981, 0.996028, 5.838631
 40620412, -0.02181432, -0.1286916, -0.01847791, 0.07807828, -0.013382, -0.04344361, -0.009309572, 0.03718013, -0.03191186, 0.9960801, 5.838631
 40820332, -0.02492705, -0.1123158, -0.02727765, 0.07807828, -0.009695317, -0.02792837, 0.009392413, 0.03718013, -0.03022917, 0.9961005, 5.838631
 41020252, -0.0277513, -0.07700069, 0.06416232, 0.07807828, -0.004713444, -0.01299577, 0.03003149, 0.03718013, -0.02966474, 0.9959367, 5.838631
 41220172, -0.0107336, -0.05868923, 0.1263564, 0.07807828, 0.004987539, -0.02064493, 0.05039154, 0.03718013, -0.02975607, 0.9956409, 5.838631
 41420925, 0.002357768, -0.08008904, 0.03073154, 0.0782332, -0.004381144, -0.02026553, -0.0214793, 0.03733505, -0.02875295, 0.9958184, 5.850215
 41620845, -0.0147258, -0.06795262, -0.06627856, 0.0782332, -0.01109276, -0.02199116, -0.03269146, 0.03718013, -0.02857187, 0.9959912, 5.850215
 41820765, -0.03943897, -0.08607213, -0.1469994, 0.07807828, -0.006542026, -0.04040053, -0.04076128, 0.03718013, -0.02929239, 0.9962586, 5.838631
 42020685, -0.03400542, -0.1164265, -0.08644586, 0.07807828, -0.01009887, -0.02635407, -0.02137044, 0.03718013, -0.02920117, 0.9963298, 5.838631
 42220605, -0.04417934, -0.07811145, -0.03367081, 0.07807828, -0.01796378, -0.01924594, 0.0304006, 0.03718013, -0.02977145, 0.9961942, 5.838631
 42420525, -0.04214742, -0.06536859, 0.1033992, 0.07807828, -0.008487875, -0.0201367, 0.003314885, 0.03718013, -0.03052682, 0.9960272, 5.838631
 42620445, -0.035098, -0.07808863, -0.02770306, 0.07807828, -0.007194776, -0.0376786, -0.01778063, 0.03718013, -0.03165078, 0.9960483, 5.838631
 42820365, -0.01282646, -0.09437712, -0.0565945, 0.07807828, 0.003195539, -0.02002521, -0.004995445, 0.03718013, -0.03207333, 0.9960951, 5.838631
 43020285, 0.01118892, -0.05091983, -0.04003612, 0.07807828, -0.001894473, -0.009603485, -0.03943791, 0.03718013, -0.03202407, 0.9962389, 5.838631
 43220205, -0.01138662, -0.04879013, -0.092791, 0.07807828, -0.01021425, -0.02108409, 0.009392127, 0.03718013, -0.03368556, 0.9962382, 5.838631
 43420958, -0.02684395, -0.06277353, -0.002905505, 0.0782332, -0.001887218, -0.02013603, -0.05817184, 0.03733505, -0.0341783, 0.9963105, 5.850215
 43620878, -0.01148303, -0.04290124, -0.07757211, 0.0782332, -0.008598594, -0.002945986, 0.01146201, 0.03718013, -0.03421627, 0.9962373, 5.850215
 43820798, -0.02108406, -0.01501044, 0.01969008, 0.07807828, 0.005656715, -0.01969519, -0.02162602, 0.03718013, -0.03550667, 0.9962125, 5.838631
 44020718, -0.001360924, -0.05765271, -0.07130872, 0.07807828, 0.004398374, -0.03830969, -0.009297656, 0.03718013, -0.03707286, 0.9962256, 5.838631
 44220638, 0.004309302, -0.1088408, -0.04623629, 0.07807828, 0.003537241, -0.01591885, -0.01981858, 0.03718013, -0.03551034, 0.9964011, 5.838631
 44420558, 0.006967407, -0.04620041, -0.04648227, 0.07807828, 0.001492213, -0.01317871, -0.007797936, 0.03718013, -0.03569059, 0.996438, 5.838631
 44620478, -0.0004117852, -0.05723368, -0.02376595, 0.07807828, -0.00385436, -0.04244748, 0.01112235, 0.03718013, -0.03900534, 0.9963108, 5.838631
 44820398, 0.001338642, -0.1455867, 0.02656041, 0.07807828, 0.002428138, -0.03603691, -0.01660074, 0.03718013, -0.04679438, 0.9959538, 5.838631
 45020318, -0.02818112, -0.5462531, -0.03995326, 0.07807828, -0.02659946, -0.3178364, 0.0158484, 0.03718013, -0.04645483, 0.9961883, 5.838631
 45220238, -0.05213174, -0.5492683, -0.08282302, 0.07807828, -0.004848781, 0.06966328, -0.1259404, 0.03718013, -0.03515872, 0.9970601, 5.838631
 45420158, -0.005080375, 0.4632691, -0.2984092, 0.07807828, 0.001220733, 0.2258364, -0.00614464, 0.03718013, -0.0490558, 0.9964707, 5.838631
 45620911, 0.02227667, 0.6448612, 0.0663118, 0.0782332, 0.01855583, 0.1385605, 0.03258175, 0.03733505, -0.06043508, 0.9957895, 5.850215
 45820831, 0.02977348, 0.328397, 0.01421081, 0.0782332, 0.002054376, 0.0412567, -0.02583023, 0.03718013, -0.05977078, 0.9959742, 5.850215
 46020751, 0.003634562, 0.06222402, -0.05286593, 0.07807828, -0.001689843, -0.01040025, -0.008896129, 0.03718013, -0.05192108, 0.9963579, 5.838631
 46220671, -0.009757161, -0.01675869, -0.03195243, 0.07807828, 0.01601058, 0.004751736, -0.01916195, 0.03718013, -0.04408068, 0.9967593, 5.838631
 46420591, 0.02145663, 0.05517918, 0.02485519, 0.07807828, 0.01065877, 0.0363298, -0.004883433, 0.03718013, -0.04017509, 0.996823, 5.838631
 46620511, 0.01050312, 0.1259933, -0.06089179, 0.07807828, 0.00477853, 0.03816134, -0.01772438, 0.03718013, -0.03990421, 0.9969736, 5.838631
 46820431, 0.005751088, 0.114853, -0.1008923, 0.07807828, 0.001152722, 0.02858011, -0.04326005, 0.03718013, -0.03834544, 0.997233, 5.838631
 47020351, 0.01421083, 0.08704328, -0.06404776, 0.07807828, 0.00837295, 0.03237346, 0.0423752, 0.03718013, -0.03527186, 0.9972771, 5.838631
 47220271, 0.0113902, 0.09546053, 0.07536468, 0.07807828, 0.001505887, 0.0429621, -0.02469553, 0.03718013, -0.03232436, 0.9973862, 5.838631
 47420191, -0.001772105, 0.1155316, -0.07620341, 0.07807828, -0.01168738, 0.0294784, -0.04966598, 0.03718013, -0.02985065, 0.997622, 5.838631
 47620944, -0.01868271, 0.06105811, -0.1392302, 0.0782332, 0.003645863, 0.01916652, -0.007304601, 0.03733505, -0.0274616, 0.9977937, 5.850215
 47820864, 0.005817384, 0.07924802, -0.05724214, 0.0782332, -0.00141135, 0.02293029, -0.01075963, 0.03718013, -0.02399982, 0.9979444, 5.850215
 48020784, 0.00262754, 0.06650907, 0.01457768, 0.07807828, 0.005616009, 0.01549078, 0.02026662, 0.03718013, -0.02086505, 0.9979544, 5.838631
 48220704, 0.01987313, 0.05805733, 0.03026984, 0.07807828, 0.002191114, 0.01463312, -0.01025143, 0.03718013, -0.01828115, 0.998032, 5.838631
 48420624, 0.007998114, 0.06353898, -0.1008076, 0.07807828, -0.008118915, 0.01304106, -0.03158088, 0.03718013, -0.01571157, 0.9982488, 5.838631
 48620544, -0.0118836, 0.02768805, -0.06878187, 0.07807828, 0.00290625, 0.009725565, -0.03679872, 0.03718013, -0.01429454, 0.998331, 5.838631
 48820464, -0.001821076, 0.02594427, -0.09658227, 0.07807828, 0.007059958, 0.02240836, -0.02213432, 0.03718013, -0.01099379, 0.9984776, 5.838631
 49020384, 0.0008889906, 0.05263854, -0.08638869, 0.07807828, 8.573678E-05, 0.006618971, 0.02328732, 0.03718013, -0.008414144, 0.9985351, 5.838631
 49220304, -0.007201956, 0.02503806, 0.1097105, 0.07807828, -0.006626047, 0.003767795, 0.01664354, 0.03718013, -0.006307959, 0.998409, 5.838631
 49420224, -0.01105996, 0.01610488, -0.02355894, 0.07807828, -0.005176952, 0.005683452, -0.04912299, 0.03718013, -0.004264108, 0.9985533, 5.838631
 49620977, -0.00105184, -0.004948378, -0.1295006, 0.0782332, -0.004579136, -0.01271957, -0.03124703, 0.03718013, -0.002333727, 0.9986647, 5.850215
 49820897, 0.0007358317, -0.02474465, -0.07984743, 0.0782332, 0.005215248, -0.006571583, 0.03503465, 0.03733505, -0.0008199291, 0.9986804, 5.850215
 50020817, 0.005317937, -0.02865928, 0.04100502, 0.0782332, -0.003991175, -0.004061402, -0.0008244077, 0.03718013, 0.000504979, 0.998703, 5.850215
 50220737, 0.00401867, -0.002799562, 0.08540124, 0.07807828, -0.001624494, -0.001879751, 0.05723418, 0.03718013, 0.001534951, 0.9985237, 5.838631
 50420657, 0.002443921, -0.001186109, 0.03564429, 0.07807828, -0.003154422, 0.002559276, -0.03123502, 0.03718013, 0.003985866, 0.9986212, 5.838631
 50620577, -0.007245846, 0.003023578, -0.1091617, 0.07807828, 0.003773595, 0.004946185, -0.02963549, 0.03718013, 0.005454915, 0.9987586, 5.838631
 50820497, 0.01565066, -0.01035212, -0.09678573, 0.07807828, 0.005484693, -0.02042849, -0.04080332, 0.03718013, 0.005078835, 0.9988533, 5.838631
 51020417, 0.00676243, -0.04950626, -0.1349291, 0.07807828, -0.01003469, -0.0124035, -0.02687218, 0.03718013, 0.006650218, 0.9989647, 5.838631
 51220337, -0.01896166, -0.008569366, -0.02325643, 0.07807828, -0.002880184, -0.01241141, 0.03728614, 0.03718013, 0.008025615, 0.9988884, 5.838631
 51420257, 0.0009793158, -0.04478326, 0.07162286, 0.07807828, 0.003136989, -0.02910222, -0.01616184, 0.03718013, 0.007116196, 0.99888, 5.838631
 51620177, 0.002924039, -0.07704493, 0.02927962, 0.07807828, -0.01390477, -0.02653578, 0.02548819, 0.03718013, 0.007090828, 0.9987999, 5.838631
 51820930, -0.01362552, -0.05422177, -0.02398555, 0.0782332, -0.0006318786, -0.009325273, -0.01257875, 0.03733505, 0.008358917, 0.9988958, 5.850215
 52020850, -0.01063091, -0.04026249, -0.0503979, 0.0782332, 0.001842703, -0.02173559, -0.01440607, 0.03718013, 0.008375773, 0.9989405, 5.850215
 52220770, 0.00631723, -0.03484791, -0.07604066, 0.07807828, 0.004762946, 0.003300402, -0.009679545, 0.03718013, 0.009726216, 0.9990113, 5.838631
 52420690, 0.01956642, -0.001175774, -0.0120727, 0.07807828, 0.01310403, -0.01098185, 0.02112011, 0.03718013, 0.007017662, 0.9989952, 5.838631
 52620610, 0.02502266, -0.0631506, 0.02842519, 0.07807828, 0.005360422, -0.01575283, -0.03105361, 0.03718013, 0.006880237, 0.9990358, 5.838631
 52820530, 0.01172533, -0.05037777, -0.0549298, 0.07807828, -0.00261039, -0.01996075, 0.01038002, 0.03718013, 0.007755268, 0.9990413, 5.838631
 53020450, -0.005465976, -0.05169092, 0.02232483, 0.07807828, 0.0006286311, -0.02405033, -0.03278088, 0.03718013, 0.007781976, 0.9990411, 5.838631
 53220370, -0.000149742, -0.05475097, -0.09100644, 0.07807828, -0.001058218, -0.01991936, -0.02442346, 0.03718013, 0.006162032, 0.9991428, 5.838631
 53420290, -0.01285331, -0.04163771, -0.08788325, 0.07807828, -0.008662337, -0.003221712, 0.002656637, 0.03718013, 0.006902082, 0.9991875, 5.838631
 53620210, -0.0231503, -0.0141544, 0.006175412, 0.07807828, -0.003877319, -0.01787231, 0.03394189, 0.03718013, 0.004521956, 0.9991713, 5.838631
 53820963, -0.01619964, -0.06163359, 0.02919526, 0.0782332, -0.01101767, -0.009890513, -0.03625115, 0.03733505, 0.004695439, 0.9992135, 5.850215
 54020883, -0.02183921, -0.0432554, -0.009429349, 0.0782332, -0.001185131, -0.01825009, 0.06111379, 0.03718013, 0.002892496, 0.9991219, 5.850215
 54220803, -0.005657687, -0.04814713, 0.09057558, 0.07807828, -0.004733364, -0.01116384, 0.03884296, 0.03718013, 0.00287897, 0.9990713, 5.838631
 54420723, -0.005938536, -0.01370592, 0.112396, 0.07807828, -0.003194857, 0.001519125, 0.04808066, 0.03718013, 0.003208442, 0.9989663, 5.838631
 54620643, -0.01026252, 0.01524511, 0.01772254, 0.07807828, 0.001998406, 0.01126207, -0.03147678, 0.03718013, 0.003558638, 0.9990404, 5.838631
 54820563, 0.01087859, -0.002412342, -0.05787306, 0.07807828, 0.004465906, -0.02133101, -0.01993793, 0.03718013, 0.0008688671, 0.9990878, 5.838631
 55020483, 0.01664332, -0.05618213, -0.0480308, 0.07807828, 0.01382843, -0.007620828, 0.0172506, 0.03718013, 0.000909852, 0.9990877, 5.838631
 55220403, 0.0258781, -0.01564153, 0.05387218, 0.07807828, 9.631237E-06, 0.003123819, 0.01132655, 0.03718013, 0.0003701196, 0.9990708, 5.838631
 55420323, -0.007372092, -0.0115414, -0.03546664, 0.07807828, 0.003733303, -0.0107403, -0.004701926, 0.03718013, -0.0003118107, 0.9991207, 5.838631
 55620243, 0.004753309, -0.002205116, 0.02182718, 0.07807828, 0.006003805, 0.003373102, -0.007624436, 0.03718013, 0.0006064721, 0.9990991, 5.838631
 55820163, 0.008235372, -0.001891935, -0.09614824, 0.07807828, 0.0071231, -0.004017006, -0.05273063, 0.03718013, -0.0007326326, 0.9992342, 5.838631
 56020916, 0.02331855, -0.03467117, -0.1028939, 0.0782332, 0.005706361, -0.01772833, 0.01886999, 0.03733505, -0.001550757, 0.9992322, 5.850215
 56220836, 0.01721065, -0.04147264, 0.1033209, 0.0782332, 0.01159688, -0.01085766, 0.07930253, 0.03718013, -0.002909723, 0.999086, 5.850215
 56420756, 0.03305493, -0.02734838, 0.1593384, 0.07807828, 0.01283265, -0.004375005, 0.001131654, 0.03718013, -0.003818418, 0.9990433, 5.838631
 56620676, 0.01080198, 0.01241467, -0.05046423, 0.07807828, -0.005699663, 0.01649468, -0.04437607, 0.03718013, -0.002151248, 0.9991549, 5.838631
 56820596, -0.02454285, 0.03194821, -0.08058158, 0.07807828, -0.006580214, -0.004601151, 0.01928578, 0.03718013, -0.00443537, 0.999155, 5.838631
 57020516, -0.03772784, 0.00304102, -0.08825789, 0.07807828, -0.001714864, 0.005625732, -0.08279186, 0.03718013, -0.003885438, 0.9993378, 5.838631
 57220436, -0.01614222, 0.02089106, -0.1526708, 0.07807828, -0.002977694, -0.0140598, -0.0008393743, 0.03718013, -0.004755205, 0.9993288, 5.838631
 57420356, -0.008630085, -0.03879223, 0.05234298, 0.07807828, 0.002760084, -0.007588875, 0.03470558, 0.03718013, -0.006408534, 0.9992201, 5.838631
 57620276, 0.003022552, -0.02425905, 0.1126566, 0.07807828, -0.00892168, -0.006271727, 0.05164521, 0.03718013, -0.00560407, 0.9990994, 5.838631
 57820196, -0.01803382, 0.005079531, 0.09324362, 0.07807828, 3.545653E-05, 0.005460437, -0.008503372, 0.03718013, -0.00640149, 0.9990824, 5.838631
 58020949, 0.0009140825, 0.01544493, -0.001177881, 0.0782332, -0.00115275, 0.00892481, 0.02495456, 0.03733505, -0.007188716, 0.9990402, 5.850215
 58220869, 0.004608221, 0.02456847, 0.06507258, 0.0782332, -0.0094426, 0.01191706, -0.01092092, 0.03718013, -0.007009123, 0.9990149, 5.850215
 58420789, -0.01209486, 0.02499049, -0.08818261, 0.07807828, -0.006290208, 0.002031663, -0.06101923, 0.03718013, -0.008429821, 0.9991369, 5.838631
 58620709, -0.02302873, -0.002018645, -0.1650852, 0.07807828, 0.00113415, -0.005784266, -0.01592485, 0.03718013, -0.008467975, 0.9992242, 5.838631
 58820629, -0.01454234, 0.01479279, 0.04734741, 0.07807828, -0.01025062, 0.01679148, 0.02579401, 0.03718013, -0.006987893, 0.999128, 5.838631
 59020549, -0.03566255, 0.06253074, 0.08177654, 0.07807828, -0.0136486, 0.01155834, 0.06179168, 0.03718013, -0.007131266, 0.9990014, 5.838631
 59220469, -0.03726038, 0.02910837, 0.135461, 0.07807828, -0.01995829, 0.002350038, -0.005924333, 0.03718013, -0.007490672, 0.9989148, 5.838631
 59420389, -0.04850012, 0.01239965, 0.01621827, 0.07807828, -0.01776569, 0.001741611, 0.03590177, 0.03718013, -0.008090966, 0.998836, 5.838631
 59620309, -0.04442368, 0.00588541, 0.02059118, 0.07807828, -0.008268311, 0.01634639, 0.008714526, 0.03718013, -0.006889959, 0.9988366, 5.838631
 59820229, -0.0193106, 0.03587003, 0.05098526, 0.07807828, -0.001027691, -0.004509222, -0.01390015, 0.03718013, -0.007780182, 0.998785, 5.838631
 60020149, -0.01365696, -0.04357729, -0.07572384, 0.07807828, -0.00810043, -0.0271657, -0.05536219, 0.03718013, -0.009968377, 0.9988612, 5.838631
 60220902, -0.01989543, -0.03324426, -0.07710209, 0.0782332, 0.01402118, 0.0009944928, 0.03962186, 0.03733505, -0.007942159, 0.9988279, 5.850215
 60420822, 0.0135089, 0.00654956, 0.132669, 0.0782332, 0.006062975, 0.001765522, 0.0484247, 0.03718013, -0.008548205, 0.998682, 5.850215
 60620742, -0.001924646, 0.003212987, 0.09717161, 0.07807828, -0.005733425, -0.00131387, 0.02264137, 0.03718013, -0.01028968, 0.9986108, 5.838631
 60820662, -0.02068005, -0.008083866, 0.001367207, 0.07807828, 0.0002907007, -0.003738245, -0.01735841, 0.03718013, -0.01086131, 0.9986371, 5.838631
 61020582, -0.01113471, 0.01637005, 0.003067134, 0.07807828, -0.01734318, 0.02412991, 0.03698709, 0.03718013, -0.01020427, 0.998567, 5.838631
 61220502, -0.03505233, 0.05037029, 0.0225779, 0.07807828, -0.0005226011, 0.00634568, -0.04348455, 0.03718013, -0.0116462, 0.9986279, 5.838631
 61420422, -0.006774034, 0.004306479, -0.001104029, 0.07807828, 0.00761182, -0.002774718, 0.08532429, 0.03718013, -0.01257221, 0.9984183, 5.838631
 61620342, 0.002798282, -0.006332517, 0.1528278, 0.07807828, 0.003822508, 0.0006617081, 0.01406822, 0.03718013, -0.011869, 0.998361, 5.838631
 61820262, -0.01235383, 0.01764311, -0.03050497, 0.07807828, -0.01001743, 0.01963867, -0.0335703, 0.03718013, -0.01109473, 0.9984754, 5.838631
 62020182, -0.03561504, 0.05301959, -0.07352778, 0.07807828, -0.007437364, 0.02289347, 0.005341776, 0.03718013, -0.01034559, 0.9985083, 5.838631
 62220935, -0.0188717, 0.05428429, -0.04550074, 0.0782332, 0.005318836, 0.01435769, -0.02780271, 0.03733505, -0.01088119, 0.9986011, 5.850215
 62420855, -0.003077157, 0.03047387, -0.08470961, 0.0782332, -0.004826694, 0.009108558, -0.004041866, 0.03718013, -0.009492432, 0.9986453, 5.850215
 62620775, -0.01229757, 0.04810663, 0.1241076, 0.07807828, -0.001237732, 0.00699538, 0.0779051, 0.03718013, -0.008414142, 0.9983555, 5.838631
 62820695, -0.009878033, 0.009980203, 0.174734, 0.07807828, -0.01259539, -0.00662439, 0.008200702, 0.03718013, -0.01010073, 0.9982501, 5.838631
 63020615, -0.02629807, -0.01659879, -0.005290194, 0.07807828, -0.01124146, 0.002080248, -0.02574768, 0.03718013, -0.009020315, 0.9982991, 5.838631
 63220535, -0.03536233, 0.01194892, -0.1089365, 0.07807828, -0.01379888, 0.00999573, -0.02702042, 0.03718013, -0.008727781, 0.9984287, 5.838631
 63420455, -0.02807258, 0.03171179, -0.07098106, 0.07807828, 0.0009082021, 0.004859648, -0.02656942, 0.03718013, -0.008445524, 0.9984672, 5.838631
 63620375, 0.003163778, 0.02187961, -0.01403512, 0.07807828, 0.002706255, 0.004627856, 0.0111173, 0.03718013, -0.008570109, 0.9984003, 5.838631
 63820295, 0.002645534, 0.01434016, 0.09220057, 0.07807828, -0.0003793391, 0.00574556, 0.05789128, 0.03718013, -0.007321914, 0.9982131, 5.838631
 64020215, -0.002406257, 0.0338963, 0.1596149, 0.07807828, 0.004162303, 0.01615593, 0.0384526, 0.03718013, -0.007689969, 0.9980381, 5.838631
 64220968, 0.001326433, 0.004653304, 0.05929032, 0.0782332, -0.008992097, -0.006834596, -0.01852547, 0.03733505, -0.008844925, 0.9980409, 5.850215
 64420888, -0.01606088, -0.02050982, -0.1261712, 0.0782332, 0.003381127, 0.004785662, -0.04560706, 0.03718013, -0.008513367, 0.9982578, 5.850215
 64620808, -0.01222871, 0.00370393, -0.09665333, 0.07807828, -0.01673003, -0.001103022, -0.01002855, 0.03718013, -0.007391703, 0.9983153, 5.838631
 64820728, -0.0352576, -0.006572814, -0.004316243, 0.07807828, -0.00783428, -0.00361986, 0.02125233, 0.03718013, -0.008698405, 0.9982529, 5.838631
 65020648, -0.01427965, -0.002088564, 0.06954599, 0.07807828, -0.01201246, -0.001591795, 0.04814405, 0.03718013, -0.008015592, 0.9981203, 5.838631
 65220568, -0.01291994, 0.007013064, 0.1114271, 0.07807828, -0.003160303, -0.01421351, 0.003143864, 0.03718013, -0.008769452, 0.998013, 5.838631
 65420488, -0.008419171, -0.01436339, 0.0173072, 0.07807828, -0.00117292, 0.005584693, 0.012789, 0.03718013, -0.008533047, 0.9979528, 5.838631
 65620408, -0.001469883, 0.01262289, 0.04001015, 0.07807828, -0.005301935, 0.006459895, 0.003475992, 0.03718013, -0.008991758, 0.9979271, 5.838631
 65820328, -0.005430401, 0.008688438, -0.009367255, 0.07807828, -0.005496079, 0.006671791, 0.02329228, 0.03718013, -0.008897386, 0.997935, 5.838631
 66020248, -0.01360759, 0.00893243, -0.01568872, 0.07807828, 0.009818487, -0.003491445, -0.00154872, 0.03718013, -0.009334865, 0.9980229, 5.838631
 66220168, 0.01701524, 0.01975089, 0.03640993, 0.07807828, 0.0116858, 0.0199061, 0.03043654, 0.03718013, -0.008335561, 0.9979072, 5.838631
 66420921, 0.03694274, 0.04299565, 0.07609028, 0.0782332, 0.01155695, 0.01334405, 0.01146822, 0.03733505, -0.007892, 0.9978556, 5.850215
 66620841, 0.01863764, 0.0213077, 0.03639104, 0.0782332, 0.001239972, -0.00449298, 0.01057545, 0.03718013, -0.009017183, 0.9978264, 5.850215
 66820761, 0.01324042, -0.02372925, 0.03855552, 0.07807828, 0.006627887, -0.006277804, 0.01652695, 0.03718013, -0.009278932, 0.9977484, 5.838631
 67020681, 0.01902055, -0.004141386, 0.0292417, 0.07807828, -0.003852948, 0.0106987, 0.007053986, 0.03718013, -0.00867902, 0.9977716, 5.838631
 67220601, -0.007339931, 0.03030265, -0.05005897, 0.07807828, 0.001741005, 0.007003786, -0.02289075, 0.03718013, -0.008718073, 0.9978985, 5.838631
 67420521, 0.005158387, 0.02334246, -0.101543, 0.07807828, -0.001754124, 0.005966636, -0.01651427, 0.03718013, -0.008804648, 0.9980578, 5.838631
 67620441, -0.009580513, 0.002066556, -0.0578716, 0.07807828, -0.01342316, -0.005228444, 0.03900827, 0.03718013, -0.009158051, 0.9980462, 5.838631
 67820361, -0.02340321, -0.02283483, 0.1399406, 0.07807828, 0.0007726498, -0.01477782, 0.04044974, 0.03718013, -0.009713176, 0.9978505, 5.838631
 68020281, -0.002739849, -0.0540418, 0.06931786, 0.07807828, -0.00321442, -0.02839214, -0.000108866, 0.03718013, -0.01096743, 0.99779, 5.838631
 68220201, -0.006832271, -0.06700673, 0.008569112, 0.07807828, -0.005841821, -0.01246416, -0.03176153, 0.03718013, -0.01094621, 0.9978198, 5.838631
 68420954, -0.02557001, -0.01142049, -0.1823614, 0.0782332, -0.008664647, 0.01898492, -0.05422504, 0.03733505, -0.01094478, 0.9981003, 5.850215
 68620874, -0.01122924, 0.03059666, -0.05512289, 0.0782332, -0.003206287, 0.002045637, -0.001694192, 0.03718013, -0.01175061, 0.9980391, 5.850215
 68820794, -0.01100783, 0.05686723, -0.02839238, 0.07807828, -0.005340668, 0.07126801, -0.0286883, 0.03718013, -0.01528713, 0.9980375, 5.838631
 69020714, 0.02287713, -0.1574593, -0.07462181, 0.07807828, 0.04254917, -0.304742, 0.01673, 0.03718013, -0.03566977, 0.9972398, 5.838631
 69220634, 0.1826529, -1.403451, 0.0998954, 0.07807828, 0.08961967, -0.6459249, 0.06255489, 0.03718013, -0.04800716, 0.9966061, 5.838631
 69420554, 0.2677366, -2.420898, 0.1650285, 0.07807828, 0.04646849, -0.9937249, 0.0127298, 0.03718013, -0.08232057, 0.9953142, 5.838631
 69620474, -0.03510581, -3.747138, 0.002986847, 0.07807828, -0.1374462, -1.427495, -0.02808935, 0.03718013, -0.1531073, 0.988095, 5.838631
 69820394, -0.8884577, -5.165754, -0.4952027, 0.07807828, -0.516681, -1.884021, -0.3797514, 0.03718013, -0.2692588, 0.9625173, 5.838631
 70020314, -2.369404, -6.324295, -1.760187, 0.07807828, -1.103991, -2.046522, -0.8160122, 0.03718013, -0.4142954, 0.9059664, 5.838631
 70220234, -3.839245, -5.996739, -2.659554, 0.07807828, -1.314806, -1.552741, -0.8129369, 0.03718013, -0.5402924, 0.8298936, 5.838631
 70420154, -4.164313, -4.344024, -2.362803, 0.07807828, -1.240876, -1.057141, -0.5644779, 0.03718013, -0.6340774, 0.752847, 5.838631
 70620907, -3.880228, -2.972279, -1.593956, 0.0782332, -1.126799, -0.7210527, -0.3559704, 0.03733505, -0.703175, 0.6817651, 5.850215
 70820827, -3.625897, -2.100844, -1.097242, 0.0782332, -1.141044, -0.5505555, -0.3121173, 0.03718013, -0.7594106, 0.6115825, 5.850215
 71020747, -3.643932, -1.587678, -0.9384882, 0.07807828, -1.138194, -0.4048938, -0.259697, 0.03718013, -0.8080301, 0.5395315, 5.838631
 71220667, -3.73052, -1.153934, -0.902433, 0.07807828, -1.256612, -0.2791498, -0.357999, 0.03718013, -0.8488165, 0.4620785, 5.838631
 71420587, -4.078576, -0.7107752, -1.195938, 0.07807828, -1.271142, -0.1200759, -0.3790476, 0.03718013, -0.8821934, 0.3781015, 5.838631
 71620507, -4.041997, -0.1990137, -1.171493, 0.07807828, -1.235671, 0.03629302, -0.3494529, 0.03718013, -0.907231, 0.2941383, 5.838631
 71820427, -3.872509, 0.25609, -1.044976, 0.07807828, -1.179696, 0.1505752, -0.2947643, 0.03718013, -0.924367, 0.2117903, 5.838631
 72020347, -3.790272, 0.6402685, -0.9547129, 0.07807828, -1.16144, 0.2776551, -0.2789089, 0.03718013, -0.9340869, 0.1278469, 5.838631
 72220267, -3.702263, 1.062634, -0.9502458, 0.07807828, -1.159542, 0.4217646, -0.314078, 0.03718013, -0.9350861, 0.04437015, 5.838631
 72420187, -3.643163, 1.514471, -1.014323, 0.07807828, -1.134068, 0.564406, -0.3438671, 0.03718013, -0.9277184, -0.03889125, 5.838631
 72620940, -3.488355, 1.924479, -1.031864, 0.0782332, -1.030657, 0.6646394, -0.2986672, 0.03733505, -0.9136817, -0.1195103, 5.850215
 72820860, -3.225901, 2.27882, -0.9685829, 0.0782332, -0.9498948, 0.7716309, -0.2782097, 0.03718013, -0.8924353, -0.198521, 5.850215
 73020780, -2.944827, 2.57933, -0.8903058, 0.07807828, -0.8816354, 0.8889473, -0.3076041, 0.03718013, -0.8647321, -0.2732753, 5.838631
 73220700, -2.686655, 2.9131, -0.9178258, 0.07807828, -0.7679335, 0.9431878, -0.2600907, 0.03718013, -0.8314742, -0.3446168, 5.838631
 73420620, -2.302082, 3.094895, -0.8367594, 0.07807828, -0.634229, 0.9763666, -0.2494465, 0.03718013, -0.793597, -0.4092949, 5.838631
 73620540, -1.900299, 3.21712, -0.7798572, 0.07807828, -0.5041242, 1.01114, -0.2099136, 0.03718013, -0.7529807, -0.4700599, 5.838631
 73820460, -1.443146, 3.186466, -0.6175488, 0.07807828, -0.3768103, 0.9744514, -0.1732021, 0.03718013, -0.7131599, -0.5225196, 5.838631
 74020380, -1.039377, 3.10512, -0.5455171, 0.07807828, -0.2295303, 0.9353395, -0.1536209, 0.03718013, -0.673258, -0.5677802, 5.838631
 74220300, -0.6473671, 3.055337, -0.5501742, 0.07807828, -0.1401546, 0.9417933, -0.1645633, 0.03718013, -0.6303174, -0.6114129, 5.838631
 74420220, -0.342923, 2.855848, -0.4017116, 0.07807828, -0.04535558, 0.7988144, -0.05959739, 0.03718013, -0.5940437, -0.6467531, 5.838631
 74620973, -0.02431921, 2.503131, -0.2290946, 0.0782332, 0.03926286, 0.7357762, -0.07910529, 0.03718013, -0.5598395, -0.6779269, 5.850215
 74820893, 0.1925204, 2.298843, -0.2035407, 0.0782332, 0.08981924, 0.7033196, -0.06673505, 0.03733505, -0.5264577, -0.7072225, 5.850215
 75020813, 0.3587623, 2.186659, -0.2063214, 0.0782332, 0.1450014, 0.6249798, -0.02643967, 0.03718013, -0.4940197, -0.7326808, 5.850215
 75220733, 0.5434248, 2.001008, -0.1798842, 0.07807828, 0.2012572, 0.5954502, -0.07189506, 0.03718013, -0.4620434, -0.7550874, 5.838631
 75420653, 0.6721694, 1.805734, -0.1771959, 0.07807828, 0.2268736, 0.4929878, -0.00886753, 0.03718013, -0.4325652, -0.7765128, 5.838631
 75620573, 0.7532015, 1.482355, -0.00790827, 0.07807828, 0.2539178, 0.4403563, -0.02379972, 0.03718013, -0.4067102, -0.7953773, 5.838631
 75820493, 0.7945779, 1.270593, 0.0413956, 0.07807828, 0.2428402, 0.3592401, 0.03392388, 0.03718013, -0.3827265, -0.813272, 5.838631
 76020413, 0.8588713, 1.193908, -0.03000405, 0.07807828, 0.3046618, 0.3448677, -0.03254484, 0.03718013, -0.3572322, -0.8276941, 5.838631
 76220333, 0.9962863, 1.118868, -0.1808497, 0.07807828, 0.3160732, 0.3307872, -0.04129245, 0.03718013, -0.3309045, -0.8406465, 5.838631
 76420253, 1.000091, 1.022222, -0.1288137, 0.07807828, 0.2967236, 0.2855994, -0.0258002, 0.03718013, -0.3057838, -0.8533468, 5.838631
 76620173, 0.9863596, 0.8282825, -0.06268092, 0.07807828, 0.335155, 0.2278665, -0.04169646, 0.03718013, -0.2853992, -0.8635932, 5.838631
 76820926, 1.010474, 0.6395189, -0.02048868, 0.0782332, 0.2925879, 0.1613972, 0.05049074, 0.03733505, -0.2659537, -0.8749229, 5.850215
 77020846, 0.9701794, 0.466258, 0.07091375, 0.0782332, 0.3153948, 0.1286681, 0.01778902, 0.03718013, -0.248954, -0.8834396, 5.850215
 77220766, 1.013861, 0.3843521, 0.0121827, 0.07807828, 0.3181184, 0.1196693, -0.02117216, 0.03718013, -0.2318405, -0.8912151, 5.838631
 77420686, 0.9941343, 0.3489611, -0.02667097, 0.07807828, 0.290336, 0.08742604, 0.02849087, 0.03718013, -0.2150454, -0.8989121, 5.838631
 77620606, 0.9640431, 0.2755253, 0.008537699, 0.07807828, 0.3323768, 0.09477399, -0.06311285, 0.03718013, -0.2010295, -0.90425, 5.838631
 77820526, 1.020478, 0.2174423, -0.1307416, 0.07807828, 0.3042285, 0.03544295, -0.012152, 0.03718013, -0.1876665, -0.9097742, 5.838631
 78020446, 0.9651257, 0.08745708, -0.0261483, 0.07807828, 0.2856066, 0.005144909, 0.01963545, 0.03718013, -0.1771132, -0.9147892, 5.838631
 78220366, 0.8791791, -0.003801405, 0.1219025, 0.07807828, 0.2511363, 0.0009998493, 0.05156952, 0.03718013, -0.1672875, -0.9208222, 5.838631
 78420286, 0.8232538, -0.03697549, 0.1398049, 0.07807828, 0.2743044, -0.02959977, 0.003289432, 0.03718013, -0.1584463, -0.9255927, 5.838631
 78620206, 0.8634917, -0.08346668, 0.0206922, 0.07807828, 0.2476611, -0.02092595, 0.0123216, 0.03718013, -0.1494686, -0.9296772, 5.838631
 78820959, 0.8310719, -0.1047603, -0.01314649, 0.0782332, 0.2473067, -0.04986078, 0.03024201, 0.03733505, -0.1427476, -0.9331462, 5.850215
 79020879, 0.7184305, -0.155252, 0.2186263, 0.0782332, 0.2231042, -0.05655026, 0.04847875, 0.03718013, -0.1364788, -0.9382448, 5.850215
 79220799, 0.7699667, -0.1801638, 0.01858903, 0.07807828, 0.2569531, -0.06975718, -0.0437222, 0.03718013, -0.1315408, -0.9401828, 5.838631
 79420719, 0.7903045, -0.2073274, -0.07228588, 0.07807828, 0.2335925, -0.06473424, -0.007308134, 0.03718013, -0.1258326, -0.9428513, 5.838631
 79620639, 0.7304204, -0.2261411, 0.02391348, 0.07807828, 0.2162255, -0.07392464, 0.05017457, 0.03718013, -0.1217547, -0.9460573, 5.838631
 79820559, 0.6651231, -0.259232, 0.149212, 0.07807828, 0.1830225, -0.07964081, 0.05110832, 0.03718013, -0.1181914, -0.9494485, 5.838631
 80020479, 0.617053, -0.240437, 0.08827583, 0.07807828, 0.2089506, -0.05800613, -0.02073517, 0.03718013, -0.1124593, -0.951907, 5.838631
 80220399, 0.643582, -0.2146875, -0.02016653, 0.07807828, 0.2036997, -0.08143264, -0.0112276, 0.03718013, -0.1100666, -0.9537898, 5.838631
 80420319, 0.6484041, -0.2863505, -0.04537426, 0.07807828, 0.2091635, -0.1041242, -0.02091467, 0.03718013, -0.1104008, -0.9551111, 5.838631
 80620239, 0.6016845, -0.3019666, 0.04913811, 0.07807828, 0.1587354, -0.07736496, 0.06121122, 0.03718013, -0.106589, -0.9581106, 5.838631
 80820159, 0.4891995, -0.256978, 0.2155929, 0.07807828, 0.170597, -0.07787, 0.03963124, 0.03718013, -0.1046042, -0.9608794, 5.838631
 81020912, 0.5304008, -0.2613193, 0.08390504, 0.0782332, 0.1682879, -0.07829649, -0.008347349, 0.03733505, -0.1028657, -0.9624784, 5.850215
 81220832, 0.5995199, -0.2823806, -0.1990035, 0.0782332, 0.2169197, -0.101754, -0.1292434, 0.03718013, -0.101592, -0.961822, 5.850215
 81420752, 0.6364468, -0.2855692, -0.2746967, 0.07807828, 0.168625, -0.09216325, -0.01079576, 0.03718013, -0.1008387, -0.9626867, 5.838631
 81620672, 0.4846237, -0.3029413, 0.08147869, 0.07807828, 0.1198226, -0.09678468, 0.08797358, 0.03718013, -0.09863261, -0.9654058, 5.838631
 81820592, 0.3954393, -0.2886001, 0.2363038, 0.07807828, 0.1332797, -0.08157121, 0.03398661, 0.03718013, -0.09683898, -0.9676187, 5.838631
 82020512, 0.3988048, -0.2626698, 0.1702213, 0.07807828, 0.1174173, -0.08459098, 0.04852976, 0.03718013, -0.09503082, -0.9697912, 5.838631
 82220432, 0.4076711, -0.2729764, 0.03268662, 0.07807828, 0.1417511, -0.09643091, -0.07211803, 0.03718013, -0.09420152, -0.9701885, 5.838631
 82420352, 0.4333901, -0.2783415, -0.0792814, 0.07807828, 0.136505, -0.0895025, 0.002261401, 0.03718013, -0.09298567, -0.9714348, 5.838631
 82620272, 0.407205, -0.2789494, -0.009162555, 0.07807828, 0.1097955, -0.08504274, 0.01441608, 0.03718013, -0.0923091, -0.9724457, 5.838631
 82820192, 0.3729768, -0.2954816, -0.004154176, 0.07807828, 0.1335972, -0.09250586, -0.05404236, 0.03718013, -0.09344721, -0.9728788, 5.838631
 83020945, 0.396875, -0.2942919, -0.06221234, 0.0782332, 0.115608, -0.07808706, 0.004770913, 0.03733505, -0.0914933, -0.9739594, 5.850215
 83220865, 0.3209922, -0.267526, 0.1315276, 0.07823878, 0.06975701, -0.09286178, 0.1029711, 0.03719873, -0.09117721, -0.9760497, 5.8508
 83420785, 0.1776174, -0.2521463, 0.4781018, 0.07811734, 0.03245657, -0.05575735, 0.1702421, 0.03719873, -0.08873206, -0.9793258, 5.84155
 83620705, 0.1154085, -0.1845361, 0.5316489, 0.07811734, 0.05090154, -0.05642836, 0.1584945, 0.03719873, -0.0869659, -0.9818026, 5.84155
 83820625, 0.1435486, -0.1948958, 0.5170643, 0.07811734, 0.05142456, -0.06418619, 0.1421352, 0.03719873, -0.08516859, -0.9839217, 5.84155
 84020545, 0.2565642, -0.2028724, 0.2860492, 0.07811734, 0.130931, -0.07722909, 0.0253289, 0.03719873, -0.08428888, -0.9845981, 5.84155
 84220465, 0.4573355, -0.2165675, 0.1058585, 0.07811176, 0.1729525, -0.05155683, 0.02092649, 0.03718013, -0.08232901, -0.9855545, 5.840967
 84420385, 0.5241798, -0.1608361, 0.2655246, 0.07807828, 0.1538068, -0.0384708, 0.1478008, 0.03718013, -0.07998811, -0.9876412, 5.838631
 84620305, 0.4874622, -0.1526843, 0.4815028, 0.07807828, 0.1484982, -0.06596392, 0.1808253, 0.03718013, -0.07936214, -0.9897802, 5.838631
 84820225, 0.4607112, -0.1761899, 0.6134803, 0.07807828, 0.1357603, -0.05166046, 0.2187134, 0.03718013, -0.07671074, -0.9921325, 5.838631
 85020145, 0.4333997, -0.17811, 0.6495156, 0.07807828, 0.1338937, -0.07319032, 0.1616239, 0.03718013, -0.07616029, -0.9937845, 5.838631
 85220898, 0.4390267, -0.2058469, 0.4105839, 0.0782332, 0.1271804, -0.0500073, 0.1220427, 0.03733505, -0.07345186, -0.9949437, 5.850215
 85420818, 0.3978446, -0.1475023, 0.387279, 0.0782332, 0.1052737, -0.03506193, 0.1470228, 0.03718013, -0.07110502, -0.9959696, 5.850215
 85620738, 0.3400912, -0.1443383, 0.4848306, 0.07807828, 0.09713537, -0.06341163, 0.1577767, 0.03718013, -0.0704797, -0.9967616, 5.838631
 85820658, 0.3059427, -0.1926352, 0.5134955, 0.07807828, 0.09054641, -0.05866534, 0.1574312, 0.03718013, -0.06843205, -0.9973846, 5.838631
 86020578, 0.2860637, -0.1799969, 0.3827404, 0.07807828, 0.0921261, -0.06742578, 0.09098303, 0.03718013, -0.066963, -0.9976707, 5.838631
 86220498, 0.2727681, -0.1790324, 0.2752596, 0.07807828, 0.07990805, -0.04498831, 0.08677662, 0.03718013, -0.06390566, -0.9979482, 5.838631
 86420418, 0.2451151, -0.1438024, 0.2576666, 0.07807828, 0.06249944, -0.03767219, 0.1025994, 0.03718013, -0.06174511, -0.9980785, 5.838631
 86620338, 0.107152, -0.138687, 0.3612185, 0.07807828, -0.0006781413, -0.04392135, 0.1709916, 0.03718013, -0.05903582, -0.9980895, 5.838631
 86820258, 0.05192314, -0.1398267, 0.522927, 0.07807828, 0.05282891, -0.04276615, 0.09582338, 0.03718013, -0.05632028, -0.9980028, 5.838631
 87020178, 0.2000986, -0.1391719, 0.1688329, 0.07807828, 0.06856075, -0.04355301, -0.007314139, 0.03718013, -0.05377653, -0.9980911, 5.838631
 87220931, 0.2187261, -0.1476078, -0.05763492, 0.0782332, 0.05902847, -0.05019841, -0.05205032, 0.03733505, -0.05172037, -0.9982188, 5.850215
 87420851, 0.176665, -0.152595, -0.09577645, 0.0782332, 0.04346156, -0.04583568, 0.01627938, 0.03718013, -0.04816298, -0.9982966, 5.850215
 87620771, 0.1163174, -0.1232429, 0.2248326, 0.07807828, 0.03470885, -0.03479296, 0.1204337, 0.03718013, -0.04479729, -0.9980423, 5.838631
 87820691, 0.1101767, -0.1177936, 0.3372492, 0.07807828, 0.03950938, -0.0427487, 0.04312992, 0.03718013, -0.04116168, -0.9978507, 5.838631
 88020611, 0.0970297, -0.1370919, 0.1635198, 0.07807828, 0.02567487, -0.05465576, 0.0875058, 0.03718013, -0.03926947, -0.9975824, 5.838631
 88220531, 0.06207667, -0.1475362, 0.1562787, 0.07808387, 0.01496599, -0.03212566, -0.008520721, 0.03719873, -0.03567586, -0.9976421, 5.839214
 88420451, 0.05232938, -0.1286643, 0.0218185, 0.07811734, 0.01847239, -0.03793305, 0.02070838, 0.03719873, -0.033053, -0.997592, 5.84155
 88620371, 0.03594382, -0.1138145, 0.05091416, 0.07811734, 0.003852757, -0.04049196, 0.003520415, 0.03719873, -0.03012101, -0.9975873, 5.84155
 88820291, 0.004141963, -0.1216301, 0.06510714, 0.07811734, -0.002606231, -0.03740736, 0.02797238, 0.03719873, -0.02671104, -0.9974859, 5.84155
 89020211, 0.00477458, -0.1208837, 0.1320655, 0.07811734, 0.007492876, -0.04389768, 0.05375304, 0.03719873, -0.02405806, -0.9972787, 5.84155
 89220964, 0.01474418, -0.1238708, 0.1191721, 0.07826667, 0.0005840512, -0.03642074, 0.02633541, 0.03733505, -0.01952723, -0.9972584, 5.852556
 89420884, 0.004901434, -0.1149428, 0.02314029, 0.0782332, 0.003648496, -0.03750505, 0.004049778, 0.03718013, -0.01662447, -0.9973423, 5.850215
 89620804, 0.01213541, -0.105342, 0.01136544, 0.07807828, 0.0131648, -0.03492195, 0.01684621, 0.03718013, -0.01433952, -0.9973254, 5.838631
 89820724, 0.01866682, -0.1252436, 0.02268963, 0.07807828, 0.004572159, -0.04434577, 0.009960385, 0.03718013, -0.01188131, -0.9973204, 5.838631
 90020644, 0.002904773, -0.1216259, 0.03101281, 0.07807828, 0.004688396, -0.03080432, 0.002606779, 0.03718013, -0.008298277, -0.9972801, 5.838631
 90220564, 0.007406644, -0.09110154, -0.01168854, 0.07807828, -0.002921199, -0.02649977, 0.006977627, 0.03718013, -0.004201793, -0.9972913, 5.838631
 90420484, -0.01106141, -0.08441427, 0.04250602, 0.07807828, -0.01446244, -0.02807083, -0.001916023, 0.03718013, -0.001528718, -0.9972246, 5.838631
 90620404, -0.04174879, -0.0928634, 0.03056076, 0.07807828, -0.007812253, -0.02305741, 0.04524652, 0.03718013, 0.001244374, -0.9970945, 5.838631
 90820324, -0.01629334, -0.08961084, 0.02026515, 0.07807828, 0.002242723, -0.0214992, -0.04084374, 0.03718013, 0.004559524, -0.9972514, 5.838631
 91020244, -0.002566991, -0.07871724, -0.04329079, 0.07807828, -0.004168285, -0.0293741, 0.02103402, 0.03718013, 0.007676975, -0.9971474, 5.838631
 91220164, -0.01581986, -0.07993446, 0.02691073, 0.07807828, -0.01705711, -0.03082549, 0.01956357, 0.03718013, 0.01145086, -0.9970614, 5.838631
 91420917, -0.04014342, -0.08109331, 0.05682331, 0.0782332, -0.01378973, -0.02919144, 0.01666072, 0.03733505, 0.01378011, -0.9969759, 5.850215
 91620837, -0.03579839, -0.1049732, -0.02662474, 0.0782332, -0.007315796, -0.03228344, 0.01224867, 0.03718013, 0.01631747, -0.9970416, 5.850215
 91820757, -0.02097393, -0.1006934, 0.005910931, 0.07807828, -0.005164762, -0.02920464, -0.01365764, 0.03718013, 0.01932283, -0.9970338, 5.838631
 92020677, -0.03062577, -0.08548843, -0.0439082, 0.07807828, -0.01118543, -0.03023721, -0.004722517, 0.03718013, 0.02199695, -0.9970261, 5.838631
 92220597, -0.04110583, -0.08323435, 0.01926038, 0.07807828, -0.008590146, -0.01970353, 0.02553233, 0.03718013, 0.02470064, -0.9968705, 5.838631
 92420517, -0.03988128, -0.06117401, 0.04411, 0.07807828, -0.01726045, -0.01255601, 0.01130701, 0.03718013, 0.02890681, -0.9967291, 5.838631
 92620437, -0.04308702, -0.03810564, 0.024322, 0.07807828, -0.009888226, -0.01869767, -0.02208331, 0.03718013, 0.03140069, -0.9966939, 5.838631
 92820357, -0.03089544, -0.0906221, -0.08175448, 0.07807828, -0.01232136, -0.03651295, -0.03331291, 0.03718013, 0.03321663, -0.9967803, 5.838631
 93020277, -0.03255846, -0.09078146, -0.018134, 0.07807828, -0.003891747, -0.02165222, 0.002612308, 0.03718013, 0.03551253, -0.9966533, 5.838631
 93220197, -0.03434608, -0.1088548, -0.02055672, 0.07808387, -0.007571796, -0.0455391, -0.004959506, 0.03719873, 0.03633995, -0.996664, 5.839214
 93420950, -0.03802826, -0.1047983, 0.0456592, 0.07827234, -0.003918068, -0.02100895, 0.02909434, 0.03735373, 0.04052965, -0.9963473, 5.853141
 93620870, -0.01888466, -0.04935222, 0.02264962, 0.07827234, -0.01004183, -0.01356171, -0.03850941, 0.03719873, 0.04260125, -0.9963515, 5.853141
 93820790, -0.0379252, -0.05414123, -0.1056451, 0.07811734, -0.01335575, -0.01232956, -0.02907906, 0.03719873, 0.04592582, -0.9963528, 5.84155
 94020710, -0.03825941, -0.04689478, -0.03926262, 0.07811734, -0.02042584, -0.02123134, 0.005015369, 0.03719873, 0.04777798, -0.9962517, 5.84155
 94220630, -0.04378713, -0.05307251, 0.007818803, 0.07811176, -0.01293163, -0.01151452, 0.02230524, 0.03718013, 0.05106245, -0.9960645, 5.840967
 94420550, -0.03283011, -0.02769016, 0.06436896, 0.07807828, -0.01270051, -0.001372208, 0.04628389, 0.03718013, 0.05408882, -0.9957592, 5.838631
 94620470, -0.06452553, -0.03854893, 0.1449162, 0.07807828, -0.02157788, -0.01489974, 0.02891919, 0.03718013, 0.05602728, -0.9954588, 5.838631
 94820390, -0.05543316, -0.06698383, -0.03673962, 0.07807828, -0.01028118, -0.02186581, -0.03930626, 0.03718013, 0.05789717, -0.995611, 5.838631
 95020310, -0.03629532, -0.06389602, -0.08237159, 0.07807828, -0.01139209, -0.02096998, -0.04127386, 0.03718013, 0.05981148, -0.9956338, 5.838631
 95220230, -0.04024967, -0.06969544, -0.1676227, 0.07807828, -0.01066382, -0.01599538, -0.0532824, 0.03718013, 0.06229091, -0.9957612, 5.838631
 95420150, -0.02801299, -0.0364675, -0.1250609, 0.07807828, -0.007292542, -0.006163852, -0.03087906, 0.03718013, 0.06594579, -0.9956797, 5.838631
 95620903, -0.01641162, -0.01757249, -0.0918482, 0.0782332, -0.002310059, -0.001894415, -0.02063202, 0.03733505, 0.06802839, -0.9956377, 5.850215
 95820823, -0.01764356, -0.05045313, 0.04294282, 0.0782332, -0.007220657, -0.0321929, 0.05993428, 0.03718013, 0.06868575, -0.9953529, 5.850215
 96020743, -0.01404425, -0.0773352, 0.1158211, 0.07807828, 0.002933312, -0.01399526, 0.009777734, 0.03718013, 0.0713381, -0.9950811, 5.838631
 96220663, 0.002921409, -0.05451544, 0.001774497, 0.07807828, -0.003595988, -0.006213407, -0.007445122, 0.03718013, 0.07409462, -0.9949199, 5.838631
 96420583, -0.0084452, -0.03869894, -0.08658253, 0.07807828, 0.004148933, -0.02515887, -0.04414938, 0.03718013, 0.07493688, -0.9950412, 5.838631
 96620503, 0.003568429, -0.06548372, -0.1073203, 0.07807828, -0.006360775, -0.01940936, -0.0243267, 0.03718013, 0.07662268, -0.9949582, 5.838631
 96820423, -0.01629282, -0.07349078, 0.04381545, 0.07807828, -0.009291478, -0.02978179, 0.0002586284, 0.03718013, 0.07629484, -0.9948283, 5.838631
 97020343, -0.02019858, -0.09061821, 0.02432987, 0.07807828, -0.01085456, -0.01427095, -0.002945484, 0.03718013, 0.07879665, -0.9945605, 5.838631
 97220263, -0.02286094, -0.04799368, 0.06071897, 0.07807828, -0.004531835, -0.008586447, 0.03759854, 0.03718013, 0.07985182, -0.9942757, 5.838631
 97420183, -0.02953257, -0.02883746, 0.01702524, 0.07807828, -0.02348388, 0.001896395, -0.01057736, 0.03718013, 0.08291477, -0.9940997, 5.838631
 97620936, -0.05067098, -0.004319117, 0.003975885, 0.0782332, -0.01764355, 0.008172708, 0.02087048, 0.03733505, 0.08537437, -0.993833, 5.850215
 97820856, -0.04392233, 0.00395648, 0.04197702, 0.0782332, -0.008663477, -0.01536183, 0.009680974, 0.03718013, 0.08753145, -0.9936441, 5.850215
 98020776, -0.03371068, -0.02932165, -0.002005872, 0.07807828, -0.02044908, -0.01242803, -0.01774212, 0.03718013, 0.08831377, -0.9936293, 5.838631
 98220696, -0.05015787, -0.03931906, -0.021997, 0.07808387, -0.002334012, -0.0008897184, -0.02799888, 0.03719873, 0.09069058, -0.9934624, 5.839214
 98420616, -0.01564427, -0.003297701, -0.1463738, 0.07811734, -0.01507587, 0.003862534, -0.06164725, 0.03719873, 0.09332684, -0.9935024, 5.84155
 98620536, -0.0159291, -0.02049111, -0.1132763, 0.07811734, -0.002471704, -0.002286189, 0.02079408, 0.03719873, 0.09341754, -0.9934994, 5.84155
 98820456, -0.005370624, -0.04226519, 0.04255145, 0.07811734, -0.00602894, -0.008387313, 0.0193304, 0.03719873, 0.09451246, -0.9933054, 5.84155
 99020376, -0.0261961, -0.03533758, 0.05833605, 0.07811734, -0.00263685, -0.009993195, -0.03560101, 0.03719873, 0.09658606, -0.9930879, 5.84155
 99220296, -0.02145515, -0.02075736, -0.1061239, 0.07811176, -0.01098692, -0.003071702, -0.01535555, 0.03718013, 0.09868447, -0.9929792, 5.840967
 99420216, -0.03897984, -0.01716289, -0.009977328, 0.07807828, -0.0141935, -0.009498145, 0.0428936, 0.03718013, 0.09959961, -0.9927877, 5.838631
 99620969, -0.04634634, -0.02593952, 0.03087184, 0.0782332, -0.002711507, -0.006580743, -0.02681328, 0.03733505, 0.1012172, -0.9927449, 5.850215
 99820889, -0.02391242, -0.03647513, -0.008901315, 0.0782332, -0.008854518, -0.004657765, 0.02185643, 0.03718013, 0.10305, -0.9924855, 5.850215
 100020809, -0.0293248, -0.02248431, 0.05571494, 0.07807828, -0.01307429, -0.003401425, 0.01016258, 0.03718013, 0.10412, -0.9923214, 5.838631
 100220729, -0.01289479, -0.01769361, 0.01848829, 0.07807828, 0.004739409, 0.002750473, 0.005130813, 0.03718013, 0.1066926, -0.9920352, 5.838631
 100420649, -0.004614723, -0.006575151, -0.02960433, 0.07807828, -0.009770232, -0.01751985, -0.01465135, 0.03718013, 0.10697, -0.9921107, 5.838631
 100620569, -0.0192575, -0.02287969, -0.1204354, 0.07807828, 0.002488714, 0.008293344, -0.04541316, 0.03718013, 0.1105887, -0.9919442, 5.838631
 100820489, 0.007416777, 0.03046726, -0.09650727, 0.07807828, 0.000537544, 0.01857615, -0.01506546, 0.03718013, 0.112617, -0.991779, 5.838631
 101020409, 0.003417045, 0.0377712, 0.04962045, 0.07807828, -0.002239815, 0.005400647, 0.03938663, 0.03718013, 0.1149293, -0.9912835, 5.838631
 101220329, -0.01172295, -0.0005753785, 0.08631342, 0.078082, -0.004462292, -0.01607691, 0.005705172, 0.03719873, 0.1144419, -0.9912695, 5.838922
 101420249, -0.01494792, -0.0502115, 0.04538473, 0.07811734, -0.005195148, -0.01999219, -0.0131379, 0.03719873, 0.1154031, -0.9910979, 5.84155
 101620169, -0.01224467, -0.03025838, -0.03407176, 0.07811734, -0.005195762, 0.004203198, 0.01860771, 0.03719873, 0.1181267, -0.9907651, 5.84155
 101820922, -0.01242164, 0.009427626, -0.01407568, 0.07827234, -0.001397732, 0.008326099, -0.02017665, 0.03735373, 0.1197798, -0.9906632, 5.853141
 102020842, -0.003037923, 0.01606556, -0.06087023, 0.07827234, -0.0001654678, 0.01062236, -0.001318785, 0.03719873, 0.1222867, -0.9903848, 5.853141
 102220762, -0.001113912, 0.02813486, 0.07018033, 0.07811362, -0.000485095, 0.003143565, 0.04311753, 0.03718013, 0.1233355, -0.9900486, 5.841259
 102420682, -0.009855961, 0.002807931, 0.1322066, 0.07807828, 0.002196643, 0.008206089, 0.04393183, 0.03718013, 0.1255161, -0.9895838, 5.838631
 102620602, -0.01291043, 0.005418451, 0.03691161, 0.07807828, -0.008434628, 0.006038237, -0.01155391, 0.03718013, 0.1260105, -0.9895791, 5.838631
 102820522, -0.03756922, -0.001982995, -0.04177836, 0.07807828, -0.01567945, -0.006616566, 0.002082659, 0.03718013, 0.1276859, -0.9894065, 5.838631
 103020442, -0.04218876, -0.02122598, -0.03066706, 0.07807828, -0.00569291, -0.001107756, -0.04109655, 0.03718013, 0.1296732, -0.9892886, 5.838631
 103220362, -0.0308981, 0.01139686, -0.04552953, 0.078082, -0.01740487, 0.001633359, 0.01156087, 0.03719873, 0.1299866, -0.9891918, 5.838922
 103420282, -0.03673173, -0.01239297, 0.004099035, 0.07811734, 0.0006229113, -0.002942338, 0.00356665, 0.03719873, 0.1310525, -0.9890974, 5.84155
 103620202, -0.005184305, -0.003146548, -0.002758658, 0.07811734, -0.01186052, 0.0002140068, -0.01453714, 0.03719873, 0.1327171, -0.9889084, 5.84155
 103820955, -0.01669659, 0.0006832222, -0.0810892, 0.07827234, 0.002879315, -0.008730045, -0.04126262, 0.03735373, 0.132992, -0.9889977, 5.853141
 104020875, -0.01172177, -0.01691055, 0.02450027, 0.07827234, -0.004557919, 0.01255002, 0.06500809, 0.03719873, 0.1351041, -0.9884387, 5.853141
 104220795, -0.0170736, 0.01431751, 0.0852521, 0.07811362, 0.003637342, -0.01336348, -0.03458603, 0.03718013, 0.1343927, -0.9886019, 5.841259
 104420715, 0.000999356, -0.0380448, -0.07580393, 0.07807828, 0.01087596, 0.005043036, -0.006328721, 0.03718013, 0.1362349, -0.9883977, 5.838631
 104620635, 0.01547439, 0.01777901, -0.01452903, 0.07807828, -0.00227321, -0.002753822, -0.02799631, 0.03718013, 0.1379152, -0.9881953, 5.838631
 104820555, -0.008123888, 0.009606822, -0.08066382, 0.07807828, 0.003686437, 0.006797141, -0.02715798, 0.03718013, 0.1404331, -0.9879403, 5.838631
 105020475, -0.006272535, 0.02038425, -0.03033364, 0.07807828, 0.000979425, 0.009875493, 0.04621602, 0.03718013, 0.1409469, -0.9877406, 5.838631
 105220395, -0.006416131, 0.02107814, 0.1201291, 0.07807828, -0.002266924, 0.01115908, -0.02216501, 0.03718013, 0.1433132, -0.9873586, 5.838631
 105420315, -0.006279086, 0.03718292, -0.053207, 0.07807828, -0.01509067, 0.004955568, 0.01207975, 0.03718013, 0.1448248, -0.9871476, 5.838631
 105620235, -0.02255612, 0.01805522, -0.01791267, 0.07807828, 0.003886533, -0.004663401, -0.02816809, 0.03718013, 0.1459686, -0.9871034, 5.838631
 105820155, 0.008167414, 0.007386506, -0.02966135, 0.07807828, -0.001671289, 0.01516671, 0.04998925, 0.03718013, 0.1478107, -0.9867336, 5.838631
 106020908, -0.00715225, 0.01886247, 0.09250277, 0.0782332, -0.004021649, 0.003528902, 0.005837019, 0.03733505, 0.1479697, -0.9866284, 5.850215
 106220828, -0.01027438, -0.006441606, 0.06180616, 0.07823692, 0.0005300308, 0.004963653, 0.02397045, 0.03719873, 0.1488211, -0.9863446, 5.850507
 106420748, -0.01247168, -0.01138058, 0.06250446, 0.07811734, -0.006468938, -0.006314406, 0.01819674, 0.03719873, 0.1493403, -0.9861843, 5.84155
 106620668, -0.02430476, -0.03261434, -0.01361472, 0.07811734, -0.00109211, -0.00485748, -0.01948969, 0.03719873, 0.1487206, -0.9863851, 5.84155
 106820588, -0.01825429, -0.04472827, -0.06460917, 0.07811734, -0.0125781, -0.01041727, -0.02628295, 0.03719873, 0.1490117, -0.986434, 5.84155
 107020508, -0.04029098, -0.002866274, -0.0222765, 0.07811734, -0.009125044, 0.01522417, -0.007721768, 0.03719873, 0.150617, -0.9861859, 5.84155
 107220428, -0.01857365, 0.04535975, -0.0436528, 0.07811362, -0.003863898, 0.001777542, -0.01305172, 0.03718013, 0.1515106, -0.9861386, 5.841259
 107420348, -0.0005939311, 0.014852, -0.06448535, 0.07807828, 0.0006090648, 0.02159255, -0.02703529, 0.03718013, 0.1525103, -0.9861114, 5.838631
 107620268, -0.003511327, 0.03120032, -0.05050645, 0.07807828, -0.003972895, -0.002923013, 0.01813401, 0.03718013, 0.1528668, -0.9859833, 5.838631
 107820188, -0.01554732, 0.006280244, 0.1549087, 0.07807828, -0.0014796, 0.006046619, 0.06126489, 0.03718013, 0.1544, -0.9854257, 5.838631
 108020941, -0.006016283, 0.01937193, 0.07967608, 0.0782332, -0.007685102, 0.009190621, -0.06875315, 0.03733505, 0.1551567, -0.9854428, 5.850215
 108220861, -0.002403632, -0.004425173, -0.2293781, 0.07823692, -0.0007023445, -0.006869698, -0.04856846, 0.03719873, 0.1555273, -0.9856668, 5.850507
 108420781, -0.005852471, -0.006611259, -0.13005, 0.07811734, -0.00639411, -0.004167666, -0.03136352, 0.03719873, 0.1564512, -0.9856251, 5.84155
 108620701, -0.01726987, 0.03052154, 0.0235165, 0.07811734, -0.0004255082, 0.0234077, 0.05716316, 0.03719873, 0.159189, -0.9849752, 5.84155
 108820621, -0.005147328, 0.03944905, 0.1661243, 0.07811734, -0.002415209, -0.004279401, 0.0702493, 0.03719873, 0.1581789, -0.9848536, 5.84155
 109020541, -0.007616426, -0.02122338, 0.170303, 0.07811734, 0.001749334, -0.008166487, 0.006121475, 0.03719873, 0.1590726, -0.9846019, 5.84155
 109220461, 0.02594868, -0.006548694, -0.04311351, 0.07811362, 0.05055011, 0.001536698, -0.01570397, 0.03718013, 0.1611026, -0.9843742, 5.841259
 109420381, 1.254827, -0.2044766, -0.07633935, 0.07807828, 0.7816309, -0.1399258, -0.0182262, 0.03718013, 0.1588607, -0.9845671, 5.838631
 109620301, 2.609336, -0.4536614, -0.00493573, 0.07807828, 0.8335148, -0.1385525, 0.02594024, 0.03718013, 0.158862, -0.9830796, 5.838631
 109820221, 2.561458, -0.424255, 0.1371526, 0.07807828, 0.7393873, -0.1216484, 0.06692754, 0.03718013, 0.1581501, -0.9796477, 5.838631
 110020974, 2.23266, -0.3680677, 0.2204115, 0.0782332, 0.6246607, -0.1033992, 0.06626329, 0.03718013, 0.1571666, -0.9747249, 5.850215
