TimeUS,CAN,CAE,CAD,CAe
 2668932, 0, 0, 0, 0
 2676429, 0.001095994, -0.001404154, -0.01597397, 0.497533
 2776389, -1.80592E-05, 1.824856E-05, -0.001010412, 0.01859611
 2876349, 8.441465E-05, 6.5427E-05, -0.001126985, 0.01859007
 2976309, -8.251458E-05, -1.625393E-05, -0.000923741, 0.01859007
 3076269, -3.313306E-05, 3.97418E-05, -0.0009496548, 0.01859007
 3176229, 0.0002046156, -9.146037E-05, -0.00105799, 0.01859007
 3276189, 3.23645E-05, -6.754513E-05, -0.001137548, 0.01859007
 3376149, -2.60658E-05, 5.527411E-05, -0.001026783, 0.01859007
 3476109, 4.981415E-05, -8.143717E-06, -0.001118089, 0.01859007
 3576069, -7.929718E-05, -5.564045E-05, -0.001111046, 0.01859007
 3676029, -0.0001210416, 3.557143E-05, -0.001129442, 0.01859007
 3775989, 3.961261E-05, -6.768341E-06, -0.001044973, 0.01859007
 3875949, 8.927775E-05, -9.921422E-05, -0.001052722, 0.01859007
 3975909, -2.129794E-05, -2.757029E-05, -0.001044329, 0.01859007
 4075869, -9.656679E-05, -2.965752E-05, -0.00117722, 0.01859007
 4175829, 8.18814E-05, 3.83437E-05, -0.0008841565, 0.01859007
 4275789, 0.0001305083, 0.0001623647, -0.0011112, 0.01859007
 4376582, 2.356733E-05, 2.481515E-05, -0.001118245, 0.01874498
 4476542, 0.0001037015, 0.0001655832, -0.001212166, 0.01859007
 4576502, 0.0001464461, 2.848119E-06, -0.001093199, 0.01859007
 4681460, 8.473142E-05, 2.508341E-05, -0.00105722, 0.01951957
 4781420, 8.119451E-05, -7.931205E-05, -0.00105198, 0.01859355
 4881380, -0.0001192738, -0.0002320025, -0.001001291, 0.01859936
 4981340, 2.207429E-05, 4.722218E-05, -0.0009721298, 0.01859936
 5081300, 3.876247E-05, -8.141885E-05, -0.001095382, 0.01859936
 5181260, -3.899577E-05, -1.48431E-05, -0.001187348, 0.01859936
 5281220, 7.973269E-05, -2.934929E-05, -0.001028549, 0.01859936
 5381180, -9.273595E-06, -0.0001533226, -0.001096456, 0.01859936
 5481140, 0.0001011157, 9.196156E-05, -0.001198523, 0.01859936
 5581100, 0.000105239, -1.228978E-05, -0.001071376, 0.01859936
 5681060, 7.638749E-05, -1.800556E-05, -0.00106255, 0.01859936
 5781020, 0.0001303457, -6.186424E-05, -0.001100586, 0.01859588
 5880980, 9.548938E-05, 0.0001146856, -0.001139595, 0.01859007
 5980940, -4.004836E-05, 9.169518E-05, -0.001026723, 0.01859007
 6080900, 0.0001819907, -8.156233E-05, -0.001180852, 0.01859007
 6180860, 5.879769E-05, -1.40711E-05, -0.001178288, 0.01859007
 6280820, -6.505927E-05, -1.01413E-06, -0.00104772, 0.01859007
 6380780, 0.0001091769, 0.0002145068, -0.001056133, 0.01859007
 6481573, 1.169196E-05, 4.398369E-05, -0.001008734, 0.01874498
 6581533, -1.888716E-05, -6.122416E-05, -0.0009539114, 0.01859007
 6686491, 1.172379E-05, 3.325122E-05, -0.001073377, 0.01951957
 6786451, 8.454387E-05, -1.137493E-05, -0.0009294617, 0.01859007
 6886411, 0.0001332637, 0.0001138636, -0.0009698264, 0.01859007
 6986371, 5.890142E-05, -7.132742E-05, -0.001096178, 0.01859007
 7086331, 5.872454E-05, -6.926526E-06, -0.001083162, 0.01859007
 7186291, 5.492443E-05, 0.0001478349, -0.001034797, 0.01859007
 7286251, -7.730009E-05, 4.342245E-05, -0.0009751447, 0.01859007
 7386211, -4.042461E-05, -9.130766E-05, -0.001085731, 0.01859007
 7486171, 0.0001976601, 6.378716E-05, -0.001114612, 0.01859007
 7586131, 9.271048E-05, -4.43047E-05, -0.001074987, 0.01859007
 7686091, -0.0001120581, -5.236465E-05, -0.001104719, 0.01859007
 7786051, -0.0001628552, 0.0002196384, -0.001053481, 0.01859378
 7886011, -2.384259E-05, 6.980111E-05, -0.001119922, 0.01859936
 7985971, 0.0001088381, 5.267769E-06, -0.001142567, 0.01859936
 8085931, 0.0002275601, -8.67933E-06, -0.001018263, 0.01859936
 8185891, 3.630381E-06, 1.926204E-05, -0.00102373, 0.01859936
 8285851, 0.0001492118, 2.238336E-05, -0.001043408, 0.01859936
 8385811, 4.973419E-05, 1.496135E-05, -0.001077772, 0.01859936
 8485771, 0.0001919993, 3.237102E-05, -0.001090403, 0.01859936
 8586564, 8.800069E-05, 0.0001266815, -0.001045865, 0.01875436
 8686524, 0.0001042912, -1.797828E-05, -0.0011588, 0.01859936
 8791482, 0.000123003, -5.492058E-05, -0.001155088, 0.01952515
 8891442, -4.663894E-05, 8.520544E-06, -0.0008990278, 0.01859007
 8991402, 4.039112E-06, 0.0001269323, -0.001091961, 0.01859007
 9091362, 0.000213207, 5.859181E-05, -0.0009828852, 0.01859007
 9191322, 0.00015075, 4.029791E-05, -0.001042793, 0.01859007
 9291282, 9.047471E-05, -7.149245E-06, -0.001073542, 0.01859007
 9391242, 0.0001194815, 0.0001747177, -0.00122032, 0.01859007
 9491202, 0.0001090774, 0.0001879265, -0.001078538, 0.01859007
 9591162, 6.72622E-05, 0.0001123333, -0.001122766, 0.01859007
 9691122, 6.693196E-05, -0.0001866243, -0.001033205, 0.01859007
 9791082, 9.980631E-05, 0.0001595923, -0.001367378, 0.01859425
 9891042, -6.213751E-06, 5.792873E-05, -0.001126118, 0.01859936
 9991002, 9.066303E-05, 8.824265E-05, -0.001104874, 0.01859936
 10090962, -0.0001207202, 4.760561E-05, -0.0009566557, 0.01859936
 10190922, 9.968712E-05, 6.471663E-05, -0.001069258, 0.01859936
 10290882, 0.0001345167, 7.962206E-05, -0.001037198, 0.01859936
 10390842, -3.764994E-05, 0.0001456203, -0.001042549, 0.01859936
 10490802, 0.0002484134, 0.0001430656, -0.001099464, 0.01859936
 10590762, 3.9108E-05, 0.0001237787, -0.001039616, 0.01859936
 10691555, 6.70943E-05, 5.317891E-05, -0.001123835, 0.01875436
 10791515, 9.803641E-05, 0.0001340376, -0.001172584, 0.01859518
 10896473, -4.700392E-05, 0.0001473914, -0.001250002, 0.01951957
 10996433, 0.0001290403, 0.000111707, -0.001101324, 0.01859007
 11096393, 0.0001305901, -8.994513E-06, -0.001075605, 0.01859007
 11196353, 6.504462E-05, 7.351036E-05, -0.001083863, 0.01859007
 11296313, 0.0001925507, 6.042047E-05, -0.001079379, 0.01859007
 11396273, 0.000166296, 7.630006E-05, -0.001040258, 0.01859007
 11496233, 0.0001076967, 9.150845E-05, -0.001045305, 0.01859007
 11596193, 8.511897E-05, -9.903124E-06, -0.001160449, 0.01859007
 11696153, 0.0002666959, 9.844653E-05, -0.001105813, 0.01859007
 11796113, 0.0002626417, 0.0002902754, -0.001085305, 0.01859007
 11896073, 0.0001872425, 0.0001293931, -0.00101278, 0.01859007
 11996033, 0.0001444905, 0.0002103451, -0.001027524, 0.01859007
 12095993, 0.0002892334, 0.0001928385, -0.001236492, 0.01859007
 12195953, 9.200122E-05, 0.000173079, -0.00104493, 0.01859007
 12295913, 0.0001908085, 0.000101716, -0.001065743, 0.01859007
 12395873, 0.0001758397, 0.0001084015, -0.0010004, 0.01859007
 12495833, 0.0001470923, 0.0001676359, -0.001169434, 0.01859007
 12595793, 0.0001447373, 0.0001656275, -0.001038634, 0.01859007
 12696586, 0.0002420611, -2.33019E-05, -0.001155368, 0.01874498
 12796546, 0.0001726644, 0.0001226673, -0.0009364898, 0.01859448
 12896506, 0.0002048218, -2.956926E-05, -0.000969468, 0.01859936
 13001464, 0.0001715632, 2.628971E-05, -0.001182067, 0.01952933
 13101424, 0.0002115065, 0.0001885238, -0.001083417, 0.01859936
 13201384, 7.86246E-05, 0.0001957186, -0.0008890004, 0.01859936
 13301344, 2.598169E-05, 6.575006E-05, -0.001056956, 0.01859936
 13401304, -3.192771E-05, 0.0001061368, -0.001082035, 0.01859936
 13501264, 0.0001058816, 0.0001917307, -0.0009685765, 0.01859936
 13601224, -1.404946E-06, 0.0002791331, -0.0009999947, 0.01859936
 13701184, 0.0001772182, 0.0002408308, -0.001027636, 0.01859936
 13801144, 0.0002127485, 0.0001358834, -0.001135546, 0.01859448
 13901104, 0.0001973112, 0.0001230926, -0.0009942165, 0.01859007
 14001064, 0.0002013689, 0.0001396792, -0.0009966354, 0.01859007
 14101024, 0.000223605, 0.0001175104, -0.0011599, 0.01859007
 14200984, 7.145191E-05, -2.823882E-05, -0.001051086, 0.01859007
 14300944, 0.000126279, 0.0001055983, -0.001068844, 0.01859007
 14400904, 0.0002535497, 0.0001580395, -0.001011142, 0.01859007
 14500864, -5.6795E-05, 3.809308E-05, -0.001003888, 0.01859007
 14600824, 7.619563E-05, 6.39131E-05, -0.001135648, 0.01859007
 14700784, 4.363328E-05, 0.0002031961, -0.00102799, 0.01859007
 14801577, 0.0001931318, -8.06831E-06, -0.001051947, 0.01874994
 14901537, 3.206591E-06, 8.196827E-05, -0.001102867, 0.01859936
 15006495, 0.0002929492, 4.587555E-05, -0.001161647, 0.01952933
 15106455, 2.40064E-05, 4.594998E-05, -0.001162988, 0.01859936
 15206415, -6.260013E-06, 0.0001804622, -0.001191359, 0.01859936
 15306375, 0.0001487498, 0.0001803459, -0.0009233415, 0.01859936
 15406335, 0.0001114772, 0.0002111617, -0.001108438, 0.01859936
 15506295, 6.123011E-05, 0.0002092635, -0.00108923, 0.01859936
 15606255, 2.185549E-05, 0.0001808426, -0.0009403389, 0.01859936
 15706215, 0.0001382545, 0.0001417481, -0.0009661122, 0.01859936
 15806175, 0.0001156007, 0.0002333713, -0.001124697, 0.01859402
 15906135, 0.0001150633, 0.0002503431, -0.000858656, 0.01859007
 16006095, 0.0001348909, 7.134736E-05, -0.000946303, 0.01859007
 16106055, 7.284161E-05, 0.0001657511, -0.001225657, 0.01859007
 16206015, 0.0001798406, 8.830713E-05, -0.00127768, 0.01859007
 16305975, 0.0002046817, 0.0001897378, -0.001092122, 0.01859007
 16405935, 2.563874E-05, 0.0001583212, -0.001056091, 0.01859007
 16505895, 0.0001314841, 9.808478E-05, -0.001051911, 0.01859007
 16605855, 1.096861E-06, 0.0001000313, -0.001105737, 0.01859007
 16705815, 0.0002138174, 0.0003407845, -0.001004736, 0.01859007
 16805775, 0.0001587606, 0.0002934972, -0.0009666198, 0.01859007
 16906568, 0.0001547102, 0.0001463459, -0.001005368, 0.01874498
 17006528, 0.0002185447, 0.0002488406, -0.001100176, 0.01859007
 17111486, 0.0001158711, 0.0002118686, -0.001169625, 0.01951957
 17211446, 0.0001499166, 1.463926E-05, -0.0009053135, 0.01859007
 17311406, 0.0002897574, 0.0001316784, -0.001106485, 0.01859007
 17411366, 0.0002836005, -4.019766E-06, -0.001164048, 0.01859007
 17511326, 0.0002372652, 0.0001811316, -0.001141902, 0.01859007
 17611286, 0.0001846116, 0.0001369474, -0.001097894, 0.01859007
 17711246, 9.13078E-05, 0.000274186, -0.0009907872, 0.01859007
 17811206, 5.10348E-05, 0.0001028128, -0.00106571, 0.01859564
 17911166, -6.209836E-05, 0.0001132193, -0.001125982, 0.01859936
 18011126, 0.00019571, 0.0001059051, -0.001148756, 0.01859936
 18111086, 4.429623E-05, 0.000173286, -0.000993095, 0.01859936
 18211046, 0.0002011915, 0.0002424369, -0.0009760383, 0.01859936
 18311006, 0.0002455976, 0.0002785202, -0.001052072, 0.01859936
 18410966, 0.0002578215, 0.0003526674, -0.001053431, 0.01859936
 18510926, 0.0001303145, 0.0004259518, -0.0009885908, 0.01859936
 18610886, 0.0001818384, 0.0003300681, -0.001015676, 0.01859936
 18710846, 0.0002308675, 0.0003983584, -0.0009993371, 0.01859936
 18810806, 0.0002017945, 0.0002992773, -0.001095258, 0.01859379
 18910766, 0.000277861, 0.0001922072, -0.0008940278, 0.01859007
 19011559, 0.000260753, 0.0001752539, -0.001077314, 0.01874498
 19111519, 0.0002682532, 0.0001885812, -0.001050263, 0.01859007
 19216477, 0.0001108305, 0.0002509518, -0.001074492, 0.01951957
 19316437, 0.0001895555, -1.872619E-05, -0.001211631, 0.01859007
 19416397, 0.000156385, 0.0001827987, -0.001069764, 0.01859007
 19516357, 0.0001628499, 7.332791E-05, -0.0009765043, 0.01859007
 19616317, 3.835274E-05, 0.0003213437, -0.001140247, 0.01859007
 19716277, 0.0001840893, 8.233233E-05, -0.001249701, 0.01859007
 19816237, 0.0001922395, 0.0001136789, -0.001100453, 0.01859611
 19916197, 0.000150038, 7.443869E-05, -0.001050138, 0.01859936
 20016157, 0.0001956017, 0.0002002601, -0.00106463, 0.01859936
 20116117, 0.0002942194, 0.000234324, -0.001032345, 0.01859936
 20216077, 0.000157383, 0.0003656569, -0.001012119, 0.01859936
 20316037, -4.09327E-05, 0.0002199541, -0.001152761, 0.01859936
 20415997, 0.0002925149, 0.0003175384, -0.00107477, 0.01859936
 20515957, 0.0001537966, 0.0002926195, -0.001086183, 0.01859936
 20615917, 0.0001586904, 0.0002825695, -0.0008901753, 0.01859936
 20715877, 8.985508E-05, 0.000212606, -0.0009858549, 0.01859936
 20815837, 8.737425E-05, 0.0001863914, -0.001077883, 0.01859355
 20915797, 0.0001720137, 0.000151606, -0.001034727, 0.01859007
 21016590, 0.0002876492, 0.0001042797, -0.001046887, 0.01874498
 21116550, 0.0001399872, 0.0001317299, -0.0009974051, 0.01859007
 21216510, 0.0003150668, 8.107685E-05, -0.0009200253, 0.01859007
 21321468, 0.0002362364, 0.000326928, -0.00122446, 0.01951957
 21421428, 0.0003031614, 0.0003250556, -0.001000132, 0.01859007
 21521388, 0.0001599189, 0.0002996241, -0.001119232, 0.01859007
 21621348, 0.0003526598, 0.0001450636, -0.0009655391, 0.01859007
 21721308, 0.0001442959, 0.0003315507, -0.0009034249, 0.01859007
 21821268, 0.0002256431, 0.0002776882, -0.001160192, 0.01859007
 21921228, 0.0001637497, 0.0001363287, -0.001008587, 0.01859007
 22021188, 0.0002514286, 0.0001882942, -0.0009455509, 0.01859007
 22121148, 0.000278577, 0.0002955554, -0.001194047, 0.01859007
 22221108, 0.0002397325, 0.0002457575, -0.001150021, 0.01859007
 22321068, 0.0001772631, 0.0001093562, -0.001068732, 0.01859007
 22421028, 0.0002716727, 0.0002741158, -0.001035959, 0.01859007
 22520988, 0.0002682589, 0.0002200307, -0.001117433, 0.01859007
 22620948, 0.0002110669, 0.0002538745, -0.00105702, 0.01859007
 22720908, 0.0003035962, 0.0002442775, -0.001139646, 0.01859007
 22820868, 0.00054116, 0.0002942003, -0.001064179, 0.01859634
 22920828, 0.0002413843, 0.0003939896, -0.001257907, 0.01859936
 23020788, 0.0004309072, 0.0003962971, -0.001152735, 0.01859936
 23121581, 0.000405534, 0.0003775058, -0.001101998, 0.01875436
 23221541, 0.0004802074, 0.0004807293, -0.001032099, 0.01859936
 23321501, 0.0004536357, 0.0003697083, -0.001051928, 0.01859936
 23426459, 0.0003888166, 0.0003461365, -0.001070372, 0.01952933
 23526419, 0.0004592991, 0.0002787735, -0.001173987, 0.01859936
 23626379, 0.0002549962, 0.0004655456, -0.00101271, 0.01859936
 23726339, 0.0004872881, 0.0004084226, -0.0009475064, 0.01859936
 23826299, 0.0005664701, 0.0005448954, -0.001040493, 0.01859262
 23926259, 0.0006193809, 0.0006431739, -0.001076052, 0.01859007
 24026219, 0.0004971019, 0.0004591823, -0.0009914472, 0.01859007
 24126179, 0.0006168593, 0.0004272387, -0.0009730009, 0.01859007
 24226139, 0.0006288254, 0.0004653049, -0.0009958037, 0.01859007
 24326099, 0.0006502242, 0.0007250552, -0.001071203, 0.01859007
 24426059, 0.0005277454, 0.0005642124, -0.001152811, 0.01859007
 24526019, 0.0006336139, 0.0006309521, -0.001095829, 0.01859007
 24625979, 0.0005470844, 0.0007289684, -0.001088964, 0.01859007
 24725939, 0.0007233468, 0.0005878676, -0.001116591, 0.01859007
 24825899, 0.0006695518, 0.0008033435, -0.001016101, 0.01859657
 24925859, 0.0006360919, 0.0008926195, -0.001167456, 0.01859936
 25025819, 0.0007677972, 0.000799579, -0.00097797, 0.01859936
 25125779, 0.000895212, 0.0007275917, -0.001128825, 0.01859936
 25226572, 0.0008295166, 0.0009045834, -0.001028221, 0.01875436
 25326532, 0.0009146904, 0.0007874706, -0.0008754827, 0.01859936
 25431490, 0.0009559872, 0.0007996981, -0.001125204, 0.01952933
 25531450, 0.0009511826, 0.0008774098, -0.001190856, 0.01859936
 25631410, 0.0006694658, 0.0009376178, -0.001049037, 0.01859936
 25731370, 0.000932434, 0.0009857781, -0.001038585, 0.01859936
 25831330, 0.0007259884, 0.0009186054, -0.001136757, 0.01859239
 25931290, 0.0008954729, 0.0007520687, -0.001226184, 0.01859007
 26031250, 0.0009387272, 0.000993642, -0.001007989, 0.01859007
 26131210, 0.000854454, 0.001051662, -0.001080157, 0.01859007
 26231170, 0.001034847, 0.0008098325, -0.001134583, 0.01859007
 26331130, 0.0009758039, 0.0008177016, -0.001058861, 0.01859007
 26431090, 0.0009853529, 0.001150619, -0.0009660443, 0.01859007
 26531050, 0.001103463, 0.001003633, -0.001067878, 0.01859007
 26631010, 0.0009876279, 0.0009522887, -0.001085436, 0.01859007
 26730970, 0.00107905, 0.001034714, -0.001042516, 0.01859007
 26830930, 0.001175722, 0.0009848851, -0.001060215, 0.01859007
 26930890, 0.001090109, 0.0009129476, -0.0009976936, 0.01859007
 27030850, 0.001127739, 0.001137247, -0.001138754, 0.01859007
 27130810, 0.001048576, 0.001030653, -0.001090663, 0.01859007
 27230770, 0.0009816202, 0.001034965, -0.00113474, 0.01859007
 27331563, 0.001088653, 0.001191627, -0.001129574, 0.01874498
 27431523, 0.001089618, 0.0009885213, -0.0009718212, 0.01859007
 27536481, 0.001178982, 0.001226385, -0.001171616, 0.01951957
 27636441, 0.001124899, 0.00126673, -0.0009440435, 0.01859007
 27736401, 0.00115286, 0.001187453, -0.001086352, 0.01859007
 27836361, 0.001166068, 0.001303244, -0.001029417, 0.0185975
 27936321, 0.001260381, 0.001202827, -0.001047115, 0.01859936
 28036281, 0.001061211, 0.001138402, -0.001093663, 0.01859936
 28136241, 0.001225067, 0.001337941, -0.00102635, 0.01859936
 28236201, 0.001203043, 0.001194944, -0.001084697, 0.01859936
 28336161, 0.001220342, 0.001010422, -0.0011929, 0.01859936
 28436121, 0.001179654, 0.001223851, -0.001166899, 0.01859936
 28536081, 0.001337332, 0.001166812, -0.001097341, 0.01859936
 28636041, 0.001361165, 0.001227069, -0.001037019, 0.01859936
 28736001, 0.00122278, 0.001364936, -0.001120312, 0.01859936
 28835961, 0.001171455, 0.001284428, -0.001104293, 0.01859216
 28935921, 0.001297492, 0.00137448, -0.001072003, 0.01859007
 29035881, 0.00128079, 0.00129209, -0.001085796, 0.01859007
 29135841, 0.001273495, 0.001339006, -0.001034062, 0.01859007
 29235801, 0.001287596, 0.001315735, -0.00111257, 0.01859007
 29335761, 0.001305691, 0.001455093, -0.001054349, 0.01859007
 29436554, 0.001366781, 0.001266968, -0.001061604, 0.01874498
 29536514, 0.001299345, 0.001334361, -0.001046613, 0.01859007
 29641472, 0.001412926, 0.001428793, -0.001093214, 0.01951957
 29741432, 0.001220337, 0.001425533, -0.001028452, 0.01859007
 29841392, 0.001367756, 0.001424592, -0.0009441054, 0.01859774
 29941352, 0.001317056, 0.001249912, -0.001050223, 0.01859936
 30041312, 0.001440652, 0.001418301, -0.001001979, 0.01859936
 30141272, 0.001295276, 0.001202134, -0.001240643, 0.01859936
 30241232, 0.001367094, 0.001440602, -0.00100531, 0.01859936
 30341192, 0.001407342, 0.001453195, -0.001100921, 0.01859936
 30441152, 0.001456619, 0.001477784, -0.001098251, 0.01859936
 30541112, 0.001354044, 0.001512614, -0.001114497, 0.01859936
 30641072, 0.001508694, 0.001311116, -0.001047164, 0.01859936
 30741032, 0.001246607, 0.001398952, -0.001006567, 0.01859936
 30840992, 0.001366028, 0.001380408, -0.001013017, 0.01859936
 30940952, 0.001330698, 0.001349033, -0.001164252, 0.01859936
 31040912, 0.00133241, 0.00129575, -0.001184512, 0.01859936
 31140872, 0.001529957, 0.00155458, -0.001166903, 0.01859936
 31240832, 0.001446677, 0.001432643, -0.001070821, 0.01859936
 31340792, 0.001499516, 0.001573437, -0.00112779, 0.01859936
 31441585, 0.001581228, 0.001552891, -0.001159649, 0.01875436
 31541545, 0.001486514, 0.001421584, -0.001167642, 0.01859936
 31641505, 0.001543741, 0.001506586, -0.001037357, 0.01859936
 31746463, 0.001662718, 0.001469948, -0.001135292, 0.01952933
 31846423, 0.001543138, 0.001422799, -0.001042732, 0.01859936
 31946383, 0.001437218, 0.001692273, -0.0008889873, 0.01859936
 32046343, 0.001536286, 0.001502549, -0.001128105, 0.01859936
 32146303, 0.00151598, 0.001444177, -0.0009912696, 0.01859936
 32246263, 0.001562581, 0.001509005, -0.001085431, 0.01859936
 32346223, 0.001665046, 0.001552895, -0.001160278, 0.01859936
 32446183, 0.001529197, 0.001586511, -0.00126581, 0.01859936
 32546143, 0.001649406, 0.001667583, -0.001142921, 0.01859936
 32646103, 0.001575381, 0.001693561, -0.001012851, 0.01859936
 32746063, 0.001666059, 0.001532229, -0.001061101, 0.01859936
 32846023, 0.001568312, 0.00149788, -0.001084297, 0.01859936
 32945983, 0.001567641, 0.001635538, -0.001045392, 0.01859936
 33045943, 0.001676748, 0.001600131, -0.0008819436, 0.01859936
 33145903, 0.001600385, 0.001608869, -0.0009628331, 0.01859936
 33245863, 0.001573584, 0.001660552, -0.0009472979, 0.01859936
 33345823, 0.001622051, 0.001701397, -0.000923861, 0.01859936
 33445783, 0.001568697, 0.001640868, -0.0008549928, 0.01859936
 33546576, 0.001518968, 0.001949575, -0.001292913, 0.01875436
 33646536, 0.001541913, 0.001663098, -0.001040523, 0.01859936
 33751494, 0.001689237, 0.00181374, -0.001311265, 0.01952933
 33851454, 0.00164194, 0.001648695, -0.00113579, 0.01859936
 33951414, 0.001622865, 0.001601736, -0.001033006, 0.01859936
 34051374, 0.001603438, 0.001660967, -0.001069936, 0.01859936
 34151334, 0.001691883, 0.00164777, -0.001038192, 0.01859936
 34251294, 0.001511995, 0.001696124, -0.001195262, 0.01859936
 34351254, 0.001483442, 0.001661386, -0.001082571, 0.01859936
 34451214, 0.001660217, 0.001579434, -0.001079242, 0.01859936
 34551174, 0.001552907, 0.00172814, -0.000997771, 0.01859936
 34651134, 0.00153776, 0.001720189, -0.001042881, 0.01859936
 34751094, 0.001560857, 0.001589503, -0.0009612849, 0.01859936
 34851054, 0.001594304, 0.001701765, -0.001106722, 0.01859936
 34951014, 0.001534085, 0.001698336, -0.001129572, 0.01859936
 35050974, 0.001639639, 0.001672566, -0.001255995, 0.01859936
 35150934, 0.001555913, 0.001709314, -0.001157253, 0.01859936
 35250894, 0.001607572, 0.001717854, -0.001156677, 0.01859936
 35350854, 0.001740714, 0.001679007, -0.001106671, 0.01859936
 35450814, 0.001740315, 0.001584886, -0.0008748213, 0.01859936
 35550774, 0.001526428, 0.001839997, -0.001024735, 0.01859936
 35651567, 0.00173195, 0.001801234, -0.001132839, 0.01875436
 35751527, 0.001525403, 0.001667474, -0.001172102, 0.01859936
 35856485, 0.001679216, 0.001670614, -0.00114433, 0.01952933
 35956445, 0.001770445, 0.001747879, -0.001072174, 0.01859936
 36056405, 0.001591588, 0.001753336, -0.00101664, 0.01859936
 36156365, 0.001562194, 0.001772102, -0.000945813, 0.01859936
 36256325, 0.001649907, 0.001632072, -0.001114467, 0.01859936
 36356285, 0.001627445, 0.001800517, -0.001244785, 0.01859936
 36456245, 0.001821758, 0.001675544, -0.0009470703, 0.01859936
 36556205, 0.001785301, 0.001748957, -0.0009980703, 0.01859936
 36656165, 0.001543855, 0.001658888, -0.001145132, 0.01859936
 36756125, 0.001716238, 0.001722505, -0.001049373, 0.01859936
 36856085, 0.001738006, 0.001831843, -0.001017131, 0.01859936
 36956045, 0.001711809, 0.001710989, -0.001055364, 0.01859936
 37056005, 0.001659731, 0.001738519, -0.00112096, 0.01859936
 37155965, 0.001679887, 0.0018776, -0.001072768, 0.01859936
 37255925, 0.001710207, 0.001644957, -0.001084317, 0.01859936
 37355885, 0.001778616, 0.001777902, -0.001093825, 0.01859936
 37455845, 0.001926681, 0.001825232, -0.001165281, 0.01859936
 37555805, 0.001773433, 0.001745135, -0.001107076, 0.01859936
 37655765, 0.001687497, 0.001752231, -0.001152269, 0.01859936
 37756558, 0.00172184, 0.001939208, -0.001037936, 0.01875436
 37856518, 0.001825736, 0.001868047, -0.001121271, 0.01859936
 37961476, 0.001712838, 0.001816791, -0.0009801888, 0.01952933
 38061436, 0.001735277, 0.001795574, -0.0009905748, 0.01859936
 38161396, 0.00175017, 0.001804376, -0.001237815, 0.01859936
 38261356, 0.001845471, 0.00163426, -0.001057434, 0.01859936
 38361316, 0.001593026, 0.001781143, -0.00109447, 0.01859936
 38461276, 0.001623741, 0.001807948, -0.001083261, 0.01859936
 38561236, 0.001837211, 0.001675925, -0.001088046, 0.01859936
 38661196, 0.001770675, 0.001806396, -0.0009919059, 0.01859936
 38761156, 0.001714813, 0.001833201, -0.001120951, 0.01859936
 38861116, 0.001771383, 0.001788147, -0.001003323, 0.01859936
 38961076, 0.001808959, 0.001785135, -0.0009285012, 0.01859936
 39061036, 0.001780774, 0.001789634, -0.001057876, 0.01859936
 39160996, 0.001785672, 0.001786807, -0.001117032, 0.01859936
 39260956, 0.001869067, 0.001758269, -0.0009955202, 0.01859936
 39360916, 0.001774223, 0.001726883, -0.001259688, 0.01859936
 39460876, 0.001772731, 0.001700703, -0.001049054, 0.01859936
 39560836, 0.001690737, 0.001667432, -0.001029302, 0.01859936
 39660796, 0.001748961, 0.001788421, -0.0009834026, 0.01859936
 39761589, 0.001719761, 0.001784956, -0.001125395, 0.01875436
 39861549, 0.001793204, 0.001850459, -0.0009826828, 0.01859936
 39961509, 0.001848822, 0.001850984, -0.001005774, 0.01859936
 40066467, 0.001695942, 0.001927521, -0.001186741, 0.01952933
 40166427, 0.001749492, 0.001665771, -0.0009282797, 0.01859936
 40266387, 0.001705472, 0.001754757, -0.001130156, 0.01859936
 40366347, 0.00170631, 0.001715118, -0.001094244, 0.01859936
 40466307, 0.001666397, 0.001795672, -0.00101295, 0.01859936
 40566267, 0.001659355, 0.001873199, -0.001016253, 0.01859936
 40666227, 0.001793001, 0.001861402, -0.001112379, 0.01859936
 40766187, 0.001649681, 0.001805433, -0.001033226, 0.01859936
 40866147, 0.00166794, 0.001937563, -0.0009911611, 0.01859936
 40966107, 0.001687106, 0.00192586, -0.001031132, 0.01859936
 41066067, 0.001784735, 0.00197478, -0.0009188169, 0.01859936
 41166027, 0.001780824, 0.001856029, -0.0009807763, 0.01859936
 41265987, 0.001773224, 0.001806093, -0.001109652, 0.01859936
 41365947, 0.001802788, 0.001821491, -0.001100109, 0.01859936
 41465907, 0.001856288, 0.001820312, -0.001049981, 0.01859936
 41565867, 0.001708118, 0.00187688, -0.001108894, 0.01859936
 41665827, 0.001787573, 0.002020103, -0.001047823, 0.01859936
 41765787, 0.001829027, 0.001930372, -0.001149648, 0.01859936
 41866580, 0.001796517, 0.001810282, -0.001045108, 0.01875436
 41966540, 0.001676696, 0.00190701, -0.0009500445, 0.01859936
 42066500, 0.001811462, 0.002018631, -0.0009162349, 0.01859936
 42171458, 0.002008251, 0.002050834, -0.001040221, 0.01952933
 42271418, 0.001867398, 0.001967896, -0.001050114, 0.01859936
 42371378, 0.00181983, 0.001809533, -0.0009914424, 0.01859936
 42471338, 0.001714127, 0.001889565, -0.001096476, 0.01859936
 42571298, 0.001912448, 0.001791322, -0.001045473, 0.01859936
 42671258, 0.001756301, 0.001839701, -0.001030842, 0.01859936
 42771218, 0.001845139, 0.001919206, -0.001158891, 0.01859936
 42871178, 0.001693131, 0.001860438, -0.001041246, 0.01859936
 42971138, 0.001607172, 0.002035188, -0.0011896, 0.01859936
 43071098, 0.001842975, 0.002052261, -0.001129334, 0.01859936
 43171058, 0.001764894, 0.001854034, -0.00111198, 0.01859936
 43271018, 0.001788769, 0.001833074, -0.0009340399, 0.01859936
 43370978, 0.001823507, 0.001960234, -0.001250883, 0.01859936
 43470938, 0.00178417, 0.001962012, -0.0009532417, 0.01859936
 43570898, 0.001861894, 0.001980802, -0.001042487, 0.01859936
 43670858, 0.001635358, 0.001801377, -0.0009624039, 0.01859936
 43770818, 0.001714824, 0.001855994, -0.0009803617, 0.01859936
 43870778, 0.001680932, 0.001878877, -0.00111629, 0.01859936
 43971571, 0.001802256, 0.00201977, -0.0009838728, 0.01875436
 44071531, 0.001628085, 0.00190891, -0.00105766, 0.01859936
 44176489, 0.001995496, 0.00194221, -0.001125418, 0.01952933
 44276449, 0.001893946, 0.001856739, -0.001039143, 0.01859936
 44376409, 0.00178612, 0.001661854, -0.001045736, 0.01859936
 44476369, 0.00179991, 0.001723692, -0.0009181426, 0.01859936
 44576329, 0.001780038, 0.001678082, -0.001119206, 0.01859936
 44676289, 0.001822493, 0.001787091, -0.001079232, 0.01859936
 44776249, 0.001711065, 0.001637495, -0.0009927425, 0.01859936
 44876209, 0.001719211, 0.001864085, -0.001185101, 0.01859936
 44976169, 0.001602071, 0.001704269, -0.0009394963, 0.01859936
 45076129, 0.001695169, 0.001748858, -0.001042015, 0.01859936
 45176089, 0.001744725, 0.001768358, -0.0009697645, 0.01859936
 45276049, 0.001792958, 0.001826169, -0.0009014672, 0.01859936
 45376009, 0.001886419, 0.001820103, -0.001200486, 0.01859936
 45475969, 0.001685905, 0.001815836, -0.0009512231, 0.01859936
 45575929, 0.001559033, 0.001933867, -0.0009593058, 0.01859936
 45675889, 0.001898483, 0.001802742, -0.001083372, 0.01859936
 45775849, 0.001610081, 0.001808225, -0.001048163, 0.01859936
 45875809, 0.001737295, 0.001868665, -0.001105783, 0.01859936
 45975769, 0.001908582, 0.001764407, -0.001080916, 0.01859936
 46076562, 0.001759397, 0.001928965, -0.001178865, 0.01875436
 46176522, 0.00186612, 0.001895236, -0.001023265, 0.01859936
 46281480, 0.001830345, 0.001828134, -0.001141278, 0.01952933
 46381440, 0.001682537, 0.001819486, -0.003312564, 0.01859936
 46481400, 0.002422455, 0.002400055, -0.2778475, 0.01859936
 46581360, 0.002542883, 0.002471888, -0.3495299, 0.01859936
 46681320, 0.002112498, 0.002082725, -0.1325235, 0.01859936
 46781280, 0.00207734, 0.001792445, -0.628808, 0.01859936
 46881240, 0.001186452, 0.0005824507, -0.8314869, 0.01859936
 46981200, 0.0002957445, -0.0006079603, -0.6879333, 0.01859936
 47081160, -0.0005083338, -0.001205508, -0.4861027, 0.01859936
 47181120, -0.001108222, -0.001869527, -0.3652958, 0.01859936
 47281080, -0.0008789107, -0.001996326, -0.3292827, 0.01859936
 47381040, -0.0008361437, -0.001813063, -0.3302218, 0.01859936
 47481000, -0.0004591274, -0.001735208, -0.329497, 0.01859936
 47580960, -0.0004837963, -0.001782661, -0.3148408, 0.01859936
 47680920, -0.0001099052, -0.001608572, -0.2900238, 0.01859936
 47780880, 0.0001057475, -0.001259395, -0.2627417, 0.01859936
 47880840, 0.0002487619, -0.0007254531, -0.238004, 0.01859936
 47980800, 0.0004664966, -0.0002582461, -0.2169635, 0.01859936
 48080760, 0.0008049287, 0.0003470606, -0.1982607, 0.01859936
 48181553, 0.001020113, 0.001038186, -0.1837539, 0.01875436
 48281513, 0.001169983, 0.001254917, -0.1664884, 0.01859936
 48386471, 0.001370522, 0.001640898, -0.1588298, 0.01952933
 48486431, 0.001588178, 0.001387839, -0.136438, 0.01859936
 48586391, 0.001909822, 0.001646269, -0.123653, 0.01859936
 48686351, 0.001804392, 0.001532661, -0.09145062, 0.01859936
 48786311, 0.001247726, 0.001179179, 0.3658698, 0.01859936
 48886271, 0.0008978128, 0.001228966, 0.3342279, 0.01859936
 48986231, 0.0008052866, 0.001229609, 0.3046135, 0.01859936
 49086191, 0.0005164687, 0.001281095, 0.2798208, 0.01859936
 49186151, 0.0004488796, 0.001304435, 0.258393, 0.01859936
 49286111, 0.0005337402, 0.001187884, 0.2397273, 0.01859936
 49386071, 0.0005678133, 0.001274518, 0.2227617, 0.01859936
 49486031, 0.0009148259, 0.001006229, 0.2067773, 0.01859936
 49585991, 0.00081002, 0.001042292, 0.1921718, 0.01859936
 49685951, 0.0009588503, 0.0008846343, 0.1790131, 0.01859936
 49785911, 0.0009876275, 0.0006204076, 0.1670947, 0.01859936
 49885871, 0.0009206667, 0.000681006, 0.1560559, 0.01859936
 49985831, 0.001239281, 0.0006497803, 0.1461116, 0.01859936
 50085791, 0.001425772, 0.000539894, 0.198312, 0.01859936
 50186584, 0.001270869, 0.001025702, 0.5560217, 0.01875436
 50286544, 0.003394124, 0.001950186, 0.5012859, 0.01859936
 50386504, 0.007145625, 0.004389316, 0.4151119, 0.01859936
 50491462, 0.01273815, 0.01112108, 0.3584263, 0.01952933
 50591422, 0.0198743, 0.01722363, 0.2817357, 0.01859936
 50691382, 0.03049583, 0.02175571, 0.2376435, 0.01859936
 50791342, 0.04263141, 0.02687151, 0.2029769, 0.01859936
 50891302, 0.05594224, 0.03571196, 0.177209, 0.01859936
 50991262, 0.06685625, 0.04258908, 0.1552313, 0.01859936
 51091222, 0.07377547, 0.04426286, 0.1332726, 0.01859936
 51191182, 0.07934196, 0.04472544, 0.111426, 0.01859936
 51291142, 0.0832711, 0.0463941, 0.09006184, 0.01859936
 51391102, 0.09069251, 0.04868312, 0.06995299, 0.01859936
 51491062, 0.1067947, 0.05168286, 0.05103744, 0.01859936
 51591022, 0.1205416, 0.0537435, 0.03329665, 0.01859936
 51690982, 0.1283676, 0.0555449, 0.01707498, 0.01859936
 51790942, 0.1316552, 0.05549844, 0.002975086, 0.01859936
 51890902, 0.1319456, 0.05247612, -0.008959644, 0.01859936
 51990862, 0.1317513, 0.04903568, -0.01946638, 0.01859936
 52090822, 0.1325562, 0.04639487, -0.02857071, 0.01859936
 52190782, 0.1339191, 0.04543293, -0.03625596, 0.01859936
 52291575, 0.1382699, 0.04545578, -0.04342543, 0.01875436
 52391535, 0.1391413, 0.04651314, -0.049165, 0.01859936
 52496493, 0.1494907, 0.05309884, -0.05790159, 0.01952933
 52596453, 0.145471, 0.0535627, -0.05994364, 0.01859936
 52696413, 0.1500126, 0.05334492, -0.06451079, 0.01859936
 52796373, 0.1516622, 0.05099857, -0.06821168, 0.01859936
 52896333, 0.1480048, 0.04398456, -0.07112868, 0.01859936
 52996293, 0.1393412, 0.03811768, -0.07160439, 0.01859936
 53096253, 0.1276925, 0.03451825, -0.07114475, 0.01859936
 53196213, 0.1144996, 0.03083029, -0.06921358, 0.01859936
 53296173, 0.101069, 0.02535015, -0.06623338, 0.01859936
 53396133, 0.08908625, 0.02107404, -0.062206, 0.01859936
 53496093, 0.08138462, 0.0193796, -0.05890853, 0.01859936
 53596053, 0.07272436, 0.01956929, -0.05546591, 0.01859936
 53696013, 0.05956479, 0.02120642, -0.05274346, 0.01859936
 53795973, 0.04639706, 0.02263504, -0.04876622, 0.01859936
 53895933, 0.0345667, 0.02640771, -0.04537988, 0.01859936
 53995893, 0.02526145, 0.02794718, -0.04144787, 0.01859936
 54095853, 0.02034044, 0.02707778, -0.03820688, 0.01859936
 54195813, 0.01745862, 0.02599626, -0.03531105, 0.01859936
 54295773, 0.01753847, 0.02870963, -0.03235742, 0.01859936
 54396566, 0.01409805, 0.02869849, -0.0310478, 0.01875436
 54496526, 0.002097615, 0.02267521, -0.02870299, 0.01859936
 54601484, -0.009318348, 0.01424763, -0.02609518, 0.01952933
 54701444, -0.01467684, 0.002513004, -0.02090416, 0.01859936
 54801404, -0.01996432, -0.007349364, -0.01743024, 0.01859936
 54901364, -0.0266668, -0.016124, -0.01432665, 0.01859936
 55001324, -0.03189681, -0.02258578, -0.01085366, 0.01859936
 55101284, -0.0324947, -0.02799183, -0.00806598, 0.01859936
 55201244, -0.03443864, -0.03345715, -0.00557422, 0.01859936
 55301204, -0.03930087, -0.041608, -0.003332531, 0.01859936
 55401164, -0.04306986, -0.04752979, -0.01973104, 0.01859936
 55501124, -0.04459389, -0.05138793, -0.04071401, 0.01859936
 55601084, -0.05426199, -0.05401319, -0.00543579, 0.01859936
 55701044, -0.06258825, -0.05687331, 0.006722209, 0.01859936
 55801004, -0.06439304, -0.05527357, 0.0146895, 0.01859936
 55900964, -0.05736692, -0.05093434, 0.0192823, 0.01859936
 56000924, -0.04992843, -0.04696292, 0.0212866, 0.01859936
 56100884, -0.04371882, -0.04431005, 0.02176766, 0.01859936
 56200844, -0.04011207, -0.04264454, 0.0225479, 0.01859936
 56300804, -0.03895371, -0.03972799, 0.02235124, 0.01859936
 56400764, -0.04063573, -0.03728316, 0.02227136, 0.01859936
 56501557, -0.04785463, -0.03401974, 0.02296033, 0.01875436
 56601517, -0.05199538, -0.03318898, 0.02392338, 0.01859936
 56706475, -0.0530725, -0.03639035, 0.0268396, 0.01952933
 56806435, -0.04970569, -0.0382348, 0.02608501, 0.01859936
 56906395, -0.05325213, -0.04209499, 0.02740343, 0.01859936
 57006355, -0.05360465, -0.04795418, 0.02926522, 0.01859936
 57106315, -0.04796528, -0.057255, 0.03133972, 0.01859936
 57206275, -0.04251424, -0.06563951, 0.0331929, 0.01859936
 57306235, -0.03718942, -0.07355484, 0.03477951, 0.01859936
 57406195, -0.03382946, -0.07891693, 0.03656321, 0.01859936
 57506155, -0.03008949, -0.08263027, 0.03876941, 0.01859936
 57606115, -0.02659201, -0.08480494, 0.04072001, 0.01859936
 57706075, -0.02197831, -0.08619309, 0.04306218, 0.01859936
 57806035, -0.01869255, -0.08797083, 0.0452041, 0.01859936
 57905995, -0.01394653, -0.09102903, 0.04745137, 0.01859936
 58005955, -0.01244039, -0.09392182, 0.04909226, 0.01859936
 58105915, -0.0141127, -0.09694345, 0.05185768, 0.01859936
 58205875, -0.01673861, -0.09909646, 0.05441558, 0.01859936
 58305835, -0.01884733, -0.1000425, 0.05705938, 0.01859936
 58405795, -0.01725448, -0.1005791, 0.0587521, 0.01859936
 58506588, -0.01254498, -0.102205, 0.05993597, 0.01875436
 58606548, -0.009276988, -0.09989566, 0.05922778, 0.01859936
 58706508, -0.005467214, -0.09592016, 0.05795881, 0.01859936
 58811466, 0.001054307, -0.09414446, 0.05840363, 0.01952933
 58911426, 0.008642801, -0.08200844, 0.05293894, 0.01859936
 59011386, 0.01703835, -0.07618106, 0.04963993, 0.01859936
 59111346, 0.02768138, -0.07299382, 0.04548458, 0.01859936
 59211306, 0.0374254, -0.06860477, 0.04184222, 0.01859936
 59311266, 0.04665353, -0.06376185, 0.03771475, 0.01859936
 59411226, 0.05468418, -0.05739694, 0.03412593, 0.01859936
 59511186, 0.06328154, -0.05034167, 0.03040207, 0.01859936
 59611146, 0.07158886, -0.04348887, 0.02708122, 0.01859936
 59711106, 0.0802208, -0.03658141, 0.02324685, 0.01859936
 59811066, 0.08788155, -0.0300728, 0.02017526, 0.01859936
 59911026, 0.0931951, -0.02319213, 0.01616938, 0.01859936
 60010986, 0.09527327, -0.01577412, 0.0128803, 0.01859936
 60110946, 0.09467058, -0.007144818, 0.009752102, 0.01859936
 60210906, 0.09078679, -0.001333521, 0.007133355, 0.01859936
 60310866, 0.08749466, 0.001033237, 0.00476295, 0.01859936
 60410826, 0.08066148, 0.004233202, 0.001903423, 0.01859936
 60510786, 0.06911252, 0.01099161, -0.0006738387, 0.01859936
 60611579, 0.06123613, 0.01661501, -0.0009262206, 0.01875436
 60711539, 0.05653707, 0.02045943, -0.002507551, 0.01859936
 60811499, 0.0540005, 0.02190729, -0.004626679, 0.01859936
 60916457, 0.05209195, 0.02199961, -0.007916361, 0.01952933
 61016417, 0.04293453, 0.02236309, -0.009740774, 0.01859936
 61116377, 0.03549057, 0.02562217, -0.01086214, 0.01859936
 61216337, 0.02736473, 0.02779934, -0.01124424, 0.01859936
 61316297, 0.01946875, 0.02793959, -0.01038774, 0.01859936
 61416257, 0.01198384, 0.03024914, -0.00959185, 0.01859936
 61516217, 0.005277023, 0.03558085, -0.009077894, 0.01859936
 61616177, -0.001377962, 0.03813858, -0.007467543, 0.01859936
 61716137, -0.007054081, 0.03693496, -0.007101521, 0.01859936
 61816097, -0.01229351, 0.03522936, -0.006841178, 0.01859936
 61916057, -0.01801114, 0.03320009, -0.005329348, 0.01859936
 62016017, -0.0262814, 0.03018122, -0.005468867, 0.01859936
 62115977, -0.03719044, 0.02605578, -0.005047698, 0.01859936
 62215937, -0.04589487, 0.02367418, -0.003187756, 0.01859936
 62315897, -0.05135372, 0.02295507, -0.002016341, 0.01859936
 62415857, -0.05610782, 0.02321217, -0.0007624091, 0.01859936
 62515817, -0.06037106, 0.02439973, 7.108467E-05, 0.01859936
 62615777, -0.06180641, 0.02456922, 0.0006675528, 0.01859936
 62716570, -0.06151374, 0.0236638, 0.001360387, 0.01875436
 62816530, -0.05943763, 0.02134373, 0.0009858812, 0.01859936
 62921488, -0.06017647, 0.01856657, 0.001151337, 0.01952933
 63021448, -0.0530358, 0.01620885, 0.00134634, 0.01859936
 63121408, -0.04872431, 0.01674292, 0.001000733, 0.01859936
 63221368, -0.04753956, 0.01581152, -0.0001051196, 0.01859936
 63321328, -0.05043955, 0.0133088, -0.001106438, 0.01859936
 63421288, -0.05375183, 0.01074564, -0.0007040533, 0.01859936
 63521248, -0.05699801, 0.008432149, -0.0003342269, 0.01859936
 63621208, -0.05826702, 0.009614001, 0.0002009184, 0.01859936
 63721168, -0.05834119, 0.01335219, 0.0006754699, 0.01859936
 63821128, -0.05742923, 0.01624512, 0.0009366365, 0.01859936
 63921088, -0.05504565, 0.01763697, 0.001421675, 0.01859936
 64021048, -0.05139746, 0.01945998, 0.001285421, 0.01859936
 64121008, -0.04797105, 0.02193871, 0.00104213, 0.01859936
 64220968, -0.04586314, 0.0218898, 0.0005924608, 0.01859936
 64320928, -0.04552308, 0.0199074, 5.124304E-05, 0.01859936
 64420888, -0.04839738, 0.01885715, -0.0007543371, 0.01859936
 64520848, -0.05357302, 0.01902615, -0.0005511605, 0.01859936
 64620808, -0.05540127, 0.02034872, 0.0005095731, 0.01859936
 64720768, -0.05376488, 0.02208083, 0.00154246, 0.01859936
 64821561, -0.05139119, 0.02312854, 0.001289543, 0.01875436
 64921521, -0.04950965, 0.02293907, 0.0008655684, 0.01859936
 65026479, -0.04862104, 0.02425082, 0.001445216, 0.01952933
 65126439, -0.04135965, 0.02317694, 0.001148868, 0.01859936
 65226399, -0.0367972, 0.02346859, 0.001052104, 0.01859936
 65326359, -0.03128937, 0.02255959, 0.0006257916, 0.01859936
 65426319, -0.02851277, 0.02259685, -0.0005173293, 0.01859936
 65526279, -0.02839038, 0.0231929, -0.0007344787, 0.01859936
 65626239, -0.03022028, 0.02330679, -0.001356594, 0.01859936
 65726199, -0.03332906, 0.02285241, -0.0008246222, 0.01859936
 65826159, -0.03437984, 0.02284747, -0.0004997698, 0.01859936
 65926119, -0.03356003, 0.02351056, 5.242991E-05, 0.01859936
 66026079, -0.03315298, 0.02525134, -0.0001924246, 0.01859936
 66126039, -0.03515191, 0.02716775, -0.0003576409, 0.01859936
 66225999, -0.03959898, 0.02836373, -0.0009828343, 0.01859936
 66325959, -0.0453711, 0.02860969, -0.0006767438, 0.01859936
 66425919, -0.04868627, 0.02858911, 0.0002615109, 0.01859936
 66525879, -0.04873747, 0.02754429, 0.001130896, 0.01859936
 66625839, -0.04527229, 0.02423113, 0.001647047, 0.01859936
 66725799, -0.04065126, 0.01889407, 0.001575223, 0.01859936
 66826592, -0.03870661, 0.0172005, 0.0004432763, 0.01859936
 66926552, -0.04117218, 0.01929732, -0.0004723018, 0.01875436
 67026512, -0.04045109, 0.02122701, 0.0006409881, 0.01859936
 67131470, -0.03614874, 0.02251725, 0.001389576, 0.01952933
 67231430, -0.02998149, 0.02202879, 0.0003183223, 0.01859936
 67331390, -0.02873487, 0.02321694, -0.0002719125, 0.01859936
 67431350, -0.02650759, 0.0228922, -3.396226E-05, 0.01859936
 67531310, -0.02332213, 0.02120164, 9.69344E-05, 0.01859936
 67631270, -0.02079223, 0.01998805, -0.0004885221, 0.01859936
 67731230, -0.02020321, 0.01893248, -0.0006794797, 0.01859936
 67831190, -0.02064402, 0.01835958, -0.001073933, 0.01859936
 67931150, -0.02221424, 0.01742527, -0.001043178, 0.01859936
 68031110, -0.0228911, 0.0165617, -0.001207092, 0.01859936
 68131070, -0.02273454, 0.01536534, -0.0006692604, 0.01859936
 68231030, -0.02186741, 0.01471288, -0.0005634533, 0.01859936
 68330990, -0.02038199, 0.01369928, -0.000505716, 0.01859936
 68430950, -0.02092024, 0.01228585, -0.00136071, 0.01859936
 68530910, -0.02521121, 0.009919532, -0.001649156, 0.01859936
 68630870, -0.02377027, 0.009029903, 4.35512E-05, 0.01859936
 68730830, -0.01684081, 0.009279963, 0.0008347318, 0.01859936
 68830790, -0.01129314, 0.009998353, 0.0005747617, 0.01859936
 68931583, -0.007504576, 0.01098032, -0.000530772, 0.01875436
 69031543, -0.009496017, 0.01365573, -0.002072359, 0.01859936
 69131503, -0.01554411, 0.01811457, -0.002433909, 0.01859936
 69236461, -0.0190956, 0.02112438, -0.0009653686, 0.01952933
 69336421, -0.01800085, 0.01994681, -0.0003760002, 0.01859936
 69436381, -0.01721092, 0.01934247, -0.000654986, 0.01859936
 69536341, -0.01572881, 0.01856218, -0.0001795527, 0.01859936
 69636301, -0.01383301, 0.01758938, -0.0005927181, 0.01859936
 69736261, -0.01264064, 0.01628864, -0.0001358418, 0.01859936
 69836221, -0.009640856, 0.01717485, 0.0001468917, 0.01859936
 69936181, -0.005569811, 0.01961274, 0.0001894932, 0.01859936
 70036141, -0.00394421, 0.02030514, -0.0008753123, 0.01859936
 70136101, -0.004492176, 0.01985342, -0.001301594, 0.01859936
 70236061, -0.006176896, 0.01963544, -0.001649243, 0.01859936
 70336021, -0.00920074, 0.01991981, -0.001633012, 0.01859936
 70435981, -0.009809663, 0.01865768, -0.000596747, 0.01859936
 70535941, -0.007272633, 0.01598394, -0.0002805624, 0.01859936
 70635901, -0.006271539, 0.01129503, -0.0005445007, 0.01859936
 70735861, -0.005246477, 0.005819608, -0.0008923333, 0.01859936
 70835821, -0.002050566, 0.003550993, -0.0004170251, 0.01859936
 70935781, 0.002524092, 0.00429679, -0.0005992017, 0.01859936
 71036574, 0.004854074, 0.006657785, -0.0005439548, 0.01875436
 71136534, 0.004396487, 0.009165389, -0.00175277, 0.01859936
 71241492, 0.003979581, 0.007017844, -0.001259842, 0.01952933
 71341452, 0.003792481, 0.001038869, -0.00104403, 0.01859936
 71441412, 0.0007524611, 0.0001285248, -0.00209043, 0.01859936
 71541372, -0.004120268, 0.003142346, -0.001924358, 0.01859936
 71641332, -0.008717556, 0.003993884, -0.001795679, 0.01859936
 71741292, -0.0128145, 0.002429891, -0.001826509, 0.01859936
 71841252, -0.01392265, 7.394515E-05, -0.000922797, 0.01859936
 71941212, -0.01224024, -0.002455693, -0.0008324475, 0.01859936
 72041172, -0.007919707, -0.004843054, -0.0002275998, 0.01859936
 72141132, -0.001707684, -0.006613644, -0.0006892665, 0.01859936
 72241092, 0.005826132, -0.007944249, -0.0001135229, 0.01859936
 72341052, 0.01351901, -0.008901805, -0.0009095796, 0.01859936
 72441012, 0.01723368, -0.009126627, -0.002329244, 0.01859936
 72540972, 0.01814267, -0.008892755, -0.002775095, 0.01859936
 72640932, 0.0173483, -0.008446265, -0.002886528, 0.01859936
 72740892, 0.01535839, -0.007936466, -0.0009453877, 0.01859936
 72840852, 0.01312484, -0.007162154, 0.0002226654, 0.01859936
 72940812, 0.01180005, -0.00665913, 0.0004751569, 0.01859936
 73040772, 0.01088361, -0.006164717, 0.0005419398, 0.01859936
 73141565, 0.009996803, -0.00589413, 0.0005944328, 0.01875436
 73241525, 0.009617209, -0.00558032, -0.000343369, 0.01859936
 73346483, 0.009856802, -0.005589781, -0.0009371106, 0.01952933
 73446443, 0.008925855, -0.004938703, -0.0004437971, 0.01859936
 73546403, 0.008499497, -0.004605554, -0.0002326606, 0.01859936
 73646363, 0.008485357, -0.004703818, -0.0003462431, 0.01859936
 73746323, 0.008829665, -0.004996252, -0.0005852146, 0.01859936
 73846283, 0.009616413, -0.004625224, -0.0005453155, 0.01859936
 73946243, 0.009949708, -0.004382565, 0.0004117534, 0.01859936
 74046203, 0.01059484, -0.003618853, 0.0005493456, 0.01859936
 74146163, 0.01053184, -0.002041831, 0.001249316, 0.01859936
 74246123, 0.01061904, -0.0004655315, 0.0007744302, 0.01859936
 74346083, 4.886923E-05, 0.002123241, -0.003237924, 0.01859936
 74446043, -0.1395723, 0.01065957, -0.05468508, 0.01859936
 74546003, -0.3481977, 0.0209827, -0.06727566, 0.01859936
 74645963, -0.4362869, 0.02514923, -0.02321468, 0.01859936
 74745923, -0.4469957, 0.02542044, 0.007838991, 0.01859936
 74845883, -0.4243202, 0.02413521, 0.01952784, 0.01859936
 74945843, -0.3912965, 0.02256754, 0.02148281, 0.01859936
 75045803, -0.3560131, 0.02074871, 0.01989052, 0.01859936
 75145763, -0.321356, 0.01922229, 0.01559359, 0.01859936
 75246556, -0.2916151, 0.01774544, 0.01209118, 0.01875436
 75346516, -0.2591533, 0.01635395, 0.007533131, 0.01859936
 75451474, -0.2437152, 0.01549434, 0.003608042, 0.01952933
 75551434, -0.207245, 0.01343888, -0.0004640451, 0.01859936
 75651394, -0.1855583, 0.01226771, -0.00401378, 0.01859936
 75751354, -0.1653964, 0.01105008, -0.007019467, 0.01859936
 75851314, -0.1469966, 0.01000656, -0.00953365, 0.01859936
 75951274, -0.1301955, 0.009009968, -0.01129936, 0.01859936
 76051234, -0.1149618, 0.008394965, -0.01332249, 0.01859936
 76151194, -0.1008713, 0.007482972, -0.01521455, 0.01859936
 76251154, -0.08816218, 0.006552128, -0.01569108, 0.01859936
 76351114, -0.07641712, 0.005721101, -0.01706793, 0.01859936
 76451074, -0.06563275, 0.005114851, -0.01807213, 0.01859936
 76551034, -0.05533807, 0.004249128, -0.0196498, 0.01859936
 76650994, -0.04331471, 0.003567671, -0.0374894, 0.01859936
 76750954, -0.02794629, 0.00244461, -0.07455236, 0.01859936
 76850914, -0.01290482, 0.001169326, -0.09328244, 0.01859936
 76950874, 0.0007580871, 1.685349E-05, -0.0905609, 0.01859936
 77050834, 0.01197674, -0.001084644, -0.07434491, 0.01859936
 77150794, 0.02121445, -0.001903348, -0.05338078, 0.01859936
 77251587, 0.0283269, -0.002701056, -0.03514397, 0.01875436
 77351547, 0.03314364, -0.002960521, -0.01705911, 0.01859936
 77451507, 0.03663531, -0.003286526, -0.001246403, 0.01859936
 77556465, 0.04080493, -0.003486484, 0.01328048, 0.01952933
 77656425, 0.04017342, -0.003495183, 0.02254038, 0.01859936
 77756385, 0.04078917, -0.003499056, 0.03035356, 0.01859936
 77856345, 0.04109533, -0.003733179, 0.0361195, 0.01859936
 77956305, 0.04119227, -0.00345127, 0.04402861, 0.01859936
 78056265, 0.04122616, -0.003261175, 0.04839399, 0.01859936
 78156225, 0.04168448, -0.003251188, 0.04911129, 0.01859936
 78256185, 0.04228947, -0.003249602, 0.04718575, 0.01859936
 78356145, 0.04257962, -0.00361327, 0.04658015, 0.01859936
 78456105, 0.0419344, -0.003324609, 0.05271938, 0.01859936
 78556065, 0.04015746, -0.003333995, 0.06653649, 0.01859936
 78656025, 0.03880369, -0.003327661, 0.07795187, 0.01859936
 78755985, 0.0378857, -0.003054231, 0.08483379, 0.01859936
 78855945, 0.03733262, -0.003185955, 0.08884231, 0.01859936
 78955905, 0.03726552, -0.003286312, 0.09240952, 0.01859936
 79055865, 0.03651158, -0.003372436, 0.09640753, 0.01859936
 79155825, 0.03591649, -0.003337758, 0.1007911, 0.01859936
 79255785, 0.03552186, -0.003378009, 0.1052063, 0.01859936
 79356578, 0.03520864, -0.003275207, 0.1099039, 0.01875436
 79456538, 0.03443805, -0.003371118, 0.1106177, 0.01859936
 79561496, 0.03580993, -0.003469453, 0.117047, 0.01952933
 79661456, 0.03407699, -0.003192236, 0.109946, 0.01859936
 79761416, 0.03397568, -0.003237881, 0.1078773, 0.01859936
 79861376, 0.03478601, -0.003174612, 0.09975308, 0.01859936
 79961336, 0.03538244, -0.003075559, 0.08972931, 0.01859936
 80061296, 0.03620948, -0.003376903, 0.07920671, 0.01859936
 80161256, 0.03700035, -0.003354868, 0.06806587, 0.01859936
 80261216, 0.03751539, -0.003371104, 0.05683486, 0.01859936
 80361176, 0.0379982, -0.003381104, 0.04668571, 0.01859936
 80461136, 0.03851962, -0.003516071, 0.03605074, 0.01859936
 80561096, 0.03869156, -0.003586118, 0.02514478, 0.01859936
 80661056, 0.03904397, -0.003671383, 0.01444824, 0.01859936
 80761016, 0.03914542, -0.003654092, 0.00545165, 0.01859936
 80860976, 0.03907414, -0.003764542, -0.002656784, 0.01859936
 80960936, 0.03899138, -0.003653031, -0.008571127, 0.01859936
 81060896, 0.03874083, -0.003561951, -0.01406305, 0.01859936
 81160856, 0.03836594, -0.003381406, -0.01914228, 0.01859936
 81260816, 0.03805261, -0.003379889, -0.02366837, 0.01859936
 81360776, 0.03744376, -0.003430322, -0.02714833, 0.01859936
 81461569, 0.03703462, -0.003537551, -0.02947327, 0.01875436
 81561529, 0.03604165, -0.003747476, -0.03063351, 0.01859936
 81666487, 0.03721286, -0.003866625, -0.03299193, 0.01952933
 81766447, 0.03463067, -0.003798884, -0.03189766, 0.01859936
 81866407, 0.03399476, -0.003866923, -0.03202039, 0.01859936
 81966367, 0.03333373, -0.003593297, -0.03203412, 0.01859936
 82066327, 0.03266971, -0.003531018, -0.03091892, 0.01859936
 82166287, 0.0319517, -0.003220615, -0.029663, 0.01859936
 82266247, 0.03116421, -0.003188518, -0.02790226, 0.01859936
 82366207, 0.03047421, -0.003302757, -0.02653053, 0.01859936
 82466167, 0.02976007, -0.003185221, -0.02336923, 0.01859936
 82566127, 0.02899935, -0.002967334, -0.02129203, 0.01859936
 82666087, 0.02845126, -0.002900941, -0.01821003, 0.01859936
 82766047, 0.02792015, -0.002828455, -0.01591926, 0.01859936
 82866007, 0.02727228, -0.003076721, -0.01343287, 0.01859936
 82965967, 0.02671381, -0.00272637, -0.01087244, 0.01859936
 83065927, 0.02647891, -0.002787933, -0.009293356, 0.01859936
 83165887, 0.02586622, -0.002631765, -0.006661459, 0.01859936
 83265847, 0.02557611, -0.002393821, -0.005565601, 0.01859936
 83365807, 0.02488201, -0.002601055, -0.003028606, 0.01859936
 83465767, 0.02442334, -0.002429151, -0.002825173, 0.01859936
 83566560, 0.02422329, -0.002459199, -0.001251006, 0.01875436
 83666520, 0.02369918, -0.002394187, 0.0003403827, 0.01859936
 83771478, 0.02458832, -0.002269543, 0.0004595169, 0.01952933
 83871438, 0.0232042, -0.0022564, 0.001615227, 0.01859936
 83971398, 0.02300692, -0.002290063, 0.002681263, 0.01859936
 84071358, 0.02259047, -0.002294561, 0.003433206, 0.01859936
 84171318, 0.02225649, -0.002217722, 0.00313937, 0.01859936
 84271278, 0.02197724, -0.001934115, 0.003037267, 0.01859936
 84371238, 0.0215335, -0.002266553, 0.002874646, 0.01859936
 84471198, 0.02147503, -0.002326832, 0.002740572, 0.01859936
 84571158, 0.02140619, -0.0021527, 0.002587207, 0.01859936
 84671118, 0.02166761, -0.002004916, 0.002477633, 0.01859936
 84771078, 0.02181771, -0.001945395, 0.002350521, 0.01859936
 84871038, 0.02188529, -0.001980582, 0.002385197, 0.01859936
 84970998, 0.02193692, -0.001883989, 0.002277115, 0.01859936
 85070958, 0.02189041, -0.00189686, 0.002037535, 0.01859936
 85170918, 0.0223556, -0.00186227, 0.001823654, 0.01859936
 85270878, 0.0222742, -0.002330362, 0.0007883566, 0.01859936
 85370838, 0.02218598, -0.002569493, -0.0005015369, 0.01859936
 85470798, 0.02203323, -0.002551397, -0.001471256, 0.01859936
 85571591, 0.02225552, -0.002570534, -0.001401485, 0.01875436
 85671551, 0.02198793, -0.002557617, -0.001212039, 0.01859936
 85771511, 0.02180748, -0.002603729, -0.001591717, 0.01859936
 85876469, 0.02308582, -0.002714013, -0.003090746, 0.01952933
 85976429, 0.02188882, -0.002498423, -0.003211975, 0.01859936
 86076389, 0.0219827, -0.002425265, -0.003929337, 0.01859936
 86176349, 0.02206268, -0.002427696, -0.004215347, 0.01859936
 86276309, 0.0221804, -0.002409295, -0.004047422, 0.01859936
 86376269, 0.0224341, -0.002301307, -0.004113487, 0.01859936
 86476229, 0.02252551, -0.002503663, -0.003870574, 0.01859936
 86576189, 0.02251104, -0.002503918, -0.003746431, 0.01859936
 86676149, 0.02268571, -0.00249012, -0.00382856, 0.01859936
 86776109, 0.02283004, -0.002373276, -0.003428091, 0.01859936
 86876069, 0.02297894, -0.002326271, -0.00347671, 0.01859936
 86976029, 0.02298533, -0.001982934, -0.002878785, 0.01859936
 87075989, 0.02307063, -0.00195039, -0.001989643, 0.01859936
 87175949, 0.02308866, -0.001793455, -0.001651547, 0.01859936
 87275909, 0.02345949, -0.001674807, -0.001529461, 0.01859936
 87375869, 0.02353955, -0.001654141, -0.001246652, 0.01859936
 87475829, 0.02359978, -0.001583972, -0.001189763, 0.01859936
 87575789, 0.02377969, -0.001737375, -0.001313373, 0.01859936
 87676582, 0.02438354, -0.001539756, -0.001448307, 0.01875436
 87776542, 0.0245568, -0.001639753, -0.00133245, 0.01859936
 87876502, 0.0247871, -0.001564405, -0.001162292, 0.01859936
 87981460, 0.02627426, -0.001649157, -0.0010255, 0.01952933
 88081420, 0.02523115, -0.001645866, -0.0009719213, 0.01859936
 88181380, 0.02556875, -0.001495536, -0.001248684, 0.01859936
 88281340, 0.02566677, -0.001513365, -0.001202361, 0.01859936
 88381300, 0.02629568, -0.001541937, -0.001189089, 0.01859936
 88481260, 0.02614823, -0.001574732, -0.001098178, 0.01859936
 88581220, 0.02653678, -0.001543505, -0.0008921319, 0.01859936
 88681180, 0.02685203, -0.001375075, -0.0009298194, 0.01859936
 88781140, 0.02691589, -0.001549193, -0.0009007844, 0.01859936
 88881100, 0.02722488, -0.00144421, -0.0009763863, 0.01859936
 88981060, 0.02742108, -0.001453073, -0.0009196369, 0.01859936
 89081020, 0.02776206, -0.001530509, -0.000834671, 0.01859936
 89180980, 0.02776079, -0.001373071, -0.0005108816, 0.01859936
 89280940, 0.02811143, -0.001408985, -0.0006214051, 0.01859936
 89380900, 0.02820433, -0.00136123, -0.0006952221, 0.01859936
 89480860, 0.02839712, -0.001401845, -0.0006180353, 0.01859936
 89580820, 0.02864384, -0.001306908, -0.0002378847, 0.01859936
 89680780, 0.02882394, -0.001548614, -0.0001338364, 0.01859936
 89781573, 0.0292309, -0.001704279, -0.0003190306, 0.01875436
 89881533, 0.02900316, -0.00183358, -0.0006868021, 0.01859936
 89986491, 0.03088189, -0.001591271, -0.0006649278, 0.01952933
 90086451, 0.02955801, -0.001663801, -0.001270531, 0.01859936
 90186411, 0.02981257, -0.001561334, -0.001157659, 0.01859936
 90286371, 0.0299399, -0.001478635, -0.0005949859, 0.01859936
 90386331, 0.03034886, -0.001383046, -0.001111766, 0.01859936
 90486291, 0.03027292, -0.001369855, -0.001125589, 0.01859936
 90586251, 0.03035692, -0.001468004, -0.001397517, 0.01859936
 90686211, 0.0303412, -0.001423783, -0.000832575, 0.01859936
 90786171, 0.03055491, -0.001541852, -0.0005318349, 0.01859936
 90886131, 0.03076074, -0.001626394, -0.0002717278, 0.01859936
 90986091, 0.03048156, -0.001750537, -8.503968E-05, 0.01859936
 91086051, 0.03038566, -0.001507305, -5.570448E-05, 0.01859936
 91186011, 0.0303388, -0.001437803, -0.0001273706, 0.01859936
 91285971, 0.03018744, -0.001525516, -0.0002356885, 0.01859936
 91385931, 0.03009433, -0.001327411, -0.0002186961, 0.01859936
 91485891, 0.03020469, -0.001358447, -0.0002768541, 0.01859936
 91585851, 0.03001965, -0.001231079, -0.0009968214, 0.01859936
 91685811, 0.030252, -0.001249778, 0.005318366, 0.01859936
 91785771, 0.0305805, -0.001186485, 0.01017678, 0.01859936
 91886564, 0.03116955, -0.001271783, 0.00804458, 0.01875436
 91986524, 0.03104073, -0.001493841, 0.004820402, 0.01859936
 92091482, 0.03255654, -0.001333368, 0.002238255, 0.01952933
 92191442, 0.03095825, -0.0008503086, 0.0006655703, 0.01859936
 92291402, 0.0309924, -0.0009882251, -0.001235512, 0.01859936
 92391362, 0.03082377, -0.0009036512, -0.001707947, 0.01859936
 92491322, 0.03065172, -0.0008466518, -0.002351393, 0.01859936
 92591282, 0.03048244, -0.0008614787, -0.002670567, 0.01859936
 92691242, 0.0304944, -0.000968351, -0.003200555, 0.01859936
 92791202, 0.03033719, -0.001116508, -0.003109112, 0.01859936
 92891162, 0.03027031, -0.00117999, -0.002784221, 0.01859936
 92991122, 0.02997047, -0.00129886, -0.002677468, 0.01859936
 93091082, 0.02981831, -0.001117956, -0.002228558, 0.01859936
 93191042, 0.02994287, -0.001267822, -0.001931869, 0.01859936
 93291002, 0.02976399, -0.001302394, -0.00162269, 0.01859936
 93390962, 0.02958526, -0.001335821, -0.001795662, 0.01859936
 93490922, 0.02925952, -0.001581986, -0.001545185, 0.01859936
 93590882, 0.02903713, -0.001623518, -0.001751648, 0.01859936
 93690842, 0.028955, -0.001724922, -0.001652447, 0.01859936
 93790802, 0.02882035, -0.00164357, -0.001601121, 0.01859936
 93890762, 0.02838964, -0.001387124, -0.0008415682, 0.01859936
 93991555, 0.02850344, -0.0012887, -0.002890762, 0.01875436
 94091515, 0.02830205, -0.001281244, -0.02324257, 0.01859936
 94196473, 0.03012375, -0.001262554, -0.05099252, 0.01952933
 94296433, 0.02876376, -0.001352415, -0.07061607, 0.01859936
 94396393, 0.02880219, -0.001422736, -0.08981413, 0.01859936
 94496353, 0.0289952, -0.001297022, -0.1007024, 0.01859936
 94596313, 0.02878556, -0.001359126, -0.1067047, 0.01859936
 94696273, 0.02857524, -0.001283741, -0.1100236, 0.01859936
 94796233, 0.02832121, -0.001096977, -0.1115304, 0.01859936
 94896193, 0.02829822, -0.001154784, -0.1121351, 0.01859936
 94996153, 0.0280711, -0.001081257, -0.1031726, 0.01859936
 95096113, 0.02770811, -0.001410199, -0.07610828, 0.01859936
 95196073, 0.02737362, -0.001505746, -0.05256356, 0.01859936
 95296033, 0.02688318, -0.001239919, -0.03361563, 0.01859936
 95395993, 0.02640715, -0.001312751, -0.01857576, 0.01859936
 95495953, 0.02604203, -0.001217532, -0.007479661, 0.01859936
 95595913, 0.02568649, -0.001243639, 0.0007897471, 0.01859936
 95695873, 0.02522293, -0.001120895, 0.006488885, 0.01859936
 95795833, 0.02499442, -0.001051114, 0.01024952, 0.01859936
 95895793, 0.02494224, -0.001085211, 0.01215692, 0.01859936
 95996586, 0.02487145, -0.001069537, 0.01367973, 0.01875436
 96096546, 0.0242171, -0.001138475, 0.01364201, 0.01859936
 96196506, 0.02395629, -0.001216114, 0.01202844, 0.01859936
 96301464, 0.0248274, -0.001532834, 0.0118233, 0.01952933
 96401424, 0.02338769, -0.00136758, 0.009620661, 0.01859936
 96501384, 0.02323956, -0.00146309, 0.008847075, 0.01859936
 96601344, 0.02278231, -0.00151151, 0.006586807, 0.01859936
 96701304, 0.02258359, -0.001210884, 0.005439033, 0.01859936
 96801264, 0.02246103, -0.001051014, 0.004366372, 0.01859936
 96901224, 0.02192206, -0.001165673, 0.002871069, 0.01859936
 97001184, 0.021531, -0.001077192, 0.001855859, 0.01859936
 97101144, 0.0209631, -0.0009283777, 0.001447789, 0.01859936
 97201104, 0.02063156, -0.000933355, -4.689962E-05, 0.01859936
 97301064, 0.02033302, -0.001060144, -0.0004259467, 0.01859936
 97401024, 0.01987125, -0.001180719, -0.001215076, 0.01859936
 97500984, 0.01942828, -0.001085089, -0.001666594, 0.01859936
 97600944, 0.01896479, -0.001181194, -0.001318197, 0.01859936
 97700904, 0.01895485, -0.001410685, -0.001841665, 0.01859936
 97800864, 0.01860609, -0.001686323, -0.001596165, 0.01859936
 97900824, 0.01835701, -0.001555741, -0.001602542, 0.01859936
 98000784, 0.01821508, -0.001899785, -0.001717375, 0.01859936
 98101577, 0.0182185, -0.001949749, -0.001690808, 0.01875436
 98201537, 0.01757327, -0.001776479, -0.001708684, 0.01859936
 98306495, 0.01767479, -0.001547036, -0.002236716, 0.01952933
 98406455, 0.01622307, -0.0009920164, -0.00227562, 0.01859936
 98506415, 0.01560013, -0.0009630555, -0.001930092, 0.01859936
 98606375, 0.01532072, -0.0007506288, -0.002361572, 0.01859936
 98706335, 0.01473408, -0.001044237, -0.001816503, 0.01859936
 98806295, 0.01437621, -0.0009770321, -0.001754567, 0.01859936
 98906255, 0.01408524, -0.001085019, -0.001679773, 0.01859936
 99006215, 0.01397315, -0.001040137, -0.001970199, 0.01859936
 99106175, 0.01378072, -0.001113446, -0.001772068, 0.01859936
 99206135, 0.0132794, -0.001094377, -0.001440296, 0.01859936
 99306095, 0.01326, -0.001099524, -0.001444837, 0.01859936
 99406055, 0.01289755, -0.001282193, -0.001400826, 0.01859936
 99506015, 0.01263934, -0.001205933, -0.001547344, 0.01859936
 99605975, 0.01203881, -0.001323522, -0.001496737, 0.01859936
 99705935, 0.01173454, -0.001459745, -0.001663866, 0.01859936
 99805895, 0.01136832, -0.00144338, -0.001819019, 0.01859936
 99905855, 0.01092974, -0.001524267, -0.001413269, 0.01859936
 100005815, 0.0104554, -0.001462871, -0.001366856, 0.01859936
 100105775, 0.009949908, -0.001478134, -0.001439267, 0.01859936
 100206568, 0.009760161, -0.001395625, -0.001431852, 0.01875436
 100306528, 0.009465843, -0.001236652, -0.001509203, 0.01859936
 100411486, 0.009596639, -0.001259229, -0.001467858, 0.01952933
 100511446, 0.009049063, -0.001014979, -0.001992116, 0.01859936
 100611406, 0.008743985, -0.0009146268, -0.001489943, 0.01859936
 100711366, 0.008613764, -0.0006337797, -0.001531902, 0.01859936
 100811326, 0.008052203, -0.0005455189, -0.001358137, 0.01859936
 100911286, 0.007589218, -0.0005031859, -0.001446338, 0.01859936
 101011246, 0.007037904, -0.0005030484, -0.001754061, 0.01859936
 101111206, 0.006423663, -0.0003885324, -0.001654826, 0.01859936
 101211166, 0.006070264, -0.0003007262, -0.00132262, 0.01859936
 101311126, 0.005655533, -0.0002104505, -0.001421856, 0.01859936
 101411086, 0.005206561, -0.0002111916, -0.00128433, 0.01859936
 101511046, 0.004643145, -0.0001452888, -0.001251887, 0.01859936
 101611006, 0.004291484, -0.0003634795, -0.00134261, 0.01859936
 101710966, 0.004034034, -0.0005332473, -0.001399755, 0.01859936
 101810926, 0.00380702, -0.0005185485, -0.001354651, 0.01859936
 101910886, 0.00344351, -0.0007420454, -0.001854553, 0.01859936
 102010846, 0.003324991, -0.0006393702, -0.001299588, 0.01859936
 102110806, 0.002969352, -0.0007756614, -0.00121467, 0.01859936
 102210766, 0.002770903, -0.0008575786, -0.001343287, 0.01859936
 102311559, 0.002499067, -0.0008331038, -0.001307499, 0.01875436
 102411519, 0.002125104, -0.0008983662, -0.001315936, 0.01859936
 102516477, 0.001843626, -0.0007670769, -0.001255698, 0.01952933
 102616437, 0.001229884, -0.0007413808, -0.0011585, 0.01859936
 102716397, 0.0006147711, -0.0005124534, -0.001942254, 0.01859936
 102816357, 0.0001103541, -0.000291291, -0.001414476, 0.01859936
 102916317, -0.0003937331, -2.552795E-05, -0.001244986, 0.01859936
 103016277, -0.001193382, -3.386693E-05, -0.001356687, 0.01859936
 103116237, -0.001647925, -0.0001899766, -0.001266486, 0.01859936
 103216197, -0.002126779, -0.0002726385, -0.001534989, 0.01859936
 103316157, -0.002267803, -0.0005491432, -0.001056752, 0.01859936
 103416117, -0.002529547, -0.0005505938, -0.001123083, 0.01859936
 103516077, -0.00255663, -0.0005068041, -0.001257305, 0.01859936
 103616037, -0.002803451, -0.0006603491, -0.001183531, 0.01859936
 103715997, -0.003250368, -0.0005869901, -0.001252456, 0.01859936
 103815957, -0.003676213, -0.0004789866, -0.001239588, 0.01859936
 103915917, -0.004100764, -0.0005380406, -0.001278403, 0.01859936
 104015877, -0.00458119, -0.0004786464, -0.00118158, 0.01859936
 104115837, -0.004856529, -0.0004155124, -0.001112283, 0.01859936
 104215797, -0.005280872, -0.0003818152, -0.001103837, 0.01859936
 104316590, -0.005734158, -0.000234166, -0.001194135, 0.01875436
 104416550, -0.006064423, -0.000279118, -0.001278851, 0.01859936
 104516510, -0.00629892, -0.0003418484, -0.001098496, 0.01859936
 104621468, -0.006957734, -0.0003858504, -0.001445501, 0.01952933
 104721428, -0.006878767, -0.0001403037, -0.001183656, 0.01859936
 104821388, -0.007183284, 2.948458E-05, -0.001195722, 0.01859936
 104921348, -0.007407071, -5.197719E-05, -0.00121692, 0.01859936
 105021308, -0.007836099, -6.220134E-05, -0.001070069, 0.01859936
 105121268, -0.007927168, 1.700806E-05, -0.001138993, 0.01859936
 105221228, -0.00810221, 4.012228E-05, -0.001348302, 0.01859936
 105321188, -0.008433259, 0.0001932329, -0.001119474, 0.01859936
 105421148, -0.008586664, -3.854559E-05, -0.001219658, 0.01859936
 105521108, -0.008925652, 0.0002463227, -0.001002976, 0.01859936
 105621068, -0.009472998, 3.288884E-05, -0.0007546957, 0.01859936
 105721028, -0.00995673, 0.0001429511, -0.0006374121, 0.01859936
 105820988, -0.01019763, 0.0001800018, -0.0009663195, 0.01859936
 105920948, -0.01067752, 0.0001536721, -0.0005936547, 0.01859936
 106020908, -0.01101915, 0.0002085682, -0.00103246, 0.01859936
 106120868, -0.0112155, 0.0001773553, -0.0006374992, 0.01859936
 106220828, -0.01143613, 0.0001684501, -0.0007796244, 0.01859936
 106320788, -0.01161732, 7.76413E-05, -0.0009771907, 0.01859936
 106421581, -0.01180697, 0.0001248451, -0.0009925953, 0.01875436
 106521541, -0.01162893, 0.0003185846, -0.0005781889, 0.01859936
 106621501, -0.0118996, 0.0003474821, -0.0009386397, 0.01859936
 106726459, -0.01286376, 0.0004922981, -0.000942927, 0.01952933
 106826419, -0.01234239, 0.0003670075, -0.0006000538, 0.01859936
 106926379, -0.01248514, 0.0003116984, -0.0007538043, 0.01859936
 107026339, -0.0127982, 0.0002739438, -0.000938686, 0.01859936
 107126299, -0.012853, 0.000328986, -0.001139946, 0.01859936
 107226259, -0.01300947, 0.0005909199, -0.0008809153, 0.01859936
 107326219, -0.01339041, 0.0005992875, -0.0006347286, 0.01859936
 107426179, -0.01358263, 0.000682491, -0.000812296, 0.01859936
 107526139, -0.01389561, 0.0007416751, -0.001007374, 0.01859936
 107626099, -0.01395121, 0.0008285291, -0.001059579, 0.01859936
 107726059, -0.01405718, 0.0008536904, -0.0009488931, 0.01859936
 107826019, -0.01391024, 0.0006071712, -0.001039517, 0.01859936
 107925979, -0.01380098, 0.0003690596, 0.0004793967, 0.01859936
 108025939, -0.01370112, 0.0005104913, -0.0002935451, 0.01859936
 108125899, -0.01397462, 0.0004645421, -0.001309342, 0.01859936
 108225859, -0.0140909, 0.0007181367, -0.0009179544, 0.01859936
 108325819, -0.01417838, 0.000808182, -0.001436996, 0.01859936
 108425779, -0.01440131, 0.0006812793, -0.001024227, 0.01859936
 108526572, -0.01468607, 0.001026198, -0.001282755, 0.01875436
 108626532, -0.01474837, 0.0008895553, -0.00145403, 0.01859936
 108731490, -0.01542986, 0.0008220398, -0.001536165, 0.01952933
 108831450, -0.01476811, 0.0007377806, -0.0008458771, 0.01859936
 108931410, -0.01479565, 0.001010713, -0.001133993, 0.01859936
 109031370, -0.01485814, 0.001105993, -0.0007775128, 0.01859936
 109131330, -0.01471166, 0.001145101, -0.0008535569, 0.01859936
 109231290, -0.01499298, 0.001015005, -0.0009511325, 0.01859936
 109331250, -0.01496638, 0.001023719, -0.0009730152, 0.01859936
 109431210, -0.01510774, 0.001048279, -0.0005704707, 0.01859936
 109531170, -0.01511424, 0.001060349, -0.00111877, 0.01859936
 109631130, -0.01516351, 0.0009930896, -0.0007835483, 0.01859936
 109731090, -0.01524732, 0.0009975433, -0.0008226797, 0.01859936
 109831050, -0.01527081, 0.0009960196, -0.0004646624, 0.01859936
 109931010, -0.0152623, 0.001092313, -0.0007190247, 0.01859936
 110030970, -0.01545405, 0.001184461, -0.0007499257, 0.01859936
 110130930, -0.01566574, 0.001125539, -0.0008171912, 0.01859936
 110230890, -0.01542291, 0.001135034, -0.0010242, 0.01859936
 110330850, -0.01561851, 0.001111179, -0.0006700195, 0.01859936
 110430810, -0.01554891, 0.001265476, -0.001026049, 0.01859936
 110530770, -0.01543394, 0.001450746, -0.0009793536, 0.01859936
 110631563, -0.0153642, 0.001373376, -0.0009656101, 0.01875436
 110731523, -0.01532039, 0.001306518, -0.0008535902, 0.01859936
 110836481, -0.01604929, 0.001309037, -0.0009769797, 0.01952933
 110936441, -0.01550316, 0.001146799, -0.000921429, 0.01859936
 111036401, -0.01549941, 0.001167097, -0.001074443, 0.01859936
 111136361, -0.01550045, 0.001191547, -0.001043397, 0.01859936
 111236321, -0.01527942, 0.001334269, -0.0008640991, 0.01859936
 111336281, -0.01539783, 0.001138647, -0.001061869, 0.01859936
 111436241, -0.01515492, 0.001136221, -0.001014256, 0.01859936
 111536201, -0.01474281, 0.00109352, -0.001094708, 0.01859936
 111636161, -0.0146578, 0.001130257, -0.0008714884, 0.01859936
 111736121, -0.01454135, 0.001405229, -0.000602506, 0.01859936
 111836081, -0.01454483, 0.001324001, -0.001146343, 0.01859936
 111936041, -0.01454642, 0.001482843, -0.0008319793, 0.01859936
 112036001, -0.01424973, 0.001385384, -0.0006527614, 0.01859936
 112135961, -0.01427828, 0.001474804, -0.0007606741, 0.01859936
 112235921, -0.01406478, 0.001606937, -0.0009390293, 0.01859936
 112335881, -0.01395464, 0.001348693, -0.001087632, 0.01859936
 112435841, -0.01406157, 0.00155349, -0.00117003, 0.01859936
 112535801, -0.01375314, 0.001497042, -0.0007676058, 0.01859936
 112635761, -0.01366552, 0.001348606, -0.001186699, 0.01859936
 112736554, -0.01369451, 0.001329472, -0.001360571, 0.01875436
 112836514, -0.01346878, 0.00150686, -0.0007448066, 0.01859936
 112941472, -0.01417678, 0.001556806, -0.001222517, 0.01952933
 113041432, -0.01327193, 0.001518917, -0.001285383, 0.01859936
 113141392, -0.01297224, 0.001568071, -0.0008187059, 0.01859936
 113241352, -0.01293096, 0.001508504, -0.001196824, 0.01859936
 113341312, -0.01283529, 0.001546446, -0.00126634, 0.01859936
 113441272, -0.01275944, 0.001536505, -0.0006850029, 0.01859936
 113541232, -0.01256326, 0.001533602, -0.0009389303, 0.01859936
 113641192, -0.01239814, 0.001457993, -0.001147461, 0.01859936
 113741152, -0.01218034, 0.001617135, -0.001042977, 0.01859936
 113841112, -0.01222801, 0.001617092, -0.0008913596, 0.01859936
 113941072, -0.01213729, 0.001525021, -0.0009893047, 0.01859936
 114041032, -0.01189868, 0.001579146, -0.0009884646, 0.01859936
 114140992, -0.01163071, 0.001533679, -0.001024547, 0.01859936
 114240952, -0.01172341, 0.001573269, -0.001298898, 0.01859936
 114340912, -0.01168831, 0.001614663, -0.001035497, 0.01859936
 114440872, -0.0113824, 0.001522014, -0.001435617, 0.01859936
 114540832, -0.0111747, 0.001661396, -0.0009256248, 0.01859936
 114640792, -0.01108917, 0.001504672, -0.001496771, 0.01859936
 114741585, -0.01098043, 0.001495472, -0.0009646883, 0.01875436
 114841545, -0.01068029, 0.001670307, -0.001235258, 0.01859936
 114941505, -0.01048783, 0.001691248, -0.001374853, 0.01859936
 115046463, -0.03057439, 0.01311272, -0.0318708, 0.01952933
 115146423, -0.261342, 0.1481373, -0.3980356, 0.01859936
 115246383, -0.1087243, 0.06200641, -0.1705134, 0.01859936
 115346343, 0.01190038, -0.005961249, 0.01154378, 0.01859936
 115446303, 0.05106146, -0.02806281, 0.07104248, 0.01859936
 115546263, 0.03840877, -0.02092822, 0.05083735, 0.01859936
 115646223, 0.01343828, -0.007012748, 0.01308234, 0.01859936
 115746183, -0.001658814, 0.001526636, -0.008850282, 0.01859936
 115846143, -0.004157142, 0.003198463, -0.01225886, 0.01859936
 115946103, -0.0009179962, 0.001063433, -0.007137498, 0.01859936
 116046063, 0.002343583, -0.0006771265, -0.001632139, 0.01859936
 116146023, 0.003945113, -0.001813196, 0.0009238492, 0.01859936
 116245983, 0.003867821, -0.001588422, 0.0006371, 0.01859936
 116345943, 0.002921896, -0.00129097, -0.0005389357, 0.01859936
 116445903, 0.002584389, -0.0008119107, -0.001275208, 0.01859936
 116545863, 0.002322672, -0.0007969478, -0.00130951, 0.01859936
 116645823, 0.002234578, -0.0007707381, -0.001259016, 0.01859936
 116745783, 0.002362902, -0.0008853549, -0.0009956297, 0.01859936
 116846576, 0.002295783, -0.0008462651, -0.0009853649, 0.01875436
 116946536, 0.00225753, -0.000806651, -0.001094148, 0.01859936
 117051494, 0.00212848, -0.0008528607, -0.001027715, 0.01952933
 117151454, 0.002143799, -0.0008608765, -0.001126802, 0.01859936
 117251414, 0.002046293, -0.0007300084, -0.001178815, 0.01859936
 117351374, 0.001937824, -0.000569471, -0.001145697, 0.01859936
 117451334, 0.001900534, -0.0005902216, -0.001183054, 0.01859936
 117551294, 0.001909692, -0.0005545237, -0.001127858, 0.01859936
 117651254, 0.001702265, -0.0005023548, -0.001094652, 0.01859936
 117751214, 0.001799955, -0.0005307074, -0.001067233, 0.01859936
 117851174, 0.001559401, -0.0005121572, -0.001126439, 0.01859936
 117951134, 0.001595735, -0.0003834607, -0.001123686, 0.01859936
 118051094, 0.001626519, -0.000426923, -0.00112839, 0.01859936
 118151054, 0.001492871, -0.000402716, -0.001239622, 0.01859936
 118251014, 0.001582465, -0.0003357385, -0.0009817593, 0.01859936
 118350974, 0.001377578, -0.0005215535, -0.001112049, 0.01859936
 118450934, 0.001300578, -0.0004924911, -0.001166144, 0.01859936
 118550894, 0.001413337, -0.0004574468, -0.001047246, 0.01859936
 118650854, 0.001092336, -0.0004320537, -0.001068202, 0.01859936
 118750814, 0.001041108, -0.0002390711, -0.001131312, 0.01859936
 118850774, 0.001066845, -0.0003434437, -0.001089086, 0.01859936
 118951567, 0.00108895, -0.0003275868, -0.0009226001, 0.01875436
 119051527, 0.001043583, -0.0002578937, -0.001074963, 0.01859936
 119156485, 0.001198794, -0.0001124331, -0.001149902, 0.01952933
 119256445, 0.0008819064, -0.0001404171, -0.001081041, 0.01859936
 119356405, 0.0009676871, -6.176374E-05, -0.0009670453, 0.01859936
 119456365, 0.0009280107, -0.0001715889, -0.0009683823, 0.01859936
 119556325, 0.00089063, -0.0001732567, -0.001095911, 0.01859936
 119656285, 0.000836183, -0.000123294, -0.00115776, 0.01859936
 119756245, 0.0006780356, -4.310648E-05, -0.001097869, 0.01859936
 119856205, 0.0006582671, -2.893605E-05, -0.00109967, 0.01859936
 119956165, 0.000700592, -6.72661E-05, -0.0009453732, 0.01859936
 120056125, 0.0004313927, 6.58427E-05, -0.001178279, 0.01859936
 120156085, 0.0007389191, 2.903417E-05, -0.0009819727, 0.01859936
 120256045, 0.0004996037, 8.370677E-05, -0.001163272, 0.01859936
 120356005, 0.0004201594, 1.082698E-05, -0.00101385, 0.01859936
 120455965, 0.0003301948, 0.0001392468, -0.001096606, 0.01859936
 120555925, 0.0005645895, 0.0001955396, -0.001054852, 0.01859936
 120655885, 0.0004627435, 0.0001485893, -0.001068414, 0.01859936
 120755845, 0.000334068, 0.000178616, -0.001197453, 0.01859936
 120855805, 0.0004835578, 0.000184165, -0.001143752, 0.01859936
 120955765, 0.0003536865, 0.0001461532, -0.001097916, 0.01859936
 121056558, 0.0004295775, 7.397951E-05, -0.0009420352, 0.01875436
 121156518, 0.0002114252, 0.0002244612, -0.001111734, 0.01859936
 121261476, 0.0002745129, 0.0001964396, -0.001083788, 0.01952933
 121361436, 0.0001545434, 0.0002312646, -0.001088535, 0.01859936
 121461396, 8.536375E-05, 0.0002930287, -0.00104218, 0.01859936
 121561356, 0.0002842322, 0.0001901605, -0.00108409, 0.01859936
 121661316, 0.0001330364, 0.0003415804, -0.001171834, 0.01859936
 121761276, 3.362304E-05, 0.0002764759, -0.001124989, 0.01859936
 121861236, -7.192891E-05, 0.0003653069, -0.001155019, 0.01859936
 121961196, -3.24043E-05, 0.0002513996, -0.0009723325, 0.01859936
 122061156, -7.270739E-05, 0.0003074192, -0.0009784669, 0.01859936
 122161116, -0.0002141478, 0.0004039037, -0.001073763, 0.01859936
 122261076, -0.0002758061, 0.0004964347, -0.001089975, 0.01859936
 122361036, -0.000207164, 0.0004025671, -0.001054921, 0.01859936
 122460996, -0.0001177937, 0.0003901658, -0.001153376, 0.01859936
 122560956, -0.0002252621, 0.0004218899, -0.001113633, 0.01859936
 122660916, -0.000216733, 0.0005383516, -0.0009604794, 0.01859936
 122760876, -0.0003439558, 0.0005671204, -0.001126278, 0.01859936
 122860836, -0.0003149583, 0.0004950055, -0.0011811, 0.01859936
 122960796, -0.0003019616, 0.0004648918, -0.001081941, 0.01859936
 123061589, -0.0003816998, 0.0004283346, -0.00115911, 0.01875436
 123161549, -0.0004130343, 0.0006058777, -0.001004469, 0.01859936
 123261509, -0.0005413818, 0.0007065791, -0.001080527, 0.01859936
 123366467, -0.0004982816, 0.0005429039, -0.001018883, 0.01952933
 123466427, -0.0004420874, 0.0006674701, -0.001117518, 0.01859936
 123566387, -0.0005324342, 0.0006082297, -0.001028101, 0.01859936
 123666347, -0.0005900571, 0.0006777827, -0.001173586, 0.01859936
 123766307, -0.0003720029, 0.0006486906, -0.0009957083, 0.01859936
 123866267, -0.0005992225, 0.000803949, -0.00105974, 0.01859936
 123966227, -0.0005084485, 0.0006517513, -0.001209022, 0.01859936
 124066187, -0.0006176917, 0.0007548202, -0.001121444, 0.01859936
 124166147, -0.0006870493, 0.0007679284, -0.000964232, 0.01859936
 124266107, -0.0006455175, 0.0006688416, -0.001039453, 0.01859936
 124366067, -0.00064647, 0.0007630331, -0.00116741, 0.01859936
 124466027, -0.0006485285, 0.0007445719, -0.001101079, 0.01859936
 124565987, -0.0005975137, 0.0007450012, -0.0009230698, 0.01859936
 124665947, -0.000683956, 0.0008122612, -0.001037277, 0.01859936
 124765907, -0.0007510724, 0.0007765909, -0.001116058, 0.01859936
 124865867, -0.0007727856, 0.0009696878, -0.0009923314, 0.01859936
 124965827, -0.0008011421, 0.0007911682, -0.0009803019, 0.01859936
 125065787, -0.000734226, 0.0008997375, -0.001028916, 0.01859936
 125166580, -0.0009517511, 0.000923608, -0.001028655, 0.01875436
 125266540, -0.0007673685, 0.0008687036, -0.0009543689, 0.01859936
 125366500, -0.000860869, 0.0009651263, -0.001210154, 0.01859936
 125471458, -0.001038587, 0.0009924744, -0.001076062, 0.01952933
 125571418, -0.0008084957, 0.0007131586, -0.001096439, 0.01859936
 125671378, -0.001015911, 0.0008133894, -0.001141111, 0.01859936
 125771338, -0.001013421, 0.0009443664, -0.001015456, 0.01859936
 125871298, -0.00107062, 0.0007550252, -0.001075606, 0.01859936
 125971258, -0.001059571, 0.0009743163, -0.001104399, 0.01859936
 126071218, -0.001068086, 0.0008210912, -0.0009949433, 0.01859936
 126171178, -0.001036082, 0.0009607926, -0.001056371, 0.01859936
 126271138, -0.000976319, 0.0008420156, -0.0009751483, 0.01859936
 126371098, -0.001013218, 0.0008978713, -0.0009925351, 0.01859936
 126471058, -0.001120462, 0.0009207789, -0.001098681, 0.01859936
 126571018, -0.001270488, 0.001018755, -0.0009840402, 0.01859936
 126670978, -0.001156196, 0.001109787, -0.001080277, 0.01859936
 126770938, -0.001151585, 0.001156581, -0.001066915, 0.01859936
 126870898, -0.001191264, 0.001109464, -0.001202146, 0.01859936
 126970858, -0.001258489, 0.000906647, -0.0009855224, 0.01859936
 127070818, -0.001386468, 0.00104136, -0.001120249, 0.01859936
 127170778, -0.001341125, 0.001102527, -0.0009998267, 0.01859936
 127271571, -0.001347538, 0.001118065, -0.001063285, 0.01875436
 127371531, -0.001272221, 0.001007113, -0.001038763, 0.01859936
 127476489, -0.001432013, 0.001216608, -0.001008032, 0.01952933
 127576449, -0.001167351, 0.001107041, -0.001125356, 0.01859936
 127676409, -0.001242587, 0.001214581, -0.001105261, 0.01859936
 127776369, -0.001303178, 0.001097512, -0.001101698, 0.01859936
 127876329, -0.001284156, 0.001030373, -0.0009740937, 0.01859936
 127976289, -0.001501808, 0.0009864521, -0.0009429186, 0.01859936
 128076249, -0.001420169, 0.001217935, -0.001072282, 0.01859936
 128176209, -0.001461108, 0.001261611, -0.00111318, 0.01859936
 128276169, -0.001491179, 0.001058438, -0.001149052, 0.01859936
 128376129, -0.001393977, 0.001138637, -0.001095569, 0.01859936
 128476089, -0.00152644, 0.001275301, -0.001065981, 0.01859936
 128576049, -0.001417956, 0.001259998, -0.001293013, 0.01859936
 128676009, -0.001456769, 0.001092892, -0.0009651137, 0.01859936
 128775969, -0.001526689, 0.001305534, -0.001074823, 0.01859936
 128875929, -0.001468293, 0.001176968, -0.001074424, 0.01859936
 128975889, -0.001645749, 0.001253622, -0.001082371, 0.01859936
 129075849, -0.001574918, 0.001348312, -0.001092184, 0.01859936
 129175809, -0.001625036, 0.001171962, -0.00099371, 0.01859936
 129275769, -0.001486717, 0.001290589, -0.001121579, 0.01859936
 129376562, -0.001548446, 0.001187504, -0.001116966, 0.01875436
 129476522, -0.001595396, 0.001169535, -0.001169709, 0.01859936
 129581480, -0.001496258, 0.001422991, -0.001169161, 0.01952933
 129681440, -0.001532224, 0.001248594, -0.001041267, 0.01859936
 129781400, -0.00163165, 0.001290794, -0.001161933, 0.01859936
 129881360, -0.001574411, 0.001348512, -0.0009956764, 0.01859936
 129981320, -0.001605764, 0.001420343, -0.001048072, 0.01859936
 130081280, -0.001706803, 0.001353072, -0.001015965, 0.01859936
 130181240, -0.001635088, 0.001235605, -0.0009998172, 0.01859936
 130281200, -0.001612746, 0.001207307, -0.001076394, 0.01859936
 130381160, -0.001759506, 0.001310715, -0.001158907, 0.01859936
 130481120, -0.001770801, 0.001339775, -0.001091538, 0.01859936
 130581080, -0.001819041, 0.001349167, -0.0009486289, 0.01859936
 130681040, -0.001766892, 0.001476409, -0.0009093079, 0.01859936
 130781000, -0.001582573, 0.001334454, -0.0009764829, 0.01859936
 130880960, -0.001848542, 0.001365794, -0.001001184, 0.01859936
 130980920, -0.001849786, 0.001278348, -0.0009501388, 0.01859936
 131080880, -0.00164554, 0.001429329, -0.0009638459, 0.01859936
 131180840, -0.001710363, 0.00133789, -0.0009780785, 0.01859936
 131280800, -0.001786111, 0.001383343, -0.001010934, 0.01859936
 131380760, -0.001686761, 0.001422979, -0.001040308, 0.01859936
 131481553, -0.001832496, 0.001499206, -0.0009382411, 0.01875436
 131581513, -0.001780672, 0.001280437, -0.001171512, 0.01859936
 131686471, -0.001824962, 0.001489047, -0.00112678, 0.01952933
 131786431, -0.001919574, 0.001370754, -0.001034107, 0.01859936
 131886391, -0.00176927, 0.001442067, -0.001011122, 0.01859936
 131986351, -0.001842762, 0.001495483, -0.001159788, 0.01859936
 132086311, -0.001940345, 0.001450751, -0.001030476, 0.01859936
 132186271, -0.00170068, 0.001367053, -0.001033957, 0.01859936
 132286231, -0.001735661, 0.001389285, -0.001058243, 0.01859936
 132386191, -0.001874561, 0.001270653, -0.0008862453, 0.01859936
 132486151, -0.001705637, 0.001533663, -0.001087528, 0.01859936
 132586111, -0.001869372, 0.00140916, -0.001097415, 0.01859936
 132686071, -0.001859022, 0.001418938, -0.001040387, 0.01859936
 132786031, -0.001897934, 0.001467248, -0.001073303, 0.01859936
 132885991, -0.001771659, 0.001241666, -0.000926895, 0.01859936
 132985951, -0.001866911, 0.001430838, -0.00109418, 0.01859936
 133085911, -0.001835284, 0.001416338, -0.001087468, 0.01859936
 133185871, -0.001719504, 0.001364944, -0.001001972, 0.01859936
 133285831, -0.001988519, 0.001607756, -0.001005921, 0.01859936
 133385791, -0.00182886, 0.001519, -0.001126366, 0.01859936
 133486584, -0.001834348, 0.001395536, -0.001126891, 0.01875436
 133586544, -0.001910285, 0.001467485, -0.001081533, 0.01859936
 133686504, -0.001760958, 0.001392305, -0.001128856, 0.01859936
 133791462, -0.001925781, 0.001621542, -0.001039017, 0.01952933
 133891422, -0.001856114, 0.001474938, -0.001177459, 0.01859936
 133991382, -0.001991155, 0.001404119, -0.001251064, 0.01859936
 134091342, -0.002022979, 0.001569871, -0.001010812, 0.01859936
 134191302, -0.00192303, 0.001481202, -0.001183402, 0.01859936
 134291262, -0.001981494, 0.001548684, -0.001065356, 0.01859936
 134391222, -0.001833994, 0.001334477, -0.001056008, 0.01859936
 134491182, -0.001848703, 0.001628084, -0.00112985, 0.01859936
 134591142, -0.001817724, 0.001495203, -0.001118783, 0.01859936
 134691102, -0.001880699, 0.001540166, -0.0009727711, 0.01859936
 134791062, -0.00193017, 0.001370392, -0.001199154, 0.01859936
 134891022, -0.002054266, 0.001555043, -0.001136351, 0.01859936
 134990982, -0.002029875, 0.001586301, -0.001134291, 0.01859936
 135090942, -0.00186532, 0.001568086, -0.001188265, 0.01859936
 135190902, -0.00210827, 0.001421812, -0.001167521, 0.01859936
