TimeUS,COFN,COFE,CNe,CEe,POFN,POFE,PNe,PEe
 8040949, 0.03694408, 0.02330383, 0.09741662, 0.0482171, 0, 0, 0, 0
 8220877, -0.005582885, 0.006759271, 0.09739261, 0.04819786, 0.03694408, 0.02330383, 0.09741662, 0.0482171
 8420797, -0.01012319, 0.001171487, 0.09739363, 0.04819679, -0.005582885, 0.006759271, 0.09739261, 0.04819786
 8620717, -0.004782027, 0.008312037, 0.09739364, 0.04819635, -0.01012319, 0.001171487, 0.09739363, 0.04819679
 8820637, -0.01130065, 0.006205959, 0.09739697, 0.04819239, -0.004782027, 0.008312037, 0.09739364, 0.04819635
 9020557, -0.01544516, 0.007627861, 0.09740147, 0.04818812, -0.01130065, 0.006205959, 0.09739697, 0.04819239
 9220477, -0.007585499, -0.0001349815, 0.09739809, 0.04818608, -0.01544516, 0.007627861, 0.09740147, 0.04818812
 9420397, -0.00698661, -0.00183063, 0.0973988, 0.04818444, -0.007585499, -0.0001349815, 0.09739809, 0.04818608
 9620317, -0.01682849, 0.003401363, 0.09740451, 0.04818187, -0.00698661, -0.00183063, 0.0973988, 0.04818444
 9820237, -0.00564478, 0.00642605, 0.0973992, 0.04818438, -0.01682849, 0.003401363, 0.09740451, 0.04818187
 10020157, -0.007225762, 0.005454072, 0.09739913, 0.04818487, -0.00564478, 0.00642605, 0.0973992, 0.04818438
 10220910, -0.001924451, 0.00234363, 0.09739818, 0.0481841, -0.007225762, 0.005454072, 0.09739913, 0.04818487
 10420830, -0.004470699, 0.01232624, 0.09740095, 0.04818454, -0.001924451, 0.00234363, 0.09739818, 0.0481841
 10620750, -0.01188556, 0.01024025, 0.09740372, 0.04818169, -0.004470699, 0.01232624, 0.09740095, 0.04818454
 10820670, -0.002549576, 0.008689227, 0.09739926, 0.04818461, -0.01188556, 0.01024025, 0.09740372, 0.04818169
 11020590, -0.004292417, -0.005006936, 0.09739745, 0.04818685, -0.002549576, 0.008689227, 0.09739926, 0.04818461
 11220510, -0.006883869, 0.005758804, 0.09739771, 0.0481877, -0.004292417, -0.005006936, 0.09739745, 0.04818685
 11420430, -0.01576169, 0.007444442, 0.09740239, 0.0481865, -0.006883869, 0.005758804, 0.09739771, 0.0481877
 11620350, -0.01323003, 0.0012645, 0.09739957, 0.04818749, -0.01576169, 0.007444442, 0.09740239, 0.0481865
 11820270, -0.00590344, 0.003933602, 0.09739695, 0.04818812, -0.01323003, 0.0012645, 0.09739957, 0.04818749
 12020190, -0.007525523, 0.008869719, 0.09739909, 0.04818693, -0.00590344, 0.003933602, 0.09739695, 0.04818812
 12220943, -0.006503228, 0.00452539, 0.09739839, 0.04818568, -0.007525523, 0.008869719, 0.09739909, 0.04818693
 12420863, -0.0005856694, 0.008481622, 0.09739746, 0.0481879, -0.006503228, 0.00452539, 0.09739839, 0.04818568
 12620783, -0.005384309, 0.01018734, 0.09739807, 0.04818888, -0.0005856694, 0.008481622, 0.09739746, 0.0481879
 12820703, -0.01267724, 0.002086096, 0.09739851, 0.04818919, -0.005384309, 0.01018734, 0.09739807, 0.04818888
 13020623, -0.01417172, 0.004441423, 0.09739879, 0.04819071, -0.01267724, 0.002086096, 0.09739851, 0.04818919
 13220543, -0.002403399, 0.002711776, 0.09739383, 0.04819304, -0.01417172, 0.004441423, 0.09739879, 0.04819071
 13420463, -0.009202846, 0.009701239, 0.0973974, 0.04819197, -0.002403399, 0.002711776, 0.09739383, 0.04819304
 13620383, -0.007136012, 0.00151688, 0.09739623, 0.04818967, -0.009202846, 0.009701239, 0.0973974, 0.04819197
 13820303, -0.01659436, 0.002659506, 0.09740146, 0.04818759, -0.007136012, 0.00151688, 0.09739623, 0.04818967
 14020223, -0.01229436, 0.007896382, 0.09739956, 0.0481889, -0.01659436, 0.002659506, 0.09740146, 0.04818759
 14220976, -0.008784535, 0.003594901, 0.09739718, 0.04818913, -0.01229436, 0.007896382, 0.09739956, 0.0481889
 14420896, -0.01507684, 0.01097454, 0.09740331, 0.04818629, -0.008784535, 0.003594901, 0.09739718, 0.04818913
 14620816, -0.00924453, 0.008757989, 0.09740134, 0.04818337, -0.01507684, 0.01097454, 0.09740331, 0.04818629
 14820736, -0.009844013, 0.005992197, 0.09740238, 0.0481802, -0.00924453, 0.008757989, 0.09740134, 0.04818337
 15020656, -0.005941712, 0.004384061, 0.09740061, 0.04818087, -0.009844013, 0.005992197, 0.09740238, 0.0481802
 15220576, -0.005611957, 0.01032117, 0.09740128, 0.04818261, -0.005941712, 0.004384061, 0.09740061, 0.04818087
 15420496, -0.006047481, 0.005782447, 0.09740075, 0.04818117, -0.005611957, 0.01032117, 0.09740128, 0.04818261
 15620416, -0.01586803, 0.006484564, 0.09740585, 0.04817913, -0.006047481, 0.005782447, 0.09740075, 0.04818117
 15820336, -0.009921988, 0.0115074, 0.09740315, 0.04818226, -0.01586803, 0.006484564, 0.09740585, 0.04817913
 16020256, -0.0110887, -0.0006907959, 0.0974012, 0.04818221, -0.009921988, 0.0115074, 0.09740315, 0.04818226
 16220176, -0.01005732, 0.005461568, 0.09740119, 0.04818253, -0.0110887, -0.0006907959, 0.0974012, 0.04818221
 16420929, -0.01554734, -0.00110634, 0.09740271, 0.04818361, -0.01005732, 0.005461568, 0.09740119, 0.04818253
 16620849, -0.0102023, 0.01373325, 0.09740217, 0.04818654, -0.01554734, -0.00110634, 0.09740271, 0.04818361
 16820769, -0.00936565, -0.001102624, 0.09739764, 0.04818815, -0.0102023, 0.01373325, 0.09740217, 0.04818654
 17020689, -0.008159797, 0.005490571, 0.09739804, 0.04818764, -0.00936565, -0.001102624, 0.09739764, 0.04818815
 17220609, -0.009448273, 0.008115616, 0.09739945, 0.04818693, -0.008159797, 0.005490571, 0.09739804, 0.04818764
 17420529, -0.01132272, 0.004324332, 0.09740061, 0.04818428, -0.009448273, 0.008115616, 0.09739945, 0.04818693
 17620449, -0.01303613, 0.006686782, 0.0974029, 0.04818216, -0.01132272, 0.004324332, 0.09740061, 0.04818428
 17820369, -0.005401566, 0.003393863, 0.097399, 0.04818361, -0.01303613, 0.006686782, 0.0974029, 0.04818216
 18020289, -0.006859787, 0.003786799, 0.09739894, 0.04818454, -0.005401566, 0.003393863, 0.097399, 0.04818361
 18220209, -0.01559808, 0.00524432, 0.09740329, 0.04818349, -0.006859787, 0.003786799, 0.09739894, 0.04818454
 18420962, -0.01454203, -0.0001227409, 0.09740205, 0.04818375, -0.01559808, 0.00524432, 0.09740329, 0.04818349
 18620882, -0.005260358, 0.01196188, 0.09740103, 0.04818431, -0.01454203, -0.0001227409, 0.09740205, 0.04818375
 18820802, -0.002702382, 0.006546989, 0.09740002, 0.0481819, -0.005260358, 0.01196188, 0.09740103, 0.04818431
 19020722, -0.01139159, 0.0131678, 0.09740476, 0.04818167, -0.002702382, 0.006546989, 0.09740002, 0.0481819
 19220642, -0.007539048, 0.002042531, 0.09740041, 0.04818153, -0.01139159, 0.0131678, 0.09740476, 0.04818167
 19420562, -0.005536755, -0.004295576, 0.09739965, 0.04818262, -0.007539048, 0.002042531, 0.09740041, 0.04818153
 19620482, 0.0003675558, 0.006501186, 0.09713887, 0.04870601, -0.005536755, -0.004295576, 0.09739965, 0.04818262
 19820402, -0.005769532, 0.009114442, 0.0966704, 0.04963199, 0.0003675558, 0.006501186, 0.09713887, 0.04870601
 20020322, -0.007423215, 0.007117337, 0.09599069, 0.05093378, -0.005769532, 0.009114442, 0.0966704, 0.04963199
 20220242, -0.01194676, 0.004530073, 0.09517698, 0.05244051, -0.007423215, 0.007117337, 0.09599069, 0.05093378
 20420162, -0.006598232, 0.006051112, 0.09429606, 0.05400577, -0.01194676, 0.004530073, 0.09517698, 0.05244051
 20620915, 9.709992E-05, 0.01013451, 0.09340752, 0.05552915, -0.006598232, 0.006051112, 0.09429606, 0.05400577
 20820835, -0.006372375, 0.00153004, 0.09254763, 0.05694887, 9.709992E-05, 0.01013451, 0.09340752, 0.05552915
 21020755, 0.05827603, -0.01179898, 0.09181128, 0.05823665, -0.006372375, 0.00153004, 0.09254763, 0.05694887
 21220675, 0.1669882, -0.03314243, 0.09162961, 0.05930994, 0.05827603, -0.01179898, 0.09181128, 0.05823665
 21420595, 0.3545471, -0.06071881, 0.09318085, 0.05998576, 0.1669882, -0.03314243, 0.09162961, 0.05930994
 21620515, 0.5849478, -0.1093784, 0.09736471, 0.06019972, 0.3545471, -0.06071881, 0.09318085, 0.05998576
 21820435, 0.8663242, -0.1512357, 0.1050405, 0.05999185, 0.5849478, -0.1093784, 0.09736471, 0.06019972
 22020355, 1.155158, -0.1832102, 0.1149448, 0.05981043, 0.8663242, -0.1512357, 0.1050405, 0.05999185
 22220275, 1.415941, -0.2066467, 0.1250064, 0.06011539, 1.155158, -0.1832102, 0.1149448, 0.05981043
 22420195, 1.646148, -0.2091495, 0.1345109, 0.06127178, 1.415941, -0.2066467, 0.1250064, 0.06011539
 22620948, 1.872141, -0.2178905, 0.1447666, 0.06393506, 1.646148, -0.2091495, 0.1345109, 0.06127178
 22820868, 2.057626, -0.2113866, 0.1528178, 0.06613871, 1.872141, -0.2178905, 0.1447666, 0.06393506
 23020788, 2.311612, -0.2101429, 0.1654135, 0.07417299, 2.057626, -0.2113866, 0.1528178, 0.06613871
 23220708, 2.479039, -0.1972566, 0.1798823, 0.09461917, 2.311612, -0.2101429, 0.1654135, 0.07417299
 23420628, 2.652141, -0.1758256, 0.205124, 0.1255299, 2.479039, -0.1972566, 0.1798823, 0.09461917
 23620548, 2.832609, -0.198053, 0.237385, 0.1605828, 2.652141, -0.1758256, 0.205124, 0.1255299
 23820468, 3.067365, -0.1962334, 0.2763836, 0.1982001, 2.832609, -0.198053, 0.237385, 0.1605828
 24020388, 3.222423, -0.1903711, 0.3190978, 0.2404791, 3.067365, -0.1962334, 0.2763836, 0.1982001
 24220308, 3.364331, -0.230147, 0.3701235, 0.28643, 3.222423, -0.1903711, 0.3190978, 0.2404791
 24420228, 3.512422, -0.2667908, 0.4265693, 0.3409261, 3.364331, -0.230147, 0.3701235, 0.28643
 24620148, 3.636437, -0.2011729, 0.4883932, 0.3969753, 3.512422, -0.2667908, 0.4265693, 0.3409261
 24820901, 3.610127, -0.2654783, 0.5527285, 0.4528435, 3.636437, -0.2011729, 0.4883932, 0.3969753
 25020821, 3.639397, -0.270856, 0.6208048, 0.5104775, 3.610127, -0.2654783, 0.5527285, 0.4528435
 25220741, 3.632315, -0.2486919, 0.6859825, 0.5702705, 3.639397, -0.270856, 0.6208048, 0.5104775
 25420661, 3.619144, -0.2640807, 0.7533892, 0.6269534, 3.632315, -0.2486919, 0.6859825, 0.5702705
 25620581, 3.594461, -0.2357731, 0.8194743, 0.680376, 3.619144, -0.2640807, 0.7533892, 0.6269534
 25820501, 3.66853, -0.1901369, 0.8868895, 0.7349837, 3.594461, -0.2357731, 0.8194743, 0.680376
 26020421, 3.56972, -0.3428327, 0.9490787, 0.7856857, 3.66853, -0.1901369, 0.8868895, 0.7349837
 26220341, 3.623939, -0.2918247, 1.010692, 0.8336374, 3.56972, -0.3428327, 0.9490787, 0.7856857
 26420261, 3.655382, -0.2796879, 1.070659, 0.8821725, 3.623939, -0.2918247, 1.010692, 0.8336374
 26620181, 3.503222, -0.2348541, 1.129232, 0.9280539, 3.655382, -0.2796879, 1.070659, 0.8821725
 26820934, 3.484334, -0.3465298, 1.187463, 0.9699396, 3.503222, -0.2348541, 1.129232, 0.9280539
 27020854, 3.249604, -0.2088707, 1.239226, 1.008814, 3.484334, -0.3465298, 1.187463, 0.9699396
 27220774, 3.113582, -0.1848369, 1.288451, 1.04235, 3.249604, -0.2088707, 1.239226, 1.008814
 27420694, 3.120156, -0.3577669, 1.337155, 1.07222, 3.113582, -0.1848369, 1.288451, 1.04235
 27620614, 3.014046, -0.275202, 1.385129, 1.100192, 3.120156, -0.3577669, 1.337155, 1.07222
 27820534, 3.116372, -0.2267596, 1.434081, 1.124702, 3.014046, -0.275202, 1.385129, 1.100192
 28020454, 2.957264, -0.1781098, 1.481864, 1.14692, 3.116372, -0.2267596, 1.434081, 1.124702
 28220374, 2.782302, -0.3171564, 1.529929, 1.168322, 2.957264, -0.1781098, 1.481864, 1.14692
 28420294, 2.847956, -0.2339601, 1.577599, 1.188687, 2.782302, -0.3171564, 1.529929, 1.168322
 28620214, 2.934172, -0.31178, 1.624944, 1.208682, 2.847956, -0.2339601, 1.577599, 1.188687
 28820967, 2.792419, -0.3104236, 1.670462, 1.227597, 2.934172, -0.31178, 1.624944, 1.208682
 29020887, 2.685392, -0.2539379, 1.715237, 1.247333, 2.792419, -0.3104236, 1.670462, 1.227597
 29220807, 2.8242, -0.5019065, 1.757909, 1.268327, 2.685392, -0.2539379, 1.715237, 1.247333
 29420727, 2.665731, -0.5085243, 1.798591, 1.289061, 2.8242, -0.5019065, 1.757909, 1.268327
 29620647, 2.536242, -0.5669093, 1.836417, 1.312194, 2.665731, -0.5085243, 1.798591, 1.289061
 29820567, 2.552346, -0.3430203, 1.87455, 1.331596, 2.536242, -0.5669093, 1.836417, 1.312194
 30020487, 2.553195, -0.5294191, 1.911466, 1.352175, 2.552346, -0.3430203, 1.87455, 1.331596
 30220407, 2.649989, -0.4269316, 1.947801, 1.372548, 2.553195, -0.5294191, 1.911466, 1.352175
 30420327, 2.569272, -0.3132123, 1.97977, 1.395074, 2.649989, -0.4269316, 1.947801, 1.372548
 30620247, 2.424633, -0.3686088, 2.011644, 1.414419, 2.569272, -0.3132123, 1.97977, 1.395074
 30820167, 2.319132, -0.3677953, 2.041056, 1.431877, 2.424633, -0.3686088, 2.011644, 1.414419
 31020920, 2.432101, -0.3909157, 2.067484, 1.450664, 2.319132, -0.3677953, 2.041056, 1.431877
 31220840, 2.343992, -0.2047432, 2.093414, 1.467869, 2.432101, -0.3909157, 2.067484, 1.450664
 31420760, 2.350466, -0.235952, 2.120303, 1.483246, 2.343992, -0.2047432, 2.093414, 1.467869
 31620680, 2.500849, -0.3848717, 2.146654, 1.49896, 2.350466, -0.235952, 2.120303, 1.483246
 31820600, 2.316423, -0.4706361, 2.170835, 1.51415, 2.500849, -0.3848717, 2.146654, 1.49896
 32020520, 2.132036, -0.3201249, 2.1925, 1.531313, 2.316423, -0.4706361, 2.170835, 1.51415
 32220440, 2.091057, -0.4275451, 2.21543, 1.546081, 2.132036, -0.3201249, 2.1925, 1.531313
 32420360, 2.067931, -0.2943323, 2.237156, 1.561531, 2.091057, -0.4275451, 2.21543, 1.546081
 32620280, 2.326648, -0.1223261, 2.258276, 1.576875, 2.067931, -0.2943323, 2.237156, 1.561531
 32820200, 1.977821, -0.1811468, 2.27761, 1.590323, 2.326648, -0.1223261, 2.258276, 1.576875
 33020953, 2.243224, -0.2477047, 2.300145, 1.602642, 1.977821, -0.1811468, 2.27761, 1.590323
 33220873, 2.217313, -0.5045869, 2.320647, 1.614442, 2.243224, -0.2477047, 2.300145, 1.602642
 33420793, 2.246518, -0.5044596, 2.339877, 1.626836, 2.217313, -0.5045869, 2.320647, 1.614442
 33620713, 2.198975, -0.3721603, 2.357649, 1.639429, 2.246518, -0.5044596, 2.339877, 1.626836
 33820633, 1.949494, -0.4199604, 2.375237, 1.650638, 2.198975, -0.3721603, 2.357649, 1.639429
 34020553, 2.122384, -0.4942607, 2.393149, 1.662364, 1.949494, -0.4199604, 2.375237, 1.650638
 34220473, 2.218731, -0.4386449, 2.411836, 1.670822, 2.122384, -0.4942607, 2.393149, 1.662364
 34420393, 1.795563, -0.2860159, 2.428239, 1.679368, 2.218731, -0.4386449, 2.411836, 1.670822
 34620313, 2.130491, -0.375182, 2.444493, 1.689985, 1.795563, -0.2860159, 2.428239, 1.679368
 34820233, 2.086489, -0.1437682, 2.489214, 1.766873, 2.130491, -0.375182, 2.444493, 1.689985
 35020153, 2.263969, -0.3535052, 2.875867, 1.908692, 2.086489, -0.1437682, 2.489214, 1.766873
 35220906, 2.189456, -0.4204408, 3.242336, 1.920639, 2.263969, -0.3535052, 2.875867, 1.908692
 35420826, 2.196089, -0.6184441, 2.82098, 1.8722, 2.189456, -0.4204408, 3.242336, 1.920639
 35620746, 2.351092, -0.228447, 2.374593, 1.854802, 2.196089, -0.6184441, 2.82098, 1.8722
 35820666, 2.599353, -0.3281857, 2.193934, 1.855017, 2.351092, -0.228447, 2.374593, 1.854802
 36020586, 2.765059, -0.2412277, 2.147047, 1.826558, 2.599353, -0.3281857, 2.193934, 1.855017
 36220506, 3.033215, -0.36144, 2.085887, 1.783782, 2.765059, -0.2412277, 2.147047, 1.826558
 36420426, 2.921334, -0.2108704, 1.972318, 1.735446, 3.033215, -0.36144, 2.085887, 1.783782
 36620346, 3.022845, -0.2399788, 1.847818, 1.691553, 2.921334, -0.2108704, 1.972318, 1.735446
 36820266, 2.994715, 0.02619493, 1.745519, 1.643049, 3.022845, -0.2399788, 1.847818, 1.691553
 37020186, 3.193053, 0.09874289, 1.658002, 1.591539, 2.994715, 0.02619493, 1.745519, 1.643049
 37220939, 3.29852, 0.009630512, 1.575137, 1.535204, 3.193053, 0.09874289, 1.658002, 1.591539
 37420859, 3.304032, 0.09151653, 1.48331, 1.479079, 3.29852, 0.009630512, 1.575137, 1.535204
 37620779, 3.585782, -0.03557517, 1.390483, 1.434281, 3.304032, 0.09151653, 1.48331, 1.479079
 37820699, 3.565053, 0.2404632, 1.309605, 1.398184, 3.585782, -0.03557517, 1.390483, 1.434281
 38020619, 3.814269, 0.3001289, 1.249193, 1.366231, 3.565053, 0.2404632, 1.309605, 1.398184
 38220539, 3.762309, 0.1525586, 1.199066, 1.338984, 3.814269, 0.3001289, 1.249193, 1.366231
 38420459, 3.78031, 0.1841672, 1.15844, 1.319253, 3.762309, 0.1525586, 1.199066, 1.338984
 38620379, 3.858143, 0.3174806, 1.124676, 1.306538, 3.78031, 0.1841672, 1.15844, 1.319253
 38820299, 3.782136, 0.3047879, 1.09719, 1.297833, 3.858143, 0.3174806, 1.124676, 1.306538
 39020219, 3.848394, 0.3752956, 1.079448, 1.293095, 3.782136, 0.3047879, 1.09719, 1.297833
 39220972, 3.871406, 0.453464, 1.063407, 1.293493, 3.848394, 0.3752956, 1.079448, 1.293095
 39420892, 3.867976, 0.5088432, 1.052091, 1.2976, 3.871406, 0.453464, 1.063407, 1.293493
 39620812, 3.957783, 0.3876309, 1.044903, 1.305828, 3.867976, 0.5088432, 1.052091, 1.2976
 39820732, 3.778816, 0.4089972, 1.040474, 1.314721, 3.957783, 0.3876309, 1.044903, 1.305828
 40020652, 3.876726, 0.5832477, 1.039582, 1.328194, 3.778816, 0.4089972, 1.040474, 1.314721
 40220572, 3.863839, 0.4211017, 1.043623, 1.34055, 3.876726, 0.5832477, 1.039582, 1.328194
 40420492, 3.782458, 0.4573426, 1.049491, 1.359513, 3.863839, 0.4211017, 1.043623, 1.34055
 40620412, 3.840888, 0.4694567, 1.060242, 1.379907, 3.782458, 0.4573426, 1.049491, 1.359513
 40820332, 3.758665, 0.5400809, 1.070778, 1.402597, 3.840888, 0.4694567, 1.060242, 1.379907
 41020252, 3.714546, 0.5294819, 1.083621, 1.424411, 3.758665, 0.5400809, 1.070778, 1.402597
 41220172, 3.901707, 0.602918, 1.09892, 1.446462, 3.714546, 0.5294819, 1.083621, 1.424411
 41420925, 3.794491, 0.5617114, 1.112046, 1.468267, 3.901707, 0.602918, 1.09892, 1.446462
 41620845, 3.978941, 0.5187421, 1.124759, 1.49307, 3.794491, 0.5617114, 1.112046, 1.468267
 41820765, 3.835895, 0.5514838, 1.140563, 1.515566, 3.978941, 0.5187421, 1.124759, 1.49307
 42020685, 3.780412, 0.5696702, 1.156074, 1.539449, 3.835895, 0.5514838, 1.140563, 1.515566
 42220605, 3.818235, 0.5733691, 1.174242, 1.564371, 3.780412, 0.5696702, 1.156074, 1.539449
 42420525, 3.871176, 0.6842813, 1.192572, 1.589741, 3.818235, 0.5733691, 1.174242, 1.564371
 42620445, 3.69174, 0.6726993, 1.212019, 1.613226, 3.871176, 0.6842813, 1.192572, 1.589741
 42820365, 3.593825, 0.6768704, 1.22852, 1.639281, 3.69174, 0.6726993, 1.212019, 1.613226
 43020285, 3.661878, 0.5935426, 1.246712, 1.664162, 3.593825, 0.6768704, 1.22852, 1.639281
 43220205, 3.747517, 0.5116507, 1.266617, 1.686065, 3.661878, 0.5935426, 1.246712, 1.664162
 43420958, 3.779441, 0.6609645, 1.284254, 1.706489, 3.747517, 0.5116507, 1.266617, 1.686065
 43620878, 3.806839, 0.5199419, 1.30015, 1.725596, 3.779441, 0.6609645, 1.284254, 1.706489
 43820798, 3.814352, 0.5569088, 1.319005, 1.749018, 3.806839, 0.5199419, 1.30015, 1.725596
 44020718, 3.742527, 0.556369, 1.339304, 1.774473, 3.814352, 0.5569088, 1.319005, 1.749018
 44220638, 3.726146, 0.5835733, 1.36128, 1.798995, 3.742527, 0.556369, 1.339304, 1.774473
 44420558, 3.763289, 0.744607, 1.377566, 1.827253, 3.726146, 0.5835733, 1.36128, 1.798995
 44620478, 3.910373, 0.6823071, 1.396077, 1.852026, 3.763289, 0.744607, 1.377566, 1.827253
 44820398, 3.56723, 0.6322982, 1.414317, 1.872988, 3.910373, 0.6823071, 1.396077, 1.852026
 45020318, 3.67611, 0.4931945, 1.428884, 1.89497, 3.56723, 0.6322982, 1.414317, 1.872988
 45220238, 3.504156, 0.5492805, 1.444428, 1.912012, 3.67611, 0.4931945, 1.428884, 1.89497
 45420158, 3.698442, 0.5378601, 1.459356, 1.927916, 3.504156, 0.5492805, 1.444428, 1.912012
 45620911, 3.755469, 0.5517556, 1.470506, 1.944817, 3.698442, 0.5378601, 1.459356, 1.927916
 45820831, 3.590244, 0.5857794, 1.483768, 1.958046, 3.755469, 0.5517556, 1.470506, 1.944817
 46020751, 3.53948, 0.5913667, 1.494756, 1.971987, 3.590244, 0.5857794, 1.483768, 1.958046
 46220671, 3.5813, 0.725355, 1.507198, 1.982629, 3.53948, 0.5913667, 1.494756, 1.971987
 46420591, 3.681354, 0.5058888, 1.517372, 1.993951, 3.5813, 0.725355, 1.507198, 1.982629
 46620511, 3.564614, 0.6260744, 1.527217, 2.00047, 3.681354, 0.5058888, 1.517372, 1.993951
 46820431, 3.580876, 0.3653136, 1.535945, 2.006034, 3.564614, 0.6260744, 1.527217, 2.00047
 47020351, 3.375209, 0.6378642, 1.542986, 2.012022, 3.580876, 0.3653136, 1.535945, 2.006034
 47220271, 3.661646, 0.6335925, 1.551287, 2.019184, 3.375209, 0.6378642, 1.542986, 2.012022
 47420191, 3.508061, 0.4995918, 1.554629, 2.027706, 3.661646, 0.6335925, 1.551287, 2.019184
 47620944, 3.586477, 0.4527004, 1.56476, 2.031942, 3.508061, 0.4995918, 1.554629, 2.027706
 47820864, 3.657193, 0.6488765, 1.57048, 2.042062, 3.586477, 0.4527004, 1.56476, 2.031942
 48020784, 3.491838, 0.3404731, 1.575313, 2.050229, 3.657193, 0.6488765, 1.57048, 2.042062
 48220704, 3.777999, 0.3968822, 1.58404, 2.057664, 3.491838, 0.3404731, 1.575313, 2.050229
 48420624, 3.469044, 0.4180746, 1.587208, 2.06581, 3.777999, 0.3968822, 1.58404, 2.057664
 48620544, 3.804342, 0.4471879, 1.598306, 2.070635, 3.469044, 0.4180746, 1.587208, 2.06581
 48820464, 3.734353, 0.6371454, 1.604635, 2.077925, 3.804342, 0.4471879, 1.598306, 2.070635
 49020384, 3.589896, 0.6653031, 1.608436, 2.087483, 3.734353, 0.6371454, 1.604635, 2.077925
 49220304, 3.589642, 0.527858, 1.618217, 2.094782, 3.589896, 0.6653031, 1.608436, 2.087483
 49420224, 3.67356, 0.6613619, 1.624857, 2.103863, 3.589642, 0.527858, 1.618217, 2.094782
 49620977, 3.565715, 0.62307, 1.633187, 2.110526, 3.67356, 0.6613619, 1.624857, 2.103863
 49820897, 3.583961, 0.6341593, 1.639086, 2.120926, 3.565715, 0.62307, 1.633187, 2.110526
 50020817, 3.508305, 0.6134924, 1.648954, 2.129271, 3.583961, 0.6341593, 1.639086, 2.120926
 50220737, 3.444361, 0.7486758, 1.655775, 2.140213, 3.508305, 0.6134924, 1.648954, 2.129271
 50420657, 3.457293, 0.6023661, 1.662277, 2.151404, 3.444361, 0.7486758, 1.655775, 2.140213
 50620577, 3.817495, 0.6305596, 1.670141, 2.160757, 3.457293, 0.6023661, 1.662277, 2.151404
 50820497, 3.60044, 0.4870592, 1.678616, 2.166913, 3.817495, 0.6305596, 1.670141, 2.160757
 51020417, 3.484172, 0.415189, 1.679881, 2.168311, 3.60044, 0.4870592, 1.678616, 2.166913
 51220337, 3.478904, 0.4249716, 1.677038, 2.169783, 3.484172, 0.415189, 1.679881, 2.168311
 51420257, 3.611418, 0.6380973, 1.68109, 2.167166, 3.478904, 0.4249716, 1.677038, 2.169783
 51620177, 3.666384, 0.399211, 1.682834, 2.165907, 3.611418, 0.6380973, 1.68109, 2.167166
 51820930, 3.716595, 0.4966136, 1.679957, 2.164855, 3.666384, 0.399211, 1.682834, 2.165907
 52020850, 3.738394, 0.7611316, 1.680887, 2.162821, 3.716595, 0.4966136, 1.679957, 2.164855
 52220770, 3.657751, 0.4784742, 1.679799, 2.16264, 3.738394, 0.7611316, 1.680887, 2.162821
 52420690, 3.614961, 0.4787657, 1.680436, 2.162129, 3.657751, 0.4784742, 1.679799, 2.16264
 52620610, 3.683413, 0.5621701, 1.686138, 2.160761, 3.614961, 0.4787657, 1.680436, 2.162129
 52820530, 3.610958, 0.5932549, 1.684553, 2.163609, 3.683413, 0.5621701, 1.686138, 2.160761
 53020450, 3.618552, 0.416296, 1.684457, 2.16415, 3.610958, 0.5932549, 1.684553, 2.163609
 53220370, 3.513228, 0.340709, 1.687141, 2.165684, 3.618552, 0.416296, 1.684457, 2.16415
 53420290, 3.655555, 0.4744629, 1.687093, 2.168162, 3.513228, 0.340709, 1.687141, 2.165684
 53620210, 3.726396, 0.3149002, 1.68927, 2.171441, 3.655555, 0.4744629, 1.687093, 2.168162
 53820963, 3.819953, 0.506443, 1.696838, 2.17187, 3.726396, 0.3149002, 1.68927, 2.171441
 54020883, 3.695417, 0.6411341, 1.700125, 2.174461, 3.819953, 0.506443, 1.696838, 2.17187
 54220803, 3.856613, 0.621877, 1.703663, 2.17921, 3.695417, 0.6411341, 1.700125, 2.174461
 54420723, 3.408038, 0.6824324, 1.703351, 2.184143, 3.856613, 0.621877, 1.703663, 2.17921
 54620643, 3.51545, 0.5901628, 1.700162, 2.187003, 3.408038, 0.6824324, 1.703351, 2.184143
 54820563, 3.573913, 0.4602016, 1.70176, 2.181341, 3.51545, 0.5901628, 1.700162, 2.187003
 55020483, 3.593336, 0.5020962, 1.700061, 2.178538, 3.573913, 0.4602016, 1.70176, 2.181341
 55220403, 3.688992, 0.4069283, 1.698602, 2.176433, 3.593336, 0.5020962, 1.700061, 2.178538
 55420323, 3.66686, 0.6023899, 1.698477, 2.173545, 3.688992, 0.4069283, 1.698602, 2.176433
 55620243, 3.736624, 0.3068579, 1.692955, 2.17537, 3.66686, 0.6023899, 1.698477, 2.173545
 55820163, 3.77389, 0.5706837, 1.691805, 2.175669, 3.736624, 0.3068579, 1.692955, 2.17537
 56020916, 3.692401, 0.5494936, 1.694229, 2.173443, 3.77389, 0.5706837, 1.691805, 2.175669
 56220836, 3.63524, 0.4903841, 1.694695, 2.17312, 3.692401, 0.5494936, 1.694229, 2.173443
 56420756, 3.562036, 0.6515697, 1.694029, 2.173475, 3.63524, 0.4903841, 1.694695, 2.17312
 56620676, 3.484104, 0.3425373, 1.6892, 2.176383, 3.562036, 0.6515697, 1.694029, 2.173475
 56820596, 3.649332, 0.5448588, 1.68959, 2.175095, 3.484104, 0.3425373, 1.6892, 2.176383
 57020516, 3.635447, 0.6425782, 1.689212, 2.174428, 3.649332, 0.5448588, 1.68959, 2.175095
 57220436, 3.613517, 0.5827488, 1.68718, 2.177505, 3.635447, 0.6425782, 1.689212, 2.174428
 57420356, 3.660342, 0.6107604, 1.692678, 2.174635, 3.613517, 0.5827488, 1.68718, 2.177505
 57620276, 3.81151, 0.546745, 1.694042, 2.178319, 3.660342, 0.6107604, 1.692678, 2.174635
 57820196, 3.559314, 0.6386331, 1.690887, 2.180854, 3.81151, 0.546745, 1.694042, 2.178319
 58020949, 3.704947, 0.4306081, 1.692462, 2.183033, 3.559314, 0.6386331, 1.690887, 2.180854
 58220869, 3.707006, 0.3822086, 1.699497, 2.191343, 3.704947, 0.4306081, 1.692462, 2.183033
 58420789, 3.639299, 0.3881223, 1.706347, 2.202031, 3.707006, 0.3822086, 1.699497, 2.191343
 58620709, 3.64248, 0.5959753, 1.717958, 2.212249, 3.639299, 0.3881223, 1.706347, 2.202031
 58820629, 3.631001, 0.6781835, 1.72184, 2.229757, 3.64248, 0.5959753, 1.717958, 2.212249
 59020549, 3.765098, 0.7116715, 1.729944, 2.244723, 3.631001, 0.6781835, 1.72184, 2.229757
 59220469, 3.662472, 0.4526407, 1.738478, 2.256675, 3.765098, 0.7116715, 1.729944, 2.244723
 59420389, 3.682926, 0.6643391, 1.747569, 2.268901, 3.662472, 0.4526407, 1.738478, 2.256675
 59620309, 3.735996, 0.5518904, 1.754162, 2.28181, 3.682926, 0.6643391, 1.747569, 2.268901
 59820229, 3.634546, 0.7467353, 1.762223, 2.294342, 3.735996, 0.5518904, 1.754162, 2.28181
 60020149, 3.830316, 0.502122, 1.775781, 2.302445, 3.634546, 0.7467353, 1.762223, 2.294342
 60220902, 3.775688, 0.4901884, 1.780498, 2.317801, 3.830316, 0.502122, 1.775781, 2.302445
 60420822, 3.88464, 0.598795, 1.790782, 2.331275, 3.775688, 0.4901884, 1.780498, 2.317801
 60620742, 3.739955, 0.4985157, 1.79779, 2.345785, 3.88464, 0.598795, 1.790782, 2.331275
 60820662, 3.693959, 0.5878844, 1.851492, 2.332241, 3.739955, 0.4985157, 1.79779, 2.345785
 61020582, 3.971863, 0.2824608, 1.894307, 2.398288, 3.693959, 0.5878844, 1.851492, 2.332241
 61220502, 3.618338, 0.6674752, 1.920449, 2.434919, 3.971863, 0.2824608, 1.894307, 2.398288
 61420422, 3.765043, 0.653173, 1.934783, 2.407815, 3.618338, 0.6674752, 1.920449, 2.434919
 61620342, 3.633583, 0.4522655, 1.956037, 2.36741, 3.765043, 0.653173, 1.934783, 2.407815
 61820262, 3.597412, 0.5652907, 1.985775, 2.343878, 3.633583, 0.4522655, 1.956037, 2.36741
 62020182, 3.798741, 0.4492393, 2.016916, 2.332219, 3.597412, 0.5652907, 1.985775, 2.343878
 62220935, 3.803401, 0.4831774, 2.046426, 2.327103, 3.798741, 0.4492393, 2.016916, 2.332219
 62420855, 3.846378, 0.3022827, 2.076872, 2.320827, 3.803401, 0.4831774, 2.046426, 2.327103
 62620775, 3.541914, 0.3054568, 2.09741, 2.32161, 3.846378, 0.3022827, 2.076872, 2.320827
 62820695, 3.775911, 0.04262288, 2.128484, 2.313476, 3.541914, 0.3054568, 2.09741, 2.32161
 63020615, 3.78016, 0.4793622, 2.155336, 2.305429, 3.775911, 0.04262288, 2.128484, 2.313476
 63220535, 3.654116, -0.04219569, 2.179073, 2.299731, 3.78016, 0.4793622, 2.155336, 2.305429
 63420455, 3.711848, 0.1652247, 2.201479, 2.297181, 3.654116, -0.04219569, 2.179073, 2.299731
 63620375, 3.653642, 0.3148893, 2.225708, 2.295047, 3.711848, 0.1652247, 2.201479, 2.297181
 63820295, 3.82158, 0.2921637, 2.251462, 2.292098, 3.653642, 0.3148893, 2.225708, 2.295047
 64020215, 3.963913, 0.3284523, 2.270954, 2.296159, 3.82158, 0.2921637, 2.251462, 2.292098
 64220968, 3.546581, 0.06223154, 2.293439, 2.293134, 3.963913, 0.3284523, 2.270954, 2.296159
 64420888, 3.965358, 0.129654, 2.31455, 2.292671, 3.546581, 0.06223154, 2.293439, 2.293134
 64620808, 4.01951, -0.1214085, 2.333614, 2.29485, 3.965358, 0.129654, 2.31455, 2.292671
 64820728, 3.907788, -0.1066673, 2.35202, 2.297083, 4.01951, -0.1214085, 2.333614, 2.29485
 65020648, 3.940343, -0.03941909, 2.370343, 2.300097, 3.907788, -0.1066673, 2.35202, 2.297083
 65220568, 3.428328, 0.1102602, 2.381735, 2.298892, 3.940343, -0.03941909, 2.370343, 2.300097
 65420488, 3.600094, 0.1972559, 2.39036, 2.298399, 3.428328, 0.1102602, 2.381735, 2.298892
 65620408, 3.699821, 0.3145353, 2.399251, 2.296131, 3.600094, 0.1972559, 2.39036, 2.298399
 65820328, 3.698233, -0.09474599, 2.405284, 2.2969, 3.699821, 0.3145353, 2.399251, 2.296131
 66020248, 3.838792, 0.1843619, 2.413428, 2.295497, 3.698233, -0.09474599, 2.405284, 2.2969
 66220168, 3.919614, -0.04938879, 2.416055, 2.297986, 3.838792, 0.1843619, 2.413428, 2.295497
 66420921, 3.723763, -0.1649568, 2.419438, 2.298972, 3.919614, -0.04938879, 2.416055, 2.297986
 66620841, 3.714492, 0.203358, 2.423821, 2.299251, 3.723763, -0.1649568, 2.419438, 2.298972
 66820761, 3.93446, -0.2656419, 2.428951, 2.29831, 3.714492, 0.203358, 2.423821, 2.299251
 67020681, 3.893764, -0.05018187, 2.431436, 2.301134, 3.93446, -0.2656419, 2.428951, 2.29831
 67220601, 3.542448, -0.009505257, 2.431638, 2.301584, 3.893764, -0.05018187, 2.431436, 2.301134
 67420521, 3.527827, 0.1808345, 2.43215, 2.305707, 3.542448, -0.009505257, 2.431638, 2.301584
 67620441, 3.7821, 0.1519596, 2.433391, 2.306344, 3.527827, 0.1808345, 2.43215, 2.305707
 67820361, 3.635814, 0.1151274, 2.435832, 2.308223, 3.7821, 0.1519596, 2.433391, 2.306344
 68020281, 3.922598, -0.1840999, 2.440388, 2.308541, 3.635814, 0.1151274, 2.435832, 2.308223
 68220201, 3.988322, 0.0551716, 2.442091, 2.308786, 3.922598, -0.1840999, 2.440388, 2.308541
 68420954, 3.613774, 0.08014354, 2.435112, 2.315085, 3.988322, 0.0551716, 2.442091, 2.308786
 68620874, 3.833342, 0.04058605, 2.441326, 2.315634, 3.613774, 0.08014354, 2.435112, 2.315085
 68820794, 3.802472, -0.08961298, 2.441865, 2.32411, 3.833342, 0.04058605, 2.441326, 2.315634
 69020714, 3.777344, 0.006185077, 2.444763, 2.330369, 3.802472, -0.08961298, 2.441865, 2.32411
 69220634, 3.463083, -0.2187795, 2.449418, 2.336024, 3.777344, 0.006185077, 2.444763, 2.330369
 69420554, 3.660333, 0.09426596, 2.455268, 2.3413, 3.463083, -0.2187795, 2.449418, 2.336024
 69620474, 3.572106, 0.002082117, 2.453557, 2.348232, 3.660333, 0.09426596, 2.455268, 2.3413
 69820394, 3.561647, -0.2092578, 2.449568, 2.351243, 3.572106, 0.002082117, 2.453557, 2.348232
 70020314, 3.639384, 0.1812451, 2.447268, 2.34592, 3.561647, -0.2092578, 2.449568, 2.351243
 70220234, 3.476242, -0.07960217, 2.435625, 2.338122, 3.639384, 0.1812451, 2.447268, 2.34592
 70420154, 3.762812, 0.0631481, 2.420056, 2.327546, 3.476242, -0.07960217, 2.435625, 2.338122
 70620907, 3.374704, -0.2249855, 2.397367, 2.312167, 3.762812, 0.0631481, 2.420056, 2.327546
 70820827, 3.49074, 0.1197646, 2.370813, 2.294063, 3.374704, -0.2249855, 2.397367, 2.312167
 71020747, 3.625983, -0.1346015, 2.343422, 2.268845, 3.49074, 0.1197646, 2.370813, 2.294063
 71220667, 3.479111, 0.09317929, 2.31296, 2.242045, 3.625983, -0.1346015, 2.343422, 2.268845
 71420587, 3.379102, -0.1503556, 2.271048, 2.215309, 3.479111, 0.09317929, 2.31296, 2.242045
 71620507, 3.726214, 0.2345387, 2.237657, 2.190114, 3.379102, -0.1503556, 2.271048, 2.215309
 71820427, 3.458898, 0.009032773, 2.207728, 2.166319, 3.726214, 0.2345387, 2.237657, 2.190114
 72020347, 3.612208, 0.04856404, 2.184188, 2.140655, 3.458898, 0.009032773, 2.207728, 2.166319
 72220267, 3.508899, 0.005467396, 2.157284, 2.121784, 3.612208, 0.04856404, 2.184188, 2.140655
 72420187, 3.658491, 0.1572197, 2.133595, 2.104251, 3.508899, 0.005467396, 2.157284, 2.121784
 72620940, 3.693066, -0.06611504, 2.110802, 2.089089, 3.658491, 0.1572197, 2.133595, 2.104251
 72820860, 3.551839, 0.1156576, 2.089772, 2.076017, 3.693066, -0.06611504, 2.110802, 2.089089
 73020780, 3.754796, 0.155394, 2.075337, 2.065591, 3.551839, 0.1156576, 2.089772, 2.076017
 73220700, 3.839045, 0.2093748, 2.064122, 2.054853, 3.754796, 0.155394, 2.075337, 2.065591
 73420620, 3.855309, 0.01444464, 2.04987, 2.049908, 3.839045, 0.2093748, 2.064122, 2.054853
 73620540, 3.773867, -0.1280943, 2.043809, 2.041842, 3.855309, 0.01444464, 2.04987, 2.049908
 73820460, 3.800023, -0.0788295, 2.037559, 2.038006, 3.773867, -0.1280943, 2.043809, 2.041842
 74020380, 3.743173, 0.05513586, 2.032144, 2.03537, 3.800023, -0.0788295, 2.037559, 2.038006
 74220300, 3.924803, 0.08792218, 2.028178, 2.034348, 3.743173, 0.05513586, 2.032144, 2.03537
 74420220, 3.637383, -0.03175076, 2.027208, 2.03157, 3.924803, 0.08792218, 2.028178, 2.034348
 74620973, 4.015126, 0.1610731, 2.025583, 2.038063, 3.637383, -0.03175076, 2.027208, 2.03157
 74820893, 3.857437, -0.1311522, 2.028359, 2.040637, 4.015126, 0.1610731, 2.025583, 2.038063
 75020813, 3.708052, -0.1606297, 2.030015, 2.042864, 3.857437, -0.1311522, 2.028359, 2.040637
 75220733, 3.745525, 0.06101619, 2.030767, 2.047623, 3.708052, -0.1606297, 2.030015, 2.042864
 75420653, 3.691355, 0.2884361, 2.033957, 2.052962, 3.745525, 0.06101619, 2.030767, 2.047623
 75620573, 3.979184, 0.02099582, 2.039261, 2.061153, 3.691355, 0.2884361, 2.033957, 2.052962
 75820493, 3.593982, 0.008701116, 2.041223, 2.06376, 3.979184, 0.02099582, 2.039261, 2.061153
 76020413, 3.71728, -0.08532939, 2.043367, 2.065154, 3.593982, 0.008701116, 2.041223, 2.06376
 76220333, 3.933833, 0.07212983, 2.043, 2.072047, 3.71728, -0.08532939, 2.043367, 2.065154
 76420253, 3.945673, 0.03947418, 2.05206, 2.071743, 3.933833, 0.07212983, 2.043, 2.072047
 76620173, 3.765427, 0.2942116, 2.054226, 2.077316, 3.945673, 0.03947418, 2.05206, 2.071743
 76820926, 3.770916, 0.03267185, 2.060616, 2.07841, 3.765427, 0.2942116, 2.054226, 2.077316
 77020846, 3.743402, 0.1202302, 2.060843, 2.083996, 3.770916, 0.03267185, 2.060616, 2.07841
 77220766, 3.611539, 0.1967055, 2.060318, 2.083973, 3.743402, 0.1202302, 2.060843, 2.083996
 77420686, 3.645483, 0.2865023, 2.058596, 2.078402, 3.611539, 0.1967055, 2.060318, 2.083973
 77620606, 3.448083, 0.09279695, 2.05118, 2.070698, 3.645483, 0.2865023, 2.058596, 2.078402
 77820526, 3.470587, -0.1419155, 2.038146, 2.058466, 3.448083, 0.09279695, 2.05118, 2.070698
 78020446, 3.778216, 0.2813005, 2.023091, 2.042455, 3.470587, -0.1419155, 2.038146, 2.058466
 78220366, 3.747528, 0.1228338, 2.003142, 2.025158, 3.778216, 0.2813005, 2.023091, 2.042455
 78420286, 3.616671, 0.03333577, 1.981404, 2.003021, 3.747528, 0.1228338, 2.003142, 2.025158
 78620206, 3.710386, 0.07024841, 1.957308, 1.975328, 3.616671, 0.03333577, 1.981404, 2.003021
 78820959, 3.772916, 0.2434381, 1.929407, 1.947893, 3.710386, 0.07024841, 1.957308, 1.975328
 79020879, 3.794253, 0.2094245, 1.90492, 1.920928, 3.772916, 0.2434381, 1.929407, 1.947893
 79220799, 3.587721, -0.1327699, 1.874821, 1.892499, 3.794253, 0.2094245, 1.90492, 1.920928
 79420719, 3.860552, 0.303662, 1.848273, 1.862425, 3.587721, -0.1327699, 1.874821, 1.892499
 79620639, 3.652539, 0.1034566, 1.818496, 1.833938, 3.860552, 0.303662, 1.848273, 1.862425
 79820559, 3.590774, -0.06016736, 1.790704, 1.808057, 3.652539, 0.1034566, 1.818496, 1.833938
 80020479, 3.730223, 0.07096969, 1.768492, 1.778257, 3.590774, -0.06016736, 1.790704, 1.808057
 80220399, 3.789415, 0.1585369, 1.744167, 1.753071, 3.730223, 0.07096969, 1.768492, 1.778257
 80420319, 3.811396, 0.1763972, 1.719272, 1.731807, 3.789415, 0.1585369, 1.744167, 1.753071
 80620239, 3.832539, 0.2029949, 1.69988, 1.712038, 3.811396, 0.1763972, 1.719272, 1.731807
 80820159, 3.829129, -0.04766407, 1.682843, 1.693154, 3.832539, 0.2029949, 1.69988, 1.712038
 81020912, 3.76893, 0.07849545, 1.666641, 1.677156, 3.829129, -0.04766407, 1.682843, 1.693154
 81220832, 3.961512, 0.1414543, 1.652138, 1.662033, 3.76893, 0.07849545, 1.666641, 1.677156
 81420752, 3.783499, 0.1700999, 1.640765, 1.64761, 3.961512, 0.1414543, 1.652138, 1.662033
 81620672, 3.948712, -0.001120457, 1.629492, 1.639299, 3.783499, 0.1700999, 1.640765, 1.64761
 81820592, 3.773061, 0.1442959, 1.621253, 1.628612, 3.948712, -0.001120457, 1.629492, 1.639299
 82020512, 3.913625, 0.008572737, 1.61453, 1.619096, 3.773061, 0.1442959, 1.621253, 1.628612
 82220432, 3.939977, 0.01459956, 1.606689, 1.611171, 3.913625, 0.008572737, 1.61453, 1.619096
 82420352, 3.960782, 0.1078136, 1.600157, 1.602305, 3.939977, 0.01459956, 1.606689, 1.611171
 82620272, 3.700487, 0.1365826, 1.593441, 1.595782, 3.960782, 0.1078136, 1.600157, 1.602305
 82820192, 3.803378, 0.1547843, 1.588488, 1.594376, 3.700487, 0.1365826, 1.593441, 1.595782
 83020945, 3.972893, 0.1365573, 1.587745, 1.593844, 3.803378, 0.1547843, 1.588488, 1.594376
 83220865, 3.931377, -0.1004312, 1.58557, 1.594259, 3.972893, 0.1365573, 1.587745, 1.593844
 83420785, 3.915577, 0.07185562, 1.586791, 1.596163, 3.931377, -0.1004312, 1.58557, 1.594259
 83620705, 4.165168, 0.188711, 1.596385, 1.601443, 3.915577, 0.07185562, 1.586791, 1.596163
 83820625, 3.946921, 0.002783019, 1.60438, 1.614125, 4.165168, 0.188711, 1.596385, 1.601443
 84020545, 4.035011, 0.1791123, 1.62098, 1.629462, 3.946921, 0.002783019, 1.60438, 1.614125
 84220465, 4.247578, 0.007702695, 1.642367, 1.647991, 4.035011, 0.1791123, 1.62098, 1.629462
 84420385, 4.032184, 0.2659976, 1.665164, 1.670276, 4.247578, 0.007702695, 1.642367, 1.647991
 84620305, 3.889692, 0.1315846, 1.688136, 1.698695, 4.032184, 0.2659976, 1.665164, 1.670276
 84820225, 4.016912, 0.08973016, 1.716917, 1.725941, 3.889692, 0.1315846, 1.688136, 1.698695
 85020145, 3.945639, 0.1918768, 1.742923, 1.760016, 4.016912, 0.08973016, 1.716917, 1.725941
 85220898, 3.907647, -0.06223141, 1.772269, 1.789752, 3.945639, 0.1918768, 1.742923, 1.760016
 85420818, 4.112596, 0.1899957, 1.80399, 1.81807, 3.907647, -0.06223141, 1.772269, 1.789752
 85620738, 3.948484, -0.02870386, 1.829438, 1.847246, 4.112596, 0.1899957, 1.80399, 1.81807
 85820658, 4.036351, 0.04535662, 1.854051, 1.87588, 3.948484, -0.02870386, 1.829438, 1.847246
 86020578, 4.134162, 0.2179369, 1.877226, 1.901367, 4.036351, 0.04535662, 1.854051, 1.87588
 86220498, 4.017271, 0.1011236, 1.899067, 1.92448, 4.134162, 0.2179369, 1.877226, 1.901367
 86420418, 3.974164, 0.08584276, 1.920029, 1.946859, 4.017271, 0.1011236, 1.899067, 1.92448
 86620338, 3.932747, 0.258337, 1.939553, 1.967598, 3.974164, 0.08584276, 1.920029, 1.946859
 86820258, 3.836419, -0.03717293, 1.956596, 1.987758, 3.932747, 0.258337, 1.939553, 1.967598
 87020178, 3.791519, 0.1774533, 1.973751, 2.00331, 3.836419, -0.03717293, 1.956596, 1.987758
 87220931, 3.74073, 0.1970892, 1.986681, 2.018681, 3.791519, 0.1774533, 1.973751, 2.00331
 87420851, 4.032702, -0.134373, 2.000641, 2.030476, 3.74073, 0.1970892, 1.986681, 2.018681
 87620771, 4.017387, 0.01082225, 2.01274, 2.042454, 4.032702, -0.134373, 2.000641, 2.030476
 87820691, 3.857613, 0.1374603, 2.023541, 2.052065, 4.017387, 0.01082225, 2.01274, 2.042454
 88020611, 3.783229, 0.006369725, 2.029996, 2.061884, 3.857613, 0.1374603, 2.023541, 2.052065
 88220531, 3.771168, -0.04644937, 2.039923, 2.067533, 3.783229, 0.006369725, 2.029996, 2.061884
 88420451, 3.830754, 0.1879595, 2.04392, 2.076252, 3.771168, -0.04644937, 2.039923, 2.067533
 88620371, 3.700642, -0.1114514, 2.050582, 2.080588, 3.830754, 0.1879595, 2.04392, 2.076252
 88820291, 3.871808, 0.3090413, 2.056367, 2.085175, 3.700642, -0.1114514, 2.050582, 2.080588
 89020211, 3.764283, 0.3035661, 2.059156, 2.092273, 3.871808, 0.3090413, 2.056367, 2.085175
 89220964, 3.599813, 0.1538925, 2.067199, 2.0924, 3.764283, 0.3035661, 2.059156, 2.092273
 89420884, 3.773868, 0.1666974, 2.071688, 2.095901, 3.599813, 0.1538925, 2.067199, 2.0924
 89620804, 3.643107, -0.1070407, 2.078483, 2.098755, 3.773868, 0.1666974, 2.071688, 2.095901
 89820724, 3.684729, 0.169443, 2.08256, 2.10572, 3.643107, -0.1070407, 2.078483, 2.098755
 90020644, 3.753353, 0.2114427, 2.089752, 2.110219, 3.684729, 0.169443, 2.08256, 2.10572
 90220564, 3.837862, 0.03288407, 2.098172, 2.112447, 3.753353, 0.2114427, 2.089752, 2.110219
 90420484, 3.661023, -0.01524241, 2.103346, 2.117631, 3.837862, 0.03288407, 2.098172, 2.112447
 90620404, 3.861132, 0.3479604, 2.109445, 2.122382, 3.661023, -0.01524241, 2.103346, 2.117631
 90820324, 3.881783, 0.0001947768, 2.115446, 2.125012, 3.861132, 0.3479604, 2.109445, 2.122382
 91020244, 3.785106, 0.1232192, 2.119987, 2.128593, 3.881783, 0.0001947768, 2.115446, 2.125012
 91220164, 3.487604, -0.1594325, 2.125426, 2.129693, 3.785106, 0.1232192, 2.119987, 2.128593
 91420917, 3.762608, 0.164994, 2.131377, 2.133986, 3.487604, -0.1594325, 2.125426, 2.129693
 91620837, 3.511089, 0.3046993, 2.131376, 2.139823, 3.762608, 0.164994, 2.131377, 2.133986
 91820757, 4.004985, -0.2170049, 2.139572, 2.141619, 3.511089, 0.3046993, 2.131376, 2.139823
 92020677, 3.679977, 0.3628681, 2.142027, 2.14657, 4.004985, -0.2170049, 2.139572, 2.141619
 92220597, 3.518498, -0.08344509, 2.146415, 2.149677, 3.679977, 0.3628681, 2.142027, 2.14657
 92420517, 3.88301, 0.1611387, 2.15378, 2.151306, 3.518498, -0.08344509, 2.146415, 2.149677
 92620437, 3.513363, 0.2096275, 2.158628, 2.153249, 3.88301, 0.1611387, 2.15378, 2.151306
 92820357, 3.941285, 0.2497671, 2.159363, 2.161624, 3.513363, 0.2096275, 2.158628, 2.153249
 93020277, 3.794811, -0.1475604, 2.168027, 2.162666, 3.941285, 0.2497671, 2.159363, 2.161624
 93220197, 3.779333, 0.1753797, 2.1652, 2.175774, 3.794811, -0.1475604, 2.168027, 2.162666
 93420950, 3.897777, 0.1788302, 2.175799, 2.180007, 3.779333, 0.1753797, 2.1652, 2.175774
 93620870, 3.759895, 0.06366521, 2.190179, 2.188027, 3.897777, 0.1788302, 2.175799, 2.180007
 93820790, 4.019496, 0.1928588, 2.206491, 2.20663, 3.759895, 0.06366521, 2.190179, 2.188027
 94020710, 3.610296, -0.1031885, 2.228092, 2.22852, 4.019496, 0.1928588, 2.206491, 2.20663
 94220630, 3.904837, 0.2139487, 2.258232, 2.253988, 3.610296, -0.1031885, 2.228092, 2.22852
 94420550, 4.185223, 0.148218, 2.295858, 2.279294, 3.904837, 0.2139487, 2.258232, 2.253988
 94620470, 3.743632, 0.1305031, 2.323393, 2.31468, 4.185223, 0.148218, 2.295858, 2.279294
 94820390, 3.742758, 0.08339744, 2.357252, 2.350023, 3.743632, 0.1305031, 2.323393, 2.31468
 95020310, 3.98436, -0.1756409, 2.39817, 2.382607, 3.742758, 0.08339744, 2.357252, 2.350023
 95220230, 3.977225, 0.300028, 2.433581, 2.422277, 3.98436, -0.1756409, 2.39817, 2.382607
 95420150, 3.679879, -0.0944664, 2.473214, 2.456757, 3.977225, 0.300028, 2.433581, 2.422277
 95620903, 3.894152, 0.01646239, 2.512109, 2.49257, 3.679879, -0.0944664, 2.473214, 2.456757
 95820823, 3.591632, 0.04611024, 2.541269, 2.532119, 3.894152, 0.01646239, 2.512109, 2.49257
 96020743, 3.765424, -0.2751166, 2.575406, 2.566478, 3.591632, 0.04611024, 2.541269, 2.532119
 96220663, 3.598102, 0.1704049, 2.604933, 2.594069, 3.765424, -0.2751166, 2.575406, 2.566478
 96420583, 3.697718, -0.09422835, 2.625957, 2.617378, 3.598102, 0.1704049, 2.604933, 2.594069
 96620503, 3.804346, 0.07908793, 2.644844, 2.638055, 3.697718, -0.09422835, 2.625957, 2.617378
 96820423, 3.880723, 0.2854319, 2.65659, 2.661551, 3.804346, 0.07908793, 2.644844, 2.638055
 97020343, 3.909539, 0.06967015, 2.670578, 2.678312, 3.880723, 0.2854319, 2.65659, 2.661551
 97220263, 3.555161, 0.2171024, 2.681075, 2.692531, 3.909539, 0.06967015, 2.670578, 2.678312
 97420183, 3.608807, 0.163365, 2.692893, 2.70233, 3.555161, 0.2171024, 2.681075, 2.692531
 97620936, 3.565988, 0.07502043, 2.701757, 2.711303, 3.608807, 0.163365, 2.692893, 2.70233
 97820856, 3.78521, 0.2221356, 2.709729, 2.719453, 3.565988, 0.07502043, 2.701757, 2.711303
 98020776, 3.525727, 0.05770252, 2.713019, 2.726938, 3.78521, 0.2221356, 2.709729, 2.719453
 98220696, 3.588382, 0.03250724, 2.714911, 2.736041, 3.525727, 0.05770252, 2.713019, 2.726938
 98420616, 3.48714, 0.1141807, 2.722528, 2.733235, 3.588382, 0.03250724, 2.714911, 2.736041
 98620536, 3.532895, 0.06093346, 2.720181, 2.740988, 3.48714, 0.1141807, 2.722528, 2.733235
 98820456, 3.530151, 0.2528822, 2.718506, 2.747061, 3.532895, 0.06093346, 2.720181, 2.740988
 99020376, 3.626494, 0.256729, 2.718309, 2.749863, 3.530151, 0.2528822, 2.718506, 2.747061
 99220296, 3.662448, 0.2167721, 2.722279, 2.746441, 3.626494, 0.256729, 2.718309, 2.749863
 99420216, 3.467715, 0.05693382, 2.723457, 2.752864, 3.662448, 0.2167721, 2.722279, 2.746441
 99620969, 3.587756, 0.09214276, 2.726968, 2.756613, 3.467715, 0.05693382, 2.723457, 2.752864
 99820889, 3.737965, -0.07756698, 2.731652, 2.767045, 3.587756, 0.09214276, 2.726968, 2.756613
 100020809, 3.585162, 0.3339526, 2.740369, 2.77395, 3.737965, -0.07756698, 2.731652, 2.767045
 100220729, 3.757237, 0.4143569, 2.743743, 2.777068, 3.585162, 0.3339526, 2.740369, 2.77395
 100420649, 3.192799, 0.01888081, 2.740258, 2.777338, 3.757237, 0.4143569, 2.743743, 2.777068
 100620569, 3.283201, -0.06075719, 2.734777, 2.768249, 3.192799, 0.01888081, 2.740258, 2.777338
 100820489, 3.478723, -0.07675184, 2.727273, 2.752038, 3.283201, -0.06075719, 2.734777, 2.768249
 101020409, 3.628609, -0.02213321, 2.713189, 2.73452, 3.478723, -0.07675184, 2.727273, 2.752038
 101220329, 3.426976, 0.2535875, 2.689843, 2.715251, 3.628609, -0.02213321, 2.713189, 2.73452
 101420249, 3.403941, 0.03883979, 2.65816, 2.688439, 3.426976, 0.2535875, 2.689843, 2.715251
 101620169, 3.501604, 0.1033584, 2.626191, 2.65294, 3.403941, 0.03883979, 2.65816, 2.688439
 101820922, 3.790739, -0.0271759, 2.59587, 2.617924, 3.501604, 0.1033584, 2.626191, 2.65294
 102020842, 3.426649, -0.01667973, 2.564252, 2.585342, 3.790739, -0.0271759, 2.59587, 2.617924
 102220762, 3.519284, -0.05716746, 2.539873, 2.556367, 3.426649, -0.01667973, 2.564252, 2.585342
 102420682, 3.503532, 0.4019249, 2.512095, 2.53301, 3.519284, -0.05716746, 2.539873, 2.556367
 102620602, 3.251151, -0.1793284, 2.485029, 2.505893, 3.503532, 0.4019249, 2.512095, 2.53301
 102820522, 3.488029, 0.1025838, 2.460277, 2.479768, 3.251151, -0.1793284, 2.485029, 2.505893
 103020442, 3.498062, 0.2945791, 2.435045, 2.460042, 3.488029, 0.1025838, 2.460277, 2.479768
 103220362, 3.682635, 0.181588, 2.419487, 2.437613, 3.498062, 0.2945791, 2.435045, 2.460042
 103420282, 3.352905, 0.1058164, 2.395854, 2.422186, 3.682635, 0.181588, 2.419487, 2.437613
 103620202, 3.586447, 0.02471354, 2.378043, 2.400802, 3.352905, 0.1058164, 2.395854, 2.422186
 103820955, 3.441003, 0.1269076, 2.356563, 2.38131, 3.586447, 0.02471354, 2.378043, 2.400802
 104020875, 3.779992, 0.2350055, 2.342812, 2.362756, 3.441003, 0.1269076, 2.356563, 2.38131
 104220795, 3.683618, -0.007614369, 2.327651, 2.346431, 3.779992, 0.2350055, 2.342812, 2.362756
 104420715, 3.712016, 0.1067438, 2.311531, 2.333439, 3.683618, -0.007614369, 2.327651, 2.346431
 104620635, 3.397074, 0.2035731, 2.301281, 2.317065, 3.712016, 0.1067438, 2.311531, 2.333439
 104820555, 3.658676, 0.04521945, 2.293975, 2.304158, 3.397074, 0.2035731, 2.301281, 2.317065
 105020475, 3.992036, 0.05110418, 2.287423, 2.293635, 3.658676, 0.04521945, 2.293975, 2.304158
 105220395, 3.815238, -0.02714034, 2.282325, 2.283327, 3.992036, 0.05110418, 2.287423, 2.293635
 105420315, 3.900522, 0.1110905, 2.278964, 2.272314, 3.815238, -0.02714034, 2.282325, 2.283327
 105620235, 3.556093, -0.04418547, 2.272901, 2.265538, 3.900522, 0.1110905, 2.278964, 2.272314
 105820155, 3.760745, -0.05650444, 2.270552, 2.257748, 3.556093, -0.04418547, 2.272901, 2.265538
 106020908, 3.548781, 0.1621578, 2.265433, 2.254324, 3.760745, -0.05650444, 2.270552, 2.257748
 106220828, 3.760862, 0.2269675, 2.262652, 2.250561, 3.548781, 0.1621578, 2.265433, 2.254324
 106420748, 3.751813, 0.2419358, 2.258441, 2.247123, 3.760862, 0.2269675, 2.262652, 2.250561
 106620668, 3.701375, -0.06324114, 2.252402, 2.244763, 3.751813, 0.2419358, 2.258441, 2.247123
 106820588, 3.651875, 0.1104573, 2.244556, 2.245965, 3.701375, -0.06324114, 2.252402, 2.244763
 107020508, 3.529361, 0.148225, 2.239658, 2.236032, 3.651875, 0.1104573, 2.244556, 2.245965
 107220428, 3.77938, 0.06876106, 2.232906, 2.226843, 3.529361, 0.148225, 2.239658, 2.236032
 107420348, 4.003623, -0.05873581, 2.22631, 2.219227, 3.77938, 0.06876106, 2.232906, 2.226843
 107620268, 3.764308, 0.03057442, 2.216759, 2.213528, 4.003623, -0.05873581, 2.22631, 2.219227
 107820188, 3.808203, 0.01288689, 2.21013, 2.207517, 3.764308, 0.03057442, 2.216759, 2.213528
 108020941, 3.924982, 0.2489101, 2.204221, 2.196917, 3.808203, 0.01288689, 2.21013, 2.207517
 108220861, 3.563642, 0.002683146, 2.187269, 2.18514, 3.924982, 0.2489101, 2.204221, 2.196917
 108420781, 3.378319, 0.0002521849, 2.169091, 2.169007, 3.563642, 0.002683146, 2.187269, 2.18514
 108620701, 3.728145, 0.0360769, 2.154791, 2.145853, 3.378319, 0.0002521849, 2.169091, 2.169007
 108820621, 3.673015, 0.1663976, 2.129169, 2.124676, 3.728145, 0.0360769, 2.154791, 2.145853
 109020541, 3.440394, 0.07350021, 2.099874, 2.098564, 3.673015, 0.1663976, 2.129169, 2.124676
 109220461, 3.573006, -0.07414526, 2.069448, 2.062318, 3.440394, 0.07350021, 2.099874, 2.098564
 109420381, 3.519196, 0.2562642, 2.027717, 2.028441, 3.573006, -0.07414526, 2.069448, 2.062318
 109620301, 3.800883, 0.241471, 1.989275, 1.988255, 3.519196, 0.2562642, 2.027717, 2.028441
 109820221, 3.664082, 0.2236755, 1.948877, 1.944998, 3.800883, 0.241471, 1.989275, 1.988255
 110020974, 3.667584, 0.08455234, 1.909285, 1.907495, 3.664082, 0.2236755, 1.948877, 1.944998
 110220894, 3.614356, 0.07322781, 1.871415, 1.8735, 3.667584, 0.08455234, 1.909285, 1.907495
 110420814, 3.670916, 0.1909216, 1.836877, 1.839937, 3.614356, 0.07322781, 1.871415, 1.8735
 110620734, 3.853708, 0.05195609, 1.810872, 1.809786, 3.670916, 0.1909216, 1.836877, 1.839937
 110820654, 3.625025, 0.02510866, 1.784324, 1.782332, 3.853708, 0.05195609, 1.810872, 1.809786
 111020574, 3.813471, 0.1203389, 1.761838, 1.755749, 3.625025, 0.02510866, 1.784324, 1.782332
 111220494, 3.742785, -0.0996843, 1.737726, 1.73383, 3.813471, 0.1203389, 1.761838, 1.755749
 111420414, 3.854613, 0.07118069, 1.719861, 1.712737, 3.742785, -0.0996843, 1.737726, 1.73383
 111620334, 3.61363, 0.1207742, 1.70286, 1.694734, 3.854613, 0.07118069, 1.719861, 1.712737
 111820254, 3.845949, 0.2163993, 1.686974, 1.679997, 3.61363, 0.1207742, 1.70286, 1.694734
 112020174, 3.894041, -0.05273907, 1.674472, 1.665585, 3.845949, 0.2163993, 1.686974, 1.679997
 112220927, 3.927301, -0.05800179, 1.662561, 1.653356, 3.894041, -0.05273907, 1.674472, 1.665585
 112420847, 3.844903, -0.009232334, 1.652849, 1.641914, 3.927301, -0.05800179, 1.662561, 1.653356
 112620767, 3.821473, 0.06413915, 1.643237, 1.63404, 3.844903, -0.009232334, 1.652849, 1.641914
 112820687, 3.848879, 0.07878714, 1.636907, 1.624794, 3.821473, 0.06413915, 1.643237, 1.63404
 113020607, 3.998761, 0.08508011, 1.631034, 1.618469, 3.848879, 0.07878714, 1.636907, 1.624794
 113220527, 3.856856, -0.0579794, 1.624281, 1.614205, 3.998761, 0.08508011, 1.631034, 1.618469
 113420447, 3.933226, 0.06031052, 1.619693, 1.612215, 3.856856, -0.0579794, 1.624281, 1.614205
 113620367, 3.989277, 0.1203445, 1.61752, 1.607918, 3.933226, 0.06031052, 1.619693, 1.612215
 113820287, 3.705383, 0.04401878, 1.613074, 1.604912, 3.989277, 0.1203445, 1.61752, 1.607918
 114020207, 3.830288, -0.1330385, 1.610335, 1.605923, 3.705383, 0.04401878, 1.613074, 1.604912
 114220960, 3.765045, 0.01035779, 1.611275, 1.604525, 3.830288, -0.1330385, 1.610335, 1.605923
 114420880, 3.923485, 0.0427693, 1.614636, 1.607423, 3.765045, 0.01035779, 1.611275, 1.604525
 114620800, 3.98041, 0.002401349, 1.6136, 1.609886, 3.923485, 0.0427693, 1.614636, 1.607423
 114820720, 3.616323, -0.006180132, 1.61077, 1.607558, 3.98041, 0.002401349, 1.6136, 1.609886
 115020640, 3.856725, 0.1128577, 1.608216, 1.601731, 3.616323, -0.006180132, 1.61077, 1.607558
 115220560, 3.800505, -0.002463479, 1.600776, 1.594156, 3.856725, 0.1128577, 1.608216, 1.601731
 115420480, 3.666885, -0.03169815, 1.587454, 1.57934, 3.800505, -0.002463479, 1.600776, 1.594156
 115620400, 3.799234, 0.03056465, 1.565993, 1.565419, 3.666885, -0.03169815, 1.587454, 1.57934
 115820320, 3.634411, 0.03406129, 1.545715, 1.544813, 3.799234, 0.03056465, 1.565993, 1.565419
 116020240, 3.829264, 0.06390771, 1.526617, 1.521124, 3.634411, 0.03406129, 1.545715, 1.544813
 116220160, 3.665257, -0.04484356, 1.49898, 1.497479, 3.829264, 0.06390771, 1.526617, 1.521124
 116420913, 3.62035, -0.003406789, 1.46952, 1.46998, 3.665257, -0.04484356, 1.49898, 1.497479
 116620833, 3.656505, -0.008306946, 1.441676, 1.440191, 3.62035, -0.003406789, 1.46952, 1.46998
 116820753, 3.897455, 0.1035342, 1.415761, 1.409736, 3.656505, -0.008306946, 1.441676, 1.440191
 117020673, 3.852117, 0.1596364, 1.389936, 1.383525, 3.897455, 0.1035342, 1.415761, 1.409736
 117220593, 3.820812, 0.2310621, 1.364625, 1.360477, 3.852117, 0.1596364, 1.389936, 1.383525
 117420513, 3.818946, 0.09089309, 1.34158, 1.338407, 3.820812, 0.2310621, 1.364625, 1.360477
 117620433, 3.83272, 0.1616616, 1.321451, 1.316104, 3.818946, 0.09089309, 1.34158, 1.338407
 117820353, 3.690886, 0.08187233, 1.300875, 1.295651, 3.83272, 0.1616616, 1.321451, 1.316104
 118020273, 3.824354, -0.05716908, 1.283335, 1.278783, 3.690886, 0.08187233, 1.300875, 1.295651
 118220193, 3.869676, 0.02822483, 1.268635, 1.261775, 3.824354, -0.05716908, 1.283335, 1.278783
 118420946, 3.995493, 0.0107609, 1.254951, 1.248872, 3.869676, 0.02822483, 1.268635, 1.261775
 118620866, 3.874164, 0.06646328, 1.24239, 1.234633, 3.995493, 0.0107609, 1.254951, 1.248872
 118820786, 3.990084, 0.14359, 1.231357, 1.22423, 3.874164, 0.06646328, 1.24239, 1.234633
 119020706, 3.906102, -0.06422254, 1.220331, 1.215142, 3.990084, 0.14359, 1.231357, 1.22423
 119220626, 3.882311, 0.01015359, 1.211826, 1.207875, 3.906102, -0.06422254, 1.220331, 1.215142
 119420546, 3.938154, 0.09295419, 1.208213, 1.200694, 3.882311, 0.01015359, 1.211826, 1.207875
 119620466, 3.9766, 0.1294756, 1.204871, 1.196671, 3.938154, 0.09295419, 1.208213, 1.200694
 119820386, 3.954081, 0.04771096, 1.200493, 1.194263, 3.9766, 0.1294756, 1.204871, 1.196671
 120020306, 3.86732, -0.05241263, 1.196267, 1.192526, 3.954081, 0.04771096, 1.200493, 1.194263
 120220226, 4.02068, -0.02689984, 1.196495, 1.189334, 3.86732, -0.05241263, 1.196267, 1.192526
 120420146, 3.950383, -0.05946049, 1.202721, 1.179812, 4.02068, -0.02689984, 1.196495, 1.189334
 120620899, 3.930344, -0.01505339, 1.228726, 1.162978, 3.950383, -0.05946049, 1.202721, 1.179812
 120820819, 3.683378, -0.1992944, 1.315576, 1.216061, 3.930344, -0.01505339, 1.228726, 1.162978
 121020739, 3.426299, -0.06529036, 1.531756, 1.388955, 3.683378, -0.1992944, 1.315576, 1.216061
 121220659, 3.327265, -0.2028824, 2.05009, 1.73426, 3.426299, -0.06529036, 1.531756, 1.388955
