TimeUS,COFN,COFE,CNe,CEe,POFN,POFE,PNe,PEe
 8040949, 0.0520959, 0.02235744, 0.09744124, 0.04821576, 0, 0, 0, 0
 8220877, -0.006721187, 0.006224068, 0.09739291, 0.0481976, 0.0520959, 0.02235744, 0.09744124, 0.04821576
 8420797, -0.01126149, 0.0006362861, 0.09739411, 0.04819677, -0.006721187, 0.006224068, 0.09739291, 0.0481976
 8620717, -0.005920339, 0.007776857, 0.09739389, 0.04819603, -0.01126149, 0.0006362861, 0.09739411, 0.04819677
 8820637, -0.01243898, 0.005670806, 0.09739749, 0.04819215, -0.005920339, 0.007776857, 0.09739389, 0.04819603
 9020557, -0.01658351, 0.007092746, 0.09740217, 0.04818782, -0.01243898, 0.005670806, 0.09739749, 0.04819215
 9220477, -0.008723864, -0.0006700524, 0.09739846, 0.04818611, -0.01658351, 0.007092746, 0.09740217, 0.04818782
 9420397, -0.008124987, -0.002365679, 0.09739915, 0.04818454, -0.008723864, -0.0006700524, 0.09739846, 0.04818611
 9620317, -0.01796686, 0.00286632, 0.09740528, 0.04818174, -0.008124987, -0.002365679, 0.09739915, 0.04818454
 9820237, -0.006783155, 0.005891004, 0.0973995, 0.04818414, -0.01796686, 0.00286632, 0.09740528, 0.04818174
 10020157, -0.008364133, 0.004919015, 0.0973995, 0.04818467, -0.006783155, 0.005891004, 0.0973995, 0.04818414
 10220910, -0.003062827, 0.001808586, 0.09739831, 0.04818403, -0.008364133, 0.004919015, 0.0973995, 0.04818467
 10420830, -0.005609086, 0.01179122, 0.09740119, 0.04818406, -0.003062827, 0.001808586, 0.09739831, 0.04818403
 10620750, -0.01302395, 0.009705223, 0.09740428, 0.0481813, -0.005609086, 0.01179122, 0.09740119, 0.04818406
 10820670, -0.003687955, 0.008154191, 0.09739943, 0.04818428, -0.01302395, 0.009705223, 0.09740428, 0.0481813
 11020590, -0.005430784, -0.005542006, 0.09739769, 0.04818707, -0.003687955, 0.008154191, 0.09739943, 0.04818428
 11220510, -0.008022225, 0.005223715, 0.09739806, 0.04818749, -0.005430784, -0.005542006, 0.09739769, 0.04818707
 11420430, -0.01690005, 0.006909346, 0.09740311, 0.04818622, -0.008022225, 0.005223715, 0.09739806, 0.04818749
 11620350, -0.01436839, 0.0007294023, 0.09740018, 0.04818746, -0.01690005, 0.006909346, 0.09740311, 0.04818622
 11820270, -0.007041793, 0.003398508, 0.09739725, 0.04818798, -0.01436839, 0.0007294023, 0.09740018, 0.04818746
 12020190, -0.008663885, 0.008334644, 0.09739946, 0.0481866, -0.007041793, 0.003398508, 0.09739725, 0.04818798
 12220943, -0.007641596, 0.003990324, 0.09739871, 0.04818552, -0.008663885, 0.008334644, 0.09739946, 0.0481866
 12420863, -0.001724032, 0.00794655, 0.09739754, 0.04818759, -0.007641596, 0.003990324, 0.09739871, 0.04818552
 12620783, -0.006522664, 0.00965225, 0.09739836, 0.04818849, -0.001724032, 0.00794655, 0.09739754, 0.04818759
 12820703, -0.01381559, 0.001550979, 0.0973991, 0.04818913, -0.006522664, 0.00965225, 0.09739836, 0.04818849
 13020623, -0.01531006, 0.003906282, 0.09739944, 0.04819054, -0.01381559, 0.001550979, 0.0973991, 0.04818913
 13220543, -0.003541727, 0.002176628, 0.09739398, 0.04819296, -0.01531006, 0.003906282, 0.09739944, 0.04819054
 13420463, -0.01034118, 0.009166103, 0.09739784, 0.0481916, -0.003541727, 0.002176628, 0.09739398, 0.04819296
 13620383, -0.008274359, 0.0009817663, 0.09739658, 0.04818964, -0.01034118, 0.009166103, 0.09739784, 0.0481916
 13820303, -0.01773271, 0.002124399, 0.09740221, 0.0481875, -0.008274359, 0.0009817663, 0.09739658, 0.04818964
 14020223, -0.01343271, 0.00736127, 0.09740012, 0.04818859, -0.01773271, 0.002124399, 0.09740221, 0.0481875
 14220976, -0.009922883, 0.003059791, 0.0973976, 0.048189, -0.01343271, 0.00736127, 0.09740012, 0.04818859
 14420896, -0.0162152, 0.01043946, 0.097404, 0.04818586, -0.009922883, 0.003059791, 0.0973976, 0.048189
 14620816, -0.01038291, 0.008222951, 0.09740179, 0.04818304, -0.0162152, 0.01043946, 0.097404, 0.04818586
 14820736, -0.01098241, 0.00545719, 0.09740286, 0.04817998, -0.01038291, 0.008222951, 0.09740179, 0.04818304
 15020656, -0.007080105, 0.003849052, 0.09740091, 0.04818071, -0.01098241, 0.00545719, 0.09740286, 0.04817998
 15220576, -0.006750347, 0.009786153, 0.09740157, 0.04818221, -0.007080105, 0.003849052, 0.09740091, 0.04818071
 15420496, -0.007185874, 0.005247436, 0.09740105, 0.04818097, -0.006750347, 0.009786153, 0.09740157, 0.04818221
 15620416, -0.01700643, 0.005949554, 0.09740658, 0.04817887, -0.007185874, 0.005247436, 0.09740105, 0.04818097
 15820336, -0.01106038, 0.01097238, 0.09740363, 0.04818181, -0.01700643, 0.005949554, 0.09740658, 0.04817887
 16020256, -0.01222708, -0.001225824, 0.09740172, 0.04818225, -0.01106038, 0.01097238, 0.09740363, 0.04818181
 16220176, -0.0111957, 0.004926533, 0.09740167, 0.04818233, -0.01222708, -0.001225824, 0.09740172, 0.04818225
 16420929, -0.01668572, -0.001641389, 0.09740341, 0.04818367, -0.0111957, 0.004926533, 0.09740167, 0.04818233
 16620849, -0.01134067, 0.01319819, 0.09740266, 0.048186, -0.01668572, -0.001641389, 0.09740341, 0.04818367
 16820769, -0.01050401, -0.001637719, 0.09739809, 0.04818822, -0.01134067, 0.01319819, 0.09740266, 0.048186
 17020689, -0.009298152, 0.00495548, 0.09739843, 0.04818744, -0.01050401, -0.001637719, 0.09739809, 0.04818822
 17220609, -0.01058663, 0.007580534, 0.09739991, 0.04818662, -0.009298152, 0.00495548, 0.09739843, 0.04818744
 17420529, -0.01246109, 0.003789274, 0.09740115, 0.04818412, -0.01058663, 0.007580534, 0.09739991, 0.04818662
 17620449, -0.01417452, 0.006151744, 0.0974035, 0.04818191, -0.01246109, 0.003789274, 0.09740115, 0.04818412
 17820369, -0.006539945, 0.002858822, 0.09739929, 0.04818349, -0.01417452, 0.006151744, 0.0974035, 0.04818191
 18020289, -0.00799816, 0.003251745, 0.09739927, 0.04818441, -0.006539945, 0.002858822, 0.09739929, 0.04818349
 18220209, -0.01673645, 0.00470926, 0.097404, 0.0481833, -0.00799816, 0.003251745, 0.09739927, 0.04818441
 18420962, -0.01568041, -0.0006577931, 0.09740272, 0.04818378, -0.01673645, 0.00470926, 0.097404, 0.0481833
 18620882, -0.00639874, 0.01142685, 0.09740131, 0.04818384, -0.01568041, -0.0006577931, 0.09740272, 0.04818378
 18820802, -0.003840774, 0.006011978, 0.0974002, 0.04818166, -0.00639874, 0.01142685, 0.09740131, 0.04818384
 19020722, -0.01252999, 0.01263279, 0.09740531, 0.04818115, -0.003840774, 0.006011978, 0.0974002, 0.04818166
 19220642, -0.008677438, 0.001507511, 0.09740078, 0.04818146, -0.01252999, 0.01263279, 0.09740531, 0.04818115
 19420562, -0.006675144, -0.004830598, 0.09739994, 0.04818282, -0.008677438, 0.001507511, 0.09740078, 0.04818146
 19620482, -0.000767937, 0.005960052, 0.0971389, 0.04870578, -0.006675144, -0.004830598, 0.09739994, 0.04818282
 19820402, -0.006899804, 0.00856248, 0.09667069, 0.04963164, -0.000767937, 0.005960052, 0.0971389, 0.04870578
 20020322, -0.00854592, 0.006550143, 0.09599105, 0.0509335, -0.006899804, 0.00856248, 0.09667069, 0.04963164
 20220242, -0.01306038, 0.003945241, 0.09517754, 0.05244035, -0.00854592, 0.006550143, 0.09599105, 0.0509335
 20420162, -0.007702044, 0.005447973, 0.0942964, 0.05400555, -0.01306038, 0.003945241, 0.09517754, 0.05244035
 20620915, -0.0009967887, 0.009513567, 0.09340756, 0.05552876, -0.007702044, 0.005447973, 0.0942964, 0.05400555
 20820835, -0.007456641, 0.0008924307, 0.09254797, 0.05694883, -0.0009967887, 0.009513567, 0.09340756, 0.05552876
 21020755, 0.05720092, -0.01245189, 0.09180889, 0.05823717, -0.007456641, 0.0008924307, 0.09254797, 0.05694883
 21220675, 0.1659216, -0.03380933, 0.09162269, 0.05931137, 0.05720092, -0.01245189, 0.09180889, 0.05823717
 21420595, 0.3534882, -0.06139868, 0.09316652, 0.05998826, 0.1659216, -0.03380933, 0.09162269, 0.05931137
 21620515, 0.5838954, -0.1100708, 0.09734241, 0.06020391, 0.3534882, -0.06139868, 0.09316652, 0.05998826
 21820435, 0.8652779, -0.1519413, 0.1050105, 0.05999711, 0.5838954, -0.1100708, 0.09734241, 0.06020391
 22020355, 1.154118, -0.1839309, 0.114909, 0.05981611, 0.8652779, -0.1519413, 0.1050105, 0.05999711
 22220275, 1.414908, -0.2073846, 0.1249667, 0.0601212, 1.154118, -0.1839309, 0.114909, 0.05981611
 22420195, 1.645118, -0.2099091, 0.1344685, 0.06127708, 1.414908, -0.2073846, 0.1249667, 0.0601212
 22620948, 1.871096, -0.2186848, 0.144722, 0.06394029, 1.645118, -0.2099091, 0.1344685, 0.06127708
 22820868, 2.056578, -0.2122066, 0.1527718, 0.06614348, 1.871096, -0.2186848, 0.144722, 0.06394029
 23020788, 2.310477, -0.2110512, 0.1653649, 0.07417744, 2.056578, -0.2122066, 0.1527718, 0.06614348
 23220708, 2.478658, -0.1984454, 0.1798703, 0.09462079, 2.310477, -0.2110512, 0.1653649, 0.07417744
 23420628, 2.658536, -0.177731, 0.2053534, 0.125531, 2.478658, -0.1984454, 0.1798703, 0.09462079
 23620548, 2.84811, -0.2010674, 0.2378997, 0.1606416, 2.658536, -0.177731, 0.2053534, 0.125531
 23820468, 3.080019, -0.1995152, 0.2773092, 0.1988742, 2.84811, -0.2010674, 0.2378997, 0.1606416
 24020388, 3.238152, -0.1943728, 0.3207857, 0.2418444, 3.080019, -0.1995152, 0.2773092, 0.1988742
 24220308, 3.371004, -0.2345023, 0.3716414, 0.2877544, 3.238152, -0.1943728, 0.3207857, 0.2418444
 24420228, 3.525408, -0.272405, 0.4287524, 0.3427347, 3.371004, -0.2345023, 0.3716414, 0.2877544
 24620148, 3.671737, -0.2110084, 0.4922855, 0.399662, 3.525408, -0.272405, 0.4287524, 0.3427347
 24820901, 3.680283, -0.2800822, 0.5587181, 0.4568702, 3.671737, -0.2110084, 0.4922855, 0.399662
 25020821, 3.758455, -0.2867843, 0.6308338, 0.5180621, 3.680283, -0.2800822, 0.5587181, 0.4568702
 25220741, 3.805117, -0.2695894, 0.7028596, 0.5829194, 3.758455, -0.2867843, 0.6308338, 0.5180621
 25420661, 3.848214, -0.3044997, 0.7833633, 0.6466761, 3.805117, -0.2695894, 0.7028596, 0.5829194
 25620581, 3.876285, -0.2955831, 0.8718006, 0.7128922, 3.848214, -0.3044997, 0.7833633, 0.6466761
 25820501, 3.98038, -0.2537049, 0.9612837, 0.7824872, 3.876285, -0.2955831, 0.8718006, 0.7128922
 26020421, 3.885891, -0.4169259, 1.044012, 0.8501758, 3.98038, -0.2537049, 0.9612837, 0.7824872
 26220341, 3.963928, -0.3607715, 1.124817, 0.9155907, 3.885891, -0.4169259, 1.044012, 0.8501758
 26420261, 4.030173, -0.3437672, 1.204682, 0.9839733, 3.963928, -0.3607715, 1.124817, 0.9155907
 26620181, 3.899341, -0.2906584, 1.284475, 1.050006, 4.030173, -0.3437672, 1.204682, 0.9839733
 26820934, 3.968951, -0.4196247, 1.365134, 1.113239, 3.899341, -0.2906584, 1.284475, 1.050006
 27020854, 3.836506, -0.2623514, 1.437734, 1.174845, 3.968951, -0.4196247, 1.365134, 1.113239
 27220774, 3.815664, -0.238938, 1.510653, 1.232471, 3.836506, -0.2623514, 1.437734, 1.174845
 27420694, 3.932603, -0.4464245, 1.581897, 1.28492, 3.815664, -0.238938, 1.510653, 1.232471
 27620614, 3.897787, -0.3511638, 1.65484, 1.336853, 3.932603, -0.4464245, 1.581897, 1.28492
 27820534, 4.095354, -0.289838, 1.729072, 1.3858, 3.897787, -0.3511638, 1.65484, 1.336853
 28020454, 3.963778, -0.2292981, 1.80372, 1.433683, 4.095354, -0.289838, 1.729072, 1.3858
 28220374, 3.796768, -0.3981448, 1.876489, 1.480805, 3.963778, -0.2292981, 1.80372, 1.433683
 28420294, 3.907486, -0.2874646, 1.949273, 1.526505, 3.796768, -0.3981448, 1.876489, 1.480805
 28620214, 4.027939, -0.376182, 2.017604, 1.567948, 3.907486, -0.2874646, 1.949273, 1.526505
 28820967, 3.836396, -0.2403267, 2.027723, 1.626169, 4.027939, -0.376182, 2.017604, 1.567948
 29020887, 3.754677, -0.104627, 2.13712, 1.702108, 3.836396, -0.2403267, 2.027723, 1.626169
 29220807, 3.911372, -0.5631351, 2.295614, 1.764784, 3.754677, -0.104627, 2.13712, 1.702108
 29420727, 3.656311, -0.6298683, 2.30063, 1.79251, 3.911372, -0.5631351, 2.295614, 1.764784
 29620647, 3.556391, -0.6548156, 2.227008, 1.810942, 3.656311, -0.6298683, 2.30063, 1.79251
 29820567, 3.633565, -0.2904565, 2.169114, 1.826358, 3.556391, -0.6548156, 2.227008, 1.810942
 30020487, 3.715658, -0.4294104, 2.135664, 1.85649, 3.633565, -0.2904565, 2.169114, 1.826358
 30220407, 3.853841, -0.2409465, 2.123408, 1.881952, 3.715658, -0.4294104, 2.135664, 1.85649
 30420327, 3.767115, -0.07379638, 2.109092, 1.912884, 3.853841, -0.2409465, 2.123408, 1.881952
 30620247, 3.593154, -0.1154118, 2.090693, 1.945792, 3.767115, -0.07379638, 2.109092, 1.912884
 30820167, 3.411963, -0.08893568, 2.070971, 1.975837, 3.593154, -0.1154118, 2.090693, 1.945792
 31020920, 3.48072, -0.07130553, 2.055985, 1.989821, 3.411963, -0.08893568, 2.070971, 1.975837
 31220840, 3.312914, 0.1312245, 2.047318, 1.992769, 3.48072, -0.07130553, 2.055985, 1.989821
 31420760, 3.317222, 0.1088837, 2.04397, 1.994358, 3.312914, 0.1312245, 2.047318, 1.992769
 31620680, 3.509227, -0.01478164, 2.038028, 1.993992, 3.317222, 0.1088837, 2.04397, 1.994358
 31820600, 3.33816, -0.1317665, 2.026717, 1.989392, 3.509227, -0.01478164, 2.038028, 1.993992
 32020520, 3.139285, 0.003610688, 2.007685, 1.986009, 3.33816, -0.1317665, 2.026717, 1.989392
 32220440, 3.144342, -0.1062531, 1.989813, 1.979537, 3.139285, 0.003610688, 2.007685, 1.986009
 32420360, 3.129618, 0.04107258, 1.967781, 1.975912, 3.144342, -0.1062531, 1.989813, 1.979537
 32620280, 3.388039, 0.2767592, 1.944297, 1.971494, 3.129618, 0.04107258, 1.967781, 1.975912
 32820200, 3.09192, 0.1682045, 1.919345, 1.964364, 3.388039, 0.2767592, 1.944297, 1.971494
 33020953, 3.393349, 0.1680509, 1.894893, 1.954392, 3.09192, 0.1682045, 1.919345, 1.964364
 33220873, 3.449805, -0.05870688, 1.867858, 1.945351, 3.393349, 0.1680509, 1.894893, 1.954392
 33420793, 3.509356, -0.0318861, 1.840878, 1.934711, 3.449805, -0.05870688, 1.867858, 1.945351
 33620713, 3.471102, 0.09798776, 1.81399, 1.92425, 3.509356, -0.0318861, 1.840878, 1.934711
 33820633, 3.29231, 0.02204076, 1.788912, 1.910941, 3.471102, 0.09798776, 1.81399, 1.92425
 34020553, 3.491941, 0.009422913, 1.762818, 1.899267, 3.29231, 0.02204076, 1.788912, 1.910941
 34220473, 3.595795, 0.08408614, 1.743065, 1.882262, 3.491941, 0.009422913, 1.762818, 1.899267
 34420393, 3.242086, 0.1470407, 1.71883, 1.867604, 3.595795, 0.08408614, 1.743065, 1.882262
 34620313, 3.566526, 0.1494177, 1.697954, 1.851883, 3.242086, 0.1470407, 1.71883, 1.867604
 34820233, 3.479617, 0.2760115, 1.677138, 1.83526, 3.566526, 0.1494177, 1.697954, 1.851883
 35020153, 3.547504, 0.1473739, 1.655072, 1.820954, 3.479617, 0.2760115, 1.677138, 1.83526
 35220906, 3.446201, 0.2108228, 1.640526, 1.799966, 3.547504, 0.1473739, 1.655072, 1.820954
 35420826, 3.427302, 0.09503868, 1.620416, 1.785281, 3.446201, 0.2108228, 1.640526, 1.799966
 35620746, 3.36485, 0.2732443, 1.600961, 1.771509, 3.427302, 0.09503868, 1.620416, 1.785281
 35820666, 3.483916, 0.1006843, 1.585877, 1.753715, 3.36485, 0.2732443, 1.600961, 1.771509
 36020586, 3.539034, 0.1681882, 1.571613, 1.736144, 3.483916, 0.1006843, 1.585877, 1.753715
 36220506, 3.708539, 0.0982003, 1.556485, 1.719724, 3.539034, 0.1681882, 1.571613, 1.736144
 36420426, 3.522853, 0.1716487, 1.54102, 1.702125, 3.708539, 0.0982003, 1.556485, 1.719724
 36620346, 3.529283, 0.09711532, 1.524653, 1.689411, 3.522853, 0.1716487, 1.54102, 1.702125
 36820266, 3.39702, 0.2901734, 1.510931, 1.671812, 3.529283, 0.09711532, 1.524653, 1.689411
 37020186, 3.503597, 0.3494797, 1.495627, 1.656098, 3.39702, 0.2901734, 1.510931, 1.671812
 37220939, 3.538362, 0.2398238, 1.484509, 1.638873, 3.503597, 0.3494797, 1.495627, 1.656098
 37420859, 3.457586, 0.2755678, 1.47614, 1.623524, 3.538362, 0.2398238, 1.484509, 1.638873
 37620779, 3.677932, 0.08251044, 1.465843, 1.612646, 3.457586, 0.2755678, 1.47614, 1.623524
 37820699, 3.570385, 0.317638, 1.454352, 1.603291, 3.677932, 0.08251044, 1.465843, 1.612646
 38020619, 3.79886, 0.3333777, 1.447706, 1.591318, 3.570385, 0.317638, 1.454352, 1.603291
 38220539, 3.694203, 0.1134684, 1.43883, 1.580388, 3.79886, 0.3333777, 1.447706, 1.591318
 38420459, 3.674572, 0.09945093, 1.429907, 1.571114, 3.694203, 0.1134684, 1.43883, 1.580388
 38620379, 3.734504, 0.2020681, 1.420582, 1.560367, 3.674572, 0.09945093, 1.429907, 1.571114
 38820299, 3.607897, 0.1407859, 1.413157, 1.549832, 3.734504, 0.2020681, 1.420582, 1.560367
 39020219, 3.667304, 0.1861951, 1.408727, 1.539724, 3.607897, 0.1407859, 1.413157, 1.549832
 39220972, 3.681922, 0.2429221, 1.402483, 1.531564, 3.667304, 0.1861951, 1.408727, 1.539724
 39420892, 3.670322, 0.2726945, 1.397051, 1.522851, 3.681922, 0.2429221, 1.402483, 1.531564
 39620812, 3.767972, 0.07971848, 1.391888, 1.515974, 3.670322, 0.2726945, 1.397051, 1.522851
 39820732, 3.551266, 0.09362443, 1.386366, 1.507419, 3.767972, 0.07971848, 1.391888, 1.515974
 40020652, 3.690545, 0.2665508, 1.38137, 1.500555, 3.551266, 0.09362443, 1.386366, 1.507419
 40220572, 3.673688, 0.05326404, 1.379338, 1.49122, 3.690545, 0.2665508, 1.38137, 1.500555
 40420492, 3.597541, 0.08648307, 1.374581, 1.484979, 3.673688, 0.05326404, 1.379338, 1.49122
 40620412, 3.682716, 0.07900456, 1.372463, 1.477525, 3.597541, 0.08648307, 1.374581, 1.484979
 40820332, 3.607327, 0.1523602, 1.372275, 1.475297, 3.682716, 0.07900456, 1.372463, 1.477525
 41020252, 3.56971, 0.133689, 1.378096, 1.477524, 3.607327, 0.1523602, 1.372275, 1.475297
 41220172, 3.800418, 0.1847737, 1.386834, 1.480901, 3.56971, 0.133689, 1.378096, 1.477524
 41420925, 3.687174, 0.1400325, 1.393692, 1.48366, 3.800418, 0.1847737, 1.386834, 1.480901
 41620845, 3.894138, 0.05700752, 1.399019, 1.488766, 3.687174, 0.1400325, 1.393692, 1.48366
 41820765, 3.752294, 0.102719, 1.406442, 1.491403, 3.894138, 0.05700752, 1.399019, 1.488766
 42020685, 3.708608, 0.1215937, 1.41348, 1.495676, 3.752294, 0.102719, 1.406442, 1.491403
 42220605, 3.762094, 0.113881, 1.422507, 1.499944, 3.708608, 0.1215937, 1.41348, 1.495676
 42420525, 3.843546, 0.2158711, 1.432013, 1.505254, 3.762094, 0.113881, 1.422507, 1.499944
 42620445, 3.665363, 0.2178255, 1.441956, 1.507799, 3.843546, 0.2158711, 1.432013, 1.505254
 42820365, 3.573611, 0.2265909, 1.449735, 1.514556, 3.665363, 0.2178255, 1.441956, 1.507799
 43020285, 3.638316, 0.1293434, 1.458253, 1.519842, 3.573611, 0.2265909, 1.449735, 1.514556
 43220205, 3.71808, 0.03229949, 1.470895, 1.524539, 3.638316, 0.1293434, 1.458253, 1.519842
 43420958, 3.766358, 0.170821, 1.483318, 1.530066, 3.71808, 0.03229949, 1.470895, 1.524539
 43620878, 3.771881, 0.01667783, 1.49604, 1.534139, 3.766358, 0.170821, 1.483318, 1.530066
 43820798, 3.787678, 0.02917884, 1.512105, 1.537449, 3.771881, 0.01667783, 1.49604, 1.534139
 44020718, 3.724153, -0.01168998, 1.539325, 1.538434, 3.787678, 0.02917884, 1.512105, 1.537449
 44220638, 3.734975, -0.07373124, 1.609488, 1.564836, 3.724153, -0.01168998, 1.539325, 1.538434
 44420558, 3.727683, 0.3055032, 1.552944, 1.583575, 3.734975, -0.07373124, 1.609488, 1.564836
 44620478, 3.94746, 0.2614798, 1.561569, 1.568954, 3.727683, 0.3055032, 1.552944, 1.583575
 44820398, 3.655111, 0.09525773, 1.629118, 1.573626, 3.94746, 0.2614798, 1.561569, 1.568954
 45020318, 3.72332, -0.1555975, 1.639468, 1.569957, 3.655111, 0.09525773, 1.629118, 1.573626
 45220238, 3.588691, -0.06736246, 1.621128, 1.572449, 3.72332, -0.1555975, 1.639468, 1.569957
 45420158, 3.793028, -0.04180809, 1.608379, 1.590189, 3.588691, -0.06736246, 1.621128, 1.572449
 45620911, 3.864736, 0.01576781, 1.603719, 1.60989, 3.793028, -0.04180809, 1.608379, 1.590189
 45820831, 3.729234, 0.08802796, 1.60924, 1.623284, 3.864736, 0.01576781, 1.603719, 1.60989
 46020751, 3.691683, 0.1032826, 1.615532, 1.63647, 3.729234, 0.08802796, 1.60924, 1.623284
 46220671, 3.755844, 0.2255673, 1.623275, 1.64886, 3.691683, 0.1032826, 1.615532, 1.63647
 46420591, 3.827855, 0.02097763, 1.627993, 1.662497, 3.755844, 0.2255673, 1.623275, 1.64886
 46620511, 3.739376, 0.1570934, 1.632933, 1.674381, 3.827855, 0.02097763, 1.627993, 1.662497
 46820431, 3.72878, -0.07112282, 1.637855, 1.686713, 3.739376, 0.1570934, 1.632933, 1.674381
 47020351, 3.568643, 0.2154577, 1.642502, 1.699026, 3.72878, -0.07112282, 1.637855, 1.686713
 47220271, 3.833969, 0.1908784, 1.65046, 1.711852, 3.568643, 0.2154577, 1.642502, 1.699026
 47420191, 3.683938, 0.09163804, 1.653874, 1.72663, 3.833969, 0.1908784, 1.65046, 1.711852
 47620944, 3.753697, 0.04598295, 1.662276, 1.735302, 3.683938, 0.09163804, 1.653874, 1.72663
 47820864, 3.840804, 0.2307673, 1.665298, 1.748151, 3.753697, 0.04598295, 1.662276, 1.735302
 48020784, 3.660837, -0.03195775, 1.664679, 1.756573, 3.840804, 0.2307673, 1.665298, 1.748151
 48220704, 3.934557, 0.003314912, 1.666531, 1.763408, 3.660837, -0.03195775, 1.664679, 1.756573
 48420624, 3.652996, 0.06227813, 1.662637, 1.771562, 3.934557, 0.003314912, 1.666531, 1.763408
 48620544, 3.969821, 0.06564184, 1.667163, 1.775375, 3.652996, 0.06227813, 1.662637, 1.771562
 48820464, 3.921526, 0.2553962, 1.665567, 1.780172, 3.969821, 0.06564184, 1.667163, 1.775375
 49020384, 3.793166, 0.3013644, 1.661876, 1.786773, 3.921526, 0.2553962, 1.665567, 1.780172
 49220304, 3.784814, 0.1792862, 1.664248, 1.789926, 3.793166, 0.3013644, 1.661876, 1.786773
 49420224, 3.877831, 0.2966477, 1.665401, 1.792772, 3.784814, 0.1792862, 1.664248, 1.789926
 49620977, 3.779418, 0.2667563, 1.669681, 1.791317, 3.877831, 0.2966477, 1.665401, 1.792772
 49820897, 3.798545, 0.2700964, 1.673276, 1.792331, 3.779418, 0.2667563, 1.669681, 1.791317
 50020817, 3.727283, 0.2502386, 1.680786, 1.790599, 3.798545, 0.2700964, 1.673276, 1.792331
 50220737, 3.682134, 0.3725419, 1.685881, 1.791836, 3.727283, 0.2502386, 1.680786, 1.790599
 50420657, 3.681125, 0.233357, 1.690986, 1.793807, 3.682134, 0.3725419, 1.685881, 1.791836
 50620577, 4.007351, 0.2227153, 1.697065, 1.7949, 3.681125, 0.233357, 1.690986, 1.793807
 50820497, 3.797016, 0.1082793, 1.703172, 1.793692, 4.007351, 0.2227153, 1.697065, 1.7949
 51020417, 3.679323, 0.05050867, 1.707528, 1.794765, 3.797016, 0.1082793, 1.703172, 1.793692
 51220337, 3.669689, 0.05716364, 1.710712, 1.798844, 3.679323, 0.05050867, 1.707528, 1.794765
 51420257, 3.809148, 0.2318379, 1.716748, 1.795282, 3.669689, 0.05716364, 1.710712, 1.798844
 51620177, 3.831495, 0.00889264, 1.717803, 1.790948, 3.809148, 0.2318379, 1.716748, 1.795282
 51820930, 3.886275, 0.08989649, 1.716134, 1.788388, 3.831495, 0.00889264, 1.717803, 1.790948
 52020850, 3.930743, 0.3213347, 1.716327, 1.782583, 3.886275, 0.08989649, 1.716134, 1.788388
 52220770, 3.831757, 0.09825023, 1.702806, 1.790489, 3.930743, 0.3213347, 1.716327, 1.782583
 52420690, 3.791153, 0.09916514, 1.702043, 1.785506, 3.831757, 0.09825023, 1.702806, 1.790489
 52620610, 3.859522, 0.1628795, 1.704122, 1.778252, 3.791153, 0.09916514, 1.702043, 1.785506
 52820530, 3.796399, 0.1951985, 1.699933, 1.77468, 3.859522, 0.1628795, 1.704122, 1.778252
 53020450, 3.787319, 0.03266264, 1.697118, 1.768194, 3.796399, 0.1951985, 1.699933, 1.77468
 53220370, 3.686005, -0.02938192, 1.695471, 1.760689, 3.787319, 0.03266264, 1.697118, 1.768194
 53420290, 3.826458, 0.07183854, 1.69237, 1.75502, 3.686005, -0.02938192, 1.695471, 1.760689
 53620210, 3.873484, -0.07980706, 1.691383, 1.749244, 3.826458, 0.07183854, 1.69237, 1.75502
 53820963, 3.971706, 0.07222813, 1.694615, 1.740484, 3.873484, -0.07980706, 1.691383, 1.749244
 54020883, 3.874495, 0.1953797, 1.694597, 1.733427, 3.971706, 0.07222813, 1.694615, 1.740484
 54220803, 4.010935, 0.1557607, 1.69427, 1.726976, 3.874495, 0.1953797, 1.694597, 1.733427
 54420723, 3.626386, 0.2440872, 1.690331, 1.72035, 4.010935, 0.1557607, 1.69427, 1.726976
 54620643, 3.708902, 0.1476393, 1.687751, 1.716076, 3.626386, 0.2440872, 1.690331, 1.72035
 54820563, 3.737904, 0.02070985, 1.69317, 1.708582, 3.708902, 0.1476393, 1.687751, 1.716076
 55020483, 3.753427, 0.04725541, 1.699728, 1.707699, 3.737904, 0.02070985, 1.69317, 1.708582
 55220403, 3.823552, -0.05334774, 1.707318, 1.707478, 3.753427, 0.04725541, 1.699728, 1.707699
 55420323, 3.823616, 0.1092103, 1.715749, 1.705971, 3.823552, -0.05334774, 1.707318, 1.707478
 55620243, 3.849618, -0.1625911, 1.719362, 1.708737, 3.823616, 0.1092103, 1.715749, 1.705971
 55820163, 3.908769, 0.05426104, 1.726227, 1.708531, 3.849618, -0.1625911, 1.719362, 1.708737
 56020916, 3.83311, 0.03425508, 1.735735, 1.705699, 3.908769, 0.05426104, 1.726227, 1.708531
 56220836, 3.775415, -0.01993132, 1.744122, 1.70512, 3.83311, 0.03425508, 1.735735, 1.705699
 56420756, 3.72673, 0.1215047, 1.751361, 1.704987, 3.775415, -0.01993132, 1.744122, 1.70512
 56620676, 3.614572, -0.1487265, 1.754927, 1.70701, 3.72673, 0.1215047, 1.751361, 1.704987
 56820596, 3.781612, -0.0001265444, 1.763567, 1.705171, 3.614572, -0.1487265, 1.754927, 1.70701
 57020516, 3.779851, 0.07819447, 1.772059, 1.704323, 3.781612, -0.0001265444, 1.763567, 1.705171
 57220436, 3.749689, 0.01898567, 1.778836, 1.705521, 3.779851, 0.07819447, 1.772059, 1.704323
 57420356, 3.792642, 0.02584352, 1.792691, 1.702009, 3.749689, 0.01898567, 1.778836, 1.705521
 57620276, 3.911042, -0.06087585, 1.801687, 1.702894, 3.792642, 0.02584352, 1.792691, 1.702009
 57820196, 3.695975, 0.04586267, 1.808155, 1.704781, 3.911042, -0.06087585, 1.801687, 1.702894
 58020949, 3.792217, -0.1703038, 1.816972, 1.70333, 3.695975, 0.04586267, 1.808155, 1.704781
 58220869, 3.789199, -0.2253164, 1.827227, 1.702068, 3.792217, -0.1703038, 1.816972, 1.70333
 58420789, 3.729561, -0.1659182, 1.810965, 1.728053, 3.789199, -0.2253164, 1.827227, 1.702068
 58620709, 3.757427, 0.02230217, 1.81898, 1.730357, 3.729561, -0.1659182, 1.810965, 1.728053
 58820629, 3.759513, 0.09448268, 1.824213, 1.73945, 3.757427, 0.02230217, 1.81898, 1.730357
 59020549, 3.880911, 0.09085062, 1.833626, 1.745055, 3.759513, 0.09448268, 1.824213, 1.73945
 59220469, 3.754146, -0.1316629, 1.840697, 1.750769, 3.880911, 0.09085062, 1.833626, 1.745055
 59420389, 3.797783, 0.0530096, 1.845442, 1.757136, 3.754146, -0.1316629, 1.840697, 1.750769
 59620309, 3.826486, -0.05034727, 1.848217, 1.764177, 3.797783, 0.0530096, 1.845442, 1.757136
 59820229, 3.762701, 0.1356377, 1.852777, 1.77088, 3.826486, -0.05034727, 1.848217, 1.764177
 60020149, 3.898096, -0.1059344, 1.861512, 1.772121, 3.762701, 0.1356377, 1.852777, 1.77088
 60220902, 3.848541, -0.1088634, 1.864043, 1.781423, 3.898096, -0.1059344, 1.861512, 1.772121
 60420822, 3.956894, -0.03065065, 1.870828, 1.787269, 3.848541, -0.1088634, 1.864043, 1.781423
 60620742, 3.817599, -0.1109147, 1.876604, 1.792398, 3.956894, -0.03065065, 1.870828, 1.787269
 60820662, 3.786609, 0.08846302, 1.882597, 1.796599, 3.817599, -0.1109147, 1.876604, 1.792398
 61020582, 3.974304, -0.2029709, 1.885894, 1.805318, 3.786609, 0.08846302, 1.882597, 1.796599
 61220502, 3.747759, 0.09649024, 1.891576, 1.808803, 3.974304, -0.2029709, 1.885894, 1.805318
 61420422, 3.881387, 0.05922534, 1.89803, 1.813477, 3.747759, 0.09649024, 1.891576, 1.808803
 61620342, 3.739692, -0.05333345, 1.903339, 1.818855, 3.881387, 0.05922534, 1.89803, 1.813477
 61820262, 3.709804, 0.1075515, 1.90237, 1.823526, 3.739692, -0.05333345, 1.903339, 1.818855
 62020182, 3.867946, 0.03858545, 1.902397, 1.826069, 3.709804, 0.1075515, 1.90237, 1.823526
 62220935, 3.87719, 0.09830046, 1.903552, 1.829134, 3.867946, 0.03858545, 1.902397, 1.826069
 62420855, 3.905535, -0.03368642, 1.90641, 1.830898, 3.87719, 0.09830046, 1.903552, 1.829134
 62620775, 3.648995, 0.01157834, 1.903238, 1.838916, 3.905535, -0.03368642, 1.90641, 1.830898
 62820695, 3.830859, -0.202417, 1.910011, 1.839295, 3.648995, 0.01157834, 1.903238, 1.838916
 63020615, 3.851111, 0.1909701, 1.910946, 1.840743, 3.830859, -0.202417, 1.910011, 1.839295
 63220535, 3.727486, -0.2151348, 1.911129, 1.84454, 3.851111, 0.1909701, 1.910946, 1.840743
 63420455, 3.78253, -0.02064785, 1.910363, 1.848413, 3.727486, -0.2151348, 1.911129, 1.84454
 63620375, 3.733463, 0.1258931, 1.911369, 1.851284, 3.78253, -0.02064785, 1.910363, 1.848413
 63820295, 3.867705, 0.1229531, 1.914777, 1.853292, 3.733463, 0.1258931, 1.911369, 1.851284
 64020215, 3.985574, 0.169868, 1.914755, 1.860049, 3.867705, 0.1229531, 1.914777, 1.853292
 64220968, 3.639245, -0.03050471, 1.917349, 1.860979, 3.985574, 0.169868, 1.914755, 1.860049
 64420888, 3.982438, 0.03944783, 1.917624, 1.863674, 3.639245, -0.03050471, 1.917349, 1.860979
 64620808, 4.024344, -0.149725, 1.917844, 1.867998, 3.982438, 0.03944783, 1.917624, 1.863674
 64820728, 3.933245, -0.1230014, 1.919088, 1.87209, 4.024344, -0.149725, 1.917844, 1.867998
 65020648, 3.956576, -0.05488285, 1.920699, 1.876231, 3.933245, -0.1230014, 1.919088, 1.87209
 65220568, 3.53638, 0.07567515, 1.922129, 1.881017, 3.956576, -0.05488285, 1.920699, 1.876231
 65420488, 3.674432, 0.1582518, 1.92491, 1.88816, 3.53638, 0.07567515, 1.922129, 1.881017
 65620408, 3.752131, 0.2641923, 1.927628, 1.892434, 3.674432, 0.1582518, 1.92491, 1.88816
 65820328, 3.753378, -0.06113067, 1.928915, 1.898077, 3.752131, 0.2641923, 1.927628, 1.892434
 66020248, 3.86426, 0.1749078, 1.932772, 1.902373, 3.753378, -0.06113067, 1.928915, 1.898077
 66220168, 3.936743, -0.004851235, 1.933614, 1.910751, 3.86426, 0.1749078, 1.932772, 1.902373
 66420921, 3.780319, -0.09481811, 1.934314, 1.91673, 3.936743, -0.004851235, 1.933614, 1.910751
 66620841, 3.768344, 0.2109633, 1.936899, 1.921673, 3.780319, -0.09481811, 1.934314, 1.91673
 66820761, 3.958684, -0.1655157, 1.941367, 1.924946, 3.768344, 0.2109633, 1.936899, 1.921673
 67020681, 3.917946, 0.01414138, 1.942544, 1.930065, 3.958684, -0.1655157, 1.941367, 1.924946
 67220601, 3.630116, 0.04520332, 1.943001, 1.934557, 3.917946, 0.01414138, 1.942544, 1.930065
 67420521, 3.613474, 0.2042755, 1.944017, 1.940874, 3.630116, 0.04520332, 1.943001, 1.934557
 67620441, 3.824904, 0.1882684, 1.948107, 1.946175, 3.613474, 0.2042755, 1.944017, 1.940874
 67820361, 3.705465, 0.1565192, 1.951749, 1.951779, 3.824904, 0.1882684, 1.948107, 1.946175
 68020281, 3.946597, -0.08192039, 1.957666, 1.956192, 3.705465, 0.1565192, 1.951749, 1.951779
 68220201, 3.992702, 0.1174083, 1.961196, 1.96027, 3.946597, -0.08192039, 1.957666, 1.956192
 68420954, 3.681457, 0.1329058, 1.957273, 1.968709, 3.992702, 0.1174083, 1.961196, 1.96027
 68620874, 3.863947, 0.1055837, 1.964013, 1.971986, 3.681457, 0.1329058, 1.957273, 1.968709
 68820794, 3.842168, 0.001509851, 1.964255, 1.98063, 3.863947, 0.1055837, 1.964013, 1.971986
 69020714, 3.830659, 0.08167418, 1.967234, 1.987353, 3.842168, 0.001509851, 1.964255, 1.98063
 69220634, 3.600881, -0.1118731, 1.971574, 1.993568, 3.830659, 0.08167418, 1.967234, 1.987353
 69420554, 3.786625, 0.1520822, 1.97665, 1.998788, 3.600881, -0.1118731, 1.971574, 1.993568
 69620474, 3.744831, 0.07707173, 1.97472, 2.00524, 3.786625, 0.1520822, 1.97665, 1.998788
 69820394, 3.768469, -0.09412901, 1.973849, 2.011746, 3.744831, 0.07707173, 1.97472, 2.00524
 70020314, 3.842457, 0.2301979, 1.978856, 2.014091, 3.768469, -0.09412901, 1.973849, 2.011746
 70220234, 3.720891, 0.01053864, 1.97952, 2.018547, 3.842457, 0.2301979, 1.978856, 2.014091
 70420154, 3.958765, 0.1406365, 1.982329, 2.025017, 3.720891, 0.01053864, 1.97952, 2.018547
 70620907, 3.636404, -0.1132656, 1.982577, 2.031355, 3.958765, 0.1406365, 1.982329, 2.025017
 70820827, 3.721259, 0.1860448, 1.983599, 2.038507, 3.636404, -0.1132656, 1.982577, 2.031355
 71020747, 3.841189, -0.03286076, 1.988734, 2.042653, 3.721259, 0.1860448, 1.983599, 2.038507
 71220667, 3.698871, 0.1618399, 1.991893, 2.047018, 3.841189, -0.03286076, 1.988734, 2.042653
 71420587, 3.610301, -0.05665017, 1.988941, 2.054937, 3.698871, 0.1618399, 1.991893, 2.047018
 71620507, 3.905595, 0.3008423, 1.990811, 2.06112, 3.610301, -0.05665017, 1.988941, 2.054937
 71820427, 3.65857, 0.08306288, 1.994348, 2.066624, 3.905595, 0.3008423, 1.990811, 2.06112
 72020347, 3.788672, 0.1197782, 2.001342, 2.068682, 3.65857, 0.08306288, 1.994348, 2.066624
 72220267, 3.680071, 0.07975266, 2.000586, 2.07507, 3.788672, 0.1197782, 2.001342, 2.068682
 72420187, 3.800399, 0.2308704, 1.999757, 2.0784, 3.680071, 0.07975266, 2.000586, 2.07507
 72620940, 3.821532, 0.01260127, 2.00009, 2.082572, 3.800399, 0.2308704, 1.999757, 2.0784
 72820860, 3.662569, 0.1830303, 1.999335, 2.087471, 3.821532, 0.01260127, 2.00009, 2.082572
 73020780, 3.844819, 0.226474, 2.000764, 2.09206, 3.662569, 0.1830303, 1.999335, 2.087471
 73220700, 3.909371, 0.2814161, 2.002673, 2.093595, 3.844819, 0.226474, 2.000764, 2.09206
 73420620, 3.916425, 0.08768629, 2.000103, 2.100352, 3.909371, 0.2814161, 2.002673, 2.093595
 73620540, 3.822296, -0.05830069, 2.003156, 2.101465, 3.916425, 0.08768629, 2.000103, 2.100352
 73820460, 3.833038, -0.008223586, 2.003781, 2.10551, 3.822296, -0.05830069, 2.003156, 2.101465
 74020380, 3.760427, 0.126447, 2.00322, 2.10914, 3.833038, -0.008223586, 2.003781, 2.10551
 74220300, 3.935672, 0.1647667, 2.003767, 2.113847, 3.760427, 0.126447, 2.00322, 2.10914
 74420220, 3.640444, 0.03787851, 2.004565, 2.114816, 3.935672, 0.1647667, 2.003767, 2.113847
 74620973, 4.01296, 0.2448732, 2.003516, 2.124059, 3.640444, 0.03787851, 2.004565, 2.114816
 74820893, 3.852939, -0.05528349, 2.004877, 2.127316, 4.01296, 0.2448732, 2.003516, 2.124059
 75020813, 3.695833, -0.08705598, 2.004273, 2.129781, 3.852939, -0.05528349, 2.004877, 2.127316
 75220733, 3.722747, 0.1403659, 2.00206, 2.133845, 3.695833, -0.08705598, 2.004273, 2.129781
 75420653, 3.65794, 0.370873, 2.001306, 2.137999, 3.722747, 0.1403659, 2.00206, 2.133845
 75620573, 3.953655, 0.1110126, 1.999464, 2.142417, 3.65794, 0.370873, 2.001306, 2.137999
 75820493, 3.561417, 0.09027196, 1.996571, 2.143534, 3.953655, 0.1110126, 1.999464, 2.142417
 76020413, 3.685198, 0.002331302, 1.993002, 2.142405, 3.561417, 0.09027196, 1.996571, 2.143534
 76220333, 3.895919, 0.1702657, 1.987472, 2.147484, 3.685198, 0.002331302, 1.993002, 2.142405
 76420253, 3.90748, 0.1416133, 1.989145, 2.143497, 3.895919, 0.1702657, 1.987472, 2.147484
 76620173, 3.736647, 0.3953887, 1.984412, 2.146367, 3.90748, 0.1416133, 1.989145, 2.143497
 76820926, 3.784447, 0.1377404, 1.985518, 2.145281, 3.736647, 0.3953887, 1.984412, 2.146367
 77020846, 3.788585, 0.2308759, 1.9775, 2.147728, 3.784447, 0.1377404, 1.985518, 2.145281
 77220766, 3.687045, 0.3080182, 1.971776, 2.146988, 3.788585, 0.2308759, 1.9775, 2.147728
 77420686, 3.741785, 0.403078, 1.969999, 2.145342, 3.687045, 0.3080182, 1.971776, 2.146988
 77620606, 3.56239, 0.207416, 1.965534, 2.144924, 3.741785, 0.403078, 1.969999, 2.145342
 77820526, 3.59866, -0.02247588, 1.96202, 2.146517, 3.56239, 0.207416, 1.965534, 2.144924
 78020446, 3.888015, 0.4197434, 1.958902, 2.146614, 3.59866, -0.02247588, 1.96202, 2.146517
 78220366, 3.860018, 0.2637639, 1.954446, 2.149809, 3.888015, 0.4197434, 1.958902, 2.146614
 78420286, 3.726588, 0.1710045, 1.951665, 2.151711, 3.860018, 0.2637639, 1.954446, 2.149809
 78620206, 3.815871, 0.2174429, 1.949551, 2.15065, 3.726588, 0.1710045, 1.951665, 2.151711
 78820959, 3.868737, 0.4091744, 1.945089, 2.152895, 3.815871, 0.2174429, 1.949551, 2.15065
 79020879, 3.886924, 0.3816633, 1.944951, 2.156061, 3.868737, 0.4091744, 1.945089, 2.152895
 79220799, 3.674614, 0.006538585, 1.940752, 2.160379, 3.886924, 0.3816633, 1.944951, 2.156061
 79420719, 3.937099, 0.5056484, 1.940375, 2.162341, 3.674614, 0.006538585, 1.940752, 2.160379
 79620639, 3.703204, 0.2782447, 1.937093, 2.166943, 3.937099, 0.5056484, 1.940375, 2.162341
 79820559, 3.621171, 0.09256497, 1.933716, 2.172404, 3.703204, 0.2782447, 1.937093, 2.166943
 80020479, 3.750546, 0.256362, 1.936525, 2.172834, 3.621171, 0.09256497, 1.933716, 2.172404
 80220399, 3.790526, 0.3686541, 1.935064, 2.17717, 3.750546, 0.256362, 1.936525, 2.172834
 80420319, 3.792254, 0.3961291, 1.929582, 2.182579, 3.790526, 0.3686541, 1.935064, 2.17717
 80620239, 3.795487, 0.4356046, 1.927728, 2.187139, 3.792254, 0.3961291, 1.929582, 2.182579
 80820159, 3.790762, 0.137925, 1.926513, 2.190512, 3.795487, 0.4356046, 1.927728, 2.187139
 81020912, 3.687695, 0.291897, 1.924559, 2.194546, 3.790762, 0.137925, 1.926513, 2.190512
 81220832, 3.906883, 0.3895133, 1.923644, 2.199362, 3.687695, 0.291897, 1.924559, 2.194546
 81420752, 3.662381, 0.4181954, 1.923246, 2.200936, 3.906883, 0.3895133, 1.923644, 2.199362
 81620672, 3.871079, 0.2185386, 1.920778, 2.209078, 3.662381, 0.4181954, 1.923246, 2.200936
 81820592, 3.623471, 0.3948063, 1.921795, 2.212681, 3.871079, 0.2185386, 1.920778, 2.209078
 82020512, 3.80355, 0.2384833, 1.922846, 2.216352, 3.623471, 0.3948063, 1.921795, 2.212681
 82220432, 3.82411, 0.2517267, 1.920173, 2.21929, 3.80355, 0.2384833, 1.922846, 2.216352
 82420352, 3.835049, 0.3794214, 1.918793, 2.220817, 3.82411, 0.2517267, 1.920173, 2.21929
 82620272, 3.487628, 0.3985696, 1.916131, 2.224055, 3.835049, 0.3794214, 1.918793, 2.220817
 82820192, 3.614831, 0.4347773, 1.912, 2.230401, 3.487628, 0.3985696, 1.916131, 2.224055
 83020945, 3.811968, 0.4287827, 1.909596, 2.233786, 3.614831, 0.4347773, 1.912, 2.230401
 83220865, 3.74042, 0.1152201, 1.906985, 2.238826, 3.811968, 0.4287827, 1.909596, 2.233786
 83420785, 3.662178, 0.3389676, 1.905641, 2.242953, 3.74042, 0.1152201, 1.906985, 2.238826
 83620705, 3.940549, 0.5209801, 1.908296, 2.245849, 3.662178, 0.3389676, 1.905641, 2.242953
 83820625, 3.652525, 0.2556856, 1.903051, 2.25013, 3.940549, 0.5209801, 1.908296, 2.245849
 84020545, 3.732927, 0.4949939, 1.901414, 2.251662, 3.652525, 0.2556856, 1.903051, 2.25013
 84220465, 4.013527, 0.3023412, 1.90089, 2.252872, 3.732927, 0.4949939, 1.901414, 2.251662
 84420385, 3.711104, 0.6090026, 1.898884, 2.254402, 4.013527, 0.3023412, 1.90089, 2.252872
 84620305, 3.550793, 0.4260516, 1.894903, 2.260684, 3.711104, 0.6090026, 1.898884, 2.254402
 84820225, 3.716035, 0.3915812, 1.895027, 2.26376, 3.550793, 0.4260516, 1.894903, 2.260684
 85020145, 3.623998, 0.5051962, 1.889904, 2.271299, 3.716035, 0.3915812, 1.895027, 2.26376
 85220898, 3.611155, 0.2061219, 1.887437, 2.273381, 3.623998, 0.5051962, 1.889904, 2.271299
 85420818, 3.833219, 0.5257623, 1.888098, 2.274177, 3.611155, 0.2061219, 1.887437, 2.273381
 85620738, 3.692323, 0.2633003, 1.886004, 2.280085, 3.833219, 0.5257623, 1.888098, 2.274177
 85820658, 3.807345, 0.3612173, 1.884248, 2.287712, 3.692323, 0.2633003, 1.886004, 2.280085
 86020578, 3.92314, 0.5688051, 1.884369, 2.295234, 3.807345, 0.3612173, 1.884248, 2.287712
 86220498, 3.828673, 0.4341705, 1.884239, 2.301508, 3.92314, 0.5688051, 1.884369, 2.295234
 86420418, 3.806235, 0.4194462, 1.8853, 2.30908, 3.828673, 0.4341705, 1.884239, 2.301508
 86620338, 3.765158, 0.607048, 1.886808, 2.317403, 3.806235, 0.4194462, 1.8853, 2.30908
 86820258, 3.710127, 0.285869, 1.887082, 2.327203, 3.765158, 0.607048, 1.886808, 2.317403
 87020178, 3.655867, 0.5171311, 1.889486, 2.334521, 3.710127, 0.285869, 1.887082, 2.327203
 87220931, 3.613564, 0.5382394, 1.88887, 2.343181, 3.655867, 0.5171311, 1.889486, 2.334521
 87420851, 3.971129, 0.2263636, 1.891633, 2.350865, 3.613564, 0.5382394, 1.88887, 2.343181
 87620771, 3.95127, 0.3851257, 1.893737, 2.360091, 3.971129, 0.2263636, 1.891633, 2.350865
 87820691, 3.77958, 0.5075079, 1.896243, 2.368636, 3.95127, 0.3851257, 1.893737, 2.360091
 88020611, 3.722357, 0.3684871, 1.894714, 2.378048, 3.77958, 0.5075079, 1.896243, 2.368636
 88220531, 3.721444, 0.3192962, 1.898178, 2.385106, 3.722357, 0.3684871, 1.894714, 2.378048
 88420451, 3.764947, 0.5785602, 1.896574, 2.397173, 3.721444, 0.3192962, 1.898178, 2.385106
 88620371, 3.668851, 0.2587132, 1.898358, 2.404728, 3.764947, 0.5785602, 1.896574, 2.397173
 88820291, 3.804987, 0.7222695, 1.900721, 2.413764, 3.668851, 0.2587132, 1.898358, 2.404728
 89020211, 3.696552, 0.710418, 1.898824, 2.42533, 3.804987, 0.7222695, 1.900721, 2.413764
 89220964, 3.543584, 0.5419061, 1.90395, 2.431499, 3.696552, 0.710418, 1.898824, 2.42533
 89420884, 3.726429, 0.5847155, 1.903688, 2.440522, 3.543584, 0.5419061, 1.90395, 2.431499
 89620804, 3.629258, 0.2917441, 1.904994, 2.447675, 3.726429, 0.5847155, 1.903688, 2.440522
 89820724, 3.640177, 0.5926538, 1.902764, 2.458427, 3.629258, 0.2917441, 1.904994, 2.447675
 90020644, 3.706807, 0.6517879, 1.903769, 2.466258, 3.640177, 0.5926538, 1.902764, 2.458427
 90220564, 3.819078, 0.4849379, 1.906717, 2.472975, 3.706807, 0.6517879, 1.903769, 2.466258
 90420484, 3.640738, 0.4191376, 1.90635, 2.482792, 3.819078, 0.4849379, 1.906717, 2.472975
 90620404, 3.79962, 0.8310192, 1.907424, 2.492636, 3.640738, 0.4191376, 1.90635, 2.482792
 90820324, 3.87002, 0.4798307, 1.909269, 2.500937, 3.79962, 0.8310192, 1.907424, 2.492636
 91020244, 3.751726, 0.6025121, 1.908883, 2.509504, 3.87002, 0.4798307, 1.909269, 2.500937
 91220164, 3.482457, 0.2737608, 1.911499, 2.516893, 3.751726, 0.6025121, 1.908883, 2.509504
 91420917, 3.723332, 0.6573299, 1.913282, 2.526545, 3.482457, 0.2737608, 1.911499, 2.516893
 91620837, 3.440495, 0.7729501, 1.909212, 2.537925, 3.723332, 0.6573299, 1.913282, 2.526545
 91820757, 4.029445, 0.3082207, 1.914205, 2.54624, 3.440495, 0.7729501, 1.909212, 2.537925
 92020677, 3.601235, 0.8708051, 1.912849, 2.55649, 4.029445, 0.3082207, 1.914205, 2.54624
 92220597, 3.496889, 0.3868048, 1.91456, 2.565796, 3.601235, 0.8708051, 1.912849, 2.55649
 92420517, 3.838584, 0.7035353, 1.919834, 2.574811, 3.496889, 0.3868048, 1.91456, 2.565796
 92620437, 3.445662, 0.7043719, 1.921546, 2.58264, 3.838584, 0.7035353, 1.919834, 2.574811
 92820357, 3.886199, 0.8182368, 1.913294, 2.590471, 3.445662, 0.7043719, 1.921546, 2.58264
 93020277, 3.78508, 0.3867733, 1.913388, 2.590097, 3.886199, 0.8182368, 1.913294, 2.590471
 93220197, 3.689008, 0.7185271, 1.89848, 2.596894, 3.78508, 0.3867733, 1.913388, 2.590097
 93420950, 3.777227, 0.7427015, 1.897551, 2.59721, 3.689008, 0.7185271, 1.89848, 2.596894
 93620870, 3.614001, 0.6052332, 1.893689, 2.595123, 3.777227, 0.7427015, 1.897551, 2.59721
 93820790, 3.826156, 0.777491, 1.886259, 2.596671, 3.614001, 0.6052332, 1.893689, 2.595123
 94020710, 3.438269, 0.4150754, 1.879194, 2.597151, 3.826156, 0.777491, 1.886259, 2.596671
 94220630, 3.667498, 0.7836155, 1.875248, 2.597647, 3.438269, 0.4150754, 1.879194, 2.597151
 94420550, 3.942536, 0.7691941, 1.875808, 2.595839, 3.667498, 0.7836155, 1.875248, 2.597647
 94620470, 3.51228, 0.6834501, 1.865198, 2.599528, 3.942536, 0.7691941, 1.875808, 2.595839
 94820390, 3.519022, 0.6426676, 1.856992, 2.599406, 3.51228, 0.6834501, 1.865198, 2.599528
 95020310, 3.789764, 0.4481143, 1.853993, 2.596704, 3.519022, 0.6426676, 1.856992, 2.599406
 95220230, 3.709993, 0.8913925, 1.8446, 2.596879, 3.789764, 0.4481143, 1.853993, 2.596704
 95420150, 3.512836, 0.4937634, 1.839766, 2.5933, 3.709993, 0.8913925, 1.8446, 2.596879
 95620903, 3.705508, 0.6346905, 1.836205, 2.592865, 3.512836, 0.4937634, 1.839766, 2.5933
 95820823, 3.459305, 0.6237793, 1.825405, 2.596941, 3.705508, 0.6346905, 1.836205, 2.592865
 96020743, 3.682514, 0.384227, 1.821194, 2.599652, 3.459305, 0.6237793, 1.825405, 2.596941
 96220663, 3.48741, 0.7476242, 1.820662, 2.604625, 3.682514, 0.384227, 1.821194, 2.599652
 96420583, 3.6263, 0.5456599, 1.820837, 2.614405, 3.48741, 0.7476242, 1.820662, 2.604625
 96620503, 3.706549, 0.7166202, 1.822367, 2.625633, 3.6263, 0.5456599, 1.820837, 2.614405
 96820423, 3.75257, 0.9103857, 1.819577, 2.641379, 3.706549, 0.7166202, 1.822367, 2.625633
 97020343, 3.821465, 0.7418838, 1.821066, 2.653846, 3.75257, 0.9103857, 1.819577, 2.641379
 97220263, 3.512933, 0.8154771, 1.821045, 2.6644, 3.821465, 0.7418838, 1.821066, 2.653846
 97420183, 3.576587, 0.7843217, 1.824438, 2.67384, 3.512933, 0.8154771, 1.821045, 2.6644
 97620936, 3.562549, 0.7108613, 1.82586, 2.683451, 3.576587, 0.7843217, 1.824438, 2.67384
 97820856, 3.726218, 0.8770235, 1.827268, 2.694261, 3.562549, 0.7108613, 1.82586, 2.683451
 98020776, 3.542561, 0.7032572, 1.827531, 2.704639, 3.726218, 0.8770235, 1.827268, 2.694261
 98220696, 3.604639, 0.695791, 1.827149, 2.717811, 3.542561, 0.7032572, 1.827531, 2.704639
 98420616, 3.511354, 0.7520552, 1.832636, 2.724379, 3.604639, 0.695791, 1.827149, 2.717811
 98620536, 3.558508, 0.7237104, 1.828135, 2.738402, 3.511354, 0.7520552, 1.832636, 2.724379
 98820456, 3.52582, 0.8915292, 1.825632, 2.751833, 3.558508, 0.7237104, 1.828135, 2.738402
 99020376, 3.609427, 0.9178666, 1.826815, 2.765504, 3.52582, 0.8915292, 1.825632, 2.751833
 99220296, 3.652826, 0.8971088, 1.831932, 2.774705, 3.609427, 0.9178666, 1.826815, 2.765504
 99420216, 3.530364, 0.7391333, 1.830351, 2.787664, 3.652826, 0.8971088, 1.831932, 2.774705
 99620969, 3.655169, 0.8011304, 1.830336, 2.797204, 3.530364, 0.7391333, 1.830351, 2.787664
 99820889, 3.847065, 0.7002787, 1.823452, 2.804683, 3.655169, 0.8011304, 1.830336, 2.797204
 100020809, 3.675276, 1.030311, 1.818296, 2.80501, 3.847065, 0.7002787, 1.823452, 2.804683
 100220729, 3.834132, 1.141427, 1.812978, 2.807617, 3.675276, 1.030311, 1.818296, 2.80501
 100420649, 3.447971, 0.7227459, 1.802053, 2.808671, 3.834132, 1.141427, 1.812978, 2.807617
 100620569, 3.546524, 0.6799653, 1.797488, 2.808366, 3.447971, 0.7227459, 1.802053, 2.808671
 100820489, 3.715426, 0.7060019, 1.796242, 2.808024, 3.546524, 0.6799653, 1.797488, 2.808366
 101020409, 3.82727, 0.7857966, 1.793077, 2.810599, 3.715426, 0.7060019, 1.796242, 2.808024
 101220329, 3.595957, 0.9904795, 1.784431, 2.815493, 3.82727, 0.7857966, 1.793077, 2.810599
 101420249, 3.607559, 0.8102202, 1.774873, 2.818022, 3.595957, 0.9904795, 1.784431, 2.815493
 101620169, 3.674711, 0.8900699, 1.770879, 2.819396, 3.607559, 0.8102202, 1.774873, 2.818022
 101820922, 3.94742, 0.8383695, 1.766669, 2.818743, 3.674711, 0.8900699, 1.770879, 2.819396
 102020842, 3.619735, 0.7798167, 1.761195, 2.819855, 3.94742, 0.8383695, 1.766669, 2.818743
 102220762, 3.696484, 0.7640618, 1.757909, 2.819684, 3.619735, 0.7798167, 1.761195, 2.819855
 102420682, 3.568321, 1.180034, 1.749956, 2.822987, 3.696484, 0.7640618, 1.757909, 2.819684
 102620602, 3.44074, 0.598468, 1.744138, 2.824254, 3.568321, 1.180034, 1.749956, 2.822987
 102820522, 3.575479, 0.9083854, 1.73941, 2.824316, 3.44074, 0.598468, 1.744138, 2.824254
 103020442, 3.523524, 1.092513, 1.730522, 2.827737, 3.575479, 0.9083854, 1.73941, 2.824316
 103220362, 3.703995, 1.03113, 1.725352, 2.821554, 3.523524, 1.092513, 1.730522, 2.827737
 103420282, 3.392941, 0.8901631, 1.709428, 2.817072, 3.703995, 1.03113, 1.725352, 2.821554
 103620202, 3.611408, 0.8664451, 1.701472, 2.809351, 3.392941, 0.8901631, 1.709428, 2.817072
 103820955, 3.433568, 0.9318442, 1.688425, 2.801746, 3.611408, 0.8664451, 1.701472, 2.809351
 104020875, 3.714509, 1.116213, 1.680803, 2.794406, 3.433568, 0.9318442, 1.688425, 2.801746
 104220795, 3.665721, 0.8683823, 1.669442, 2.787938, 3.714509, 1.116213, 1.680803, 2.794406
 104420715, 3.652353, 0.9892753, 1.655685, 2.781789, 3.665721, 0.8683823, 1.669442, 2.787938
 104620635, 3.316347, 1.010152, 1.647718, 2.772575, 3.652353, 0.9892753, 1.655685, 2.781789
 104820555, 3.593816, 0.9257993, 1.639545, 2.764063, 3.316347, 1.010152, 1.647718, 2.772575
 105020475, 3.902845, 1.017981, 1.630346, 2.756114, 3.593816, 0.9257993, 1.639545, 2.764063
 105220395, 3.744678, 0.9046426, 1.622358, 2.747749, 3.902845, 1.017981, 1.630346, 2.756114
 105420315, 3.784565, 1.0647, 1.614827, 2.737521, 3.744678, 0.9046426, 1.622358, 2.747749
 105620235, 3.486593, 0.8371583, 1.602805, 2.728141, 3.784565, 1.0647, 1.614827, 2.737521
 105820155, 3.678779, 0.8836298, 1.595363, 2.719555, 3.486593, 0.8371583, 1.602805, 2.728141
 106020908, 3.414217, 1.042889, 1.584038, 2.712939, 3.678779, 0.8836298, 1.595363, 2.719555
 106220828, 3.592928, 1.161288, 1.57478, 2.705325, 3.414217, 1.042889, 1.584038, 2.712939
 106420748, 3.575572, 1.177146, 1.563964, 2.697746, 3.592928, 1.161288, 1.57478, 2.705325
 106620668, 3.601224, 0.8810529, 1.552177, 2.692314, 3.575572, 1.177146, 1.563964, 2.697746
 106820588, 3.503871, 1.035489, 1.539886, 2.69183, 3.601224, 0.8810529, 1.552177, 2.692314
 107020508, 3.373555, 1.04275, 1.536732, 2.687777, 3.503871, 1.035489, 1.539886, 2.69183
 107220428, 3.625923, 1.03802, 1.532547, 2.685737, 3.373555, 1.04275, 1.536732, 2.687777
 107420348, 3.877689, 0.9828303, 1.528203, 2.684038, 3.625923, 1.03802, 1.532547, 2.685737
 107620268, 3.650398, 1.016424, 1.520931, 2.684602, 3.877689, 0.9828303, 1.528203, 2.684038
 107820188, 3.724305, 1.024874, 1.515419, 2.684357, 3.650398, 1.016424, 1.520931, 2.684602
 108020941, 3.871106, 1.07447, 1.665187, 2.591834, 3.724305, 1.024874, 1.515419, 2.684357
 108220861, 3.567902, 0.9401476, 1.585717, 2.66021, 3.871106, 1.07447, 1.665187, 2.591834
 108420781, 3.266659, 1.042428, 1.607686, 2.895376, 3.567902, 0.9401476, 1.585717, 2.66021
 108620701, 3.394608, 1.205029, 1.793774, 3.444862, 3.266659, 1.042428, 1.607686, 2.895376
 108820621, 2.840063, 1.352054, 2.053394, 4.435647, 3.394608, 1.205029, 1.793774, 3.444862
 109020541, 1.823792, 0.8827743, 1.949344, 5.176922, 2.840063, 1.352054, 2.053394, 4.435647
 109220461, 1.7237, 0.6940093, 1.303641, 4.939131, 1.823792, 0.8827743, 1.949344, 5.176922
 109420381, 0.7279859, 0.222731, 0.9644084, 4.663499, 1.7237, 0.6940093, 1.303641, 4.939131
