TimeUS,CAN,CAE,CAD,CAe
 2920498, 0, 0, 0, 0
 2940490, -0.003111444, 0.0001335543, -0.01782252, 0.5431398
 3040450, -0.0002515618, -4.669258E-05, -0.0009208713, 0.01859007
 3140410, -0.0001235728, 0.0001568105, -0.0008023675, 0.01859007
 3240370, -0.000208512, 6.545273E-05, -0.0008477157, 0.01859937
 3340330, -5.009122E-05, 0.0001344704, -0.0009109667, 0.01859937
 3440290, -1.728416E-05, 4.056585E-05, -0.0007941502, 0.01859937
 3540250, -9.774975E-05, 0.0002153619, -0.0008693364, 0.01859937
 3640210, -0.0001012565, -3.393849E-05, -0.000874017, 0.01859937
 3740170, -6.378624E-05, 5.749457E-05, -0.001024447, 0.01859937
 3840963, -5.87756E-05, 6.374445E-05, -0.0009802198, 0.01875436
 3940923, -0.0001337899, 2.406721E-05, -0.001017421, 0.01859937
 4040883, -0.0001955183, 3.812335E-05, -0.0008993269, 0.01859937
 4140843, -9.449072E-06, -6.003785E-05, -0.001132722, 0.01859937
 4240803, -0.0001036252, 0.0001307419, -0.00106521, 0.01859007
 4340763, 9.909093E-05, 8.582932E-05, -0.001040719, 0.01859007
 4440723, -2.807134E-05, 5.950821E-05, -0.001023074, 0.01859007
 4540683, 3.742971E-07, -3.958411E-05, -0.001063103, 0.01859007
 4640643, -6.936335E-05, 2.644554E-05, -0.000821033, 0.01859007
 4740603, -7.404562E-05, 0.0001183094, -0.001037078, 0.01859007
 4840563, 7.436646E-05, 0.0001354383, -0.0009369344, 0.01859007
 4940523, -8.299637E-05, 1.202022E-05, -0.001062197, 0.01859007
 5040483, -5.318461E-05, 0.000149204, -0.0009842272, 0.01859007
 5140443, -2.598904E-05, 7.333558E-05, -0.0008585451, 0.01859007
 5240403, 4.097634E-05, 0.0001602372, -0.001094266, 0.01859007
 5340363, -2.477368E-05, 5.802285E-06, -0.0009776495, 0.01859007
 5440323, -1.820776E-05, 4.038413E-05, -0.0009483644, 0.01859007
 5540283, 5.08087E-05, 0.0001548575, -0.0009148751, 0.01859007
 5640243, -0.0001012506, 0.0001038945, -0.0008581732, 0.01859007
 5740203, -8.985219E-05, 7.118174E-05, -0.001030328, 0.01859007
 5840163, -4.222652E-05, 0.0003020092, -0.0009907001, 0.01859007
 5940956, -0.0001178955, 2.679684E-06, -0.001170212, 0.01874498
 6040916, 0.0001030881, 3.684238E-05, -0.001008365, 0.01859007
 6140876, -5.508718E-05, 0.0001749143, -0.001076668, 0.01859007
 6240836, -5.383607E-05, 8.883818E-05, -0.001084685, 0.01859937
 6340796, -4.996351E-05, 0.000155676, -0.001009327, 0.01859937
 6440756, -5.661484E-06, 6.899158E-05, -0.001029909, 0.01859937
 6540716, -0.0001040401, 8.78052E-06, -0.0009752091, 0.01859937
 6640676, -6.891642E-07, -4.728974E-05, -0.0008999943, 0.01859937
 6740636, -5.352593E-05, 0.0001432928, -0.0009032736, 0.01859937
 6840596, -1.684185E-05, 5.303219E-05, -0.001076191, 0.01859937
 6940556, 6.793132E-05, 0.0001711375, -0.001053579, 0.01859937
 7040516, -9.093914E-05, 0.0001078705, -0.0008778874, 0.01859937
 7140476, -1.595321E-05, 0.0001232504, -0.0008765623, 0.01859937
 7240436, -0.0001880758, 8.134306E-05, -0.000929756, 0.01859007
 7340396, -3.841078E-05, 0.0002379695, -0.001017621, 0.01859007
 7440356, 7.769674E-05, 3.643559E-05, -0.0009829212, 0.01859007
 7540316, -9.109013E-05, 0.0001391198, -0.0009965914, 0.01859007
 7640276, 2.519386E-05, 0.0001399705, -0.0009178685, 0.01859007
 7740236, -0.0001180544, 0.0001632687, -0.0009765531, 0.01859007
 7840196, -0.0001139439, 6.403094E-05, -0.0008614145, 0.01859007
 7940156, -0.0001413757, 7.929932E-05, -0.001082521, 0.01859007
 8040949, -7.861937E-05, 2.760125E-05, -0.0008453332, 0.01874498
 8140909, -0.0001319086, -6.580095E-05, -0.001023827, 0.01859007
 8240869, -4.237121E-06, 3.856899E-05, -0.0009620822, 0.01859937
 8340829, 8.662832E-05, 3.829547E-05, -0.0009455903, 0.01859937
 8440789, 4.912793E-05, -6.005598E-05, -0.0009063622, 0.01859937
 8540749, -4.449012E-05, 6.240548E-05, -0.0009302804, 0.01859937
 8640709, -3.484918E-05, 0.0002150753, -0.0009366674, 0.01859937
 8740669, -0.0001838185, 0.0002017697, -0.001014666, 0.01859937
 8840629, -2.328871E-05, 0.0001105393, -0.0008964289, 0.01859937
 8940589, -0.000145301, 0.000310249, -0.001010881, 0.01859937
 9040549, -9.22769E-05, 0.000191301, -0.0008982878, 0.01859937
 9140509, -7.467976E-05, 0.0002074277, -0.0009462576, 0.01859937
 9240469, -2.995532E-05, 0.0001968422, -0.000971596, 0.01859007
 9340429, -4.651435E-05, 0.0001910708, -0.0009752949, 0.01859007
 9440389, -0.0001292201, 0.0002395716, -0.0009190506, 0.01859007
 9540349, -0.0001631256, 0.0002708294, -0.0009575159, 0.01859007
 9640309, -6.295598E-05, 0.0001286915, -0.0009939031, 0.01859007
 9740269, 1.841783E-05, 0.0002379398, -0.0009597181, 0.01859007
 9840229, -0.0001626728, 3.511343E-05, -0.001080357, 0.01859007
 9940189, -4.690225E-05, 0.000142954, -0.0009225015, 0.01859007
 10040149, -3.121779E-05, 0.0001675184, -0.0008371341, 0.01859007
 10140942, -0.0001266203, 0.0001328477, -0.0009280739, 0.01874498
 10240902, -6.504558E-05, 5.57602E-05, -0.0009620822, 0.01859007
 10340862, -0.0001907316, 0.0002197395, -0.0009231498, 0.01859007
 10440822, 2.684454E-05, 0.000177644, -0.0009613005, 0.01859007
 10540782, -6.183395E-05, 0.0002831036, -0.000938412, 0.01859007
 10640742, 2.457605E-05, 0.0001248851, -0.001018412, 0.01859007
 10740702, -0.0001477175, 0.0001682786, -0.001022006, 0.01859007
 10840662, 1.57606E-05, 0.0002347587, -0.000912654, 0.01859007
 10940622, 0.0001125087, 0.0001452991, -0.001018546, 0.01859007
 11040582, -3.818656E-05, 6.282778E-05, -0.0008042646, 0.01859007
 11140542, -0.0001185459, 0.0002430385, -0.001002807, 0.01859007
 11240502, -7.110935E-05, 6.296075E-05, -0.0009830642, 0.01859937
 11340462, -0.0001005823, 0.0001161646, -0.000940576, 0.01859937
 11440422, -0.0001275148, 0.0001026832, -0.0009893845, 0.01859937
 11540382, 8.713308E-05, -1.318358E-05, -0.001031234, 0.01859937
 11640342, -0.0002539325, 0.0001675379, -0.00110235, 0.01859937
 11740302, 1.593457E-05, 8.119447E-05, -0.0009797562, 0.01859937
 11840262, -0.0001136297, 6.723437E-05, -0.0009317293, 0.01859937
 11940222, -7.936445E-05, 0.0001782306, -0.001056258, 0.01859937
 12040182, -4.317252E-05, 0.0001121832, -0.0008926825, 0.01859937
 12140975, 6.715298E-06, 0.0003340546, -0.0009384882, 0.01859937
 12240935, -0.0001036645, 2.816375E-05, -0.0009774072, 0.01874498
 12340895, -2.001519E-05, 0.0002480308, -0.001038069, 0.01859007
 12440855, -8.858118E-05, 0.0002403091, -0.0008897082, 0.01859007
 12540815, -2.394957E-05, 0.0001364633, -0.0009695656, 0.01859007
 12640775, -5.728891E-05, 4.897852E-05, -0.0008941982, 0.01859007
 12740735, -0.0001372107, 3.819788E-05, -0.001028317, 0.01859007
 12840695, 5.834625E-05, 0.0001140034, -0.001035457, 0.01859007
 12940655, -6.564562E-05, 0.0001426687, -0.0008913765, 0.01859007
 13040615, -0.0001710673, 2.892069E-05, -0.0009521012, 0.01859007
 13140575, -9.086201E-05, 0.0001508144, -0.0009079733, 0.01859007
 13240535, -0.0001048346, 0.0001817197, -0.0009587648, 0.01859937
 13340495, -0.0001314815, 0.0001135386, -0.0009112526, 0.01859937
 13440455, -7.798762E-05, 0.0002250633, -0.0009489172, 0.01859937
 13540415, 3.788786E-05, 0.0002173633, -0.0009683167, 0.01859937
 13640375, -0.0001716066, 0.000233119, -0.0008696796, 0.01859937
 13740335, 3.90793E-05, 0.000214055, -0.001028803, 0.01859937
 13840295, -0.0001197643, 7.244827E-05, -0.00105315, 0.01859937
 13940255, -0.0001407933, 5.69711E-05, -0.001012159, 0.01859937
 14040215, -0.0001979829, 7.523644E-05, -0.0009488219, 0.01859937
 14140175, -0.0002392591, 0.0003152782, -0.0009297847, 0.01859937
 14240968, -0.000103478, 0.0001531651, -0.0008635415, 0.01874498
 14340928, -0.0002362835, 0.0002823363, -0.0009374968, 0.01859007
 14440888, 9.579475E-06, 0.0002031241, -0.0009517675, 0.01859007
 14540848, -0.0001513834, 0.0003287867, -0.0009436264, 0.01859007
 14640808, 2.049289E-05, 0.0003125159, -0.001071835, 0.01859007
 14740768, 5.426327E-05, -3.183224E-06, -0.001016372, 0.01859007
 14840728, -1.634933E-05, 0.0001753251, -0.0008855709, 0.01859007
 14940688, -0.0001017045, 6.113888E-05, -0.0009978021, 0.01859007
 15040648, -0.0002102214, 0.0001860382, -0.001158003, 0.01859007
 15140608, -4.041535E-05, 0.0001280743, -0.0009941225, 0.01859007
 15240568, -8.575352E-05, 0.0002484203, -0.001125715, 0.01859007
 15340528, -3.764647E-05, 0.0002899207, -0.0009422537, 0.01859007
 15440488, -9.683109E-05, 0.0001893011, -0.001113894, 0.01859007
 15540448, -9.271519E-05, 5.309152E-05, -0.0009015767, 0.01859007
 15640408, -1.710232E-05, 0.0002068528, -0.0009237598, 0.01859007
 15740368, 7.769201E-05, 0.0001424878, -0.0009672967, 0.01859007
 15840328, -1.937021E-05, 0.0001943168, -0.0009179829, 0.01859007
 15940288, -2.007525E-05, 0.0001678249, -0.001026716, 0.01859007
 16040248, -7.616055E-05, 0.0001958399, -0.001047964, 0.01859007
 16140208, -9.688546E-05, 9.651404E-05, -0.0009387837, 0.01859007
 16240168, -0.000201115, 0.0002311127, -0.0009635884, 0.01859937
 16340961, -4.594468E-06, 0.0003251834, -0.001032701, 0.01875436
 16440921, 0.0001281601, 0.0001564999, -0.0009031401, 0.01859937
 16540881, -0.0001496849, 0.0002718239, -0.0008904517, 0.01859937
 16640841, -0.0001548523, 2.070157E-05, -0.000964351, 0.01859937
 16740801, -5.071294E-05, 0.0002146048, -0.0009052088, 0.01859937
 16840761, -0.0002066536, 0.0002030919, -0.0009696895, 0.01859937
 16940721, -0.0003102664, 0.0002539275, -0.0008729303, 0.01859937
 17040681, -5.472323E-05, 0.0002167836, -0.001012788, 0.01859937
 17140641, -0.0001136587, 0.0001593736, -0.0009025777, 0.01859937
 17240601, -0.0002580795, 0.0003772851, -0.0009124252, 0.01859007
 17340561, -0.000194339, 9.170097E-05, -0.0009288219, 0.01859007
 17440521, -0.0001318848, 0.000300602, -0.001014265, 0.01859007
 17540481, -0.0001235093, 0.0002264476, -0.0009623111, 0.01859007
 17640441, -9.783475E-05, 0.0002123827, -0.00102214, 0.01859007
 17740401, -0.0001126333, 0.0002654538, -0.0008788502, 0.01859007
 17840361, -0.000120574, 0.0002019536, -0.0008969533, 0.01859007
 17940321, -0.0001236246, 0.0001511765, -0.0009329687, 0.01859007
 18040281, -0.0001751811, 0.0002106166, -0.0009331498, 0.01859007
 18140241, -6.810629E-05, 0.0001437845, -0.0009142079, 0.01859007
 18240201, -0.000115389, 0.0003415659, -0.0008909189, 0.01859937
 18340161, -0.0003676336, 0.0001214392, -0.001061339, 0.01859937
 18440954, -6.701893E-05, 0.0002503778, -0.001014229, 0.01875436
 18540914, -0.0002654904, 0.0002177997, -0.001020309, 0.01859937
 18640874, -7.362528E-05, 0.0003937893, -0.001062769, 0.01859937
 18740834, -0.0001606345, 0.0001604241, -0.001088174, 0.01859937
 18840794, -0.0002544725, 0.0001729635, -0.0008806805, 0.01859937
 18940754, -6.804476E-05, 9.384778E-05, -0.0009734646, 0.01859937
 19040714, -0.0002858806, 0.0002090436, -0.001009003, 0.01859937
 19140674, -0.0002571123, 7.915554E-05, -0.000973169, 0.01859937
 19240634, -0.0001891033, 0.0002484721, -0.001184209, 0.01859007
 19340594, -0.0003399173, 0.0002648939, -0.0009467628, 0.01859007
 19440554, -0.0002376882, 8.535692E-05, -0.0008752657, 0.01859007
 19540514, -0.0001932668, 0.0002383016, -0.00103866, 0.01859007
 19640474, -8.236281E-05, 0.0002294084, -0.001019794, 0.01859007
 19740434, -0.0003062401, 0.0003592614, -0.0009575541, 0.01859007
 19840394, -0.0003134198, 0.0002710317, -0.001059099, 0.01859007
 19940354, -0.0001028137, 0.0002049816, -0.0009268771, 0.01859007
 20040314, -0.0001375842, 0.000422925, -0.000811052, 0.01859007
 20140274, -0.0001810541, 0.0002626381, -0.001067555, 0.01859007
 20240234, 6.354552E-05, 0.0003464344, -0.0009821013, 0.01859007
 20340194, -1.495058E-06, 0.0002995845, -0.001275572, 0.01859007
 20440154, -0.0003593513, 0.0003558917, -0.001057002, 0.01859007
 20540947, -0.0001200708, 0.0002416312, -0.001014321, 0.01874498
 20640907, 0.01330959, -0.002093644, -0.0009296226, 0.01859007
 20740867, 0.07515816, -0.01410183, -0.001016649, 0.01859007
 20840827, 0.165168, -0.03108969, -0.0001229748, 0.01859007
 20940787, 0.266621, -0.04928606, 0.002752814, 0.01859007
 21040747, 0.371554, -0.07011722, 0.004796312, 0.01859007
 21140707, 0.4733031, -0.08932576, 0.005005464, 0.01859007
 21240667, 0.5698925, -0.1075811, 0.003166486, 0.01859937
 21340627, 0.6600976, -0.1239379, -0.001918702, 0.01859937
 21440587, 0.7517929, -0.1406638, -0.00931367, 0.01859937
 21540547, 0.8270932, -0.1513456, -0.01911448, 0.01859937
 21640507, 0.8862991, -0.1685161, -0.03141571, 0.01859937
 21740467, 0.8905241, -0.1638572, -0.04214332, 0.01859937
 21840427, 0.855254, -0.1629196, -0.0520248, 0.01859937
 21940387, 0.8103797, -0.1485091, -0.06111594, 0.01859937
 22040347, 0.746875, -0.142381, -0.06762449, 0.01859937
 22140307, 0.6929898, -0.1296576, -0.0739418, 0.01859937
 22240267, 0.6214169, -0.1155324, -0.09967304, 0.01859007
 22340227, 0.5621362, -0.1051343, -0.1430621, 0.01859007
 22440187, 0.5054123, -0.09156513, -0.115874, 0.01859007
 22540147, 0.4576437, -0.08658345, -0.0691446, 0.01859007
 22640940, 0.4100464, -0.08100426, -0.05173453, 0.01874498
 22740900, 0.541223, -0.1001971, -0.2074849, 0.01859007
 22840860, 0.5439523, -0.09772358, -0.7880908, 0.01859007
 22940820, 0.3984363, -0.07606146, -0.9667819, 0.01859007
 23040780, 0.3402375, -0.07370258, -0.7946349, 0.01859007
 23140740, 0.342913, -0.07552657, -0.5192426, 0.01859007
 23240700, 0.3614164, -0.07166919, -0.3135722, 0.01859937
 23340660, 0.3770699, -0.0688678, -0.1693904, 0.01859937
 23440620, 0.3612139, -0.07929565, -0.1233579, 0.01859937
 23540580, 0.3208198, -0.07410526, -0.1362563, 0.01859937
 23640540, 0.2544848, -0.05027151, -0.2025649, 0.01859937
 23740500, 0.1729604, -0.0397959, -0.2929692, 0.01859937
 23840460, 0.1088234, -0.03097265, -0.3161104, 0.01859937
 23940420, 0.06606255, -0.02892215, -0.3176661, 0.01859937
 24040380, 0.03227582, -0.01934164, -0.2981503, 0.01859937
 24140340, 0.009174495, -0.08229262, -0.2434981, 0.01859937
 24240300, -0.02939029, -0.1258329, -0.2262342, 0.01859007
 24340260, -0.05960054, -0.1247515, -0.2303287, 0.01859007
 24440220, -0.07473305, -0.1023807, -0.2051191, 0.01859007
 24540180, -0.06337583, -0.08717657, -0.1420935, 0.01859007
 24640973, -0.05711963, -0.07632422, -0.09771805, 0.01859007
 24740933, -0.08095735, -0.06486215, -0.1112214, 0.01874498
 24840893, -0.1167271, -0.08314633, -0.1253737, 0.01859007
 24940853, -0.1207971, -0.104536, -0.09197289, 0.01859007
 25040813, -0.1173137, -0.1033496, -0.05362487, 0.01859007
 25140773, -0.133549, -0.08816426, -0.06672683, 0.01859007
 25240733, -0.1742611, -0.08481243, -0.1051471, 0.01859007
 25340693, -0.2463867, -0.08125721, -0.1863027, 0.01859007
 25440653, -0.298063, -0.08510605, -0.2646348, 0.01859007
 25540613, -0.3314803, -0.0839907, -0.2953339, 0.01859007
 25640573, -0.3127773, -0.07191476, -0.239665, 0.01859007
 25740533, -0.2794993, -0.05207262, -0.1644604, 0.01859007
 25840493, -0.2541223, -0.03491425, -0.1138991, 0.01859007
 25940453, -0.1824495, -0.02732172, -0.01012042, 0.01859007
 26040413, -0.1404612, -0.02768781, 0.06425394, 0.01859007
 26140373, -0.1208936, -0.03195393, 0.08717767, 0.01859007
 26240333, -0.1252006, -0.03561493, 0.09323388, 0.01859937
 26340293, -0.1300549, -0.03271804, 0.07010694, 0.01859937
 26440253, -0.1347462, -0.02868391, 0.06708144, 0.01859937
 26540213, -0.1527811, -0.02470433, 0.02880991, 0.01859937
 26640173, -0.1583232, -0.03742903, 0.02081773, 0.01859937
 26740966, -0.1505542, -0.04313338, 0.05191726, 0.01875436
 26840926, -0.1400096, -0.04693814, 0.068167, 0.01859937
 26940886, -0.1232418, -0.03376064, 0.09250479, 0.01859937
 27040846, -0.0965149, -0.03092241, 0.1284073, 0.01859937
 27140806, -0.1180544, -0.02583048, 0.08766073, 0.01859937
 27240766, -0.1259609, -0.02372844, 0.06744601, 0.01859007
 27340726, -0.09413096, -0.02381129, 0.1138162, 0.01859007
 27440686, -0.1082604, -0.03893575, 0.08990763, 0.01859007
 27540646, -0.1424658, -0.03042078, 0.01137755, 0.01859007
 27640606, -0.1515054, -0.03252728, 0.00235857, 0.01859007
 27740566, -0.1511537, -0.02704352, 0.006196565, 0.01859007
 27840526, -0.1503575, -0.02102498, 0.00594442, 0.01859007
 27940486, -0.1751684, -0.01669547, -0.06461567, 0.01859007
 28040446, -0.1612405, -0.01068457, -0.005468182, 0.01859007
 28140406, -0.1769663, 0.006093305, 0.003252292, 0.01859007
 28240366, -0.1883274, 0.01799553, 0.01877309, 0.01859937
 28340326, -0.1904213, 0.03010714, 0.03597435, 0.01859937
 28440286, -0.1943629, 0.03266444, 0.07788993, 0.01859937
 28540246, -0.1308223, -0.004103685, 0.2675146, 0.01859937
 28640206, -0.003233257, -0.0005144742, 0.586475, 0.01859937
 28740166, 0.09403699, 0.0968344, 0.7567501, 0.01859937
 28840959, 0.1227605, 0.1794334, 0.7750938, 0.01875436
 28940919, 0.1132634, 0.2064459, 0.7123725, 0.01859937
 29040879, 0.06460409, 0.2178919, 0.5153933, 0.01859937
 29140839, 0.01417112, 0.2641437, 0.2525243, 0.01859937
 29240799, -0.02309899, 0.2793287, 0.04349091, 0.01859007
 29340759, -0.0641655, 0.2595192, -0.07287993, 0.01859007
 29440719, -0.09089958, 0.214754, -0.1089707, 0.01859007
 29540679, -0.09086858, 0.1632961, -0.02426602, 0.01859007
 29640639, -0.093757, 0.1118636, 0.06183363, 0.01859007
 29740599, -0.07725359, 0.07962097, 0.1635982, 0.01859007
 29840559, -0.07983792, 0.06961027, 0.1727865, 0.01859007
 29940519, -0.08006886, 0.09773993, 0.1263739, 0.01859007
 30040479, -0.07348889, 0.1044358, 0.1532627, 0.01859007
 30140439, -0.07176913, 0.1071392, 0.1427554, 0.01859007
 30240399, -0.08846024, 0.1250811, 0.08831704, 0.01859007
 30340359, -0.1453799, 0.1591466, 0.04464628, 0.01859007
 30440319, -0.2429661, 0.217992, -0.06086176, 0.01859007
 30540279, -0.3534728, 0.2637945, -0.1742718, 0.01859007
 30640239, -0.4119843, 0.2661424, -0.1801235, 0.01859007
 30740199, -0.3983809, 0.2329433, -0.09457582, 0.01859007
 30840159, -0.3390863, 0.1719186, 0.05983594, 0.01859007
 30940952, -0.2733472, 0.1184598, 0.2224455, 0.01874498
 31040912, -0.2104185, 0.07879415, 0.3285681, 0.01859007
 31140872, -0.1692624, 0.05409686, 0.3868902, 0.01859007
 31240832, -0.1470485, 0.0531178, 0.3519831, 0.01859007
 31340792, -0.1320781, 0.05041476, 0.3037224, 0.01859007
 31440752, -0.1197372, 0.05467793, 0.2337446, 0.01859007
 31540712, -0.1068848, 0.05830211, 0.159175, 0.01859007
 31640672, -0.092237, 0.05367578, 0.1277707, 0.01859007
 31740632, -0.08466186, 0.04757182, 0.1008615, 0.01859007
 31840592, -0.06813028, 0.04516076, 0.07018643, 0.01859007
 31940552, -0.06317179, 0.04555051, 0.03899579, 0.01859007
 32040512, -0.05286524, 0.04006227, 0.04569305, 0.01859007
 32140472, -0.04170885, 0.02505568, 0.0621849, 0.01859007
 32240432, -0.03702989, 0.01404077, 0.07154581, 0.01859007
 32340392, -0.03229702, 0.0157142, 0.0597292, 0.01859007
 32440352, -0.02570173, 0.005975048, 0.07338822, 0.01859007
 32540312, -0.02108688, 0.001888728, 0.0928648, 0.01859007
 32640272, -0.01365692, -0.00144502, 0.09431839, 0.01859007
 32740232, -0.009127516, -0.005857284, 0.06659167, 0.01859007
 32840192, -0.01171308, -0.007643634, 0.02100956, 0.01859007
 32940152, -0.01184111, -0.01115975, 0.01440139, 0.01859007
 33040945, -0.01526797, -0.01978872, -0.01995572, 0.01874498
 33140905, -0.01718701, -0.02140287, -0.02453768, 0.01859007
 33240865, -0.01603027, -0.02389997, -0.02170517, 0.01859007
 33340825, -0.01287981, -0.02333594, -0.004252906, 0.01859007
 33440785, -0.01453739, -0.02469371, 0.01150683, 0.01859007
 33540745, -0.01376419, -0.02774101, 0.02510608, 0.01859007
 33640705, -0.009390201, -0.02424636, 0.02896453, 0.01859007
 33740665, -0.007565025, -0.0296401, 0.01171252, 0.01859007
 33840625, -0.007619916, -0.03706627, -0.004478656, 0.01859007
 33940585, -0.007248358, -0.03299739, -0.01943995, 0.01859007
 34040545, -0.00268822, -0.0352729, -0.0108279, 0.01859007
 34140505, -0.003420226, -0.04688133, 0.01362291, 0.01859007
 34240465, -0.004838163, -0.05648378, 0.01336736, 0.01859007
 34340425, -0.002541512, -0.05676241, 0.01918411, 0.01859007
 34440385, -0.002491781, -0.05231049, 0.01326606, 0.01859007
 34540345, 0.002478616, -0.04847319, 0.004601326, 0.01859007
 34640305, -0.0008829018, -0.05391102, -0.00943308, 0.01859007
 34740265, -0.007410113, -0.05822588, -0.01958991, 0.01859007
 34840225, -0.0004572063, -0.05169068, -0.0278457, 0.01859007
 34940185, -0.001867405, -0.04547546, -0.00949006, 0.01859007
 35040145, -0.001429106, -0.04403378, -0.01515961, 0.01859007
 35140938, -0.003059095, -0.05924674, -0.02627884, 0.01874498
 35240898, 0.00467383, -0.06057425, 0.002541602, 0.01859007
 35340858, -0.001365385, -0.06244516, -0.005450699, 0.01859007
 35440818, -0.001119804, -0.05688944, -0.006582954, 0.01859007
 35540778, 0.008492223, -0.04723147, 0.01349104, 0.01859007
 35640738, 0.005039722, -0.04345765, 0.02943502, 0.01859007
 35740698, 0.001302206, -0.04838102, -0.00967312, 0.01859007
 35840658, -0.0002166739, -0.0544263, -0.02938716, 0.01859007
 35940618, 0.002868791, -0.05833416, 0.00434038, 0.01859007
 36040578, -0.0006469063, -0.0572537, -0.005170832, 0.01859007
 36140538, -0.003055503, -0.0576994, -0.05063052, 0.01859007
 36240498, -0.004584804, -0.06135035, -0.06395509, 0.01859007
 36340458, -0.003104476, -0.06187942, -0.03735578, 0.01859007
 36440418, -0.005401248, -0.06118934, -0.008338081, 0.01859007
 36540378, -0.002842627, -0.05076302, 0.002364967, 0.01859007
 36640338, -0.001761948, -0.04815583, 0.03223879, 0.01859007
 36740298, -0.001359016, -0.053524, -0.003310749, 0.01859007
 36840258, 0.0008273289, -0.05500228, -0.0187784, 0.01859007
 36940218, -0.002121501, -0.05428112, -0.00785866, 0.01859007
 37040178, -0.006791132, -0.04897396, -0.03262898, 0.01859007
 37140971, -0.005175998, -0.05400063, -0.04551146, 0.01859007
 37240931, -0.009370716, -0.05646616, -0.04244458, 0.01874498
 37340891, -0.006793109, -0.06032335, -0.03529891, 0.01859007
 37440851, -0.004960226, -0.06063647, -0.02209217, 0.01859007
 37540811, -0.01109149, -0.05567744, -0.03207025, 0.01859007
 37640771, -0.01490888, -0.04256271, -0.001578062, 0.01859007
 37740731, -0.006067136, -0.03769273, -0.00198998, 0.01859007
 37840691, -0.01045758, -0.02423933, -0.01224414, 0.01859007
 37940651, -0.009456542, -0.02748941, -0.02527815, 0.01859007
 38040611, -0.01091774, -0.0366141, -0.0327465, 0.01859007
 38140571, -0.01263617, -0.03831875, -0.02138972, 0.01859007
 38240531, -0.01002723, -0.0363637, 0.006260808, 0.01859007
 38340491, -0.0108214, -0.0369034, 0.01466672, 0.01859007
 38440451, -0.008348769, -0.02613734, -0.02446086, 0.01859007
 38540411, -0.01295894, -0.02607376, -0.04906275, 0.01859007
 38640371, -0.01253176, -0.03081869, -0.08024935, 0.01859007
 38740331, -0.01303911, -0.03726678, -0.07952714, 0.01859007
 38840291, -0.02009141, -0.03026386, -0.04090077, 0.01859007
 38940251, -0.01708139, -0.03511741, 0.02236775, 0.01859007
 39040211, -0.006452822, -0.03258744, 0.003174503, 0.01859007
 39140171, -0.01006801, -0.03409635, -0.003772428, 0.01859007
 39240964, -0.01711221, -0.03108566, -0.04243764, 0.01874498
 39340924, -0.01904457, -0.02375256, -0.05800046, 0.01859007
 39440884, -0.02212565, -0.03091746, -0.04770643, 0.01859007
 39540844, -0.02234757, -0.02514116, -0.005070373, 0.01859007
 39640804, -0.01762947, -0.01680021, -0.01040547, 0.01859007
 39740764, -0.02627745, -0.01899048, -0.0090641, 0.01859007
 39840724, -0.02134624, -0.02236832, -0.00183567, 0.01859007
 39940684, -0.02197111, -0.02138508, -0.03421526, 0.01859007
 40040644, -0.0291253, -0.01501002, -0.03015511, 0.01859007
 40140604, -0.02294296, -0.02607264, -0.02639553, 0.01859007
 40240564, -0.01755741, -0.02239705, -0.03251825, 0.01859007
 40340524, -0.02071773, -0.0213928, -0.04394358, 0.01859007
 40440484, -0.02017369, -0.02929605, -0.02651297, 0.01859007
 40540444, -0.02285555, -0.02792169, -0.02105248, 0.01859007
 40640404, -0.01877369, -0.03365999, -0.01024226, 0.01859007
 40740364, -0.01314041, -0.02548215, -0.01812259, 0.01859007
 40840324, -0.01485657, -0.01792599, -0.007866553, 0.01859007
 40940284, -0.01439016, -0.01589577, 0.007572358, 0.01859007
 41040244, -0.02144899, -0.01282719, 0.01813514, 0.01859007
 41140204, -0.02297106, -0.01245584, 0.01609625, 0.01859007
 41240164, -0.01824351, -0.01636009, 0.03379655, 0.01859007
 41340957, -0.01961263, -0.01612769, -0.02758768, 0.01874498
 41440917, -0.02301324, -0.01587405, -0.03604927, 0.01859007
 41540877, -0.01942787, -0.005554172, -0.02064157, 0.01859007
 41640837, -0.02192143, -0.007217448, -0.03106619, 0.01859007
 41740797, -0.02680957, -0.007587816, -0.04859599, 0.01859007
 41840757, -0.01828333, -0.01280825, -0.04575742, 0.01859007
 41940717, -0.01560983, -0.01546481, -0.01251074, 0.01859007
 42040677, -0.01875851, -0.008825595, -0.01104095, 0.01859007
 42140637, -0.01834648, -0.003541103, -0.01326601, 0.01859007
 42240597, -0.01249083, -0.001761957, 0.01930906, 0.01859007
 42340557, -0.006440254, -0.002699615, 0.04598054, 0.01859007
 42440517, -0.008575547, -0.0001900963, 0.01240861, 0.01859007
 42540477, -0.02160015, -0.005964361, -0.02556468, 0.01859007
 42640437, -0.02358457, -0.008402399, -0.02490941, 0.01859007
 42740397, -0.02186981, -0.00436919, -0.04148693, 0.01859007
 42840357, -0.01765058, -0.001368281, -0.02937109, 0.01859007
 42940317, -0.01516738, 0.006117985, -0.02436661, 0.01859007
 43040277, -0.01684178, 0.008944257, -0.05199559, 0.01859007
 43140237, -0.02142593, 0.005368271, -0.04711401, 0.01859007
 43240197, -0.01587072, -0.005229205, 6.539584E-05, 0.01859007
 43340157, -0.01955382, -0.006193281, 0.01586948, 0.01859007
 43440950, -0.02407882, 0.004580589, -0.02111391, 0.01874498
 43540910, -0.01835849, 0.01205559, -0.009658505, 0.01859007
 43640870, -0.02268315, 0.01788601, 0.01977596, 0.01859007
 43740830, -0.02297479, 0.0284908, 0.02390426, 0.01859007
 43840790, -0.01943951, 0.03313955, -0.02031294, 0.01859007
 43940750, -0.02481949, 0.04164395, -0.02582946, 0.01859007
 44040710, -0.02184425, 0.03648703, -0.02271895, 0.01859007
 44140670, -0.02843235, 0.1592462, -0.01261285, 0.01859007
 44240630, -0.02796113, 0.2955566, 0.0183189, 0.01859007
 44340590, -0.02392119, 0.1822655, 0.001682333, 0.01859007
 44440550, -0.01720219, 0.01372038, -0.05032445, 0.01859007
 44540510, -0.0143945, -0.1020506, -0.05324551, 0.01859007
 44640470, -0.01266325, -0.1677756, 0.007871396, 0.01859007
 44740430, 0.001192767, -0.1596193, 0.07172044, 0.01859007
 44840390, -0.007184587, -0.1300943, 0.04242314, 0.01859007
 44940350, -0.01518672, -0.08172844, 0.01497392, 0.01859007
 45040310, -0.02431529, -0.04449164, -0.01829819, 0.01859007
 45140270, -0.01968062, -0.01403747, -0.01189261, 0.01859007
 45240230, -0.01851809, 0.003544705, -0.02176971, 0.01859007
 45340190, -0.01975209, 0.006130042, -0.04554909, 0.01859007
 45440150, -0.01764081, 0.0003669877, -0.03038134, 0.01859007
 45540943, -0.01842647, -0.002798219, -0.008366972, 0.01874498
 45640903, -0.01194875, -0.01680075, -0.003039346, 0.01859007
 45740863, -0.01886485, -0.02804769, -0.00594952, 0.01859007
 45840823, -0.01921705, -0.0403677, -0.02253538, 0.01859007
 45940783, -0.01546214, -0.03359329, 0.00371339, 0.01859007
 46040743, -0.01605325, -0.03442559, 0.01582689, 0.01859007
 46140703, -0.01791869, -0.03333998, 0.01340879, 0.01859007
 46240663, -0.01547351, -0.02244539, -0.003235362, 0.01859007
 46340623, -0.01217478, -0.01776003, 0.05103951, 0.01859007
 46440583, -0.01029846, -0.01465007, 0.03154251, 0.01859007
 46540543, -0.01395441, -0.01810511, -0.002908048, 0.01859007
 46640503, -0.01302211, -0.01968368, -0.01455007, 0.01859007
 46740463, -0.0167838, -0.02271973, -0.02338571, 0.01859007
 46840423, -0.01703221, -0.02270236, -0.03087821, 0.01859007
 46940383, -0.01418155, -0.02083241, -0.01524291, 0.01859007
 47040343, -0.0128023, -0.01958937, 0.03395884, 0.01859007
 47140303, -0.01103525, -0.009047385, 0.04594732, 0.01859007
 47240263, -0.01598703, -0.008628428, -0.003169479, 0.01859007
 47340223, -0.01994164, -0.001120581, -0.003187382, 0.01859007
 47440183, -0.01348031, -0.002810811, -0.01486987, 0.01859007
 47540976, -0.008793479, -0.0196757, -0.0423928, 0.01859007
 47640936, -0.006313252, -0.01509735, 0.01003287, 0.01874498
 47740896, 0.0001852305, -0.000388627, -0.01182879, 0.01859007
 47840856, -0.00799897, -0.002812281, -0.0001185231, 0.01859007
 47940816, -0.01106114, -0.004125696, 0.02300053, 0.01859007
 48040776, -0.01620664, -0.008702991, 0.01818068, 0.01859007
 48140736, -0.01560374, -0.001792175, 0.01148179, 0.01859007
 48240696, -0.01587952, -0.006645214, 0.00186015, 0.01859007
 48340656, -0.01300678, 0.000137515, -0.04376692, 0.01859007
 48440616, -0.008233864, 0.0008118618, -0.01801569, 0.01859007
 48540576, -0.007875626, -0.01073124, 0.01039478, 0.01859007
 48640536, -0.006631396, -0.007469709, 0.002228913, 0.01859007
 48740496, -0.003758191, -0.004577023, -0.001206926, 0.01859007
 48840456, -0.011706, 0.001089231, -0.007980338, 0.01859007
 48940416, -0.01840156, 0.004234881, -0.03257065, 0.01859007
 49040376, -0.01061843, 0.00735888, 0.004862156, 0.01859007
 49140336, -0.009591741, 0.004889631, 0.04845497, 0.01859007
 49240296, -0.006501568, 0.007479283, 0.03490665, 0.01859007
 49340256, -0.00571543, 0.008048312, 0.0001416786, 0.01859007
 49440216, -0.007528873, 0.009700933, -0.04000298, 0.01859007
 49540176, -0.009270797, 0.002889078, -0.03549965, 0.01859007
 49640969, -0.009531653, 0.002846934, -0.02475961, 0.01874498
 49740929, -0.007203585, 0.008738645, -0.03458245, 0.01859007
 49840889, -0.01014529, 0.007081209, 0.009015566, 0.01859007
 49940849, -0.01335484, 0.0008340499, 0.01279126, 0.01859007
 50040809, -0.01044547, 0.004068539, -0.00657038, 0.01859007
 50140769, -0.00508581, 0.01427275, 0.04336946, 0.01859007
 50240729, -0.005466356, 0.01108021, 0.06340441, 0.01859007
 50340689, -0.002929762, 0.007905155, 0.004930612, 0.01859007
 50440649, -0.007341256, 0.01925275, -0.007050506, 0.01859007
 50540609, -0.007899106, 0.01675107, -0.02936715, 0.01859007
 50640569, -0.006757645, 0.01149906, -0.01154243, 0.01859007
 50740529, -0.005394599, 0.008558283, -0.02238015, 0.01859007
 50840489, -0.01020473, 0.002945916, -0.01797535, 0.01859007
 50940449, -0.007079199, 0.0002962818, -0.03068964, 0.01859007
 51040409, -0.01031905, 0.0097335, -0.0365514, 0.01859007
 51140369, -0.01246236, 0.02296799, -0.005920721, 0.01859007
 51240329, -0.008568909, 0.01595895, 0.02897868, 0.01859007
 51340289, -0.007474465, 0.009407178, 0.03668158, 0.01859007
 51440249, -0.01031421, -0.001318363, -0.001558186, 0.01859007
 51540209, -0.01598006, 0.0005717786, 0.0272525, 0.01859007
 51640169, -0.01453232, -0.0005770253, 0.04556439, 0.01859007
 51740962, -0.006858423, 0.004911283, 0.01788862, 0.01874498
 51840922, -0.005287854, 0.006955876, 0.03409424, 0.01859007
 51940882, -0.008963507, -0.0007973316, 0.02649111, 0.01859007
 52040842, -0.005463216, 0.00329644, 0.03697743, 0.01859007
 52140802, -0.007677472, 0.007237192, 0.001325745, 0.01859007
 52240762, -0.005346111, 0.01703046, -0.02546624, 0.01859007
 52340722, 0.005115034, 0.02056114, -0.03178691, 0.01859007
 52440682, -0.0004626229, 0.001974449, -0.002939555, 0.01859007
 52540642, -0.001015442, -0.006658865, -0.01001697, 0.01859007
 52640602, -0.005007855, -0.004083542, -0.02199936, 0.01859007
 52740562, -0.001712152, 0.004128706, -0.01256469, 0.01859007
 52840522, 0.000270331, 0.005798179, 0.01786753, 0.01859007
 52940482, -0.00344152, 0.006798242, 0.02813847, 0.01859007
 53040442, -0.002215299, 0.002321768, 0.005213682, 0.01859007
 53140402, 0.002795081, 0.00765423, -0.02014518, 0.01859007
 53240362, -0.004374531, 0.0004683429, -0.0218276, 0.01859007
 53340322, -0.006661124, 0.005804818, -0.04386351, 0.01859007
 53440282, -0.0096166, 0.01112472, 0.000168466, 0.01859007
 53540242, -0.006228387, 0.01130227, -0.008241903, 0.01859007
 53640202, -0.002516218, 0.004667087, 0.01989612, 0.01859007
 53740162, -0.009902602, -0.008440331, -0.001214447, 0.01859007
 53840955, -0.01302334, 0.000441242, -0.03106581, 0.01874498
 53940915, -0.009924464, -3.932067E-05, -0.02432551, 0.01859007
 54040875, -0.006677295, -0.001215962, 0.04509279, 0.01859007
 54140835, -0.005645699, -0.002378093, -0.0153384, 0.01859007
 54240795, 0.005248845, 0.005316373, 0.01758118, 0.01859007
 54340755, 0.00227812, 0.01309891, 0.01579652, 0.01859007
 54440715, -0.0004437078, 0.009670242, 0.02923789, 0.01859007
 54540675, -0.004444982, 0.01467149, -0.01627865, 0.01859007
 54640635, -0.009690519, 0.01859882, -0.0313305, 0.01859007
 54740595, -0.01251981, 0.008870005, -0.001013503, 0.01859007
 54840555, -0.004218927, -0.005837308, 0.001055734, 0.01859007
 54940515, 0.0007660738, -0.008126486, -0.0217638, 0.01859007
 55040475, 0.003358627, 0.001074468, 0.0228593, 0.01859007
 55140435, 0.0003568074, 0.002503553, 0.02146089, 0.01859007
 55240395, 0.0007884667, 0.01232972, 0.009968135, 0.01859007
 55340355, -0.008815965, 0.004896664, -0.03942327, 0.01859007
 55440315, -0.009397867, 0.003111644, -0.02262797, 0.01859007
 55540275, -0.006532041, 0.01668599, 0.01459394, 0.01859007
 55640235, -0.003649349, 0.02111651, 0.002105347, 0.01859007
 55740195, -0.005983171, 0.01666606, -0.03031887, 0.01859007
 55840155, -0.006468261, 0.0111168, -0.03748345, 0.01859007
 55940948, -0.002846253, -0.00185166, -0.0430374, 0.01874498
 56040908, -0.001357518, 0.003357989, 0.01259939, 0.01859007
 56140868, 0.002481571, 0.005448895, 0.02284096, 0.01859007
 56240828, 0.002009171, 0.0005188477, 0.04844208, 0.01859007
 56340788, 0.001982915, 0.003658215, 0.03380707, 0.01859007
 56440748, 0.002851293, 0.00614102, 0.01049339, 0.01859007
 56540708, -0.0006176836, 0.009838138, -0.01238351, 0.01859007
 56640668, -0.0002097136, 0.02205494, -0.0359125, 0.01859007
 56740628, -0.005347204, 0.01885681, -0.03405074, 0.01859007
 56840588, -0.00327581, 0.005159396, 0.013436, 0.01859007
 56940548, -0.01012031, 0.005990221, -0.02796138, 0.01859007
 57040508, -0.005138505, 0.0150393, -0.06188444, 0.01859007
 57140468, -0.00444203, 0.01939188, -0.03404451, 0.01859007
 57240428, 0.001608175, 0.005672005, -0.005235704, 0.01859007
 57340388, -0.00509418, 0.002087292, 0.001273513, 0.01859007
 57440348, -0.005077593, -0.004748753, 0.0224212, 0.01859007
 57540308, -0.006419864, 0.004770881, 0.006112867, 0.01859007
 57640268, -0.009908249, -0.0009727125, 0.0449184, 0.01859007
 57740228, -0.007927874, 0.01435325, 0.04446531, 0.01859007
 57840188, -0.00438916, 0.01015014, 0.004299932, 0.01859007
 57940148, 0.00712283, 0.02253268, 0.01795779, 0.01859007
 58040941, 0.007503769, 0.02124995, 0.03097386, 0.01874498
 58140901, 0.01523022, 0.02004732, 0.04817891, 0.01859007
 58240861, 0.004984931, 0.02648675, 0.001753659, 0.01859007
 58340821, 0.003363236, 0.02247458, -0.02112351, 0.01859007
 58440781, 0.000746222, 0.01892975, -0.05662776, 0.01859007
 58540741, -0.004512946, 0.01306217, -0.06359635, 0.01859007
 58640701, 0.00259909, 0.006378962, -0.03623847, 0.01859007
 58740661, 0.000381904, 0.01902819, 0.01677044, 0.01859007
 58840621, 0.001506889, 0.02199668, 0.02733502, 0.01859007
 58940581, 0.001201924, 0.03264856, -0.005716297, 0.01859007
 59040541, -0.00394458, 0.02455858, 0.04512367, 0.01859007
 59140501, -0.001000294, 0.0179628, 0.04301453, 0.01859007
 59240461, -0.004055473, 0.01744618, -0.004081095, 0.01859007
 59340421, -0.002207334, 0.0137075, -0.001833811, 0.01859007
 59440381, -0.003589035, 0.01814184, 0.01106986, 0.01859007
 59540341, 0.003470895, 0.006977707, -0.01956199, 0.01859007
 59640301, 0.004123693, 0.02402334, -0.009765437, 0.01859007
 59740261, -0.0004406661, 0.0261789, 0.03183974, 0.01859007
 59840221, 0.002982374, 0.01606658, -0.001102588, 0.01859007
 59940181, -0.006455545, 0.003757175, -0.01393218, 0.01859007
 60040974, -0.004094712, -0.005442858, -0.05002832, 0.01859007
 60140934, -0.005183257, 0.0124532, -0.03999607, 0.01874498
 60240894, 0.006730464, 0.01770984, 0.01954784, 0.01859007
 60340854, 0.00469093, 0.01410229, 0.0297832, 0.01859007
 60440814, 0.008980596, 0.01467158, 0.03821143, 0.01859007
 60540774, 0.0007990042, 0.01377625, 0.003290071, 0.01859007
 60640734, -0.0007614879, 0.009917226, 0.02125546, 0.01859007
 60740694, -0.001607981, 0.009440855, -0.01935007, 0.01859007
 60840654, 0.0007008163, 0.007738145, -0.01436743, 0.01859007
 60940614, 0.006263037, 0.01394327, 0.005140278, 0.01859007
 61040574, 0.004936145, 0.02366241, 0.01911978, 0.01859007
 61140534, 0.004743558, 0.02131333, 0.006715787, 0.01859007
 61240494, 0.0002938632, 0.0201731, -0.02425244, 0.01859007
 61340454, 0.003250801, 0.01008522, 0.003192102, 0.01859007
 61440414, 0.006883685, 0.006639578, 0.05382795, 0.01859007
 61540374, 0.003887971, 0.002534029, 0.02640469, 0.01859007
 61640334, 0.0007822191, 0.002853357, 0.002666208, 0.01859007
 61740294, 0.001993455, 0.006000438, -0.02741756, 0.01859007
 61840254, -0.002987861, 0.01720712, -0.03906535, 0.01859007
 61940214, -0.0005554556, 0.02121389, -0.02583303, 0.01859007
 62040174, 0.00264309, 0.02681034, -0.006955511, 0.01859007
 62140967, 0.006754035, 0.02598719, -0.01525681, 0.01874498
 62240927, 0.0096053, 0.01993451, -0.028194, 0.01859007
 62340887, 0.005696751, 0.01386961, -0.03656187, 0.01859007
 62440847, 0.0026088, 0.008714335, -0.01000145, 0.01859007
 62540807, -0.002999424, 0.02132926, 0.03663633, 0.01859007
 62640767, -0.0009583167, 0.01991113, 0.06418318, 0.01859007
 62740727, -0.003008554, 0.007442463, 0.04749556, 0.01859007
 62840687, -0.003130517, 0.005202979, 0.01020828, 0.01859007
 62940647, -0.0004574161, -0.00118927, -0.002683777, 0.01859007
 63040607, 0.0006680616, 0.006777346, -0.01967091, 0.01859007
 63140567, -7.767623E-05, 0.01413171, -0.03035315, 0.01859007
 63240527, -0.00414162, 0.01009886, -0.04440711, 0.01859007
 63340487, 0.004786913, 0.01426471, -0.009912539, 0.01859007
 63440447, 0.004932825, 0.01524249, -0.03082247, 0.01859007
 63540407, 0.004614797, 0.01377569, 0.01336295, 0.01859007
 63640367, 0.005281383, 0.01205074, -0.002080342, 0.01859007
 63740327, -0.005429117, 0.007861971, 0.02115866, 0.01859007
 63840287, 0.001593987, 0.0109019, 0.03487249, 0.01859007
 63940247, 0.009788079, 0.02020999, 0.03256827, 0.01859007
 64040207, 0.008883089, 0.01512317, 0.03584202, 0.01859007
 64140167, 0.001589631, -0.0003557535, 0.0140609, 0.01859007
 64240960, 0.001268477, 0.002404722, -0.009066692, 0.01874498
 64340920, 0.001068648, 0.003335527, -0.04669593, 0.01859007
 64440880, 0.003525529, 0.008241119, -0.05338166, 0.01859007
 64540840, 0.00401366, 0.005930863, -0.02947343, 0.01859007
 64640800, 0.001332697, 0.01235597, -0.0113379, 0.01859007
 64740760, 0.003571699, 0.01083671, -0.01190111, 0.01859007
 64840720, -0.002039402, 0.006321203, 0.01001702, 0.01859007
 64940680, -0.0003304684, 0.01110271, 0.009467532, 0.01859007
 65040640, -0.007809081, 0.01369793, 0.02074256, 0.01859007
 65140600, 0.001875863, 0.01382091, 0.02861628, 0.01859007
 65240560, 0.007643064, 0.008366916, 0.008251122, 0.01859007
 65340520, 0.005138519, 0.009394803, 0.005380432, 0.01859007
 65440480, -0.002993698, 0.01147939, 0.008006878, 0.01859007
 65540440, 0.004314089, 0.01116497, 0.01861543, 0.01859007
 65640400, 0.006331386, 0.01091496, 0.006402792, 0.01859007
 65740360, 0.00656628, 0.007835944, -0.02605304, 0.01859007
 65840320, 0.0001087904, 0.009913285, 0.01782863, 0.01859007
 65940280, 0.0005129382, 0.01159179, -0.03057166, 0.01859007
 66040240, 0.005815419, 0.004289877, -0.01595816, 0.01859007
 66140200, 0.006257155, 0.01568644, 0.002250801, 0.01859007
 66240160, 0.006334139, 0.0218253, 0.01272731, 0.01859007
 66340953, 0.01040898, 0.01609338, 0.01474043, 0.01874498
 66440913, 0.008008362, 0.0148846, -0.002160304, 0.01859007
 66540873, 0.004061237, 0.01383421, -0.004358398, 0.01859007
 66640833, 0.001614091, 0.003999161, 0.004311896, 0.01859007
 66740793, -0.0003388164, -0.002833069, -0.003867404, 0.01859007
 66840753, -0.002210146, -0.0003266518, 0.0247329, 0.01859007
 66940713, 0.005254449, 0.003245679, 0.008041215, 0.01859007
 67040673, 0.007260937, 0.01168527, 0.0138307, 0.01859007
 67140633, 0.0082583, 0.0104194, -0.02189108, 0.01859007
 67240593, 0.008919032, 0.01329883, -0.01711241, 0.01859007
 67340553, 0.003689169, 0.011704, -0.03430128, 0.01859007
 67440513, 0.006404233, 0.01163019, -0.02873689, 0.01859007
 67540473, 4.601717E-05, 0.007031807, -0.0469591, 0.01859007
 67640433, 0.0003211399, 0.004605972, 0.01293737, 0.01859007
 67740393, -1.990666E-06, 0.004501069, 0.03696725, 0.01859007
 67840353, 0.003105995, 4.838061E-05, 0.04226642, 0.01859007
 67940313, -0.002824679, -0.002707137, 0.007955926, 0.01859007
 68040273, -0.005608438, -0.007254221, 0.001563505, 0.01859007
 68140233, -0.001750536, -0.006073159, 0.01346496, 0.01859007
 68240193, 0.00134028, -0.002423766, -0.01427813, 0.01859007
 68340153, -0.004068097, 0.007971521, -0.06598305, 0.01859007
 68440946, -0.005256874, 0.01862149, -0.06318812, 0.01874498
 68540906, -0.0001407394, 0.009321255, 0.002463356, 0.01859007
 68640866, 6.455454E-05, 0.008229163, 0.003935832, 0.01859007
 68740826, 0.0002782394, 0.0169187, -0.01325259, 0.01859007
 68840786, 0.0001395758, 0.01619112, -0.009978393, 0.01859007
 68940746, 0.002658036, 0.01310221, -0.0156055, 0.01859007
 69040706, 0.0009605295, 0.008211496, 0.03653235, 0.01859007
 69140666, 0.004832488, 0.002498981, 0.05935337, 0.01859007
 69240626, 0.001968445, -0.005199955, 0.04194526, 0.01859007
 69340586, 0.005067202, -0.002595049, 0.05003607, 0.01859007
 69440546, 0.005257146, 0.002034436, 0.01500646, 0.01859007
 69540506, 0.005912626, 0.007954422, -0.03088611, 0.01859007
 69640466, 0.003008502, 0.02102611, -0.01024985, 0.01859007
 69740426, 0.00165161, 0.02291627, -0.01735306, 0.01859007
 69840386, 0.005044954, 0.01282091, 2.532871E-05, 0.01859007
 69940346, -0.0007043672, 0.00689976, -0.00374402, 0.01859007
 70040306, -0.005224173, -0.001982894, -0.03886287, 0.01859007
 70140266, -0.003312424, -0.0005257153, -0.03139966, 0.01859007
 70240226, -0.001543229, -0.000840239, 0.01087545, 0.01859007
 70340186, 0.001770893, 0.01236068, -0.007129706, 0.01859007
 70440146, 0.008342904, 0.002049003, 0.02670719, 0.01859007
 70540939, 0.004478853, 0.006277649, -0.005018552, 0.01874498
 70640899, 0.005083738, 0.004754677, 0.01861097, 0.01859007
 70740859, 0.005736774, 0.01214701, -0.003129651, 0.01859007
 70840819, 0.00593097, 0.003292623, -0.008539206, 0.01859007
 70940779, 0.002560105, 0.0002663155, -0.00430058, 0.01859007
 71040739, 0.0001909327, -0.002080163, 0.03602859, 0.01859007
 71140699, -0.0006102878, -0.01022495, 0.04704414, 0.01859007
 71240659, -0.005257859, -0.001031652, -0.01757659, 0.01859007
 71340619, -0.005017393, 0.01279087, -0.06726737, 0.01859007
 71440579, -0.006669083, 0.01665476, -0.06114981, 0.01859007
 71540539, -0.0060802, 0.01878006, -0.0389795, 0.01859007
 71640499, -0.002512083, 0.01349566, -0.01928164, 0.01859007
 71740459, 0.005046166, 0.01077792, 0.02315417, 0.01859007
 71840419, 0.004657726, 0.004387218, 0.04041185, 0.01859007
 71940379, 0.006292583, -0.001089506, 0.01989418, 0.01859007
 72040339, 0.006163609, -0.01159158, 0.02877156, 0.01859007
 72140299, 0.002239775, -0.003024825, 0.03048875, 0.01859007
 72240259, -0.001065897, -0.0002201233, -0.001049528, 0.01859007
 72340219, -0.003947727, -0.0003784702, -0.00689143, 0.01859007
 72440179, 0.001334869, 0.006826224, -0.02781993, 0.01859007
 72540972, -0.001423965, 0.006229133, -0.01572912, 0.01859007
 72640932, 0.009626304, 0.01031287, 0.01320193, 0.01874498
 72740892, 0.00536193, 0.01063002, -0.002043374, 0.01859007
 72840852, 0.002816065, 0.008878285, 0.01594688, 0.01859007
 72940812, 0.007969917, 0.00384667, 0.03380252, 0.01859007
 73040772, 0.004056373, 0.008784152, 0.005148392, 0.01859007
 73140732, 0.004237564, 0.006048984, -0.01561908, 0.01859007
 73240692, -0.0004125202, 0.0001229352, -0.004593051, 0.01859007
 73340652, -0.00254222, 0.0028451, -0.02003707, 0.01859007
 73440612, -0.00217524, 0.01026504, -0.006591543, 0.01859007
 73540572, -0.009002544, 0.004369773, -0.0272119, 0.01859007
 73640532, -0.005478994, -0.003637974, -0.00582358, 0.01859007
 73740492, -0.001443367, -0.002052769, 0.02528415, 0.01859007
 73840452, 0.005198736, -0.00329136, 0.03084105, 0.01859007
 73940412, 0.005297579, -0.003197266, 0.006975606, 0.01859007
 74040372, 0.005000925, 0.006184979, 0.01690285, 0.01859007
 74140332, 0.007463371, 0.009305858, -0.04572026, 0.01859007
 74240292, 0.003610162, 0.00699078, -0.06559349, 0.01859007
 74340252, 0.001031633, -0.005211741, -0.03945821, 0.01859007
 74440212, 0.001666357, -0.002774088, 0.02290465, 0.01859007
 74540172, 0.002985189, 0.01601291, 0.02460207, 0.01859007
 74640965, 0.009275308, 0.01043197, 0.0360451, 0.01874498
 74740925, 0.006012662, 0.007977938, 0.02711151, 0.01859007
 74840885, 0.005298349, -0.0009105552, 0.02149328, 0.01859007
 74940845, 0.002578692, 0.0007751781, -0.03465993, 0.01859007
 75040805, 0.002359983, 0.0002834366, 0.008695308, 0.01859007
 75140765, -4.774323E-05, 0.007236703, -0.03295105, 0.01859007
 75240725, 0.00046161, 0.008342035, -0.0368635, 0.01859007
 75340685, 0.001190084, 0.008990473, -0.02389831, 0.01859007
 75440645, 0.0005671729, 0.002608675, -0.003195256, 0.01859007
 75540605, 0.001203765, 0.009414129, 0.04429668, 0.01859007
 75640565, -0.0006202761, 0.01265335, 0.01115762, 0.01859007
 75740525, -0.002725383, 0.009621439, 0.01650408, 0.01859007
 75840485, -0.006116496, 0.008263397, -0.003934726, 0.01859007
 75940445, -0.005813479, 0.001946341, -0.0408168, 0.01859007
 76040405, -0.00290028, 0.01202543, -0.01693089, 0.01859007
 76140365, 0.0047399, 0.0106342, -0.008922383, 0.01859007
 76240325, 0.0009464596, 0.007744339, -0.0001851683, 0.01859007
 76340285, 0.002042584, -0.005712772, 0.02044397, 0.01859007
 76440245, 0.004523139, -0.007424684, 0.02074633, 0.01859007
 76540205, 0.003340039, -0.007031165, 0.04215902, 0.01859007
 76640165, 0.005382537, 0.002247641, 0.008556662, 0.01859007
 76740958, 0.007224693, -0.002904225, 0.003659034, 0.01874498
 76840918, 0.006873791, -0.003619455, 0.03541736, 0.01859007
 76940878, 0.008766307, 0.007868877, -0.004523585, 0.01859007
 77040838, 0.00796431, 0.008489147, -0.01092054, 0.01859007
 77140798, 0.004123647, 0.0115413, -0.005215065, 0.01859007
 77240758, 0.003485009, 0.009344491, -0.03977329, 0.01859007
 77340718, 0.0005492737, 0.006499144, -0.02973918, 0.01859007
 77440678, 0.002606561, -0.002013278, 0.01078277, 0.01859007
 77540638, -0.0001494305, -0.003536776, 0.008324858, 0.01859007
 77640598, -0.0008742631, -0.002147621, -0.03220945, 0.01859007
 77740558, 0.003673782, 0.001304436, -0.0349202, 0.01859007
 77840518, 0.002166694, 0.0084627, -0.01201091, 0.01859007
 77940478, 0.002207074, 0.005470166, -0.01659802, 0.01859007
 78040438, -0.00477906, 0.009695063, -0.01326809, 0.01859007
 78140398, -0.006419458, 0.01130455, 0.01795452, 0.01859007
 78240358, -0.01105552, 0.002104564, 0.02159662, 0.01859007
 78340318, -0.004622558, 0.00358555, 0.03194033, 0.01859007
 78440278, -0.0002738531, 0.005942769, -0.003803, 0.01859007
 78540238, 0.001219971, 0.003217214, -0.0102739, 0.01859007
 78640198, 0.002405145, 0.003800701, 0.007980853, 0.01859007
 78740158, 0.007418958, 0.009116526, -0.02822536, 0.01859007
 78840951, 0.004991259, 0.01019472, -0.001087264, 0.01874498
 78940911, 0.0007017201, 0.007497656, 0.07859189, 0.01859007
 79040871, 0.0006362586, 0.002328438, 0.0538735, 0.01859007
 79140831, -0.002068281, 0.0007753061, -0.01286162, 0.01859007
 79240791, -0.002086201, 0.01132991, -0.04779027, 0.01859007
 79340751, 0.003434572, 0.007733667, -0.02989737, 0.01859007
 79440711, 0.0005359001, 0.001604302, -0.01755618, 0.01859007
 79540671, 0.003561228, 0.008913863, -0.01230705, 0.01859007
 79640631, 0.001726378, 0.008042612, 0.01428584, 0.01859007
 79740591, 0.0034152, 0.01057261, 0.02000926, 0.01859007
 79840551, 0.01045121, 0.01319732, 0.02263218, 0.01859007
 79940511, 0.006036175, 0.004187327, 0.01217612, 0.01859007
 80040471, -0.002954719, -0.004514112, -0.03769946, 0.01859007
 80140431, -0.004662542, 0.0002509102, -0.01304197, 0.01859007
 80240391, -0.001058772, 0.004898362, -0.0208566, 0.01859007
 80340351, 0.002277651, 0.005550632, -0.01817456, 0.01859007
 80440311, 0.00317286, 0.02190367, -0.02905386, 0.01859007
 80540271, 0.004575627, 0.01485459, 0.01584463, 0.01859007
 80640231, 0.004942754, 0.0009672898, 0.03381763, 0.01859007
 80740191, 0.004334957, 0.0001020635, 0.02193827, 0.01859007
 80840151, 0.004554422, 0.00309552, -0.02415154, 0.01859007
 80940944, 0.001316678, 0.002481712, -0.01178662, 0.01874498
 81040904, 0.003761168, -0.0002740032, 0.003676174, 0.01859007
 81140864, -0.001458346, 0.005018658, -0.02228707, 0.01859007
 81240824, -0.005583414, 0.008002906, -0.06870943, 0.01859007
 81340784, -0.008738383, -0.00458877, -0.04222663, 0.01859007
 81440744, -0.006184574, 0.002521033, -0.002667046, 0.01859007
 81540704, 0.006322302, 0.01321644, 0.03063933, 0.01859007
 81640664, 0.002777573, 0.003385089, 0.05279068, 0.01859007
 81740624, 0.003599276, 0.002497773, 0.05711623, 0.01859007
 81840584, 0.0008099855, -0.002771125, 0.01336204, 0.01859007
 81940544, -0.004319206, -0.0025418, 0.03442381, 0.01859007
 82040504, -0.0023677, 2.646365E-05, 0.02617949, 0.01859007
 82140464, 0.0040558, -0.002991261, 0.00630403, 0.01859007
 82240424, 0.007296264, 0.00112294, -0.05595955, 0.01859007
 82340384, -0.0006803687, 0.00176033, -0.01635466, 0.01859007
 82440344, 0.0003717701, 4.131329E-05, 0.007145777, 0.01859007
 82540304, 0.004017696, 0.001016373, -0.01430135, 0.01859007
 82640264, -0.001120957, 0.008094218, -0.008475012, 0.01859007
 82740224, -0.0005130593, 0.01044487, -6.034505E-06, 0.01859007
 82840184, -0.00296958, 0.01471554, -0.04856908, 0.01859007
 82940977, -0.001429918, 0.0156582, -0.01378323, 0.01859007
 83040937, 0.001439612, 0.005607911, -0.01957481, 0.01874498
 83140897, 0.003329002, 0.009059452, -0.003116743, 0.01859007
 83240857, 0.006591054, 0.01398639, 0.0009720346, 0.01859565
 83340817, 0.00602439, 0.00586848, 0.04598355, 0.01859937
 83440777, 0.00346408, 0.001641003, 0.03112395, 0.01859937
 83540737, -0.001515795, -0.003805455, 0.02592792, 0.01859937
 83640697, -0.002954632, -0.002692518, 0.005272663, 0.01859937
 83740657, -0.002891209, 0.004637737, 0.0400525, 0.01859937
 83840617, 0.0002183821, 0.0009606004, 0.02474667, 0.01859937
 83940577, 0.005915747, -0.00212249, -0.01315585, 0.01859937
 84040537, 0.007715453, 0.001593992, -0.04469125, 0.01859937
 84140497, 0.005910458, 0.00186746, -0.04479682, 0.01859937
 84240457, -0.006348622, 0.003193753, -0.05382824, 0.01859379
 84340417, -0.009415392, 0.003554819, -0.008513639, 0.01859007
 84440377, -0.01430579, -0.0005600237, -0.0005103833, 0.01859007
 84540337, -0.006315229, 0.006121873, -0.01449468, 0.01859007
 84640297, -0.009003232, 0.01038565, -0.001644268, 0.01859007
 84740257, -0.008128919, 0.0070275, 0.008497596, 0.01859007
 84840217, -0.008182464, 0.002505643, 0.03353946, 0.01859007
 84940177, -0.002445827, 0.01033283, 0.04259774, 0.01859007
 85040970, 0.00138984, 0.01341868, 0.007329145, 0.01859007
 85140930, 0.00076456, 0.01300851, -0.04259903, 0.01874498
 85240890, 0.003773205, 0.00143839, -0.02832063, 0.01859007
 85340850, 0.002210423, -0.004271736, -0.02618203, 0.01859007
 85440810, 0.00601541, -0.008137932, 0.007521814, 0.01859007
 85540770, 0.005477182, -0.000452348, 0.03014806, 0.01859007
 85640730, 0.01169504, 0.01060773, 0.03950917, 0.01859007
 85740690, 0.009834944, 0.0132342, 0.03627206, 0.01859007
 85840650, 0.01445494, 0.01175313, 0.04271241, 0.01859007
 85940610, 0.009327724, 0.007080964, -0.0225725, 0.01859007
 86040570, 0.009236276, 0.01059182, -0.02854346, 0.01859007
 86140530, 0.007158395, 0.008529157, -0.02659997, 0.01859007
 86240490, 0.002575997, -0.001289636, -0.02839934, 0.01859007
 86340450, -0.00261514, 0.004450107, -0.0329455, 0.01859007
 86440410, -0.003685201, 0.001060738, -0.00918529, 0.01859007
 86540370, 0.006052295, 0.003489344, 0.007028133, 0.01859007
 86640330, 0.00196942, 0.004422542, 0.009506989, 0.01859007
 86740290, 0.003539186, 0.006989893, 0.03365453, 0.01859007
 86840250, 0.005235363, 0.002634312, 0.02544297, 0.01859007
 86940210, 0.004976767, 0.001178094, 0.01771518, 0.01859007
 87040170, 0.001951584, 0.003574797, -0.0003588574, 0.01859007
 87140963, 0.002953842, 0.005215991, 0.005090764, 0.01874498
 87240923, 0.003334103, 0.006740883, -0.04395268, 0.01859007
 87340883, 0.0005407626, 0.009177235, -0.06364974, 0.01859007
 87440843, -0.001216215, 0.004474628, -0.04719005, 0.01859007
 87540803, 0.001031028, -0.004125958, 0.0103295, 0.01859007
 87640763, 0.001893259, 0.003060615, 0.04088248, 0.01859007
 87740723, -0.002739062, 0.006798862, 0.03072642, 0.01859007
 87840683, -0.001693011, 0.00439293, -0.005673427, 0.01859007
 87940643, 0.003190461, 0.007875578, -0.01536494, 0.01859007
 88040603, 0.003942722, 0.01208109, 0.03646646, 0.01859007
 88140563, 0.004704823, 0.01039565, 0.02070915, 0.01859007
 88240523, -0.002701178, -0.002098228, -0.03085237, 0.01859565
 88340483, -0.008244988, 0.01150703, -0.02085047, 0.01859937
 88440443, -0.004749523, 0.0123965, -0.001349414, 0.01859937
 88540403, -0.004571069, -0.000316723, -0.01566313, 0.01859937
 88640363, 3.674955E-06, 0.003251365, -0.03179421, 0.01859937
 88740323, 0.003994909, 0.006389867, -0.004357892, 0.01859937
 88840283, 0.0007924993, -0.0004568179, 0.007719651, 0.01859937
 88940243, 0.003346614, 0.00394501, 0.0232407, 0.01859937
 89040203, 0.00490815, 0.01017316, 0.04237719, 0.01859937
 89140163, 0.002886428, 0.004066868, 0.01021322, 0.01859937
 89240956, 0.006866588, -0.00141532, 0.01751552, 0.0187487
 89340916, 0.002943852, 0.00285162, -0.0167799, 0.01859007
 89440876, 0.004440431, 0.002314629, -0.01698873, 0.01859007
 89540836, 0.0004025333, -0.001208805, -0.01657503, 0.01859007
 89640796, -0.01238203, 0.001851503, 0.004757294, 0.01859007
 89740756, -0.001293331, 0.01264949, -0.01007093, 0.01859007
 89840716, -0.004072928, 0.01278604, -0.003097925, 0.01859007
 89940676, 0.005071414, 0.007254015, 0.009074423, 0.01859007
 90040636, 0.0006290809, 0.0003578917, -0.004100065, 0.01859007
 90140596, -0.004228055, 0.0005139458, -0.018007, 0.01859007
 90240556, -0.003751977, -0.0004923351, -0.0135234, 0.01859007
 90340516, -0.009666301, 0.001158703, 0.01740227, 0.01859007
 90440476, -0.004404614, 0.004544774, -0.0009441413, 0.01859007
 90540436, 0.00388153, 0.003690668, -0.006422935, 0.01859007
 90640396, 0.005628048, 0.003686453, 0.03874732, 0.01859007
 90740356, 0.008412343, 0.001473746, -0.004405319, 0.01859007
 90840316, 0.001890108, 0.002433001, -0.02476961, 0.01859007
 90940276, 0.002807794, 0.001948444, 0.001207841, 0.01859007
 91040236, 0.001885878, 0.002647642, 0.02740039, 0.01859007
 91140196, -0.002431447, 0.0002908876, -0.01549479, 0.01859007
 91240156, 0.003150533, -0.0006948666, 0.0106118, 0.01859007
 91340949, 0.004033737, -0.003045303, 0.01624904, 0.01874498
 91440909, 0.002888803, 0.00204905, -0.001816347, 0.01859007
 91540869, 0.002231203, 0.01222167, -0.05574529, 0.01859007
 91640829, -0.001214306, 0.01284851, -0.0108861, 0.01859007
 91740789, 0.001668835, 0.007076791, -0.004632612, 0.01859007
 91840749, -0.0012369, 0.01209665, -0.01367015, 0.01859007
 91940709, 0.001534877, 0.004003263, -0.01661588, 0.01859007
 92040669, 0.001460968, 0.005566553, -0.0005496686, 0.01859007
 92140629, -0.0005243498, 0.004117485, 0.01023631, 0.01859007
 92240589, 4.240492E-05, 0.002858636, 0.02971228, 0.01859007
 92340549, 0.0004919307, 0.005172508, 0.01886218, 0.01859007
 92440509, 0.002316113, -0.005143117, 8.413754E-05, 0.01859007
 92540469, -0.00430879, -0.008409034, 0.014982, 0.01859007
 92640429, -0.0001870784, -0.002499513, -0.006347843, 0.01859007
 92740389, 0.002431655, 0.01627702, -0.01857954, 0.01859007
 92840349, 0.004801186, 0.01737318, -0.03644732, 0.01859007
 92940309, 0.003075364, 0.00677343, 0.02223274, 0.01859007
 93040269, -0.0001288864, 0.00277841, 0.01349091, 0.01859007
 93140229, 0.006081361, 0.02238669, -0.00739474, 0.01859007
 93240189, 0.008475116, 0.02489871, -0.004208301, 0.01859565
 93340149, 0.005851162, 0.008960203, 0.02021818, 0.01859937
 93440942, 0.0003221695, 0.005425781, 0.03620223, 0.01875436
 93540902, -0.0090363, -0.002296672, 0.00641301, 0.01859937
 93640862, -0.00925409, -0.001688229, -0.02807522, 0.01859937
 93740822, -0.005847546, 0.004906314, -0.03195928, 0.01859937
 93840782, -0.0008171799, 0.0002617974, -0.03223938, 0.01859937
 93940742, -0.004590534, -0.004244135, -0.008523573, 0.01859937
 94040702, 0.004667567, 0.00769488, 0.006158319, 0.01859937
 94140662, 0.001797456, 0.002357348, -0.009755008, 0.01859937
 94240622, -0.001521087, -0.004122907, 0.02535424, 0.01859379
 94340582, -0.003063406, -0.007685377, 0.009250944, 0.01859007
 94440542, -0.001853314, -0.006536393, 0.05164193, 0.01859007
 94540502, 0.01076218, 0.003991861, 0.05314942, 0.01859007
 94640462, 0.008929216, 0.002028163, 0.05350141, 0.01859007
 94740422, 0.009411042, 0.006040191, -0.01880017, 0.01859007
 94840382, 0.005891033, 0.009940431, -0.03747116, 0.01859007
 94940342, 0.005823793, 0.003558773, -0.001045638, 0.01859007
 95040302, 0.002505763, 0.004276914, -0.01644804, 0.01859007
 95140262, 0.006085414, 0.01111453, -0.05134949, 0.01859007
 95240222, 0.003029086, 0.005306486, -0.04847076, 0.01859007
 95340182, -0.001952673, 0.001111682, -0.02244692, 0.01859007
 95440975, -0.003445239, -0.006838541, -0.0294573, 0.01859007
 95540935, -0.005717655, -0.006197375, -0.03048359, 0.01874498
 95640895, -0.006286385, -0.003362552, -0.02237158, 0.01859007
 95740855, 0.003050052, 0.009203094, 0.009897945, 0.01859007
 95840815, 0.005352421, 0.01957702, 0.06576651, 0.01859007
 95940775, 0.001452813, 0.01020838, 0.02172308, 0.01859007
 96040735, -0.003720095, 0.007468823, 0.01693303, 0.01859007
 96140695, -0.005761859, 0.008803488, 0.001459806, 0.01859007
 96240655, -0.006225889, 0.007869019, 0.002255071, 0.01859007
 96340615, -0.003566091, 0.002608371, -0.02726944, 0.01859007
 96440575, -0.0003720249, 0.01221292, -0.03450968, 0.01859007
 96540535, 0.003342694, 0.008908181, -0.03014966, 0.01859007
 96640495, -0.00372735, 0.01040456, -0.01720759, 0.01859007
 96740455, 0.0002286693, 0.01762223, 0.04365181, 0.01859007
 96840415, -0.002243165, 0.02082735, 0.01644082, 0.01859007
 96940375, 0.001438674, 0.02490573, 0.003023426, 0.01859007
 97040335, 0.006016798, 0.01100809, 0.007074825, 0.01859007
 97140295, -0.0001331488, 0.004628929, 0.0213408, 0.01859007
 97240255, 0.005485152, 0.004139425, 0.04239786, 0.01859007
 97340215, -0.001631013, 0.002830444, -0.007310421, 0.01859007
 97440175, -0.0005426465, -0.00882062, -0.01252736, 0.01859007
 97540968, -0.001017592, -0.002765045, 0.003098566, 0.01874498
 97640928, -0.001113727, -0.01011437, 0.02037345, 0.01859007
 97740888, -3.293683E-05, -0.003792941, 0.007552158, 0.01859007
 97840848, 0.002246942, -0.003686394, 0.007092261, 0.01859007
 97940808, 0.002023107, -0.004276528, -0.007661834, 0.01859007
 98040768, -0.001927568, 0.003582535, -0.008053856, 0.01859007
 98140728, 0.0003566947, 0.0125744, 0.006312429, 0.01859007
 98240688, 0.000163799, 0.006025299, -0.008580865, 0.01859565
 98340648, 0.0007427176, -0.0004368942, -0.0568197, 0.01859937
 98440608, -0.001416577, -0.002683146, -0.05019665, 0.01859937
 98540568, -0.007580939, 0.01022525, -0.03450478, 0.01859937
 98640528, -0.006124872, 0.01564281, 0.01072832, 0.01859937
 98740488, 0.001415747, 0.01811844, 0.003470558, 0.01859937
 98840448, 0.000795831, 0.01452436, 0.01726953, 0.01859937
 98940408, 0.005930549, 0.01297981, 0.03838643, 0.01859937
 99040368, 0.003893757, 0.0075585, -0.006254707, 0.01859937
 99140328, 0.004440652, -0.0002972054, -0.03463593, 0.01859937
 99240288, -0.0003578329, -0.002006869, -0.01077076, 0.01859379
 99340248, 0.001159463, 0.001628172, -0.001401693, 0.01859007
 99440208, 0.009239535, 0.002263855, 0.03619516, 0.01859007
 99540168, 0.008254587, 0.001387994, 0.01877572, 0.01859007
 99640961, 0.004233474, 0.003617712, -0.03094692, 0.01874498
 99740921, 0.006763558, 0.01378812, 0.007959052, 0.01859007
 99840881, 0.006978438, 0.008348607, 0.02137865, 0.01859007
 99940841, 0.006160378, 0.005021324, 0.01889509, 0.01859007
 100040801, 0.007772865, 0.005997539, -7.271732E-05, 0.01859007
 100140761, 0.004679902, 0.00623988, 0.0009948947, 0.01859007
 100240721, 0.0005876198, 0.002917919, -0.001617586, 0.01859007
 100340681, 0.000780502, -0.002706217, -0.01869962, 0.01859007
 100440641, 0.004543789, 0.007704697, -0.0149055, 0.01859007
 100540601, 0.0001604648, 0.002525547, -0.05059671, 0.01859007
 100640561, -0.002892542, -0.00338931, -0.04098672, 0.01859007
 100740521, -0.009068483, -0.009578926, -0.01962059, 0.01859007
 100840481, -0.00662616, -0.007113534, -0.009123918, 0.01859007
 100940441, -0.005779153, -0.003332883, 0.02269493, 0.01859007
 101040401, -0.01456853, 0.000709977, 0.04508555, 0.01859007
 101140361, -0.00318667, 0.002507807, 0.02746655, 0.01859007
 101240321, 0.002113217, 0.01411905, 0.01046431, 0.01859379
 101340281, 0.007804773, 0.01425713, 0.02833566, 0.01859937
 101440241, 0.002527888, 0.01579536, 0.01072728, 0.01859937
 101540201, 0.0002624558, 0.01312712, -0.02218617, 0.01859937
 101640161, -0.006984001, -0.001413369, 0.01015224, 0.01859937
 101740954, -0.001674106, 0.004001842, -0.0102959, 0.01875436
 101840914, 0.004552831, -0.001100669, -0.03248259, 0.01859937
 101940874, 0.004186929, 0.00568285, -0.02139516, 0.01859937
 102040834, -0.001526613, -0.003950148, -0.02278625, 0.01859937
 102140794, -0.005503503, -0.002755936, 0.02600329, 0.01859937
 102240754, 0.005143706, -0.002334794, 0.03961954, 0.01859565
 102340714, 0.00049021, 0.006229073, 0.03766365, 0.01859007
 102440674, -0.002669633, 0.005476131, 0.03978656, 0.01859007
 102540634, -0.00158582, 0.007108915, -0.0106759, 0.01859007
 102640594, 0.000602263, 0.007634154, -0.01390974, 0.01859007
 102740554, 0.004604121, 0.009618449, -0.01330723, 0.01859007
 102840514, 0.005003879, 0.00589705, -0.01223754, 0.01859007
 102940474, 0.005764771, 0.008572323, -0.00147278, 0.01859007
 103040434, 0.002537351, 0.009631384, -0.02944709, 0.01859007
 103140394, -0.0002835045, -0.00753399, -0.00099089, 0.01859007
 103240354, 0.009033223, 0.001576636, 0.01067126, 0.01859379
 103340314, 0.006298703, 0.005641025, -0.01730879, 0.01859937
 103440274, 0.001841093, 0.01316701, 0.006343077, 0.01859937
 103540234, 0.005910447, 0.0004716912, -0.00122256, 0.01859937
 103640194, 0.002833938, 0.00184859, -0.007529298, 0.01859937
 103740154, -0.01197999, 0.001857598, -0.02347749, 0.01859937
 103840947, -0.00466155, 0.0125105, -0.03674304, 0.01875436
 103940907, 0.001522202, 0.01217686, 0.01745833, 0.01859937
 104040867, 0.001059157, -0.003605822, 0.05985633, 0.01859937
 104140827, 0.001563538, -0.001271327, 0.03096533, 0.01859937
 104240787, 0.004079804, 0.006359348, -0.02624146, 0.01859565
 104340747, 0.01108406, 0.01689704, -0.02583481, 0.01859007
 104440707, -0.005472907, 0.00247529, 0.003649777, 0.01859007
 104540667, -0.004954963, -0.002717864, 0.003214732, 0.01859007
 104640627, -0.003092827, -0.0009126173, -0.01247497, 0.01859007
 104740587, -0.001569349, -0.001886614, -0.02492332, 0.01859007
 104840547, -0.002662672, -0.005885426, -0.02235582, 0.01859007
 104940507, 0.0005052184, -0.00933343, -0.02379734, 0.01859007
 105040467, -0.0006517123, 0.001591346, 0.02885531, 0.01859007
 105140427, 0.003327165, -0.0002238844, 0.06110682, 0.01859007
 105240387, -0.00737714, -0.004558933, -0.007006187, 0.01859007
 105340347, -0.009902473, -0.00630519, -0.03359189, 0.01859007
 105440307, -0.005810872, -0.005070305, 0.00643915, 0.01859007
 105540267, -0.00444995, -0.003018368, -0.01550314, 0.01859007
 105640227, -0.00201101, -0.003540873, -0.01907689, 0.01859007
 105740187, -0.004774134, -0.002463489, -0.01695622, 0.01859007
 105840147, -0.005039584, -0.009805527, 0.03927883, 0.01859007
 105940940, -0.001198738, -0.003455217, 0.0217502, 0.01874498
 106040900, 0.003694604, 0.0001764986, 0.01745286, 0.01859007
 106140860, 0.004181538, 0.002004474, 0.02567225, 0.01859007
 106240820, 0.000904321, 0.00398188, 0.01992596, 0.01859379
 106340780, 0.007148427, 0.009781308, 0.008729112, 0.01859937
 106440740, 0.005303869, 0.004993861, 0.01189844, 0.01859937
 106540700, 0.008653106, 0.0114549, -0.01757962, 0.01859937
 106640660, 0.005729435, 0.007743918, -0.01837824, 0.01859937
 106740620, 0.006969323, 0.01830472, -0.002795846, 0.01859937
 106840580, 0.01136441, 0.01578424, -0.03238475, 0.01859937
 106940540, 0.002276497, 0.0006033562, 0.008830265, 0.01859937
 107040500, 0.0003128434, -0.00135458, -0.00426181, 0.01859937
 107140460, -0.002610627, -0.007011565, -0.02732297, 0.01859937
 107240420, -0.003928945, -0.00206849, -0.0102131, 0.01859565
 107340380, -0.003864424, 0.0008972788, -0.03237076, 0.01859007
 107440340, -0.01073664, 0.001223251, -0.02158869, 0.01859007
 107540300, -0.008353859, 0.009210377, -0.03563998, 0.01859007
 107640260, -0.003512353, 0.007095825, 0.002068054, 0.01859007
 107740220, -0.00418873, 0.003037188, 0.06645549, 0.01859007
 107840180, -0.005112411, 0.004219533, 0.05053701, 0.01859007
 107940973, -0.004975393, 0.0003248423, 0.0323341, 0.01859007
 108040933, 0.007260405, 0.03460994, -0.03191055, 0.01874498
 108140893, -0.04655495, 0.006045391, -0.08593088, 0.01859007
 108240853, -0.5105476, -0.01686123, -0.07353906, 0.01859379
 108340813, -0.8020322, -0.05415158, 0.004508989, 0.01859937
 108440773, -0.9013093, -0.08216889, 0.08659548, 0.01859937
 108540733, -0.9221793, -0.11222, 0.1484105, 0.01859937
 108640693, -0.9159461, -0.1653668, 0.173308, 0.01859937
 108740653, -0.9170173, -0.2495286, 0.189913, 0.01859937
 108840613, -0.9243335, -0.3298109, 0.1761132, 0.01859937
 108940573, -0.9379565, -0.408752, 0.09468748, 0.01859937
 109040533, -0.9646028, -0.4801368, -0.03746683, 0.01859937
 109140493, -0.9880399, -0.5089472, -0.1789375, 0.01859937
