TimeUS,COFN,COFE,CNe,CEe,POFN,POFE,PNe,PEe
 8040949, 0.03694408, 0.02330383, 0.09741662, 0.0482171, 0, 0, 0, 0
 8220877, -0.005582885, 0.006759271, 0.09739261, 0.04819786, 0.03694408, 0.02330383, 0.09741662, 0.0482171
 8420797, -0.01012319, 0.001171487, 0.09739363, 0.04819679, -0.005582885, 0.006759271, 0.09739261, 0.04819786
 8620717, -0.004782027, 0.008312037, 0.09739364, 0.04819635, -0.01012319, 0.001171487, 0.09739363, 0.04819679
 8820637, -0.01130065, 0.006205959, 0.09739697, 0.04819239, -0.004782027, 0.008312037, 0.09739364, 0.04819635
 9020557, -0.01544516, 0.007627861, 0.09740147, 0.04818812, -0.01130065, 0.006205959, 0.09739697, 0.04819239
 9220477, -0.007585499, -0.0001349815, 0.09739809, 0.04818608, -0.01544516, 0.007627861, 0.09740147, 0.04818812
 9420397, -0.00698661, -0.00183063, 0.0973988, 0.04818444, -0.007585499, -0.0001349815, 0.09739809, 0.04818608
 9620317, -0.01682849, 0.003401363, 0.09740451, 0.04818187, -0.00698661, -0.00183063, 0.0973988, 0.04818444
 9820237, -0.00564478, 0.00642605, 0.0973992, 0.04818438, -0.01682849, 0.003401363, 0.09740451, 0.04818187
 10020157, -0.007225762, 0.005454072, 0.09739913, 0.04818487, -0.00564478, 0.00642605, 0.0973992, 0.04818438
 10220910, -0.001924451, 0.00234363, 0.09739818, 0.0481841, -0.007225762, 0.005454072, 0.09739913, 0.04818487
 10420830, -0.004470699, 0.01232624, 0.09740095, 0.04818454, -0.001924451, 0.00234363, 0.09739818, 0.0481841
 10620750, -0.01188556, 0.01024025, 0.09740372, 0.04818169, -0.004470699, 0.01232624, 0.09740095, 0.04818454
 10820670, -0.002549576, 0.008689227, 0.09739926, 0.04818461, -0.01188556, 0.01024025, 0.09740372, 0.04818169
 11020590, -0.004292417, -0.005006936, 0.09739745, 0.04818685, -0.002549576, 0.008689227, 0.09739926, 0.04818461
 11220510, -0.006883869, 0.005758804, 0.09739771, 0.0481877, -0.004292417, -0.005006936, 0.09739745, 0.04818685
 11420430, -0.01576169, 0.007444442, 0.09740239, 0.0481865, -0.006883869, 0.005758804, 0.09739771, 0.0481877
 11620350, -0.01323003, 0.0012645, 0.09739957, 0.04818749, -0.01576169, 0.007444442, 0.09740239, 0.0481865
 11820270, -0.00590344, 0.003933602, 0.09739695, 0.04818812, -0.01323003, 0.0012645, 0.09739957, 0.04818749
 12020190, -0.007525523, 0.008869719, 0.09739909, 0.04818693, -0.00590344, 0.003933602, 0.09739695, 0.04818812
 12220943, -0.006503228, 0.00452539, 0.09739839, 0.04818568, -0.007525523, 0.008869719, 0.09739909, 0.04818693
 12420863, -0.0005856694, 0.008481622, 0.09739746, 0.0481879, -0.006503228, 0.00452539, 0.09739839, 0.04818568
 12620783, -0.005384309, 0.01018734, 0.09739807, 0.04818888, -0.0005856694, 0.008481622, 0.09739746, 0.0481879
 12820703, -0.01267724, 0.002086096, 0.09739851, 0.04818919, -0.005384309, 0.01018734, 0.09739807, 0.04818888
 13020623, -0.01417172, 0.004441423, 0.09739879, 0.04819071, -0.01267724, 0.002086096, 0.09739851, 0.04818919
 13220543, -0.002403399, 0.002711776, 0.09739383, 0.04819304, -0.01417172, 0.004441423, 0.09739879, 0.04819071
 13420463, -0.009202846, 0.009701239, 0.0973974, 0.04819197, -0.002403399, 0.002711776, 0.09739383, 0.04819304
 13620383, -0.007136012, 0.00151688, 0.09739623, 0.04818967, -0.009202846, 0.009701239, 0.0973974, 0.04819197
 13820303, -0.01659436, 0.002659506, 0.09740146, 0.04818759, -0.007136012, 0.00151688, 0.09739623, 0.04818967
 14020223, -0.01229436, 0.007896382, 0.09739956, 0.0481889, -0.01659436, 0.002659506, 0.09740146, 0.04818759
 14220976, -0.008784535, 0.003594901, 0.09739718, 0.04818913, -0.01229436, 0.007896382, 0.09739956, 0.0481889
 14420896, -0.01507684, 0.01097454, 0.09740331, 0.04818629, -0.008784535, 0.003594901, 0.09739718, 0.04818913
 14620816, -0.00924453, 0.008757989, 0.09740134, 0.04818337, -0.01507684, 0.01097454, 0.09740331, 0.04818629
 14820736, -0.009844013, 0.005992197, 0.09740238, 0.0481802, -0.00924453, 0.008757989, 0.09740134, 0.04818337
 15020656, -0.005941712, 0.004384061, 0.09740061, 0.04818087, -0.009844013, 0.005992197, 0.09740238, 0.0481802
 15220576, -0.005611957, 0.01032117, 0.09740128, 0.04818261, -0.005941712, 0.004384061, 0.09740061, 0.04818087
 15420496, -0.006047481, 0.005782447, 0.09740075, 0.04818117, -0.005611957, 0.01032117, 0.09740128, 0.04818261
 15620416, -0.01586803, 0.006484564, 0.09740585, 0.04817913, -0.006047481, 0.005782447, 0.09740075, 0.04818117
 15820336, -0.009921988, 0.0115074, 0.09740315, 0.04818226, -0.01586803, 0.006484564, 0.09740585, 0.04817913
 16020256, -0.0110887, -0.0006907959, 0.0974012, 0.04818221, -0.009921988, 0.0115074, 0.09740315, 0.04818226
 16220176, -0.01005732, 0.005461568, 0.09740119, 0.04818253, -0.0110887, -0.0006907959, 0.0974012, 0.04818221
 16420929, -0.01554734, -0.00110634, 0.09740271, 0.04818361, -0.01005732, 0.005461568, 0.09740119, 0.04818253
 16620849, -0.0102023, 0.01373325, 0.09740217, 0.04818654, -0.01554734, -0.00110634, 0.09740271, 0.04818361
 16820769, -0.00936565, -0.001102624, 0.09739764, 0.04818815, -0.0102023, 0.01373325, 0.09740217, 0.04818654
 17020689, -0.008159797, 0.005490571, 0.09739804, 0.04818764, -0.00936565, -0.001102624, 0.09739764, 0.04818815
 17220609, -0.009448273, 0.008115616, 0.09739945, 0.04818693, -0.008159797, 0.005490571, 0.09739804, 0.04818764
 17420529, -0.01132272, 0.004324332, 0.09740061, 0.04818428, -0.009448273, 0.008115616, 0.09739945, 0.04818693
 17620449, -0.01303613, 0.006686782, 0.0974029, 0.04818216, -0.01132272, 0.004324332, 0.09740061, 0.04818428
 17820369, -0.005401566, 0.003393863, 0.097399, 0.04818361, -0.01303613, 0.006686782, 0.0974029, 0.04818216
 18020289, -0.006859787, 0.003786799, 0.09739894, 0.04818454, -0.005401566, 0.003393863, 0.097399, 0.04818361
 18220209, -0.01559808, 0.00524432, 0.09740329, 0.04818349, -0.006859787, 0.003786799, 0.09739894, 0.04818454
 18420962, -0.01454203, -0.0001227409, 0.09740205, 0.04818375, -0.01559808, 0.00524432, 0.09740329, 0.04818349
 18620882, -0.005260358, 0.01196188, 0.09740103, 0.04818431, -0.01454203, -0.0001227409, 0.09740205, 0.04818375
 18820802, -0.002702382, 0.006546989, 0.09740002, 0.0481819, -0.005260358, 0.01196188, 0.09740103, 0.04818431
 19020722, -0.01139159, 0.0131678, 0.09740476, 0.04818167, -0.002702382, 0.006546989, 0.09740002, 0.0481819
 19220642, -0.007539048, 0.002042531, 0.09740041, 0.04818153, -0.01139159, 0.0131678, 0.09740476, 0.04818167
 19420562, -0.005536755, -0.004295576, 0.09739965, 0.04818262, -0.007539048, 0.002042531, 0.09740041, 0.04818153
 19620482, 0.0003675558, 0.006501186, 0.09713887, 0.04870601, -0.005536755, -0.004295576, 0.09739965, 0.04818262
 19820402, -0.005769532, 0.009114442, 0.0966704, 0.04963199, 0.0003675558, 0.006501186, 0.09713887, 0.04870601
 20020322, -0.007423215, 0.007117337, 0.09599069, 0.05093378, -0.005769532, 0.009114442, 0.0966704, 0.04963199
 20220242, -0.01194676, 0.004530073, 0.09517698, 0.05244051, -0.007423215, 0.007117337, 0.09599069, 0.05093378
 20420162, -0.006598232, 0.006051112, 0.09429606, 0.05400577, -0.01194676, 0.004530073, 0.09517698, 0.05244051
 20620915, 9.709992E-05, 0.01013451, 0.09340752, 0.05552915, -0.006598232, 0.006051112, 0.09429606, 0.05400577
 20820835, -0.006372375, 0.00153004, 0.09254763, 0.05694887, 9.709992E-05, 0.01013451, 0.09340752, 0.05552915
 21020755, 0.05827603, -0.01179898, 0.09181128, 0.05823665, -0.006372375, 0.00153004, 0.09254763, 0.05694887
 21220675, 0.1669882, -0.03314243, 0.09162961, 0.05930994, 0.05827603, -0.01179898, 0.09181128, 0.05823665
 21420595, 0.3545471, -0.06071881, 0.09318085, 0.05998576, 0.1669882, -0.03314243, 0.09162961, 0.05930994
 21620515, 0.5849478, -0.1093784, 0.09736471, 0.06019972, 0.3545471, -0.06071881, 0.09318085, 0.05998576
 21820435, 0.8663242, -0.1512357, 0.1050405, 0.05999185, 0.5849478, -0.1093784, 0.09736471, 0.06019972
 22020355, 1.155158, -0.1832102, 0.1149448, 0.05981043, 0.8663242, -0.1512357, 0.1050405, 0.05999185
 22220275, 1.415941, -0.2066467, 0.1250064, 0.06011539, 1.155158, -0.1832102, 0.1149448, 0.05981043
 22420195, 1.646148, -0.2091495, 0.1345109, 0.06127178, 1.415941, -0.2066467, 0.1250064, 0.06011539
 22620948, 1.872141, -0.2178905, 0.1447666, 0.06393506, 1.646148, -0.2091495, 0.1345109, 0.06127178
 22820868, 2.057626, -0.2113866, 0.1528178, 0.06613871, 1.872141, -0.2178905, 0.1447666, 0.06393506
 23020788, 2.311612, -0.2101429, 0.1654135, 0.07417299, 2.057626, -0.2113866, 0.1528178, 0.06613871
 23220708, 2.479039, -0.1972566, 0.1798823, 0.09461917, 2.311612, -0.2101429, 0.1654135, 0.07417299
 23420628, 2.652141, -0.1758256, 0.205124, 0.1255299, 2.479039, -0.1972566, 0.1798823, 0.09461917
 23620548, 2.832609, -0.198053, 0.237385, 0.1605828, 2.652141, -0.1758256, 0.205124, 0.1255299
 23820468, 3.067365, -0.1962334, 0.2763836, 0.1982001, 2.832609, -0.198053, 0.237385, 0.1605828
 24020388, 3.222423, -0.1903711, 0.3190978, 0.2404791, 3.067365, -0.1962334, 0.2763836, 0.1982001
 24220308, 3.364331, -0.230147, 0.3701235, 0.28643, 3.222423, -0.1903711, 0.3190978, 0.2404791
 24420228, 3.512422, -0.2667908, 0.4265693, 0.3409261, 3.364331, -0.230147, 0.3701235, 0.28643
 24620148, 3.636437, -0.2011729, 0.4883932, 0.3969753, 3.512422, -0.2667908, 0.4265693, 0.3409261
 24820901, 3.610127, -0.2654783, 0.5527285, 0.4528435, 3.636437, -0.2011729, 0.4883932, 0.3969753
 25020821, 3.639397, -0.270856, 0.6208048, 0.5104775, 3.610127, -0.2654783, 0.5527285, 0.4528435
 25220741, 3.632315, -0.2486919, 0.6859825, 0.5702705, 3.639397, -0.270856, 0.6208048, 0.5104775
 25420661, 3.619144, -0.2640807, 0.7533892, 0.6269534, 3.632315, -0.2486919, 0.6859825, 0.5702705
 25620581, 3.594461, -0.2357731, 0.8194743, 0.680376, 3.619144, -0.2640807, 0.7533892, 0.6269534
 25820501, 3.66853, -0.1901369, 0.8868895, 0.7349837, 3.594461, -0.2357731, 0.8194743, 0.680376
 26020421, 3.56972, -0.3428327, 0.9490787, 0.7856857, 3.66853, -0.1901369, 0.8868895, 0.7349837
 26220341, 3.623939, -0.2918247, 1.010692, 0.8336374, 3.56972, -0.3428327, 0.9490787, 0.7856857
 26420261, 3.655382, -0.2796879, 1.070659, 0.8821725, 3.623939, -0.2918247, 1.010692, 0.8336374
 26620181, 3.503222, -0.2348541, 1.129232, 0.9280539, 3.655382, -0.2796879, 1.070659, 0.8821725
 26820934, 3.484334, -0.3465298, 1.187463, 0.9699396, 3.503222, -0.2348541, 1.129232, 0.9280539
 27020854, 3.249604, -0.2088707, 1.239226, 1.008814, 3.484334, -0.3465298, 1.187463, 0.9699396
 27220774, 3.113582, -0.1848369, 1.288451, 1.04235, 3.249604, -0.2088707, 1.239226, 1.008814
 27420694, 3.120156, -0.3577669, 1.337155, 1.07222, 3.113582, -0.1848369, 1.288451, 1.04235
 27620614, 3.014046, -0.275202, 1.385129, 1.100192, 3.120156, -0.3577669, 1.337155, 1.07222
 27820534, 3.116372, -0.2267596, 1.434081, 1.124702, 3.014046, -0.275202, 1.385129, 1.100192
 28020454, 2.957264, -0.1781098, 1.481864, 1.14692, 3.116372, -0.2267596, 1.434081, 1.124702
 28220374, 2.782302, -0.3171564, 1.529929, 1.168322, 2.957264, -0.1781098, 1.481864, 1.14692
 28420294, 2.847956, -0.2339601, 1.577599, 1.188687, 2.782302, -0.3171564, 1.529929, 1.168322
 28620214, 2.934172, -0.31178, 1.624944, 1.208682, 2.847956, -0.2339601, 1.577599, 1.188687
 28820967, 2.792419, -0.3104236, 1.670462, 1.227597, 2.934172, -0.31178, 1.624944, 1.208682
 29020887, 2.685392, -0.2539379, 1.715237, 1.247333, 2.792419, -0.3104236, 1.670462, 1.227597
 29220807, 2.8242, -0.5019065, 1.757909, 1.268327, 2.685392, -0.2539379, 1.715237, 1.247333
 29420727, 2.665731, -0.5085243, 1.798591, 1.289061, 2.8242, -0.5019065, 1.757909, 1.268327
 29620647, 2.536242, -0.5669093, 1.836417, 1.312194, 2.665731, -0.5085243, 1.798591, 1.289061
 29820567, 2.552346, -0.3430203, 1.87455, 1.331596, 2.536242, -0.5669093, 1.836417, 1.312194
 30020487, 2.553195, -0.5294191, 1.911466, 1.352175, 2.552346, -0.3430203, 1.87455, 1.331596
 30220407, 2.649975, -0.4269268, 1.947789, 1.372542, 2.553195, -0.5294191, 1.911466, 1.352175
 30420327, 2.572033, -0.2954271, 1.965969, 1.398298, 2.649975, -0.4269268, 1.947789, 1.372542
 30620247, 2.531048, -0.2921273, 2.067382, 1.471162, 2.572033, -0.2954271, 1.965969, 1.398298
 30820167, 2.533562, -0.4440359, 2.346054, 1.494715, 2.531048, -0.2921273, 2.067382, 1.471162
 31020920, 2.745142, -0.6063883, 2.292414, 1.458535, 2.533562, -0.4440359, 2.346054, 1.494715
 31220840, 2.839094, -0.3420624, 1.975599, 1.416278, 2.745142, -0.6063883, 2.292414, 1.458535
 31420760, 3.030015, -0.2560104, 1.763842, 1.382847, 2.839094, -0.3420624, 1.975599, 1.416278
 31620680, 3.298431, -0.3242406, 1.665096, 1.347377, 3.030015, -0.2560104, 1.763842, 1.382847
 31820600, 3.26995, -0.3989584, 1.602164, 1.306383, 3.298431, -0.3242406, 1.665096, 1.347377
 32020520, 3.240341, -0.2704966, 1.520178, 1.263424, 3.26995, -0.3989584, 1.602164, 1.306383
 32220440, 3.350166, -0.305311, 1.419952, 1.214745, 3.240341, -0.2704966, 1.520178, 1.263424
 32420360, 3.463917, -0.1577442, 1.318648, 1.172391, 3.350166, -0.305311, 1.419952, 1.214745
 32620280, 3.719919, 0.01415783, 1.24268, 1.138638, 3.463917, -0.1577442, 1.318648, 1.172391
 32820200, 3.595932, -0.03087261, 1.188498, 1.108796, 3.719919, 0.01415783, 1.24268, 1.138638
 33020953, 3.81441, -0.03131355, 1.15367, 1.085095, 3.595932, -0.03087261, 1.188498, 1.108796
 33220873, 3.877924, -0.1475726, 1.126513, 1.069928, 3.81441, -0.03131355, 1.15367, 1.085095
 33420793, 3.944281, -0.1186276, 1.107665, 1.061161, 3.877924, -0.1475726, 1.126513, 1.069928
 33620713, 3.948814, -0.0294394, 1.092511, 1.058212, 3.944281, -0.1186276, 1.107665, 1.061161
 33820633, 3.862628, -0.05722419, 1.082174, 1.05949, 3.948814, -0.0294394, 1.092511, 1.058212
 34020553, 3.994262, -0.04963638, 1.075376, 1.068318, 3.862628, -0.05722419, 1.082174, 1.05949
 34220473, 4.064301, 0.001684379, 1.073665, 1.075263, 3.994262, -0.04963638, 1.075376, 1.068318
 34420393, 3.86724, 0.06684849, 1.07038, 1.088623, 4.064301, 0.001684379, 1.073665, 1.075263
 34620313, 4.074616, 0.08877799, 1.073786, 1.104849, 3.86724, 0.06684849, 1.07038, 1.088623
 34820233, 4.030004, 0.1897017, 1.077263, 1.12287, 4.074616, 0.08877799, 1.073786, 1.104849
 35020153, 4.077422, 0.135321, 1.083403, 1.145499, 4.030004, 0.1897017, 1.077263, 1.12287
 35220906, 4.014273, 0.1821885, 1.096254, 1.164586, 4.077422, 0.135321, 1.083403, 1.145499
 35420826, 3.9971, 0.1273066, 1.105912, 1.190064, 4.014273, 0.1821885, 1.096254, 1.164586
 35620746, 3.947726, 0.2690779, 1.117881, 1.217751, 3.9971, 0.1273066, 1.105912, 1.190064
 35820666, 4.022423, 0.1598439, 1.135538, 1.244356, 3.947726, 0.2690779, 1.117881, 1.217751
 36020586, 4.048213, 0.2151956, 1.154328, 1.270498, 4.022423, 0.1598439, 1.135538, 1.244356
 36220506, 4.161394, 0.1723479, 1.174194, 1.29839, 4.048213, 0.2151956, 1.154328, 1.270498
 36420426, 4.007105, 0.2314174, 1.195173, 1.326698, 4.161394, 0.1723479, 1.174194, 1.29839
 36620346, 3.988586, 0.1804969, 1.213436, 1.35602, 4.007105, 0.2314174, 1.195173, 1.326698
 36820266, 3.847461, 0.3352569, 1.234024, 1.379288, 3.988586, 0.1804969, 1.213436, 1.35602
 37020186, 3.89508, 0.3891388, 1.251919, 1.40211, 3.847461, 0.3352569, 1.234024, 1.379288
 37220939, 3.884271, 0.2922076, 1.270751, 1.418623, 3.89508, 0.3891388, 1.251919, 1.40211
 37420859, 3.769809, 0.3189363, 1.286726, 1.431415, 3.884271, 0.2922076, 1.270751, 1.418623
 37620779, 3.927102, 0.1482249, 1.299456, 1.445242, 3.769809, 0.3189363, 1.286726, 1.431415
 37820699, 3.793899, 0.3543062, 1.307178, 1.455006, 3.927102, 0.1482249, 1.299456, 1.445242
 38020619, 3.969131, 0.3655893, 1.318593, 1.461105, 3.793899, 0.3543062, 1.307178, 1.455006
 38220539, 3.845839, 0.1569191, 1.326969, 1.466443, 3.969131, 0.3655893, 1.318593, 1.461105
 38420459, 3.803973, 0.1372059, 1.333179, 1.470305, 3.845839, 0.1569191, 1.326969, 1.466443
 38620379, 3.841206, 0.2267062, 1.338206, 1.4711, 3.803973, 0.1372059, 1.333179, 1.470305
 38820299, 3.702409, 0.1603408, 1.341266, 1.467451, 3.841206, 0.2267062, 1.338206, 1.4711
 39020219, 3.745306, 0.1966121, 1.34574, 1.462826, 3.702409, 0.1603408, 1.341266, 1.467451
 39220972, 3.746976, 0.2442333, 1.346818, 1.458039, 3.745306, 0.1966121, 1.34574, 1.462826
 39420892, 3.723782, 0.2663386, 1.346325, 1.45031, 3.746976, 0.2442333, 1.346818, 1.458039
 39620812, 3.805609, 0.07501092, 1.344701, 1.443063, 3.723782, 0.2663386, 1.346325, 1.45031
 39820732, 3.589304, 0.08442296, 1.341328, 1.433254, 3.805609, 0.07501092, 1.344701, 1.443063
 40020652, 3.718247, 0.2441491, 1.338115, 1.424824, 3.589304, 0.08442296, 1.341328, 1.433254
 40220572, 3.696328, 0.03539364, 1.335846, 1.412435, 3.718247, 0.2441491, 1.338115, 1.424824
 40420492, 3.620253, 0.06395052, 1.329356, 1.40144, 3.696328, 0.03539364, 1.335846, 1.412435
 40620412, 3.699318, 0.05161558, 1.325607, 1.389648, 3.620253, 0.06395052, 1.329356, 1.40144
 40820332, 3.631014, 0.1188571, 1.320034, 1.379194, 3.699318, 0.05161558, 1.325607, 1.389648
 41020252, 3.598227, 0.09852794, 1.315058, 1.367732, 3.631014, 0.1188571, 1.320034, 1.379194
 41220172, 3.813922, 0.1394536, 1.311756, 1.3564, 3.598227, 0.09852794, 1.315058, 1.367732
 41420925, 3.711051, 0.09652184, 1.305995, 1.344375, 3.813922, 0.1394536, 1.311756, 1.3564
 41620845, 3.892353, 0.01547567, 1.303363, 1.339368, 3.711051, 0.09652184, 1.305995, 1.344375
 41820765, 3.755897, 0.05658256, 1.304749, 1.334858, 3.892353, 0.01547567, 1.303363, 1.339368
 42020685, 3.709998, 0.07249989, 1.306416, 1.332784, 3.755897, 0.05658256, 1.304749, 1.334858
 42220605, 3.754946, 0.06303513, 1.311153, 1.33216, 3.709998, 0.07249989, 1.306416, 1.332784
 42420525, 3.825307, 0.152806, 1.31553, 1.332102, 3.754946, 0.06303513, 1.311153, 1.33216
 42620445, 3.662762, 0.1576813, 1.320147, 1.330585, 3.825307, 0.152806, 1.31553, 1.332102
 42820365, 3.577828, 0.1665009, 1.320811, 1.330348, 3.662762, 0.1576813, 1.320147, 1.330585
 43020285, 3.637461, 0.07772572, 1.323934, 1.330813, 3.577828, 0.1665009, 1.320811, 1.330348
 43220205, 3.70379, -0.008696411, 1.328172, 1.329326, 3.637461, 0.07772572, 1.323934, 1.330813
 43420958, 3.748031, 0.1152244, 1.332921, 1.329646, 3.70379, -0.008696411, 1.328172, 1.329326
 43620878, 3.752958, -0.01569613, 1.337861, 1.330267, 3.748031, 0.1152244, 1.332921, 1.329646
 43820798, 3.764646, 0.01021589, 1.342754, 1.331359, 3.752958, -0.01569613, 1.337861, 1.330267
 44020718, 3.703834, 0.01274553, 1.347314, 1.332066, 3.764646, 0.01021589, 1.342754, 1.331359
 44220638, 3.701936, 0.03276975, 1.353279, 1.332173, 3.703834, 0.01274553, 1.347314, 1.332066
 44420558, 3.767384, 0.1589828, 1.356587, 1.33703, 3.701936, 0.03276975, 1.353279, 1.332173
 44620478, 3.898005, 0.07993247, 1.363916, 1.338576, 3.767384, 0.1589828, 1.356587, 1.33703
 44820398, 3.630047, 0.05378738, 1.375382, 1.336239, 3.898005, 0.07993247, 1.363916, 1.338576
 45020318, 3.725899, -0.1616851, 1.412911, 1.339607, 3.630047, 0.05378738, 1.375382, 1.336239
 45220238, 3.57054, 0.06428336, 1.385206, 1.358935, 3.725899, -0.1616851, 1.412911, 1.339607
 45420158, 3.76523, 0.08103449, 1.385069, 1.34806, 3.57054, 0.06428336, 1.385206, 1.358935
 45620911, 3.836718, -0.02652792, 1.418348, 1.346673, 3.76523, 0.08103449, 1.385069, 1.34806
 45820831, 3.702949, -0.0558428, 1.427905, 1.342775, 3.836718, -0.02652792, 1.418348, 1.346673
 46020751, 3.672411, -0.04140269, 1.419679, 1.348629, 3.702949, -0.0558428, 1.427905, 1.342775
 46220671, 3.735497, 0.1017666, 1.414645, 1.3612, 3.672411, -0.04140269, 1.419679, 1.348629
 46420591, 3.795493, -0.04350428, 1.414036, 1.373545, 3.735497, 0.1017666, 1.414645, 1.3612
 46620511, 3.724185, 0.07649039, 1.418454, 1.381004, 3.795493, -0.04350428, 1.414036, 1.373545
 46820431, 3.712024, -0.1274922, 1.423979, 1.387385, 3.724185, 0.07649039, 1.418454, 1.381004
 47020351, 3.583709, 0.1121306, 1.426929, 1.395139, 3.712024, -0.1274922, 1.423979, 1.387385
 47220271, 3.811175, 0.08572162, 1.432438, 1.404948, 3.583709, 0.1121306, 1.426929, 1.395139
 47420191, 3.682324, 0.01008897, 1.432851, 1.416534, 3.811175, 0.08572162, 1.432438, 1.404948
 47620944, 3.741405, -0.02676781, 1.438668, 1.423927, 3.682324, 0.01008897, 1.432851, 1.416534
 47820864, 3.816441, 0.1308533, 1.441273, 1.435235, 3.741405, -0.02676781, 1.438668, 1.423927
 48020784, 3.657042, -0.08542785, 1.445066, 1.446486, 3.816441, 0.1308533, 1.441273, 1.435235
 48220704, 3.890393, -0.06352708, 1.452329, 1.456248, 3.657042, -0.08542785, 1.445066, 1.446486
 48420624, 3.651548, -0.008079434, 1.454249, 1.467192, 3.890393, -0.06352708, 1.452329, 1.456248
 48620544, 3.920806, -0.01379856, 1.463569, 1.474737, 3.651548, -0.008079434, 1.454249, 1.467192
 48820464, 3.889708, 0.1486947, 1.465343, 1.481039, 3.920806, -0.01379856, 1.463569, 1.474737
 49020384, 3.781941, 0.1925487, 1.464156, 1.487781, 3.889708, 0.1486947, 1.465343, 1.481039
 49220304, 3.769811, 0.08770378, 1.467851, 1.4914, 3.781941, 0.1925487, 1.464156, 1.487781
 49420224, 3.849124, 0.1885416, 1.469198, 1.495984, 3.769811, 0.08770378, 1.467851, 1.4914
 49620977, 3.764958, 0.1702517, 1.472152, 1.49891, 3.849124, 0.1885416, 1.469198, 1.495984
 49820897, 3.780615, 0.1816877, 1.473021, 1.503966, 3.764958, 0.1702517, 1.472152, 1.49891
 50020817, 3.720843, 0.1733516, 1.477702, 1.507334, 3.780615, 0.1816877, 1.473021, 1.503966
 50220737, 3.685309, 0.2865023, 1.480724, 1.513075, 3.720843, 0.1733516, 1.477702, 1.507334
 50420657, 3.683706, 0.1737576, 1.483422, 1.518846, 3.685309, 0.2865023, 1.480724, 1.513075
 50620577, 3.967277, 0.1653335, 1.488121, 1.523496, 3.683706, 0.1737576, 1.483422, 1.518846
 50820497, 3.785781, 0.07234165, 1.492101, 1.525181, 3.967277, 0.1653335, 1.488121, 1.523496
 51020417, 3.687986, 0.02759924, 1.495724, 1.529721, 3.785781, 0.07234165, 1.492101, 1.525181
 51220337, 3.680678, 0.03772772, 1.49916, 1.537041, 3.687986, 0.02759924, 1.495724, 1.529721
 51420257, 3.801309, 0.1893327, 1.508286, 1.540626, 3.680678, 0.03772772, 1.49916, 1.537041
 51620177, 3.821126, -0.002868012, 1.51506, 1.545123, 3.801309, 0.1893327, 1.508286, 1.540626
 51820930, 3.87032, 0.07024548, 1.519215, 1.550889, 3.821126, -0.002868012, 1.51506, 1.545123
 52020850, 3.91135, 0.2753707, 1.525878, 1.554519, 3.87032, 0.07024548, 1.519215, 1.550889
 52220770, 3.82622, 0.05944182, 1.529666, 1.558607, 3.91135, 0.2753707, 1.525878, 1.554519
 52420690, 3.798572, 0.0623123, 1.531853, 1.558584, 3.82622, 0.05944182, 1.529666, 1.558607
 52620610, 3.858253, 0.1153436, 1.535066, 1.553798, 3.798572, 0.0623123, 1.531853, 1.558584
 52820530, 3.803001, 0.1464619, 1.53269, 1.553352, 3.858253, 0.1153436, 1.535066, 1.553798
 53020450, 3.795091, 0.005649794, 1.53287, 1.55258, 3.803001, 0.1464619, 1.53269, 1.553352
 53220370, 3.704778, -0.04673851, 1.533983, 1.550573, 3.795091, 0.005649794, 1.53287, 1.55258
 53420290, 3.832211, 0.04403167, 1.534443, 1.550811, 3.704778, -0.04673851, 1.533983, 1.550573
 53620210, 3.871711, -0.08973041, 1.535485, 1.550095, 3.832211, 0.04403167, 1.534443, 1.550811
 53820963, 3.963969, 0.04617538, 1.541915, 1.548155, 3.871711, -0.08973041, 1.535485, 1.550095
 54020883, 3.878473, 0.1613601, 1.544031, 1.547302, 3.963969, 0.04617538, 1.541915, 1.548155
 54220803, 4.000403, 0.1286857, 1.545524, 1.546935, 3.878473, 0.1613601, 1.544031, 1.547302
 54420723, 3.65303, 0.2165869, 1.543471, 1.546943, 4.000403, 0.1286857, 1.545524, 1.546935
 54620643, 3.726184, 0.134369, 1.542163, 1.548424, 3.65303, 0.2165869, 1.543471, 1.546943
 54820563, 3.75975, 0.02172785, 1.546154, 1.544677, 3.726184, 0.134369, 1.542163, 1.548424
 55020483, 3.778959, 0.04943162, 1.547503, 1.543447, 3.75975, 0.02172785, 1.546154, 1.544677
 55220403, 3.844454, -0.03678329, 1.549046, 1.542362, 3.778959, 0.04943162, 1.547503, 1.543447
 55420323, 3.845592, 0.1143838, 1.551172, 1.540054, 3.844454, -0.03678329, 1.549046, 1.542362
 55620243, 3.871583, -0.1254036, 1.550236, 1.542819, 3.845592, 0.1143838, 1.551172, 1.540054
 55820163, 3.92337, 0.07652099, 1.555662, 1.547276, 3.871583, -0.1254036, 1.550236, 1.542819
 56020916, 3.856847, 0.06368703, 1.565488, 1.551316, 3.92337, 0.07652099, 1.555662, 1.547276
 56220836, 3.804989, 0.02049515, 1.574223, 1.557354, 3.856847, 0.06368703, 1.565488, 1.551316
 56420756, 3.76356, 0.1546596, 1.582746, 1.564545, 3.804989, 0.02049515, 1.574223, 1.557354
 56620676, 3.667346, -0.08523468, 1.587259, 1.573551, 3.76356, 0.1546596, 1.582746, 1.564545
 56820596, 3.820864, 0.05766388, 1.597056, 1.579582, 3.667346, -0.08523468, 1.587259, 1.573551
 57020516, 3.81563, 0.1354794, 1.60474, 1.585232, 3.820864, 0.05766388, 1.597056, 1.579582
 57220436, 3.788599, 0.08876099, 1.611597, 1.594163, 3.81563, 0.1354794, 1.60474, 1.585232
 57420356, 3.829498, 0.1019489, 1.625005, 1.598525, 3.788599, 0.08876099, 1.611597, 1.594163
 57620276, 3.94379, 0.03226487, 1.634076, 1.607265, 3.829498, 0.1019489, 1.625005, 1.598525
 57820196, 3.745789, 0.1359538, 1.639924, 1.616567, 3.94379, 0.03226487, 1.634076, 1.607265
 58020949, 3.842787, -0.05385098, 1.648378, 1.623572, 3.745789, 0.1359538, 1.639924, 1.616567
 58220869, 3.840876, -0.096247, 1.65626, 1.629461, 3.842787, -0.05385098, 1.648378, 1.623572
 58420789, 3.787163, -0.085147, 1.662939, 1.636063, 3.840876, -0.096247, 1.65626, 1.629461
 58620709, 3.812959, 0.08344473, 1.672499, 1.640671, 3.787163, -0.085147, 1.662939, 1.636063
 58820629, 3.813267, 0.15444, 1.676662, 1.652694, 3.812959, 0.08344473, 1.672499, 1.640671
 59020549, 3.925534, 0.166597, 1.683833, 1.661516, 3.813267, 0.15444, 1.676662, 1.652694
 59220469, 3.807511, -0.03832345, 1.692925, 1.669821, 3.925534, 0.166597, 1.683833, 1.661516
 59420389, 3.841866, 0.1326847, 1.702775, 1.67839, 3.807511, -0.03832345, 1.692925, 1.669821
 59620309, 3.868358, 0.0327442, 1.711003, 1.688096, 3.841866, 0.1326847, 1.702775, 1.67839
 59820229, 3.803459, 0.2044364, 1.71986, 1.697019, 3.868358, 0.0327442, 1.711003, 1.688096
 60020149, 3.935846, -0.02390097, 1.73343, 1.701868, 3.803459, 0.2044364, 1.71986, 1.697019
 60220902, 3.886057, -0.02840677, 1.739307, 1.712428, 3.935846, -0.02390097, 1.73343, 1.701868
 60420822, 3.988425, 0.0455127, 1.75072, 1.721183, 3.886057, -0.02840677, 1.739307, 1.712428
 60620742, 3.857172, -0.03434472, 1.760416, 1.728841, 3.988425, 0.0455127, 1.75072, 1.721183
 60820662, 3.824, 0.1532366, 1.770122, 1.735592, 3.857172, -0.03434472, 1.760416, 1.728841
 61020582, 4.006082, -0.121284, 1.776399, 1.746569, 3.824, 0.1532366, 1.770122, 1.735592
 61220502, 3.786028, 0.159731, 1.785822, 1.752548, 4.006082, -0.121284, 1.776399, 1.746569
 61420422, 3.914496, 0.1234654, 1.795527, 1.759225, 3.786028, 0.159731, 1.785822, 1.752548
 61620342, 3.777333, 0.01266635, 1.80333, 1.766306, 3.914496, 0.1234654, 1.795527, 1.759225
 61820262, 3.745366, 0.1667528, 1.808265, 1.775906, 3.777333, 0.01266635, 1.80333, 1.766306
 62020182, 3.896055, 0.1020521, 1.815119, 1.784239, 3.745366, 0.1667528, 1.808265, 1.775906
 62220935, 3.900706, 0.1594692, 1.822234, 1.792359, 3.896055, 0.1020521, 1.815119, 1.784239
 62420855, 3.925242, 0.03075401, 1.830697, 1.798856, 3.900706, 0.1594692, 1.822234, 1.792359
 62620775, 3.676794, 0.0718596, 1.833172, 1.81156, 3.925242, 0.03075401, 1.830697, 1.798856
 62820695, 3.85692, -0.1355191, 1.842978, 1.814193, 3.676794, 0.0718596, 1.833172, 1.81156
 63020615, 3.87361, 0.247569, 1.848111, 1.818531, 3.85692, -0.1355191, 1.842978, 1.814193
 63220535, 3.75111, -0.1517445, 1.85057, 1.823145, 3.87361, 0.247569, 1.848111, 1.818531
 63420455, 3.799731, 0.03750799, 1.853017, 1.828432, 3.75111, -0.1517445, 1.85057, 1.823145
 63620375, 3.752338, 0.1788785, 1.858178, 1.833449, 3.799731, 0.03750799, 1.853017, 1.828432
 63820295, 3.88666, 0.1750962, 1.864974, 1.836788, 3.752338, 0.1788785, 1.858178, 1.833449
 64020215, 4.00171, 0.2205183, 1.867511, 1.843989, 3.88666, 0.1750962, 1.864974, 1.836788
 64220968, 3.659766, 0.01727046, 1.872585, 1.844357, 4.00171, 0.2205183, 1.867511, 1.843989
 64420888, 3.996943, 0.08550956, 1.876565, 1.847862, 3.659766, 0.01727046, 1.872585, 1.844357
 64620808, 4.036878, -0.1033276, 1.879368, 1.851556, 3.996943, 0.08550956, 1.876565, 1.847862
 64820728, 3.945375, -0.08105329, 1.883825, 1.855539, 4.036878, -0.1033276, 1.879368, 1.851556
 65020648, 3.967407, -0.01598799, 1.888409, 1.859629, 3.945375, -0.08105329, 1.883825, 1.855539
 65220568, 3.553955, 0.1085283, 1.892172, 1.863429, 3.967407, -0.01598799, 1.888409, 1.859629
 65420488, 3.689855, 0.1870416, 1.895703, 1.867693, 3.553955, 0.1085283, 1.892172, 1.863429
 65620408, 3.76772, 0.2882232, 1.900145, 1.870178, 3.689855, 0.1870416, 1.895703, 1.867693
 65820328, 3.770468, -0.03605948, 1.90241, 1.873471, 3.76772, 0.2882232, 1.900145, 1.870178
 66020248, 3.876261, 0.193407, 1.907024, 1.875219, 3.770468, -0.03605948, 1.90241, 1.873471
 66220168, 3.943795, 0.01255571, 1.910093, 1.882179, 3.876261, 0.193407, 1.907024, 1.875219
 66420921, 3.790299, -0.07948602, 1.914532, 1.888335, 3.943795, 0.01255571, 1.910093, 1.882179
 66620841, 3.779362, 0.2197904, 1.919569, 1.892565, 3.790299, -0.07948602, 1.914532, 1.888335
 66820761, 3.964374, -0.1563458, 1.926087, 1.894348, 3.779362, 0.2197904, 1.919569, 1.892565
 67020681, 3.928295, 0.0172372, 1.930287, 1.898861, 3.964374, -0.1563458, 1.926087, 1.894348
 67220601, 3.643889, 0.04515672, 1.933045, 1.901993, 3.928295, 0.0172372, 1.930287, 1.898861
 67420521, 3.627311, 0.1999935, 1.935878, 1.906811, 3.643889, 0.04515672, 1.933045, 1.901993
 67620441, 3.835763, 0.1777627, 1.942497, 1.909962, 3.627311, 0.1999935, 1.935878, 1.906811
 67820361, 3.716966, 0.1432648, 1.9494, 1.914171, 3.835763, 0.1777627, 1.942497, 1.909962
 68020281, 3.9529, -0.09868963, 1.957833, 1.916463, 3.716966, 0.1432648, 1.9494, 1.914171
 68220201, 4.002691, 0.0940582, 1.964657, 1.918693, 3.9529, -0.09868963, 1.957833, 1.916463
 68420954, 3.695292, 0.1083029, 1.963944, 1.924539, 4.002691, 0.0940582, 1.964657, 1.918693
 68620874, 3.874928, 0.07410564, 1.973716, 1.925369, 3.695292, 0.1083029, 1.963944, 1.924539
 68820794, 3.852433, -0.03503202, 1.977779, 1.931704, 3.874928, 0.07410564, 1.973716, 1.925369
 69020714, 3.850413, -0.08463641, 2.027461, 1.911027, 3.852433, -0.03503202, 1.977779, 1.931704
 69220634, 3.668734, -0.4159247, 2.192962, 2.005486, 3.850413, -0.08463641, 2.027461, 1.911027
 69420554, 3.91534, -0.1875722, 2.610947, 2.293318, 3.668734, -0.4159247, 2.192962, 2.005486
 69620474, 3.895758, -0.4472567, 3.73789, 2.936635, 3.91534, -0.1875722, 2.610947, 2.293318
 69820394, 3.270766, -0.9771699, 4.972746, 3.156981, 3.895758, -0.4472567, 3.73789, 2.936635
 70020314, 3.0753, -0.6421892, 5.318127, 2.350396, 3.270766, -0.9771699, 4.972746, 3.156981
 70220234, 2.472409, -1.3749, 5.150793, 1.328581, 3.0753, -0.6421892, 5.318127, 2.350396
 70420154, 2.760298, -1.845757, 4.990469, 0.5627327, 2.472409, -1.3749, 5.150793, 1.328581
 70620907, 1.792883, -2.045456, 4.930257, -0.001022816, 2.760298, -1.845757, 4.990469, 0.5627327
 70820827, 2.007638, -1.922833, 4.884427, -0.4650142, 1.792883, -2.045456, 4.930257, -0.001022816
 71020747, 1.560212, -2.382238, 4.794648, -0.9020003, 2.007638, -1.922833, 4.884427, -0.4650142
 71220667, 1.474839, -2.064184, 4.646781, -1.317851, 1.560212, -2.382238, 4.794648, -0.9020003
 71420587, 0.8234158, -2.163311, 4.466668, -1.760474, 1.474839, -2.064184, 4.646781, -1.317851
 71620507, 1.298686, -2.49642, 4.251413, -2.182125, 0.8234158, -2.163311, 4.466668, -1.760474
 71820427, 0.6122215, -2.239266, 3.99803, -2.561324, 1.298686, -2.49642, 4.251413, -2.182125
 72020347, 0.4830435, -2.458602, 3.725955, -2.929306, 0.6122215, -2.239266, 3.99803, -2.561324
 72220267, 0.1655792, -2.285068, 3.428089, -3.264222, 0.4830435, -2.458602, 3.725955, -2.929306
 72420187, 0.1625451, -2.485095, 3.108599, -3.59335, 0.1655792, -2.285068, 3.428089, -3.264222
 72620940, -0.4449881, -2.433312, 2.765133, -3.906614, 0.1625451, -2.485095, 3.108599, -3.59335
 72820860, -0.3286987, -2.186251, 2.392433, -4.181505, -0.4449881, -2.433312, 2.765133, -3.906614
 73020780, -0.5793864, -2.448148, 1.998354, -4.406815, -0.3286987, -2.186251, 2.392433, -4.181505
 73220700, -0.7753457, -2.527984, 1.576171, -4.584973, -0.5793864, -2.448148, 1.998354, -4.406815
 73420620, -1.301046, -2.284731, 1.149046, -4.701205, -0.7753457, -2.527984, 1.576171, -4.584973
 73620540, -1.606762, -1.911253, 0.7153816, -4.745233, -1.301046, -2.284731, 1.149046, -4.701205
 73820460, -1.729644, -1.865578, 0.3201447, -4.725516, -1.606762, -1.911253, 0.7153816, -4.745233
 74020380, -1.657322, -1.82392, -0.04372573, -4.645368, -1.729644, -1.865578, 0.3201447, -4.725516
 74220300, -2.000719, -1.928672, -0.3808181, -4.532157, -1.657322, -1.82392, -0.04372573, -4.645368
 74420220, -1.881689, -1.387839, -0.6708179, -4.393642, -2.000719, -1.928672, -0.3808181, -4.532157
 74620973, -2.297472, -1.82225, -0.8991002, -4.230793, -1.881689, -1.387839, -0.6708179, -4.393642
 74820893, -2.402023, -1.198666, -1.098589, -4.055425, -2.297472, -1.82225, -0.8991002, -4.230793
 75020813, -2.291716, -0.9431851, -1.279741, -3.891293, -2.402023, -1.198666, -1.098589, -4.055425
 75220733, -2.272118, -1.136411, -1.432299, -3.729978, -2.291716, -0.9431851, -1.279741, -3.891293
 75420653, -2.169461, -1.300521, -1.572992, -3.598805, -2.272118, -1.136411, -1.432299, -3.729978
 75620573, -2.788347, -1.021463, -1.718628, -3.552429, -2.169461, -1.300521, -1.572992, -3.598805
 75820493, -2.412617, -0.7828468, -1.863973, -3.527493, -2.788347, -1.021463, -1.718628, -3.552429
 76020413, -2.726023, -0.6344793, -2.018343, -3.506516, -2.412617, -0.7828468, -1.863973, -3.527493
 76220333, -3.072313, -0.8277881, -2.163567, -3.480795, -2.726023, -0.6344793, -2.018343, -3.506516
 76420253, -3.190763, -0.7079417, -2.307338, -3.442021, -3.072313, -0.8277881, -2.163567, -3.480795
 76620173, -2.982902, -0.9523884, -2.420781, -3.406892, -3.190763, -0.7079417, -2.307338, -3.442021
 76820926, -3.177354, -0.5189692, -2.539313, -3.371944, -2.982902, -0.9523884, -2.420781, -3.406892
 77020846, -3.248956, -0.5736214, -2.640087, -3.350912, -3.177354, -0.5189692, -2.539313, -3.371944
 77220766, -3.143376, -0.6015131, -2.735616, -3.321602, -3.248956, -0.5736214, -2.640087, -3.350912
 77420686, -3.249747, -0.6782327, -2.826129, -3.285334, -3.143376, -0.6015131, -2.735616, -3.321602
 77620606, -3.000806, -0.3194369, -2.898564, -3.248992, -3.249747, -0.6782327, -2.826129, -3.285334
 77820526, -3.058594, 0.0890109, -2.972172, -3.215351, -3.000806, -0.3194369, -2.898564, -3.248992
 78020446, -3.511101, -0.5131276, -3.037611, -3.183727, -3.058594, 0.0890109, -2.972172, -3.215351
 78220366, -3.454696, -0.2204743, -3.085454, -3.154949, -3.511101, -0.5131276, -3.037611, -3.183727
 78420286, -3.229135, -0.03850314, -3.130551, -3.12483, -3.454696, -0.2204743, -3.085454, -3.154949
 78620206, -3.348548, -0.05383056, -3.17856, -3.094203, -3.229135, -0.03850314, -3.130551, -3.12483
 78820959, -3.419097, -0.295666, -3.216303, -3.068609, -3.348548, -0.05383056, -3.17856, -3.094203
 79020879, -3.403539, -0.2166275, -3.23988, -3.037934, -3.419097, -0.295666, -3.216303, -3.068609
 79220799, -2.994178, 0.3624652, -3.267426, -3.016223, -3.403539, -0.2166275, -3.23988, -3.037934
 79420719, -3.438215, -0.3247131, -3.299326, -2.991433, -2.994178, 0.3624652, -3.267426, -3.016223
 79620639, -3.000923, 0.01415053, -3.31836, -2.969751, -3.438215, -0.3247131, -3.299326, -2.991433
 79820559, -2.799671, 0.3088172, -3.331745, -2.950534, -3.000923, 0.01415053, -3.31836, -2.969751
 80020479, -2.982594, 0.1015868, -3.353024, -2.922662, -2.799671, 0.3088172, -3.331745, -2.950534
 80220399, -3.022249, -0.03910375, -3.366066, -2.903178, -2.982594, 0.1015868, -3.353024, -2.922662
 80420319, -2.992724, -0.05466843, -3.375538, -2.890838, -3.022249, -0.03910375, -3.366066, -2.903178
 80620239, -2.962103, -0.09184699, -3.384619, -2.872863, -2.992724, -0.05466843, -3.375538, -2.890838
 80820159, -2.842791, 0.3678218, -3.388604, -2.853662, -2.962103, -0.09184699, -3.384619, -2.872863
 81020912, -2.683359, 0.1283827, -3.395957, -2.837788, -2.842791, 0.3678218, -3.388604, -2.853662
 81220832, -3.000566, 0.05205762, -3.408187, -2.826665, -2.683359, 0.1283827, -3.395957, -2.837788
 81420752, -2.60663, -0.04115978, -3.42118, -2.810118, -3.000566, 0.05205762, -3.408187, -2.826665
 81620672, -2.823817, 0.3265887, -3.419034, -2.80189, -2.60663, -0.04115978, -3.42118, -2.810118
 81820592, -2.461124, 0.005243838, -3.422198, -2.785517, -2.823817, 0.3265887, -3.419034, -2.80189
 82020512, -2.64925, 0.2929267, -3.426139, -2.771846, -2.461124, 0.005243838, -3.422198, -2.785517
 82220432, -2.649666, 0.2909824, -3.430356, -2.763245, -2.64925, 0.2929267, -3.426139, -2.771846
 82420352, -2.662509, 0.1129034, -3.435123, -2.752111, -2.649666, 0.2909824, -3.430356, -2.763245
 82620272, -2.121924, -0.004302621, -3.4374, -2.742852, -2.662509, 0.1129034, -3.435123, -2.752111
 82820192, -2.284103, -0.009659499, -3.43454, -2.739513, -2.121924, -0.004302621, -3.4374, -2.742852
 83020945, -2.542611, 0.0660661, -3.435926, -2.732756, -2.284103, -0.009659499, -3.43454, -2.739513
 83220865, -2.312013, 0.5115118, -3.433362, -2.726397, -2.542611, 0.0660661, -3.435926, -2.732756
 83420785, -2.230191, 0.1670038, -3.428106, -2.716359, -2.312013, 0.5115118, -3.433362, -2.726397
 83620705, -2.660948, -0.01470026, -3.427309, -2.703469, -2.230191, 0.1670038, -3.428106, -2.716359
 83820625, -2.141473, 0.2957283, -3.420805, -2.698952, -2.660948, -0.01470026, -3.427309, -2.703469
 84020545, -2.308609, -0.02228919, -3.423616, -2.692665, -2.141473, 0.2957283, -3.420805, -2.698952
 84220465, -2.624164, 0.3471747, -3.428025, -2.685283, -2.308609, -0.02228919, -3.423616, -2.692665
 84420385, -2.24406, -0.187346, -3.427217, -2.675514, -2.624164, 0.3471747, -3.428025, -2.685283
 84620305, -1.918656, 0.03652434, -3.421005, -2.671694, -2.24406, -0.187346, -3.427217, -2.675514
 84820225, -2.110599, 0.1409581, -3.4187, -2.663186, -1.918656, 0.03652434, -3.421005, -2.671694
 85020145, -1.980283, -0.03916709, -3.411263, -2.662645, -2.110599, 0.1409581, -3.4187, -2.663186
 85220898, -1.838364, 0.3899687, -3.411133, -2.657751, -1.980283, -0.03916709, -3.411263, -2.662645
 85420818, -2.230763, 0.001134545, -3.412898, -2.650361, -1.838364, 0.3899687, -3.411133, -2.657751
 85620738, -1.912088, 0.3368844, -3.41021, -2.64835, -2.230763, 0.001134545, -3.412898, -2.650361
 85820658, -2.080329, 0.245179, -3.407335, -2.648821, -1.912088, 0.3368844, -3.41021, -2.64835
 86020578, -2.286565, -0.00628829, -3.406108, -2.647331, -2.080329, 0.245179, -3.407335, -2.648821
 86220498, -2.088529, 0.1594039, -3.405703, -2.644657, -2.286565, -0.00628829, -3.406108, -2.647331
 86420418, -2.033063, 0.1773635, -3.40575, -2.642599, -2.088529, 0.1594039, -3.405703, -2.644657
 86620338, -2.021245, -0.09320177, -3.405656, -2.64094, -2.033063, 0.1773635, -3.40575, -2.642599
 86820258, -1.828982, 0.3493057, -3.404195, -2.641212, -2.021245, -0.09320177, -3.405656, -2.64094
 87020178, -1.818826, 0.01226698, -3.405838, -2.637662, -1.828982, 0.3493057, -3.404195, -2.641212
 87220931, -1.755317, -0.02123776, -3.405286, -2.63737, -1.818826, 0.01226698, -3.405838, -2.637662
 87420851, -2.135839, 0.5388454, -3.408166, -2.635136, -1.755317, -0.02123776, -3.405286, -2.63737
 87620771, -2.149154, 0.3165661, -3.409882, -2.633702, -2.135839, 0.5388454, -3.408166, -2.635136
 87820691, -1.942955, 0.09536041, -3.412147, -2.631644, -2.149154, 0.3165661, -3.409882, -2.633702
 88020611, -1.812023, 0.2790329, -3.411074, -2.632676, -1.942955, 0.09536041, -3.412147, -2.631644
 88220531, -1.788516, 0.3498192, -3.414073, -2.628667, -1.812023, 0.2790329, -3.411074, -2.632676
 88420451, -1.929661, 0.02390626, -3.411654, -2.63216, -1.788516, 0.3498192, -3.414073, -2.628667
 88620371, -1.685397, 0.4322915, -3.413157, -2.62922, -1.929661, 0.02390626, -3.411654, -2.63216
 88820291, -2.027699, -0.1440243, -3.414504, -2.628093, -1.685397, 0.4322915, -3.413157, -2.62922
 89020211, -1.873506, -0.1507311, -3.41196, -2.631107, -2.027699, -0.1440243, -3.414504, -2.628093
 89220964, -1.606843, 0.02459839, -3.416932, -2.625422, -1.873506, -0.1507311, -3.41196, -2.631107
 89420884, -1.8668, 0.04042323, -3.416494, -2.625795, -1.606843, 0.02459839, -3.416932, -2.625422
 89620804, -1.630003, 0.4056557, -3.417856, -2.623479, -1.8668, 0.04042323, -3.416494, -2.625795
 89820724, -1.752457, 0.02163805, -3.415069, -2.627055, -1.630003, 0.4056557, -3.417856, -2.623479
 90020644, -1.865515, -0.02708881, -3.415946, -2.625994, -1.752457, 0.02163805, -3.415069, -2.627055
 90220564, -1.957028, 0.2392826, -3.418396, -2.622297, -1.865515, -0.02708881, -3.415946, -2.625994
 90420484, -1.697298, 0.2732027, -3.417736, -2.622963, -1.957028, 0.2392826, -3.418396, -2.622297
 90620404, -2.057689, -0.2055907, -3.41744, -2.623687, -1.697298, 0.2732027, -3.417736, -2.622963
 90820324, -2.022705, 0.2924977, -3.418554, -2.621989, -2.057689, -0.2055907, -3.41744, -2.623687
 91020244, -1.910895, 0.0962707, -3.418357, -2.622074, -2.022705, 0.2924977, -3.418554, -2.621989
 91220164, -1.437971, 0.4342567, -3.420475, -2.618436, -1.910895, 0.0962707, -3.418357, -2.622074
 91420917, -1.893817, 0.02635221, -3.421325, -2.618427, -1.437971, 0.4342567, -3.420475, -2.618436
 91620837, -1.566384, -0.2117225, -3.417122, -2.622497, -1.893817, 0.02635221, -3.421325, -2.618427
 91820757, -2.168269, 0.6147341, -3.420468, -2.619745, -1.566384, -0.2117225, -3.417122, -2.622497
 92020677, -1.817698, -0.2655863, -3.418694, -2.620656, -2.168269, 0.6147341, -3.420468, -2.619745
 92220597, -1.506577, 0.3310707, -3.419528, -2.619645, -1.817698, -0.2655863, -3.418694, -2.620656
 92420517, -2.066838, 0.05210009, -3.422073, -2.616685, -1.506577, 0.3310707, -3.419528, -2.619645
 92620437, -1.55963, -0.09126715, -3.423656, -2.613706, -2.066838, 0.05210009, -3.422073, -2.616685
 92820357, -2.167894, -0.05231068, -3.418255, -2.621266, -1.55963, -0.09126715, -3.423656, -2.613706
 93020277, -1.87789, 0.4635006, -3.422782, -2.615732, -2.167894, -0.05231068, -3.418255, -2.621266
 93220197, -1.881027, 0.02499482, -3.414168, -2.626638, -1.87789, 0.4635006, -3.422782, -2.615732
 93420950, -2.006021, 0.02859855, -3.417494, -2.62326, -1.881027, 0.02499482, -3.414168, -2.626638
 93620870, -1.749557, 0.1449876, -3.420033, -2.618471, -2.006021, 0.02859855, -3.417494, -2.62326
 93820790, -2.09365, 0.01778394, -3.417552, -2.621308, -1.749557, 0.1449876, -3.420033, -2.618471
 94020710, -1.458669, 0.3414078, -3.417216, -2.620866, -2.09365, 0.01778394, -3.417552, -2.621308
 94220630, -1.900834, -0.03578015, -3.418515, -2.619793, -1.458669, 0.3414078, -3.417216, -2.620866
 94420550, -2.254083, 0.09027573, -3.423914, -2.613712, -1.900834, -0.03578015, -3.418515, -2.619793
 94620470, -1.667229, 0.04814184, -3.420101, -2.618403, -2.254083, 0.09027573, -3.423914, -2.613712
 94820390, -1.661137, 0.1143699, -3.418118, -2.619531, -1.667229, 0.04814184, -3.420101, -2.618403
 95020310, -1.935209, 0.4762558, -3.421235, -2.616128, -1.661137, 0.1143699, -3.418118, -2.619531
 95220230, -2.011714, -0.1159486, -3.418215, -2.618743, -1.935209, 0.4762558, -3.421235, -2.616128
 95420150, -1.601389, 0.3198983, -3.420373, -2.61518, -2.011714, -0.1159486, -3.418215, -2.618743
 95620903, -1.911232, 0.2212999, -3.422045, -2.613461, -1.601389, 0.3198983, -3.420373, -2.61518
 95820823, -1.591902, 0.15358, -3.417584, -2.620058, -1.911232, 0.2212999, -3.422045, -2.613461
 96020743, -1.784449, 0.5644194, -3.417284, -2.621148, -1.591902, 0.15358, -3.417584, -2.620058
 96220663, -1.690841, 0.01824614, -3.418162, -2.619305, -1.784449, 0.5644194, -3.417284, -2.621148
 96420583, -1.794287, 0.3445227, -3.417008, -2.620438, -1.690841, 0.01824614, -3.418162, -2.619305
 96620503, -1.969704, 0.1673763, -3.41621, -2.621801, -1.794287, 0.3445227, -3.417008, -2.620438
 96820423, -2.109915, -0.04516882, -3.411422, -2.629327, -1.969704, 0.1673763, -3.41621, -2.621801
 97020343, -2.129912, 0.2092174, -3.410202, -2.630891, -2.109915, -0.04516882, -3.411422, -2.629327
 97220263, -1.771161, -0.008890033, -3.408935, -2.632221, -2.129912, 0.2092174, -3.410202, -2.630891
 97420183, -1.840991, 0.06127964, -3.410216, -2.629758, -1.771161, -0.008890033, -3.408935, -2.632221
 97620936, -1.797256, 0.156625, -3.411418, -2.628239, -1.840991, 0.06127964, -3.410216, -2.629758
 97820856, -2.077262, 0.02946298, -3.412159, -2.627716, -1.797256, 0.156625, -3.411418, -2.628239
 98020776, -1.777739, 0.1791467, -3.410563, -2.628874, -2.077262, 0.02946298, -3.412159, -2.627716
 98220696, -1.853422, 0.2239075, -3.407582, -2.63306, -1.777739, 0.1791467, -3.410563, -2.628874
 98420616, -1.765271, 0.1122835, -3.411927, -2.625983, -1.853422, 0.2239075, -3.407582, -2.63306
 98620536, -1.818072, 0.1839817, -3.407558, -2.631881, -1.765271, 0.1122835, -3.411927, -2.625983
 98820456, -1.852847, -0.02242404, -3.404794, -2.636037, -1.818072, 0.1839817, -3.407558, -2.631881
 99020376, -1.969996, -0.009492144, -3.404503, -2.637366, -1.852847, -0.02242404, -3.404794, -2.636037
 99220296, -2.018444, 0.0360335, -3.40798, -2.631942, -1.969996, -0.009492144, -3.404503, -2.637366
 99420216, -1.805829, 0.1895577, -3.405973, -2.63439, -2.018444, 0.0360335, -3.40798, -2.631942
 99620969, -1.984952, 0.1753402, -3.406307, -2.63412, -1.805829, 0.1895577, -3.405973, -2.63439
 99820889, -2.171265, 0.3928726, -3.403443, -2.638467, -1.984952, 0.1753402, -3.406307, -2.63412
 100020809, -2.107316, -0.07608089, -3.404691, -2.636784, -2.171265, 0.3928726, -3.403443, -2.638467
 100220729, -2.348997, -0.1329036, -3.40449, -2.637219, -2.107316, -0.07608089, -3.404691, -2.636784
 100420649, -1.702964, 0.2209757, -3.40143, -2.639638, -2.348997, -0.1329036, -3.40449, -2.637219
 100620569, -1.807817, 0.3230774, -3.402799, -2.637526, -1.702964, 0.2209757, -3.40143, -2.639638
 100820489, -2.028738, 0.3662739, -3.406928, -2.632829, -1.807817, 0.3230774, -3.402799, -2.637526
 101020409, -2.205298, 0.3278995, -3.408917, -2.63155, -2.028738, 0.3662739, -3.406928, -2.632829
 101220329, -2.020005, -0.008976012, -3.405945, -2.635052, -2.205298, 0.3278995, -3.408917, -2.63155
 101420249, -1.959685, 0.2307811, -3.403307, -2.638701, -2.020005, -0.008976012, -3.405945, -2.635052
 101620169, -2.079055, 0.1701412, -3.404675, -2.63658, -1.959685, 0.2307811, -3.403307, -2.638701
 101820922, -2.393627, 0.3620073, -3.406776, -2.634271, -2.079055, 0.1701412, -3.404675, -2.63658
 102020842, -1.970161, 0.2926871, -3.407028, -2.632985, -2.393627, 0.3620073, -3.406776, -2.634271
 102220762, -2.062313, 0.3514346, -3.410128, -2.630153, -1.970161, 0.2926871, -3.407028, -2.632985
 102420682, -2.099324, -0.1979486, -3.408512, -2.632717, -2.062313, 0.3514346, -3.410128, -2.630153
 102620602, -1.681731, 0.4572088, -3.408868, -2.630975, -2.099324, -0.1979486, -3.408512, -2.632717
 102820522, -1.994462, 0.1525558, -3.410423, -2.629093, -1.681731, 0.4572088, -3.408868, -2.630975
 103020442, -2.019622, -0.08275443, -3.408073, -2.632115, -1.994462, 0.1525558, -3.410423, -2.629093
 103220362, -2.213355, 0.07741649, -3.412094, -2.627444, -2.019622, -0.08275443, -3.408073, -2.632115
 103420282, -1.767727, 0.1191268, -3.407828, -2.632041, -2.213355, 0.07741649, -3.412094, -2.627444
 103620202, -2.022382, 0.255799, -3.410214, -2.629406, -1.767727, 0.1191268, -3.407828, -2.632041
 103820955, -1.834492, 0.1001798, -3.408921, -2.630244, -2.022382, 0.255799, -3.410214, -2.629406
 104020875, -2.269063, 0.01590982, -3.411752, -2.628548, -1.834492, 0.1001798, -3.408921, -2.630244
 104220795, -2.088357, 0.3051277, -3.411186, -2.628807, -2.269063, 0.01590982, -3.411752, -2.628548
 104420715, -2.130198, 0.1637858, -3.408282, -2.632059, -2.088357, 0.3051277, -3.411186, -2.628807
 104620635, -1.723811, -0.02784397, -3.411106, -2.627934, -2.130198, 0.1637858, -3.408282, -2.632059
 104820555, -2.026128, 0.2207337, -3.412817, -2.626014, -1.723811, -0.02784397, -3.411106, -2.627934
 105020475, -2.457485, 0.2673388, -3.413901, -2.625835, -2.026128, 0.2207337, -3.412817, -2.626014
 105220395, -2.201168, 0.3360407, -3.416067, -2.623288, -2.457485, 0.2673388, -3.413901, -2.625835
 105420315, -2.331335, 0.158163, -3.418688, -2.619432, -2.201168, 0.3360407, -3.416067, -2.623288
 105620235, -1.838438, 0.3007536, -3.417851, -2.619395, -2.331335, 0.158163, -3.418688, -2.619432
 105820155, -2.104437, 0.3483391, -3.420239, -2.616965, -1.838438, 0.3007536, -3.417851, -2.619395
 106020908, -1.852074, 0.01863539, -3.41934, -2.618217, -2.104437, 0.3483391, -3.420239, -2.616965
 106220828, -2.139156, -0.03029138, -3.419619, -2.618729, -1.852074, 0.01863539, -3.41934, -2.618217
 106420748, -2.122436, -0.05373827, -3.418398, -2.620178, -2.139156, -0.03029138, -3.419619, -2.618729
 106620668, -1.995602, 0.3484062, -3.415482, -2.62312, -2.122436, -0.05373827, -3.418398, -2.620178
 106820588, -1.95357, 0.1135512, -3.410211, -2.629502, -1.995602, 0.3484062, -3.415482, -2.62312
 107020508, -1.79048, 0.03308314, -3.413517, -2.625176, -1.95357, 0.1135512, -3.410211, -2.629502
 107220428, -2.110223, 0.1805404, -3.414368, -2.624417, -1.79048, 0.03308314, -3.413517, -2.625176
 107420348, -2.402709, 0.39505, -3.414922, -2.624143, -2.110223, 0.1805404, -3.414368, -2.624417
 107620268, -2.124426, 0.2388387, -3.413281, -2.625724, -2.402709, 0.39505, -3.414922, -2.624143
 107820188, -2.22578, 0.2772845, -3.413775, -2.626781, -2.124426, 0.2388387, -3.413281, -2.625724
 108020941, -2.474277, -0.02402672, -3.417687, -2.621804, -2.22578, 0.2772845, -3.413775, -2.626781
 108220861, -1.971945, 0.2583466, -3.414606, -2.623001, -2.474277, -0.02402672, -3.417687, -2.621804
 108420781, -1.737481, 0.2322643, -3.414339, -2.623174, -1.971945, 0.2583466, -3.414606, -2.623001
 108620701, -2.241157, 0.2418781, -3.421672, -2.615698, -1.737481, 0.2322643, -3.414339, -2.623174
 108820621, -2.18646, 0.04863831, -3.419161, -2.619587, -2.241157, 0.2418781, -3.421672, -2.615698
 109020541, -1.82489, 0.1385997, -3.417576, -2.621372, -2.18646, 0.04863831, -3.419161, -2.619587
 109220461, -1.975953, 0.3728384, -3.421115, -2.615831, -1.82489, 0.1385997, -3.417576, -2.621372
 109420381, -1.922529, -0.04821488, -3.51872, -2.482386, -1.975953, 0.3728384, -3.421115, -2.615831
 109620301, -2.205801, 0.01826394, -3.521561, -2.486652, -1.922529, -0.04821488, -3.51872, -2.482386
 109820221, -1.841923, -0.03713384, -3.528229, -2.495936, -2.205801, 0.01826394, -3.521561, -2.486652
 110020974, -1.669544, 0.1532269, -3.537941, -2.512136, -1.841923, -0.03713384, -3.528229, -2.495936
