TimeUS,COFN,COFE,CNe,CEe,POFN,POFE,PNe,PEe
 8425795, 0.005051716, 0.00860869, 0.01976848, -0.03121446, 0, 0, 0, 0
 8606556, -0.0009805874, 0.002874773, 0.01981309, -0.03116914, 0.005051716, 0.00860869, 0.01976848, -0.03121446
 8806476, 0.0004987826, 0.005202051, 0.02013502, -0.03096558, -0.0009805874, 0.002874773, 0.01981309, -0.03116914
 9006396, 0.0006797496, 0.005247275, 0.02068201, -0.03060308, 0.0004987826, 0.005202051, 0.02013502, -0.03096558
 9206316, -0.0006981498, 0.002924237, 0.02130868, -0.0301664, 0.0006797496, 0.005247275, 0.02068201, -0.03060308
 9406236, -0.004283465, 0.0007768061, 0.02192078, -0.02972655, -0.0006981498, 0.002924237, 0.02130868, -0.0301664
 9606156, -0.002499289, 0.0001516489, 0.02247323, -0.02930859, -0.004283465, 0.0007768061, 0.02192078, -0.02972655
 9806076, -0.002111717, 0.001049694, 0.02297372, -0.0289178, -0.002499289, 0.0001516489, 0.02247323, -0.02930859
 10005996, -0.002610152, 0.003593506, 0.02343048, -0.02855188, -0.002111717, 0.001049694, 0.02297372, -0.0289178
 10205916, -0.001843156, 0.003808418, 0.0238514, -0.02820083, -0.002610152, 0.003593506, 0.02343048, -0.02855188
 10405836, -0.002833548, 0.003283444, 0.02424165, -0.02786627, -0.001843156, 0.003808418, 0.0238514, -0.02820083
 10606589, -0.0008843822, 0.005406491, 0.0245967, -0.02755577, -0.002833548, 0.003283444, 0.02424165, -0.02786627
 10806509, -0.003490184, 0.01220049, 0.02492661, -0.02728591, -0.0008843822, 0.005406491, 0.0245967, -0.02755577
 11006429, 0.01944314, 0.001906277, 0.02531617, -0.02697295, -0.003490184, 0.01220049, 0.02492661, -0.02728591
 11206349, -0.0188413, -0.0008755253, 0.02558569, -0.02671173, 0.01944314, 0.001906277, 0.02531617, -0.02697295
 11406269, -0.02145405, 0.01361336, 0.02586035, -0.0265102, -0.0188413, -0.0008755253, 0.02558569, -0.02671173
 11606189, -0.004721943, -0.01591489, 0.02598706, -0.02630353, -0.02145405, 0.01361336, 0.02586035, -0.0265102
 11806109, 0.01934591, 0.001264694, 0.02627122, -0.02604233, -0.004721943, -0.01591489, 0.02598706, -0.02630353
 12006029, -0.009939782, -0.014195, 0.02639611, -0.02589861, 0.01934591, 0.001264694, 0.02627122, -0.02604233
 12205949, 0.01188045, -0.006682508, 0.02657219, -0.02569176, -0.009939782, -0.014195, 0.02639611, -0.02589861
 12405869, -0.01110299, 0.004114073, 0.02671868, -0.0255289, 0.01188045, -0.006682508, 0.02657219, -0.02569176
 12605789, 0.006079162, -0.02119434, 0.026836, -0.02548538, -0.01110299, 0.004114073, 0.02671868, -0.0255289
 12806542, 0.002612767, -0.02189537, 0.02695236, -0.02536231, 0.006079162, -0.02119434, 0.026836, -0.02548538
 13006462, 0.01505062, -0.01165028, 0.02710784, -0.02516715, 0.002612767, -0.02189537, 0.02695236, -0.02536231
 13206382, -0.009355702, -0.0216096, 0.02718206, -0.02513194, 0.01505062, -0.01165028, 0.02710784, -0.02516715
 13406302, 0.008553433, -0.006383772, 0.02725561, -0.02494865, -0.009355702, -0.0216096, 0.02718206, -0.02513194
 13606222, 0.01792241, -0.01782447, 0.02738466, -0.02493091, 0.008553433, -0.006383772, 0.02725561, -0.02494865
 13806142, -0.01127586, 0.01435237, 0.02741032, -0.02483048, 0.01792241, -0.01782447, 0.02738466, -0.02493091
 14006062, 0.004819214, -0.006230018, 0.02744669, -0.02472597, -0.01127586, 0.01435237, 0.02741032, -0.02483048
 14205982, -0.01546247, 0.0008794422, 0.02754714, -0.02465639, 0.004819214, -0.006230018, 0.02744669, -0.02472597
 14405902, -0.003903214, -0.005968321, 0.02754431, -0.02461451, -0.01546247, 0.0008794422, 0.02754714, -0.02465639
 14605822, 0.01836992, 0.01174175, 0.02766233, -0.0245834, -0.003903214, -0.005968321, 0.02754431, -0.02461451
 14806575, -0.001645174, 0.01417034, 0.02761829, -0.02456798, 0.01836992, 0.01174175, 0.02766233, -0.0245834
 15006495, -0.009868126, -0.01809484, 0.02767794, -0.02455375, -0.001645174, 0.01417034, 0.02761829, -0.02456798
 15206415, -0.009474901, -0.01413011, 0.02769879, -0.0244978, -0.009868126, -0.01809484, 0.02767794, -0.02455375
 15406335, -0.01177676, -0.01146675, 0.02773048, -0.0244573, -0.009474901, -0.01413011, 0.02769879, -0.0244978
 15606255, -0.0105567, -0.01336243, 0.02774369, -0.02444708, -0.01177676, -0.01146675, 0.02773048, -0.0244573
 15806175, -0.01017893, -0.01364825, 0.02775741, -0.02443146, -0.0105567, -0.01336243, 0.02774369, -0.02444708
 16006095, -0.009489799, -0.01513699, 0.0277674, -0.02442715, -0.01017893, -0.01364825, 0.02775741, -0.02443146
 16206015, -0.00762816, -0.01400673, 0.02776901, -0.02440974, -0.009489799, -0.01513699, 0.0277674, -0.02442715
 16405935, -0.01048475, -0.01025168, 0.02778704, -0.02437973, -0.00762816, -0.01400673, 0.02776901, -0.02440974
 16605855, -0.009250807, -0.01328816, 0.02778973, -0.02438802, -0.01048475, -0.01025168, 0.02778704, -0.02437973
 16805775, -0.008659117, -0.01748162, 0.02779674, -0.02440855, -0.009250807, -0.01328816, 0.02778973, -0.02438802
 17006528, -0.007333451, -0.0161743, 0.02779493, -0.02439492, -0.008659117, -0.01748162, 0.02779674, -0.02440855
 17206448, -0.01099819, -0.01763767, 0.02781386, -0.02440143, -0.007333451, -0.0161743, 0.02779493, -0.02439492
 17406368, -0.01163912, -0.01322078, 0.02781346, -0.02437255, -0.01099819, -0.01763767, 0.02781386, -0.02440143
 17606288, -0.007738819, -0.00984857, 0.02779142, -0.02436074, -0.01163912, -0.01322078, 0.02781346, -0.02437255
 17806208, -0.009559104, -0.01153374, 0.02779716, -0.02437046, -0.007738819, -0.00984857, 0.02779142, -0.02436074
 18006128, -0.008962332, -0.01641961, 0.02779421, -0.02440405, -0.009559104, -0.01153374, 0.02779716, -0.02437046
 18206048, -0.01056614, -0.01518358, 0.02779621, -0.02439991, -0.008962332, -0.01641961, 0.02779421, -0.02440405
 18405968, -0.01073528, -0.01425857, 0.02779131, -0.0243998, -0.01056614, -0.01518358, 0.02779621, -0.02439991
 18605888, -0.01150014, -0.01399245, 0.02778924, -0.02440445, -0.01073528, -0.01425857, 0.02779131, -0.0243998
 18805808, -0.01350208, -0.01357272, 0.0277939, -0.0244084, -0.01150014, -0.01399245, 0.02778924, -0.02440445
 19006561, -0.01172788, -0.009409832, 0.02777363, -0.02439768, -0.01350208, -0.01357272, 0.0277939, -0.0244084
 19206481, -0.01153416, -0.01311828, 0.02776828, -0.02442278, -0.01172788, -0.009409832, 0.02777363, -0.02439768
 19406401, -0.009222911, -0.01490215, 0.02774983, -0.02444421, -0.01153416, -0.01311828, 0.02776828, -0.02442278
 19606321, -0.009523617, -0.01528061, 0.02774277, -0.02445633, -0.009222911, -0.01490215, 0.02774983, -0.02444421
 19806241, -0.01009315, -0.01285324, 0.02773492, -0.02445151, -0.009523617, -0.01528061, 0.02774277, -0.02445633
 20006161, -0.01081663, -0.0132795, 0.02772974, -0.0244637, -0.01009315, -0.01285324, 0.02773492, -0.02445151
 20206081, -0.009999039, -0.01183833, 0.02771515, -0.02446745, -0.01081663, -0.0132795, 0.02772974, -0.0244637
 20406001, -0.01164013, -0.01471091, 0.02771612, -0.02449317, -0.009999039, -0.01183833, 0.02771515, -0.02446745
 20605921, -0.01072682, -0.01245129, 0.02770019, -0.02449159, -0.01164013, -0.01471091, 0.02771612, -0.02449317
 20805841, -0.01023564, -0.01191169, 0.02768745, -0.02450036, -0.01072682, -0.01245129, 0.02770019, -0.02449159
 21005761, -0.01041039, -0.01313438, 0.02767915, -0.02451794, -0.01023564, -0.01191169, 0.02768745, -0.02450036
 21206514, -0.01094164, -0.01408552, 0.02767286, -0.02453395, -0.01041039, -0.01313438, 0.02767915, -0.02451794
 21406434, -0.01114563, -0.01458429, 0.02766407, -0.02454837, -0.01094164, -0.01408552, 0.02767286, -0.02453395
 21606354, -0.009588086, -0.01449963, 0.02764566, -0.02456078, -0.01114563, -0.01458429, 0.02766407, -0.02454837
 21806274, -0.01280574, -0.01308588, 0.02765147, -0.02456215, -0.009588086, -0.01449963, 0.02764566, -0.02456078
 22006194, -0.01075269, -0.01236217, 0.02762917, -0.02457127, -0.01280574, -0.01308588, 0.02765147, -0.02456215
 22206114, -0.01071312, -0.01160679, 0.02761817, -0.02457911, -0.01075269, -0.01236217, 0.02762917, -0.02457127
 22406034, -0.01093425, -0.01502554, 0.0276109, -0.02461015, -0.01071312, -0.01160679, 0.02761817, -0.02457911
 22605954, -0.009950429, -0.01242996, 0.02759401, -0.02460719, -0.01093425, -0.01502554, 0.0276109, -0.02461015
 22805874, -0.01257137, -0.01348178, 0.02759814, -0.02462315, -0.009950429, -0.01242996, 0.02759401, -0.02460719
 23005794, -0.01082594, -0.01169822, 0.02757683, -0.02462656, -0.01257137, -0.01348178, 0.02759814, -0.02462315
 23206547, -0.01098778, -0.01238872, 0.02756814, -0.0246411, -0.01082594, -0.01169822, 0.02757683, -0.02462656
 23406467, -0.008455841, -0.01343309, 0.02754709, -0.02465933, -0.01098778, -0.01238872, 0.02756814, -0.0246411
 23606387, -0.009015866, -0.01147786, 0.02753795, -0.02466027, -0.008455841, -0.01343309, 0.02754709, -0.02465933
 23806307, -0.009144927, -0.01340597, 0.02752923, -0.02468198, -0.009015866, -0.01147786, 0.02753795, -0.02466027
 24006227, -0.008110662, -0.0126488, 0.02751437, -0.02468962, -0.009144927, -0.01340597, 0.02752923, -0.02468198
 24206147, -0.01172052, -0.01764954, 0.02752463, -0.02473121, -0.008110662, -0.0126488, 0.02751437, -0.02468962
 24406067, -0.01237064, -0.01259039, 0.02751487, -0.02470946, -0.01172052, -0.01764954, 0.02752463, -0.02473121
 24605987, -0.01260082, -0.01197688, 0.02750597, -0.02471715, -0.01237064, -0.01259039, 0.02751487, -0.02470946
 24805907, -0.01387003, -0.01592251, 0.02750665, -0.02475052, -0.01260082, -0.01197688, 0.02750597, -0.02471715
 25005827, -0.01141043, -0.01146127, 0.02747903, -0.02473745, -0.01387003, -0.01592251, 0.02750665, -0.02475052
 25206580, -0.01039377, -0.01217668, 0.02746454, -0.02475229, -0.01141043, -0.01146127, 0.02747903, -0.02473745
 25406500, -0.01043956, -0.01109257, 0.02745506, -0.02475706, -0.01039377, -0.01217668, 0.02746454, -0.02475229
 25606420, -0.009977384, -0.01275576, 0.02744413, -0.02477634, -0.01043956, -0.01109257, 0.02745506, -0.02475706
 25806340, -0.008831128, -0.01513293, 0.02743066, -0.02480184, -0.009977384, -0.01275576, 0.02744413, -0.02477634
 26006260, -0.008109958, -0.01355631, 0.02741748, -0.02480282, -0.008831128, -0.01513293, 0.02743066, -0.02480184
 26206180, -0.009610257, -0.01438242, 0.02741505, -0.02481727, -0.008109958, -0.01355631, 0.02741748, -0.02480282
 26406100, -0.010353, -0.01465795, 0.02740943, -0.02482888, -0.009610257, -0.01438242, 0.02741505, -0.02481727
 26606020, -0.01056295, -0.01227114, 0.02740014, -0.02482496, -0.010353, -0.01465795, 0.02740943, -0.02482888
 26805940, -0.009247312, -0.01241228, 0.02738506, -0.02483626, -0.01056295, -0.01227114, 0.02740014, -0.02482496
 27005860, -0.01087376, -0.01297606, 0.02738394, -0.02484862, -0.009247312, -0.01241228, 0.02738506, -0.02483626
 27205780, -0.00807994, -0.01246789, 0.02736222, -0.02485698, -0.01087376, -0.01297606, 0.02738394, -0.02484862
 27406533, -0.008737319, -0.01171498, 0.02735614, -0.02486199, -0.00807994, -0.01246789, 0.02736222, -0.02485698
 27606453, -0.008522343, -0.01526676, 0.02734824, -0.02489242, -0.008737319, -0.01171498, 0.02735614, -0.02486199
 27806373, -0.006095764, -0.01709737, 0.02733179, -0.02491609, -0.008522343, -0.01526676, 0.02734824, -0.02489242
 28006293, -0.009357642, -0.01502873, 0.02733459, -0.02490924, -0.006095764, -0.01709737, 0.02733179, -0.02491609
 28206213, -0.01395528, -0.01168602, 0.0273497, -0.02489687, -0.009357642, -0.01502873, 0.02733459, -0.02490924
 28406133, -0.01217192, -0.01194146, 0.02733076, -0.02490809, -0.01395528, -0.01168602, 0.0273497, -0.02489687
 28606053, -0.0106836, -0.01305287, 0.02731508, -0.02492382, -0.01217192, -0.01194146, 0.02733076, -0.02490809
 28805973, -0.008909505, -0.01398899, 0.02729925, -0.02493894, -0.0106836, -0.01305287, 0.02731508, -0.02492382
 29005893, -0.007947052, -0.01229118, 0.0272867, -0.02493835, -0.008909505, -0.01398899, 0.02729925, -0.02493894
 29205813, -0.007356319, -0.01593675, 0.02727826, -0.02496967, -0.007947052, -0.01229118, 0.0272867, -0.02493835
 29406566, -0.009766825, -0.01308765, 0.02727909, -0.02495901, -0.007356319, -0.01593675, 0.02727826, -0.02496967
 29606486, -0.009944975, -0.01648912, 0.0272742, -0.02498884, -0.009766825, -0.01308765, 0.02727909, -0.02495901
 29806406, -0.007943355, -0.01690736, 0.02725778, -0.02500162, -0.009944975, -0.01648912, 0.0272742, -0.02498884
 30006326, -0.008477653, -0.01273953, 0.02725036, -0.02498275, -0.007943355, -0.01690736, 0.02725778, -0.02500162
 30206246, -0.00799787, -0.01386595, 0.02724149, -0.0249976, -0.008477653, -0.01273953, 0.02725036, -0.02498275
 30406166, -0.008811368, -0.01270046, 0.02723692, -0.02499853, -0.00799787, -0.01386595, 0.02724149, -0.0249976
 30606086, -0.009124101, -0.0135019, 0.02723125, -0.02501095, -0.008811368, -0.01270046, 0.02723692, -0.02499853
 30806006, -0.009846242, -0.01620659, 0.02722865, -0.02503586, -0.009124101, -0.0135019, 0.02723125, -0.02501095
 31005926, -0.008873578, -0.01688952, 0.0272175, -0.02504902, -0.009846242, -0.01620659, 0.02722865, -0.02503586
 31205846, -0.009952656, -0.01477658, 0.02721448, -0.02504136, -0.008873578, -0.01688952, 0.0272175, -0.02504902
 31405766, -0.009625172, -0.01647758, 0.02720775, -0.02505964, -0.009952656, -0.01477658, 0.02721448, -0.02504136
 31606519, -0.01059039, -0.01178189, 0.02720426, -0.0250369, -0.009625172, -0.01647758, 0.02720775, -0.02505964
 31806439, -0.01340929, -0.01461386, 0.02721469, -0.02505896, -0.01059039, -0.01178189, 0.02720426, -0.0250369
 32006359, -0.009503778, -0.01313977, 0.02718619, -0.02505935, -0.01340929, -0.01461386, 0.02721469, -0.02505896
 32206279, -0.008257264, -0.01487621, 0.02717488, -0.02507781, -0.009503778, -0.01313977, 0.02718619, -0.02505935
 32406199, -0.0112356, -0.01560134, 0.02718236, -0.02508848, -0.008257264, -0.01487621, 0.02717488, -0.02507781
 32606119, -0.0104575, -0.01350946, 0.02717086, -0.02508273, -0.0112356, -0.01560134, 0.02718236, -0.02508848
 32806039, -0.01143681, -0.01317433, 0.02716921, -0.02508744, -0.0104575, -0.01350946, 0.02717086, -0.02508273
 33005959, -0.009225866, -0.01648659, 0.02715354, -0.02511669, -0.01143681, -0.01317433, 0.02716921, -0.02508744
 33205879, -0.01073155, -0.01470539, 0.02715337, -0.0251109, -0.009225866, -0.01648659, 0.02715354, -0.02511669
 33405799, -0.01189126, -0.01487331, 0.0271533, -0.02511829, -0.01073155, -0.01470539, 0.02715337, -0.0251109
 33606552, -0.009622583, -0.0146461, 0.02713571, -0.02512431, -0.01189126, -0.01487331, 0.0271533, -0.02511829
 33806472, -0.009951287, -0.01511419, 0.02713133, -0.0251338, -0.009622583, -0.0146461, 0.02713571, -0.02512431
 34006392, -0.01008128, -0.01368797, 0.02712527, -0.02513135, -0.009951287, -0.01511419, 0.02713133, -0.0251338
 34206312, -0.01168797, -0.01066113, 0.02712625, -0.02512124, -0.01008128, -0.01368797, 0.02712527, -0.02513135
 34406232, -0.011723, -0.01533301, 0.02712253, -0.02515382, -0.01168797, -0.01066113, 0.02712625, -0.02512124
 34606152, -0.01068055, -0.01465492, 0.02711095, -0.02515611, -0.011723, -0.01533301, 0.02712253, -0.02515382
 34806072, -0.009615795, -0.01291488, 0.02709934, -0.02515238, -0.01068055, -0.01465492, 0.02711095, -0.02515611
 35005992, -0.008891345, -0.01488893, 0.0270913, -0.02517072, -0.009615795, -0.01291488, 0.02709934, -0.02515238
 35205912, -0.01053153, -0.01416029, 0.02709289, -0.02517151, -0.008891345, -0.01488893, 0.0270913, -0.02517072
 35405832, -0.01082201, -0.01178994, 0.02708768, -0.0251642, -0.01053153, -0.01416029, 0.02709289, -0.02517151
 35606585, -0.009253531, -0.01344832, 0.02707548, -0.02517976, -0.01082201, -0.01178994, 0.02708768, -0.0251642
 35806505, -0.006858236, -0.01435178, 0.02706143, -0.02519171, -0.009253531, -0.01344832, 0.02707548, -0.02517976
 36006425, -0.009913579, -0.01264076, 0.02706745, -0.02518641, -0.006858236, -0.01435178, 0.02706143, -0.02519171
 36206345, -0.01342929, -0.01165849, 0.02708077, -0.02518566, -0.009913579, -0.01264076, 0.02706745, -0.02518641
 36406265, -0.01091004, -0.01039968, 0.02706087, -0.02518629, -0.01342929, -0.01165849, 0.02708077, -0.02518566
 36606185, -0.008251235, -0.01354092, 0.02704485, -0.02520914, -0.01091004, -0.01039968, 0.02706087, -0.02518629
 36806105, -0.008531858, -0.01451792, 0.02704113, -0.02522061, -0.008251235, -0.01354092, 0.02704485, -0.02520914
 37006025, -0.0106088, -0.01345931, 0.02704504, -0.02521878, -0.008531858, -0.01451792, 0.02704113, -0.02522061
 37205945, -0.01176963, -0.01481984, 0.02704673, -0.02523199, -0.0106088, -0.01345931, 0.02704504, -0.02521878
 37405865, -0.009410395, -0.01528328, 0.02703019, -0.02524132, -0.01176963, -0.01481984, 0.02704673, -0.02523199
 37605785, -0.0105371, -0.0133155, 0.02702983, -0.02523384, -0.009410395, -0.01528328, 0.02703019, -0.02524132
 37806538, -0.01127041, -0.011203, 0.02702809, -0.02522737, -0.0105371, -0.0133155, 0.02702983, -0.02523384
 38006458, -0.01096746, -0.01280061, 0.02702222, -0.02524102, -0.01127041, -0.011203, 0.02702809, -0.02522737
 38206378, -0.01313678, -0.01355968, 0.02702985, -0.02524967, -0.01096746, -0.01280061, 0.02702222, -0.02524102
 38406298, -0.009193848, -0.0129584, 0.02700442, -0.02525268, -0.01313678, -0.01355968, 0.02702985, -0.02524967
 38606218, -0.01226232, -0.01275258, 0.02701505, -0.02525539, -0.009193848, -0.0129584, 0.02700442, -0.02525268
 38806138, -0.01138538, -0.01508999, 0.02700657, -0.02527476, -0.01226232, -0.01275258, 0.02701505, -0.02525539
 39006058, -0.01043754, -0.01393245, 0.02699671, -0.02527268, -0.01138538, -0.01508999, 0.02700657, -0.02527476
 39205978, -0.01095112, -0.01509748, 0.02699527, -0.02528462, -0.01043754, -0.01393245, 0.02699671, -0.02527268
 39405898, -0.008794222, -0.01727481, 0.02698152, -0.02530578, -0.01095112, -0.01509748, 0.02699527, -0.02528462
 39605818, -0.01027604, -0.01568596, 0.02698313, -0.02529847, -0.008794222, -0.01727481, 0.02698152, -0.02530578
 39806571, -0.01250889, -0.014006, 0.02699015, -0.0252912, -0.01027604, -0.01568596, 0.02698313, -0.02529847
 40006491, -0.01218167, -0.01508979, 0.02698459, -0.02530259, -0.01250889, -0.014006, 0.02699015, -0.0252912
 40206411, -0.008092417, -0.01433823, 0.0269605, -0.02530389, -0.01218167, -0.01508979, 0.02698459, -0.02530259
 40406331, -0.01048822, -0.0150066, 0.02696699, -0.02531186, -0.008092417, -0.01433823, 0.0269605, -0.02530389
 40606251, -0.00948823, -0.01596827, 0.0269585, -0.02532317, -0.01048822, -0.0150066, 0.02696699, -0.02531186
 40806171, -0.009196626, -0.01383514, 0.02695238, -0.02531368, -0.00948823, -0.01596827, 0.0269585, -0.02532317
 41006091, -0.01214022, -0.01436396, 0.0269631, -0.02532029, -0.009196626, -0.01383514, 0.02695238, -0.02531368
 41206011, -0.008550257, -0.01544176, 0.0269421, -0.02533286, -0.01214022, -0.01436396, 0.0269631, -0.02532029
 41405931, -0.01201858, -0.01743872, 0.02695564, -0.02535021, -0.008550257, -0.01544176, 0.0269421, -0.02533286
 41605851, -0.008424755, -0.01355277, 0.02693291, -0.02532944, -0.01201858, -0.01743872, 0.02695564, -0.02535021
 41805771, -0.008601417, -0.01361691, 0.02692977, -0.02533389, -0.008424755, -0.01355277, 0.02693291, -0.02532944
 42006524, -0.007612318, -0.01593272, 0.026923, -0.02535321, -0.008601417, -0.01361691, 0.02692977, -0.02533389
 42206444, -0.009753374, -0.01256044, 0.02692675, -0.02533558, -0.007612318, -0.01593272, 0.026923, -0.02535321
 42406364, -0.009933683, -0.01118369, 0.02692324, -0.02533253, -0.009753374, -0.01256044, 0.02692675, -0.02533558
 42606284, -0.007544518, -0.01192011, 0.02690985, -0.02534104, -0.009933683, -0.01118369, 0.02692324, -0.02533253
 42806204, -0.01028056, -0.01268089, 0.02691758, -0.02534844, -0.007544518, -0.01192011, 0.02690985, -0.02534104
 43006124, -0.01081395, -0.01391053, 0.02691675, -0.0253595, -0.01028056, -0.01268089, 0.02691758, -0.02534844
 43206044, -0.01241596, -0.01043427, 0.02692037, -0.02534468, -0.01081395, -0.01391053, 0.02691675, -0.0253595
 43405964, -0.009829603, -0.01346231, 0.0269042, -0.02536526, -0.01241596, -0.01043427, 0.02692037, -0.02534468
 43605884, -0.01365137, -0.01189167, 0.02692055, -0.02535947, -0.009829603, -0.01346231, 0.0269042, -0.02536526
 43805804, -0.01391474, -0.01344101, 0.02691945, -0.0253714, -0.01365137, -0.01189167, 0.02692055, -0.02535947
 44006557, -0.01363089, -0.01531927, 0.02691516, -0.02538664, -0.01391474, -0.01344101, 0.02691945, -0.0253714
 44206477, -0.01063318, -0.01166344, 0.02689364, -0.0253698, -0.01363089, -0.01531927, 0.02691516, -0.02538664
 44406397, -0.01090302, -0.01332956, 0.02689191, -0.02538261, -0.01063318, -0.01166344, 0.02689364, -0.0253698
 44606317, -0.0119371, -0.0150147, 0.02689436, -0.02539653, -0.01090302, -0.01332956, 0.02689191, -0.02538261
 44806237, -0.01090699, -0.01448059, 0.02688516, -0.02539718, -0.0119371, -0.0150147, 0.02689436, -0.02539653
 45006157, -0.008361067, -0.01224786, 0.02686956, -0.02538855, -0.01090699, -0.01448059, 0.02688516, -0.02539718
 45206077, -0.008740008, -0.01062872, 0.02686715, -0.02538403, -0.008361067, -0.01224786, 0.02686956, -0.02538855
 45405997, -0.006535319, -0.01588158, 0.02685718, -0.02541897, -0.008740008, -0.01062872, 0.02686715, -0.02538403
 45605917, -0.008648934, -0.01519723, 0.02686113, -0.02541729, -0.006535319, -0.01588158, 0.02685718, -0.02541897
 45805837, -0.01096046, -0.01587069, 0.02686847, -0.02542482, -0.008648934, -0.01519723, 0.02686113, -0.02541729
 46006590, -0.01337456, -0.01285211, 0.02687759, -0.02540872, -0.01096046, -0.01587069, 0.02686847, -0.02542482
 46206510, -0.01204601, -0.01162839, 0.02686607, -0.02540616, -0.01337456, -0.01285211, 0.02687759, -0.02540872
 46406430, -0.01219539, -0.01187834, 0.02686338, -0.02541119, -0.01204601, -0.01162839, 0.02686607, -0.02540616
 46606350, -0.01449462, -0.01240944, 0.0272923, -0.02581344, -0.01219539, -0.01187834, 0.02686338, -0.02541119
 46806270, -0.01404087, -0.01472411, 0.03075631, -0.0291171, -0.01449462, -0.01240944, 0.0272923, -0.02581344
 47006190, -0.01727344, -0.02005489, 0.04032666, -0.03819996, -0.01404087, -0.01472411, 0.03075631, -0.0291171
 47206110, -0.02328755, -0.03182508, 0.05974571, -0.05662565, -0.01727344, -0.02005489, 0.04032666, -0.03819996
 47406030, -0.03532258, -0.0522894, 0.08793909, -0.08338431, -0.02328755, -0.03182508, 0.05974571, -0.05662565
 47605950, -0.04868136, -0.07453497, 0.1244673, -0.1180666, -0.03532258, -0.0522894, 0.08793909, -0.08338431
 47805870, -0.05234161, -0.09093978, 0.1637837, -0.1647992, -0.04868136, -0.07453497, 0.1244673, -0.1180666
 48005790, -0.07323746, -0.1057229, 0.2136174, -0.2149263, -0.05234161, -0.09093978, 0.1637837, -0.1647992
 48206543, -0.08425277, -0.1668713, 0.2684293, -0.2699731, -0.07323746, -0.1057229, 0.2136174, -0.2149263
 48406463, -0.09500413, -0.1974221, 0.3285795, -0.3298608, -0.08425277, -0.1668713, 0.2684293, -0.2699731
 48606383, 0.09841356, -0.3270299, 0.3923039, -0.3932371, -0.09500413, -0.1974221, 0.3285795, -0.3298608
 48806303, -0.2045496, 0.03684545, 0.4595115, -0.4597479, 0.09841356, -0.3270299, 0.3923039, -0.3932371
 49006223, -0.1405006, -0.1393682, 0.5266722, -0.5275583, -0.2045496, 0.03684545, 0.4595115, -0.4597479
 49206143, 0.1582841, -0.1701065, 0.5905736, -0.5926322, -0.1405006, -0.1393682, 0.5266722, -0.5275583
 49406063, -0.1540504, -0.2711973, 0.6509388, -0.653916, 0.1582841, -0.1701065, 0.5905736, -0.5926322
 49605983, 0.2534588, 0.3619311, 0.7074577, -0.7108436, -0.1540504, -0.2711973, 0.6509388, -0.653916
 49805903, -0.03230885, -0.1616995, 0.7596877, -0.7633565, 0.2534588, 0.3619311, 0.7074577, -0.7108436
 50005823, 0.4195505, 0.2088529, 0.8084196, -0.8121856, -0.03230885, -0.1616995, 0.7596877, -0.7633565
 50206576, -0.1105498, 0.4005838, 0.853354, -0.8576235, 0.4195505, 0.2088529, 0.8084196, -0.8121856
 50406496, 0.3602643, 0.4924173, 0.8928108, -0.8962846, -0.1105498, 0.4005838, 0.853354, -0.8576235
 50606416, 0.4356336, 0.05147655, 0.9264784, -0.9281584, 0.3602643, 0.4924173, 0.8928108, -0.8962846
 50806336, 0.08030102, 0.3363636, 0.9538623, -0.9543237, 0.4356336, 0.05147655, 0.9264784, -0.9281584
 51006256, -0.7219139, 0.4859278, 0.9777274, -0.9759921, 0.08030102, 0.3363636, 0.9538623, -0.9543237
 51206176, -0.5438337, -0.4607631, 0.9958789, -0.9927266, -0.7219139, 0.4859278, 0.9777274, -0.9759921
 51406096, 0.1311755, 0.345808, 1.01629, -0.9996575, -0.5438337, -0.4607631, 0.9958789, -0.9927266
 51606016, -0.119009, -0.6505319, 1.103611, -0.9278086, 0.1311755, 0.345808, 1.01629, -0.9996575
 51805936, 0.07565641, -0.5342931, 1.278292, -0.6959429, -0.119009, -0.6505319, 1.103611, -0.9278086
 52005856, -1.505247, 0.1009097, 1.435019, -0.3154655, 0.07565641, -0.5342931, 1.278292, -0.6959429
 52205776, -0.1532872, -1.456219, 1.473237, 0.1385105, -1.505247, 0.1009097, 1.435019, -0.3154655
 52406529, 0.02293566, -0.6748045, 1.380076, 0.5602686, -0.1532872, -1.456219, 1.473237, 0.1385105
 52606449, 1.418893, -2.177332, 1.215398, 0.8948857, 0.02293566, -0.6748045, 1.380076, 0.5602686
 52806369, 1.880939, -0.4204379, 1.029992, 1.119796, 1.418893, -2.177332, 1.215398, 0.8948857
 53006289, 3.047222, -0.2500787, 0.8388239, 1.290819, 1.880939, -0.4204379, 1.029992, 1.119796
 53206209, 3.197536, 1.050953, 0.6173003, 1.423793, 3.047222, -0.2500787, 0.8388239, 1.290819
 53406129, 2.580779, 0.9482217, 0.4111668, 1.505011, 3.197536, 1.050953, 0.6173003, 1.423793
 53606049, 3.713696, 2.294758, 0.3376995, 1.547137, 2.580779, 0.9482217, 0.4111668, 1.505011
 53805969, 2.998381, 2.062012, 0.3787144, 1.550009, 3.713696, 2.294758, 0.3376995, 1.547137
 54005889, 3.766654, 2.134482, 0.5095239, 1.535441, 2.998381, 2.062012, 0.3787144, 1.550009
 54205809, 3.97396, 2.371202, 0.6457224, 1.50674, 3.766654, 2.134482, 0.5095239, 1.535441
 54406562, 4.44182, 0.9906105, 0.7323464, 1.488439, 3.97396, 2.371202, 0.6457224, 1.50674
 54606482, 3.981268, 1.084936, 0.7484414, 1.500273, 4.44182, 0.9906105, 0.7323464, 1.488439
 54806402, 5.242632, 2.09745, 0.7286322, 1.545924, 3.981268, 1.084936, 0.7484414, 1.500273
 55006322, 4.27708, 2.441992, 0.6661644, 1.591906, 5.242632, 2.09745, 0.7286322, 1.545924
 55206242, 5.142332, 2.510011, 0.6303331, 1.635216, 4.27708, 2.441992, 0.6661644, 1.591906
 55406162, 4.69746, 3.060904, 0.616356, 1.662325, 5.142332, 2.510011, 0.6303331, 1.635216
 55606082, 3.86443, 2.861087, 0.6298453, 1.675116, 4.69746, 3.060904, 0.616356, 1.662325
 55806002, 5.561726, 1.885036, 0.6813602, 1.69249, 3.86443, 2.861087, 0.6298453, 1.675116
 56005922, 5.777698, 1.936117, 0.7232382, 1.70708, 5.561726, 1.885036, 0.6813602, 1.69249
 56205842, 5.814533, 2.539661, 0.7519225, 1.726459, 5.777698, 1.936117, 0.7232382, 1.70708
 56405762, 5.009053, 1.049066, 0.7513627, 1.74549, 5.814533, 2.539661, 0.7519225, 1.726459
 56606515, 5.384984, 2.264123, 0.7661831, 1.773056, 5.009053, 1.049066, 0.7513627, 1.74549
 56806435, 4.548953, 1.700283, 0.7715368, 1.7919, 5.384984, 2.264123, 0.7661831, 1.773056
 57006355, 4.721393, 1.774812, 0.8000408, 1.80814, 4.548953, 1.700283, 0.7715368, 1.7919
 57206275, 4.79881, 1.832859, 0.8417124, 1.817894, 4.721393, 1.774812, 0.8000408, 1.80814
 57406195, 4.911274, 1.608701, 0.8926021, 1.821303, 4.79881, 1.832859, 0.8417124, 1.817894
 57606115, 4.90714, 1.384183, 0.9464694, 1.821128, 4.911274, 1.608701, 0.8926021, 1.821303
 57806035, 5.087384, 1.498201, 1.003023, 1.820186, 4.90714, 1.384183, 0.9464694, 1.821128
 58005955, 5.209103, 1.236337, 1.058669, 1.815916, 5.087384, 1.498201, 1.003023, 1.820186
 58205875, 5.159476, 1.121, 1.11547, 1.808361, 5.209103, 1.236337, 1.058669, 1.815916
 58405795, 5.288216, 1.001506, 1.177224, 1.798528, 5.159476, 1.121, 1.11547, 1.808361
 58606548, 5.388576, 0.8462913, 1.243371, 1.780543, 5.288216, 1.001506, 1.177224, 1.798528
 58806468, 5.375199, 0.9446424, 1.277466, 1.770114, 5.388576, 0.8462913, 1.243371, 1.780543
 59006388, 5.436485, 0.7174065, 1.34931, 1.750188, 5.375199, 0.9446424, 1.277466, 1.770114
 59206308, 5.684339, 0.6315108, 1.418788, 1.732492, 5.436485, 0.7174065, 1.34931, 1.750188
 59406228, 5.636067, 0.2654522, 1.480089, 1.718286, 5.684339, 0.6315108, 1.418788, 1.732492
 59606148, 5.735922, 0.4479093, 1.534957, 1.70878, 5.636067, 0.2654522, 1.480089, 1.718286
 59806068, 5.78592, 0.3340762, 1.583967, 1.706072, 5.735922, 0.4479093, 1.534957, 1.70878
 60005988, 5.777715, 0.06955957, 1.627258, 1.706431, 5.78592, 0.3340762, 1.583967, 1.706072
 60205908, 5.941593, 0.1663626, 1.659223, 1.702665, 5.777715, 0.06955957, 1.627258, 1.706431
 60405828, 6.282917, -0.09980942, 1.684663, 1.70081, 5.941593, 0.1663626, 1.659223, 1.702665
 60606581, 6.29994, -0.1985338, 1.703446, 1.702255, 6.282917, -0.09980942, 1.684663, 1.70081
 60806501, 6.378724, -0.2463946, 1.718419, 1.703131, 6.29994, -0.1985338, 1.703446, 1.702255
 61006421, 6.281682, -0.2697132, 1.727013, 1.700062, 6.378724, -0.2463946, 1.718419, 1.703131
 61206341, 6.215555, -0.2649262, 1.732659, 1.696981, 6.281682, -0.2697132, 1.727013, 1.700062
 61406261, 6.190549, -0.08844127, 1.73551, 1.696697, 6.215555, -0.2649262, 1.732659, 1.696981
 61606181, 6.256452, -0.1006705, 1.7375, 1.698936, 6.190549, -0.08844127, 1.73551, 1.696697
 61806101, 6.419141, -0.02471163, 1.738902, 1.702837, 6.256452, -0.1006705, 1.7375, 1.698936
 62006021, 6.419106, 0.02775511, 1.738389, 1.706879, 6.419141, -0.02471163, 1.738902, 1.702837
 62205941, 6.427818, -0.1999319, 1.735075, 1.706857, 6.419106, 0.02775511, 1.738389, 1.706879
 62405861, 6.383997, -0.1668919, 1.731027, 1.704275, 6.427818, -0.1999319, 1.735075, 1.706857
 62605781, 6.444992, -0.03138913, 1.73203, 1.7042, 6.383997, -0.1668919, 1.731027, 1.704275
 62806534, 6.499717, -0.07781883, 1.739093, 1.710024, 6.444992, -0.03138913, 1.73203, 1.7042
 63006454, 6.482807, 0.03649835, 1.745561, 1.716186, 6.499717, -0.07781883, 1.739093, 1.710024
 63206374, 6.418132, -0.07532614, 1.749041, 1.719716, 6.482807, 0.03649835, 1.745561, 1.716186
 63406294, 6.466158, -0.01853224, 1.754482, 1.725642, 6.418132, -0.07532614, 1.749041, 1.719716
 63606214, 6.417263, -0.04598864, 1.758022, 1.7306, 6.466158, -0.01853224, 1.754482, 1.725642
 63806134, 6.483438, -0.3119874, 1.762252, 1.733807, 6.417263, -0.04598864, 1.758022, 1.7306
 64006054, 6.636673, -0.09236572, 1.767496, 1.73767, 6.483438, -0.3119874, 1.762252, 1.733807
 64205974, 6.447407, -0.1186758, 1.769193, 1.74088, 6.636673, -0.09236572, 1.767496, 1.73767
 64405894, 6.553931, 0.09057643, 1.772931, 1.744233, 6.447407, -0.1186758, 1.769193, 1.74088
 64605814, 6.725181, 0.1303869, 1.776468, 1.747329, 6.553931, 0.09057643, 1.772931, 1.744233
 64806567, 6.901871, -0.01347177, 1.781303, 1.75168, 6.725181, 0.1303869, 1.776468, 1.747329
 65006487, 6.76618, 0.2086462, 1.782316, 1.754172, 6.901871, -0.01347177, 1.781303, 1.75168
 65206407, 6.735859, -0.04101697, 1.785416, 1.756484, 6.76618, 0.2086462, 1.782316, 1.754172
 65406327, 6.772667, 0.00406024, 1.789336, 1.758985, 6.735859, -0.04101697, 1.785416, 1.756484
 65606247, 6.676173, 0.02147528, 1.792671, 1.763261, 6.772667, 0.00406024, 1.789336, 1.758985
 65806167, 6.773087, -0.06620823, 1.796922, 1.767798, 6.676173, 0.02147528, 1.792671, 1.763261
 66006087, 6.791671, 0.07960442, 1.799863, 1.771358, 6.773087, -0.06620823, 1.796922, 1.767798
 66206007, 6.792273, 0.08128, 1.802802, 1.774401, 6.791671, 0.07960442, 1.799863, 1.771358
 66405927, 6.754397, -0.1269211, 1.804819, 1.776591, 6.792273, 0.08128, 1.802802, 1.774401
 66605847, 6.640752, 0.02160025, 1.805978, 1.779034, 6.754397, -0.1269211, 1.804819, 1.776591
 66805767, 6.800306, 0.00490684, 1.810042, 1.783423, 6.640752, 0.02160025, 1.805978, 1.779034
 67006520, 6.803526, 0.1355214, 1.813777, 1.788504, 6.800306, 0.00490684, 1.810042, 1.783423
 67206440, 6.613516, -0.02272598, 1.818627, 1.794701, 6.803526, 0.1355214, 1.813777, 1.788504
 67406360, 6.570685, 0.03796793, 1.821739, 1.797426, 6.613516, -0.02272598, 1.818627, 1.794701
 67606280, 6.884122, -0.1334354, 1.827803, 1.800786, 6.570685, 0.03796793, 1.821739, 1.797426
 67806200, 6.762008, -0.09431954, 1.830296, 1.803776, 6.884122, -0.1334354, 1.827803, 1.800786
 68006120, 6.816574, -0.1276799, 1.833498, 1.806458, 6.762008, -0.09431954, 1.830296, 1.803776
 68206040, 6.767276, -0.02736183, 1.835292, 1.808629, 6.816574, -0.1276799, 1.833498, 1.806458
 68405960, 6.659458, 0.1499216, 1.8371, 1.811827, 6.767276, -0.02736183, 1.835292, 1.808629
 68605880, 6.69252, 0.2680766, 1.838247, 1.81313, 6.659458, 0.1499216, 1.8371, 1.811827
 68805800, 6.764234, -0.1790011, 1.841343, 1.81595, 6.69252, 0.2680766, 1.838247, 1.81313
 69006553, 6.721165, -0.06533352, 1.844052, 1.819357, 6.764234, -0.1790011, 1.841343, 1.81595
 69206473, 7.103934, 0.01453026, 1.849021, 1.821825, 6.721165, -0.06533352, 1.844052, 1.819357
 69406393, 7.123781, -0.1338086, 1.850419, 1.823161, 7.103934, 0.01453026, 1.849021, 1.821825
 69606313, 6.905788, 0.1558918, 1.85199, 1.825457, 7.123781, -0.1338086, 1.850419, 1.823161
 69806233, 6.861164, 0.08950704, 1.854144, 1.827114, 6.905788, 0.1558918, 1.85199, 1.825457
 70006153, 6.755895, -0.1491055, 1.856107, 1.829308, 6.861164, 0.08950704, 1.854144, 1.827114
 70206073, 6.695029, -0.09817859, 1.858121, 1.831418, 6.755895, -0.1491055, 1.856107, 1.829308
 70405993, 6.917955, 0.005708338, 1.862778, 1.834468, 6.695029, -0.09817859, 1.858121, 1.831418
 70605913, 6.955803, -0.1403365, 1.864689, 1.836783, 6.917955, 0.005708338, 1.862778, 1.834468
 70805833, 6.655552, -0.1145963, 1.864496, 1.839557, 6.955803, -0.1403365, 1.864689, 1.836783
 71006586, 6.772474, 0.05826214, 1.867082, 1.841566, 6.655552, -0.1145963, 1.864496, 1.839557
 71206506, 6.910596, 0.0248746, 1.869939, 1.843392, 6.772474, 0.05826214, 1.867082, 1.841566
 71406426, 7.004542, 0.01797433, 1.872674, 1.845076, 6.910596, 0.0248746, 1.869939, 1.843392
 71606346, 6.868548, -0.03151286, 1.873117, 1.845041, 7.004542, 0.01797433, 1.872674, 1.845076
 71806266, 6.966572, -0.005639368, 1.877153, 1.846887, 6.868548, -0.03151286, 1.873117, 1.845041
 72006186, 7.013721, 0.05496418, 1.881251, 1.848494, 6.966572, -0.005639368, 1.877153, 1.846887
 72206106, 6.93681, -0.1477447, 1.885859, 1.858608, 7.013721, 0.05496418, 1.881251, 1.848494
 72406026, 7.324247, -0.03936923, 1.886455, 1.897839, 6.93681, -0.1477447, 1.885859, 1.858608
 72605946, 7.001452, 0.3418169, 1.861643, 1.934334, 7.324247, -0.03936923, 1.886455, 1.897839
 72805866, 6.850222, 0.3787327, 1.849223, 1.952465, 7.001452, 0.3418169, 1.861643, 1.934334
 73005786, 7.012278, 0.3690006, 1.862086, 1.946207, 6.850222, 0.3787327, 1.849223, 1.952465
 73206539, 7.010861, 0.3417918, 1.890383, 1.92259, 7.012278, 0.3690006, 1.862086, 1.946207
 73406459, 6.835175, 0.1546275, 1.87623, 1.848012, 7.010861, 0.3417918, 1.890383, 1.92259
 73606379, 6.549827, 0.06307739, 1.705803, 1.645121, 6.835175, 0.1546275, 1.87623, 1.848012
 73806299, 6.567926, 0.1995796, 1.68988, 1.632913, 6.549827, 0.06307739, 1.705803, 1.645121
 74006219, 6.386094, 0.2010886, 1.678521, 1.643101, 6.567926, 0.1995796, 1.68988, 1.632913
 74206139, 6.069829, 0.2249429, 1.667837, 1.655018, 6.386094, 0.2010886, 1.678521, 1.643101
 74406059, 5.868951, 0.2296387, 1.662947, 1.661797, 6.069829, 0.2249429, 1.667837, 1.655018
 74605979, 5.758521, 0.048698, 1.664108, 1.662825, 5.868951, 0.2296387, 1.662947, 1.661797
 74805899, 5.79435, 0.1231275, 1.669081, 1.660027, 5.758521, 0.048698, 1.664108, 1.662825
 75005819, 5.677026, 0.2509503, 1.672022, 1.656075, 5.79435, 0.1231275, 1.669081, 1.660027
 75206572, 5.677061, 0.2525483, 1.673456, 1.653025, 5.677026, 0.2509503, 1.672022, 1.656075
 75406492, 5.339459, 0.006359379, 1.669903, 1.652213, 5.677061, 0.2525483, 1.673456, 1.653025
 75606412, 5.461051, 0.2160262, 1.668415, 1.652678, 5.339459, 0.006359379, 1.669903, 1.652213
 75806332, 5.54992, 0.2128112, 1.666843, 1.653349, 5.461051, 0.2160262, 1.668415, 1.652678
 76006252, 5.16272, -0.04625939, 1.6617, 1.652796, 5.54992, 0.2128112, 1.666843, 1.653349
 76206172, 5.150349, 0.05135924, 1.662713, 1.650536, 5.16272, -0.04625939, 1.6617, 1.652796
 76406092, 5.202692, 0.08523985, 1.670402, 1.645233, 5.150349, 0.05135924, 1.662713, 1.650536
 76606012, 5.251247, 0.160032, 1.675632, 1.64502, 5.202692, 0.08523985, 1.670402, 1.645233
 76805932, 5.22875, 0.1598288, 1.676194, 1.652731, 5.251247, 0.160032, 1.675632, 1.64502
 77005852, 5.30242, 0.1444689, 1.674298, 1.663605, 5.22875, 0.1598288, 1.676194, 1.652731
 77205772, 5.122146, -0.03365588, 1.672254, 1.673691, 5.30242, 0.1444689, 1.674298, 1.663605
 77406525, 5.147776, 0.06518238, 1.675298, 1.679577, 5.122146, -0.03365588, 1.672254, 1.673691
 77606445, 5.035181, 0.08437446, 1.680097, 1.681054, 5.147776, 0.06518238, 1.675298, 1.679577
 77806365, 5.104437, 0.1078813, 1.686574, 1.680086, 5.035181, 0.08437446, 1.680097, 1.681054
 78006285, 4.989757, 0.1276505, 1.689646, 1.678212, 5.104437, 0.1078813, 1.686574, 1.680086
 78206205, 5.156209, 0.007535438, 1.692204, 1.677302, 4.989757, 0.1276505, 1.689646, 1.678212
 78406125, 5.163537, 0.06765197, 1.689396, 1.675621, 5.156209, 0.007535438, 1.692204, 1.677302
 78606045, 5.103388, 0.1799044, 1.682799, 1.671968, 5.163537, 0.06765197, 1.689396, 1.675621
 78805965, 4.910008, 0.08413281, 1.673249, 1.665354, 5.103388, 0.1799044, 1.682799, 1.671968
 79005885, 5.041187, 0.01014792, 1.66377, 1.655148, 4.910008, 0.08413281, 1.673249, 1.665354
 79205805, 5.099599, 0.1136078, 1.651731, 1.641744, 5.041187, 0.01014792, 1.66377, 1.655148
 79406558, 4.811289, 0.1988392, 1.635186, 1.625844, 5.099599, 0.1136078, 1.651731, 1.641744
 79606478, 4.95485, 0.2039131, 1.619092, 1.607438, 4.811289, 0.1988392, 1.635186, 1.625844
 79806398, 4.880813, 0.08178518, 1.599637, 1.58795, 4.95485, 0.2039131, 1.619092, 1.607438
 80006318, 4.897146, -0.0669044, 1.579666, 1.567815, 4.880813, 0.08178518, 1.599637, 1.58795
 80206238, 4.778245, 0.03440029, 1.55791, 1.547004, 4.897146, -0.0669044, 1.579666, 1.567815
 80406158, 4.750545, 0.1076697, 1.537317, 1.526324, 4.778245, 0.03440029, 1.55791, 1.547004
 80606078, 4.580595, 0.01415245, 1.515698, 1.505559, 4.750545, 0.1076697, 1.537317, 1.526324
 80805998, 4.575634, 0.1449414, 1.496264, 1.485879, 4.580595, 0.01415245, 1.515698, 1.505559
 81005918, 4.434076, 0.1865273, 1.476103, 1.466458, 4.575634, 0.1449414, 1.496264, 1.485879
 81205838, 4.466566, 0.07671411, 1.458452, 1.448254, 4.434076, 0.1865273, 1.476103, 1.466458
 81406591, 4.230741, 0.1083189, 1.439213, 1.430543, 4.466566, 0.07671411, 1.458452, 1.448254
 81606511, 4.115445, 0.1455584, 1.421533, 1.413472, 4.230741, 0.1083189, 1.439213, 1.430543
 81806431, 4.031894, 0.07312938, 1.401463, 1.393747, 4.115445, 0.1455584, 1.421533, 1.413472
 82006351, 3.974948, 0.007006214, 1.386019, 1.378645, 4.031894, 0.07312938, 1.401463, 1.393747
 82206271, 3.814173, 0.08668371, 1.370345, 1.36397, 3.974948, 0.007006214, 1.386019, 1.378645
 82406191, 3.926542, 0.1925516, 1.356414, 1.349344, 3.814173, 0.08668371, 1.370345, 1.36397
 82606111, 3.82935, 0.05308811, 1.341854, 1.335517, 3.926542, 0.1925516, 1.356414, 1.349344
 82806031, 3.71224, -0.05182569, 1.326683, 1.321119, 3.82935, 0.05308811, 1.341854, 1.335517
 83005951, 3.854435, -0.09250544, 1.313863, 1.306952, 3.71224, -0.05182569, 1.326683, 1.321119
 83205871, 3.77589, -0.0257449, 1.299338, 1.29272, 3.854435, -0.09250544, 1.313863, 1.306952
 83405791, 3.668602, 0.08230717, 1.284635, 1.278611, 3.77589, -0.0257449, 1.299338, 1.29272
 83606544, 3.711107, 0.1198997, 1.270714, 1.264552, 3.668602, 0.08230717, 1.284635, 1.278611
 83806464, 3.673248, 0.0162933, 1.255798, 1.249822, 3.711107, 0.1198997, 1.270714, 1.264552
 84006384, 3.526568, 0.06352263, 1.240403, 1.235397, 3.673248, 0.0162933, 1.255798, 1.249822
 84206304, 3.648217, 0.09888617, 1.226689, 1.22067, 3.526568, 0.06352263, 1.240403, 1.235397
 84406224, 3.413754, -0.03692424, 1.210559, 1.205806, 3.648217, 0.09888617, 1.226689, 1.22067
 84606144, 3.456017, -0.02481448, 1.196683, 1.191196, 3.413754, -0.03692424, 1.210559, 1.205806
 84806064, 3.466065, -0.006803383, 1.181882, 1.176053, 3.456017, -0.02481448, 1.196683, 1.191196
 85005984, 3.425471, 0.1118473, 1.167, 1.161251, 3.466065, -0.006803383, 1.181882, 1.176053
 85205904, 3.402459, 0.04241631, 1.151872, 1.146102, 3.425471, 0.1118473, 1.167, 1.161251
 85405824, 3.196108, -0.02698663, 1.135878, 1.131467, 3.402459, 0.04241631, 1.151872, 1.146102
 85606577, 3.078263, 0.01441249, 1.120397, 1.116757, 3.196108, -0.02698663, 1.135878, 1.131467
 85806497, 3.13227, -0.04856733, 1.106057, 1.101908, 3.078263, 0.01441249, 1.120397, 1.116757
 86006417, 2.990319, 0.0004340112, 1.090674, 1.087191, 3.13227, -0.04856733, 1.106057, 1.101908
 86206337, 2.95252, -0.01128711, 1.075982, 1.072547, 2.990319, 0.0004340112, 1.090674, 1.087191
 86406257, 2.869814, -0.06779527, 1.060722, 1.057741, 2.95252, -0.01128711, 1.075982, 1.072547
 86606177, 2.883204, -0.06860135, 1.046476, 1.043306, 2.869814, -0.06779527, 1.060722, 1.057741
 86806097, 2.900519, 0.03807234, 1.032438, 1.029007, 2.883204, -0.06860135, 1.046476, 1.043306
 87006017, 2.724796, 0.03242905, 1.017082, 1.014642, 2.900519, 0.03807234, 1.032438, 1.029007
 87205937, 2.695314, 0.08803257, 1.002867, 1.000363, 2.724796, 0.03242905, 1.017082, 1.014642
 87405857, 2.692876, 0.02919739, 0.9885619, 0.9857615, 2.695314, 0.08803257, 1.002867, 1.000363
 87605777, 2.653345, -0.00559169, 0.9739228, 0.9711016, 2.692876, 0.02919739, 0.9885619, 0.9857615
 87806530, 2.672427, -0.05517154, 0.960092, 0.9568354, 2.653345, -0.00559169, 0.9739228, 0.9711016
 88006450, 2.547616, 0.05603563, 0.945427, 0.9426908, 2.672427, -0.05517154, 0.960092, 0.9568354
 88206370, 2.411139, 0.005635044, 0.9301056, 0.9279743, 2.547616, 0.05603563, 0.945427, 0.9426908
 88406290, 2.407796, -0.0253021, 0.9160448, 0.9136628, 2.411139, 0.005635044, 0.9301056, 0.9279743
 88606210, 2.439392, 0.01085979, 0.9021157, 0.8992488, 2.407796, -0.0253021, 0.9160448, 0.9136628
 88806130, 2.355875, 0.08170958, 0.887314, 0.8847463, 2.439392, 0.01085979, 0.9021157, 0.8992488
 89006050, 2.343521, 0.0146656, 0.8734365, 0.8706731, 2.355875, 0.08170958, 0.887314, 0.8847463
 89205970, 2.18299, 0.02191055, 0.8586766, 0.8566903, 2.343521, 0.0146656, 0.8734365, 0.8706731
 89405890, 2.18641, -0.07688378, 0.8442783, 0.842092, 2.18299, 0.02191055, 0.8586766, 0.8566903
 89605810, 2.083888, 0.006169348, 0.8287819, 0.8277665, 2.18641, -0.07688378, 0.8442783, 0.842092
 89806563, 2.014747, 0.004474166, 0.8139517, 0.8140125, 2.083888, 0.006169348, 0.8287819, 0.8277665
 90006483, 2.025541, 0.06493585, 0.7993509, 0.799904, 2.014747, 0.004474166, 0.8139517, 0.8140125
 90206403, -0.7650989, 0.5294676, 0.7793107, 0.7863759, 2.025541, 0.06493585, 0.7993509, 0.799904
 90406323, -0.1986845, -0.3297129, 0.7642257, 0.7718531, -0.7650989, 0.5294676, 0.7793107, 0.7863759
 90606243, -0.8872408, 0.5802976, 0.7517378, 0.7574738, -0.1986845, -0.3297129, 0.7642257, 0.7718531
 90806163, -0.2695869, -0.0309205, 0.7368353, 0.7414965, -0.8872408, 0.5802976, 0.7517378, 0.7574738
 91006083, -1.356878, -0.6350489, 0.7264454, 0.7271291, -0.2695869, -0.0309205, 0.7368353, 0.7414965
 91206003, -1.43304, -0.62571, 0.7130266, 0.7125891, -1.356878, -0.6350489, 0.7264454, 0.7271291
 91405923, -1.102407, -0.3706729, 0.697322, 0.6983796, -1.43304, -0.62571, 0.7130266, 0.7125891
 91605843, -0.3316989, 0.3566477, 0.6803361, 0.6842262, -1.102407, -0.3706729, 0.697322, 0.6983796
 91805763, -1.251152, -0.2560472, 0.668319, 0.670003, -0.3316989, 0.3566477, 0.6803361, 0.6842262
 92006516, -0.3318762, 0.05569984, 0.6509477, 0.655341, -1.251152, -0.2560472, 0.668319, 0.670003
 92206436, -0.7946425, 0.4891434, 0.637602, 0.6407761, -0.3318762, 0.05569984, 0.6509477, 0.655341
 92406356, -1.265689, -0.06163197, 0.62515, 0.6253783, -0.7946425, 0.4891434, 0.637602, 0.6407761
 92606276, -0.9121081, -0.07413959, 0.6090288, 0.6108469, -1.265689, -0.06163197, 0.62515, 0.6253783
 92806196, -0.4832793, -0.0591653, 0.5934216, 0.5964995, -0.9121081, -0.07413959, 0.6090288, 0.6108469
 93006116, -1.350505, -0.4566807, 0.5826678, 0.5826142, -0.4832793, -0.0591653, 0.5934216, 0.5964995
 93206036, -1.148394, 0.07725216, 0.5672888, 0.5677348, -1.350505, -0.4566807, 0.5826678, 0.5826142
 93405956, -0.873904, -0.4577267, 0.5517139, 0.5537227, -1.148394, 0.07725216, 0.5672888, 0.5677348
 93605876, -1.077267, 0.2720833, 0.5403695, 0.5410227, -0.873904, -0.4577267, 0.5517139, 0.5537227
 93805796, -1.090052, 0.09852159, 0.5293615, 0.5296172, -1.077267, 0.2720833, 0.5403695, 0.5410227
 94006549, -0.6228493, -0.2820608, 0.5178646, 0.520084, -1.090052, 0.09852159, 0.5293615, 0.5296172
 94206469, -1.149975, 0.09246677, 0.5124885, 0.5122077, -0.6228493, -0.2820608, 0.5178646, 0.520084
 94406389, -0.9045032, -0.1376009, 0.5051688, 0.5061112, -1.149975, 0.09246677, 0.5124885, 0.5122077
 94606309, -1.153271, -0.2900834, 0.5017004, 0.5014828, -0.9045032, -0.1376009, 0.5051688, 0.5061112
 94806229, -0.5331338, 0.1667953, 0.4944119, 0.4966487, -1.153271, -0.2900834, 0.5017004, 0.5014828
 95006149, -1.062819, 0.1030927, 0.4923063, 0.492304, -0.5331338, 0.1667953, 0.4944119, 0.4966487
 95206069, -0.4955416, 0.05906275, 0.4860294, 0.4882288, -1.062819, 0.1030927, 0.4923063, 0.492304
 95405989, -0.2919591, -0.2433656, 0.4814598, 0.4841528, -0.4955416, 0.05906275, 0.4860294, 0.4882288
 95605909, -0.3275298, 0.1119472, 0.4773724, 0.4798318, -0.2919591, -0.2433656, 0.4814598, 0.4841528
 95805829, -0.37844, -0.1588521, 0.4728054, 0.4751587, -0.3275298, 0.1119472, 0.4773724, 0.4798318
 96006582, -0.8205593, -0.2802813, 0.4695899, 0.4706292, -0.37844, -0.1588521, 0.4728054, 0.4751587
 96206502, -0.8138971, -0.280718, 0.4650382, 0.4660716, -0.8205593, -0.2802813, 0.4695899, 0.4706292
 96406422, -0.5002444, 0.3571692, 0.458753, 0.4609738, -0.8138971, -0.280718, 0.4650382, 0.4660716
 96606342, -0.3642289, -0.3180764, 0.4534781, 0.4558767, -0.5002444, 0.3571692, 0.458753, 0.4609738
 96806262, -0.682286, 0.1277886, 0.4496714, 0.4508385, -0.3642289, -0.3180764, 0.4534781, 0.4558767
 97006182, -0.8762996, 0.04703091, 0.4455604, 0.4457389, -0.682286, 0.1277886, 0.4496714, 0.4508385
 97206102, -0.6586774, 0.3694322, 0.4397107, 0.4413393, -0.8762996, 0.04703091, 0.4455604, 0.4457389
 97406022, -0.4350651, -0.07438497, 0.433981, 0.4360727, -0.6586774, 0.3694322, 0.4397107, 0.4413393
 97605942, -0.2695372, 0.3704547, 0.428476, 0.4314379, -0.4350651, -0.07438497, 0.433981, 0.4360727
 97805862, -0.4903838, -0.2526197, 0.4242354, 0.4265728, -0.2695372, 0.3704547, 0.428476, 0.4314379
 98005782, -0.4024411, -0.0156505, 0.4193087, 0.4216876, -0.4903838, -0.2526197, 0.4242354, 0.4265728
 98206535, -0.6552461, -0.07270575, 0.4151877, 0.416596, -0.4024411, -0.0156505, 0.4193087, 0.4216876
 98406455, -0.1130728, 0.3193447, 0.4089387, 0.4114611, -0.6552461, -0.07270575, 0.4151877, 0.416596
 98606375, -0.1364921, 0.2931014, 0.4042583, 0.4064064, -0.1130728, 0.3193447, 0.4089387, 0.4114611
 98806295, -0.08230991, 0.2346496, 0.3994874, 0.4014514, -0.1364921, 0.2931014, 0.4042583, 0.4064064
 99006215, -0.1142824, 0.2357936, 0.3944866, 0.3963232, -0.08230991, 0.2346496, 0.3994874, 0.4014514
 99206135, -0.1116951, 0.2726876, 0.389705, 0.3916057, -0.1142824, 0.2357936, 0.3944866, 0.3963232
 99406055, -0.07787305, 0.3155128, 0.3845739, 0.3868469, -0.1116951, 0.2726876, 0.389705, 0.3916057
 99605975, -0.05248643, 0.3069797, 0.3796612, 0.3822002, -0.07787305, 0.3155128, 0.3845739, 0.3868469
 99805895, -0.06762518, 0.2475433, 0.3747461, 0.3772325, -0.05248643, 0.3069797, 0.3796612, 0.3822002
 100005815, -0.05953121, 0.2671343, 0.3701105, 0.3725408, -0.06762518, 0.2475433, 0.3747461, 0.3772325
 100206568, -0.01083316, 0.2816357, 0.3655771, 0.3679704, -0.05953121, 0.2671343, 0.3701105, 0.3725408
 100406488, -0.05966866, 0.2791703, 0.3630378, 0.3654286, -0.01083316, 0.2816357, 0.3655771, 0.3679704
 100606408, -0.03957992, 0.2904893, 0.3582196, 0.3606703, -0.05966866, 0.2791703, 0.3630378, 0.3654286
 100806328, -0.01294783, 0.24916, 0.353582, 0.3559727, -0.03957992, 0.2904893, 0.3582196, 0.3606703
 101006248, -0.04936985, 0.219861, 0.3483762, 0.3507118, -0.01294783, 0.24916, 0.353582, 0.3559727
 101206168, -0.01530667, 0.2420564, 0.3436038, 0.3459843, -0.04936985, 0.219861, 0.3483762, 0.3507118
 101406088, -0.0267139, 0.2626007, 0.3388748, 0.3412851, -0.01530667, 0.2420564, 0.3436038, 0.3459843
 101606008, -0.005548913, 0.2927488, 0.3338273, 0.3363013, -0.0267139, 0.2626007, 0.3388748, 0.3412851
 101805928, 0.03316165, 0.2599578, 0.3293311, 0.3317323, -0.005548913, 0.2927488, 0.3338273, 0.3363013
 102005848, -0.007053006, 0.2311422, 0.3245108, 0.3268516, 0.03316165, 0.2599578, 0.3293311, 0.3317323
 102205768, 0.02831817, 0.2527608, 0.3200084, 0.3223936, -0.007053006, 0.2311422, 0.3245108, 0.3268516
 102406521, 0.04565085, 0.2427751, 0.3152427, 0.3174945, 0.02831817, 0.2527608, 0.3200084, 0.3223936
 102606441, 0.01008589, 0.2732167, 0.3091828, 0.311328, 0.04565085, 0.2427751, 0.3152427, 0.3174945
 102806361, 0.01428472, 0.2409769, 0.304307, 0.3062368, 0.01008589, 0.2732167, 0.3091828, 0.311328
 103006281, 0.000905665, 0.247995, 0.2995964, 0.3014582, 0.01428472, 0.2409769, 0.304307, 0.3062368
 103206201, 0.04475372, 0.1925383, 0.2947082, 0.2964857, 0.000905665, 0.247995, 0.2995964, 0.3014582
 103406121, 0.03340913, 0.2120341, 0.2900064, 0.2918677, 0.04475372, 0.1925383, 0.2947082, 0.2964857
 103606041, 0.03403277, 0.2361919, 0.285424, 0.2873838, 0.03340913, 0.2120341, 0.2900064, 0.2918677
 103805961, 0.05725257, 0.2060731, 0.2806363, 0.2824141, 0.03403277, 0.2361919, 0.285424, 0.2873838
 104005881, 0.06425112, 0.2183015, 0.2760431, 0.2776403, 0.05725257, 0.2060731, 0.2806363, 0.2824141
 104205801, 0.06706501, 0.1979873, 0.2710536, 0.272635, 0.06425112, 0.2183015, 0.2760431, 0.2776403
 104406554, 0.05013964, 0.2004581, 0.2663603, 0.2680311, 0.06706501, 0.1979873, 0.2710536, 0.272635
 104606474, 0.07471329, 0.1680316, 0.261521, 0.2632228, 0.05013964, 0.2004581, 0.2663603, 0.2680311
 104806394, 0.1102229, 0.1976709, 0.256622, 0.2583973, 0.07471329, 0.1680316, 0.261521, 0.2632228
 105006314, 0.09477797, 0.2108053, 0.2519187, 0.2536584, 0.1102229, 0.1976709, 0.256622, 0.2583973
 105206234, 0.08162775, 0.220619, 0.2470119, 0.2485859, 0.09477797, 0.2108053, 0.2519187, 0.2536584
 105406154, 0.08010314, 0.2200931, 0.2423882, 0.2438991, 0.08162775, 0.220619, 0.2470119, 0.2485859
 105606074, 0.1166331, 0.2377588, 0.2375985, 0.2391601, 0.08010314, 0.2200931, 0.2423882, 0.2438991
 105805994, 0.09085875, 0.2303571, 0.2324969, 0.234136, 0.1166331, 0.2377588, 0.2375985, 0.2391601
 106005914, 0.09194537, 0.2323325, 0.227549, 0.2293777, 0.09085875, 0.2303571, 0.2324969, 0.234136
 106205834, 0.08914777, 0.228088, 0.222899, 0.2246998, 0.09194537, 0.2323325, 0.227549, 0.2293777
 106406587, 0.1135724, 0.2164489, 0.2184487, 0.2199992, 0.08914777, 0.228088, 0.222899, 0.2246998
 106606507, 0.1157317, 0.2044495, 0.2138509, 0.2152646, 0.1135724, 0.2164489, 0.2184487, 0.2199992
 106806427, 0.1283273, 0.161062, 0.208864, 0.2102665, 0.1157317, 0.2044495, 0.2138509, 0.2152646
 107006347, 0.1243753, 0.1689784, 0.2040456, 0.2054782, 0.1283273, 0.161062, 0.208864, 0.2102665
 107206267, 0.1140398, 0.176742, 0.1994864, 0.2007776, 0.1243753, 0.1689784, 0.2040456, 0.2054782
 107406187, 0.09993933, 0.1538091, 0.1942701, 0.1954304, 0.1140398, 0.176742, 0.1994864, 0.2007776
 107606107, 0.109404, 0.1575132, 0.1895167, 0.1906167, 0.09993933, 0.1538091, 0.1942701, 0.1954304
 107806027, 0.1212542, 0.1615606, 0.1849567, 0.1860488, 0.109404, 0.1575132, 0.1895167, 0.1906167
 108005947, 0.1117057, 0.163976, 0.1802455, 0.1814153, 0.1212542, 0.1615606, 0.1849567, 0.1860488
 108205867, 0.1026936, 0.1753459, 0.1755235, 0.1767408, 0.1117057, 0.163976, 0.1802455, 0.1814153
 108405787, 0.1128061, 0.1758845, 0.1703144, 0.1713963, 0.1026936, 0.1753459, 0.1755235, 0.1767408
 108606540, 0.1104513, 0.1495498, 0.1653434, 0.1664423, 0.1128061, 0.1758845, 0.1703144, 0.1713963
 108806460, 0.1233124, 0.1274912, 0.1607902, 0.1618845, 0.1104513, 0.1495498, 0.1653434, 0.1664423
 109006380, 0.1304973, 0.1286047, 0.1560254, 0.1569828, 0.1233124, 0.1274912, 0.1607902, 0.1618845
 109206300, 0.1131515, 0.1294998, 0.1513547, 0.1522367, 0.1304973, 0.1286047, 0.1560254, 0.1569828
 109406220, 0.1018803, 0.1507365, 0.1463195, 0.1473589, 0.1131515, 0.1294998, 0.1513547, 0.1522367
 109606140, 0.1147989, 0.1378982, 0.1415069, 0.1425268, 0.1018803, 0.1507365, 0.1463195, 0.1473589
 109806060, 0.113934, 0.1346689, 0.1370501, 0.1379576, 0.1147989, 0.1378982, 0.1415069, 0.1425268
 110005980, 0.1132557, 0.1354754, 0.1320403, 0.1328082, 0.113934, 0.1346689, 0.1370501, 0.1379576
 110205900, 0.1135147, 0.1338035, 0.1271543, 0.1279357, 0.1132557, 0.1354754, 0.1320403, 0.1328082
 110405820, 0.09560698, 0.1347641, 0.1223818, 0.1233326, 0.1135147, 0.1338035, 0.1271543, 0.1279357
 110606573, 0.09183141, 0.1216283, 0.1177286, 0.1186416, 0.09560698, 0.1347641, 0.1223818, 0.1233326
 110806493, 0.09154458, 0.1165939, 0.113247, 0.114029, 0.09183141, 0.1216283, 0.1177286, 0.1186416
 111006413, 0.09120165, 0.117103, 0.1082852, 0.1090515, 0.09154458, 0.1165939, 0.113247, 0.114029
 111206333, 0.08891711, 0.09975399, 0.1034436, 0.1042019, 0.09120165, 0.117103, 0.1082852, 0.1090515
 111406253, 0.08881498, 0.100605, 0.09885136, 0.09953171, 0.08891711, 0.09975399, 0.1034436, 0.1042019
 111606173, 0.08403374, 0.1062558, 0.09376899, 0.09439807, 0.08881498, 0.100605, 0.09885136, 0.09953171
 111806093, 0.0856377, 0.09870169, 0.08893746, 0.08953357, 0.08403374, 0.1062558, 0.09376899, 0.09439807
 112006013, 0.09003502, 0.09771017, 0.08403102, 0.08460613, 0.0856377, 0.09870169, 0.08893746, 0.08953357
 112205933, 0.09356139, 0.08782493, 0.07936804, 0.07986414, 0.09003502, 0.09771017, 0.08403102, 0.08460613
 112405853, 0.0900339, 0.0913773, 0.07481819, 0.07529912, 0.09356139, 0.08782493, 0.07936804, 0.07986414
 112605773, 0.07906821, 0.09314125, 0.06995858, 0.07043735, 0.0900339, 0.0913773, 0.07481819, 0.07529912
 112806526, 0.07626081, 0.07894535, 0.06525935, 0.0656912, 0.07906821, 0.09314125, 0.06995858, 0.07043735
 113006446, 0.08275534, 0.07065639, 0.06034585, 0.06068638, 0.07626081, 0.07894535, 0.06525935, 0.0656912
 113206366, 0.07603587, 0.0728843, 0.05550825, 0.05582554, 0.08275534, 0.07065639, 0.06034585, 0.06068638
 113406286, 0.08010478, 0.07252669, 0.05090372, 0.05112867, 0.07603587, 0.0728843, 0.05550825, 0.05582554
 113606206, 0.07995486, 0.06328204, 0.04600302, 0.04611548, 0.08010478, 0.07252669, 0.05090372, 0.05112867
 113806126, 0.07439641, 0.06513135, 0.04121811, 0.04136519, 0.07995486, 0.06328204, 0.04600302, 0.04611548
 114006046, 0.07151254, 0.0631199, 0.03666937, 0.03679098, 0.07439641, 0.06513135, 0.04121811, 0.04136519
 114205966, 0.03524685, 0.04377967, 0.03151229, 0.0318167, 0.07151254, 0.0631199, 0.03666937, 0.03679098
 114405886, -0.01484068, 0.0157952, 0.02880277, 0.02901277, 0.03524685, 0.04377967, 0.03151229, 0.0318167
 114605806, -0.008713713, 0.01674789, 0.02755995, 0.02780946, -0.01484068, 0.0157952, 0.02880277, 0.02901277
 114806559, -0.001515826, 0.01729352, 0.02685958, 0.02714476, -0.008713713, 0.01674789, 0.02755995, 0.02780946
 115006479, -0.004750029, 0.0178622, 0.02647584, 0.02678178, -0.001515826, 0.01729352, 0.02685958, 0.02714476
 115206399, -0.003960106, 0.01931951, 0.02625375, 0.02659282, -0.004750029, 0.0178622, 0.02647584, 0.02678178
 115406319, -0.003463751, 0.01452353, 0.02612668, 0.02644831, -0.003960106, 0.01931951, 0.02625375, 0.02659282
 115606239, 0.0001791295, 0.01527209, 0.02605017, 0.02639555, -0.003463751, 0.01452353, 0.02612668, 0.02644831
 115806159, -0.003591897, 0.01258615, 0.02600874, 0.02634974, 0.0001791295, 0.01527209, 0.02605017, 0.02639555
 116006079, -0.003567004, 0.01241296, 0.02598118, 0.02633513, -0.003591897, 0.01258615, 0.02600874, 0.02634974
 116205999, -0.0005109959, 0.01290289, 0.02596539, 0.02632787, -0.003567004, 0.01241296, 0.02598118, 0.02633513
 116405919, -0.002367094, 0.01581225, 0.02595287, 0.02634721, -0.0005109959, 0.01290289, 0.02596539, 0.02632787
 116605839, -0.005768633, 0.01774209, 0.02594781, 0.0263656, -0.002367094, 0.01581225, 0.02595287, 0.02634721
 116806592, -0.007618978, 0.01830488, 0.025944, 0.02637534, -0.005768633, 0.01774209, 0.02594781, 0.0263656
 117006512, -0.006839235, 0.01773595, 0.02593369, 0.02637613, -0.007618978, 0.01830488, 0.025944, 0.02637534
 117206432, -0.003642047, 0.01383337, 0.02591969, 0.02635372, -0.006839235, 0.01773595, 0.02593369, 0.02637613
 117406352, -0.006163808, 0.01735858, 0.02591899, 0.02638371, -0.003642047, 0.01383337, 0.02591969, 0.02635372
 117606272, -0.005430938, 0.01833786, 0.02591187, 0.02639623, -0.006163808, 0.01735858, 0.02591899, 0.02638371
 117806192, -0.006939244, 0.01761092, 0.02591142, 0.02639484, -0.005430938, 0.01833786, 0.02591187, 0.02639623
 118006112, -0.005811121, 0.01448821, 0.02590441, 0.02637616, -0.006939244, 0.01761092, 0.02591142, 0.02639484
 118206032, -0.004215045, 0.0172326, 0.02589693, 0.02639936, -0.005811121, 0.01448821, 0.02590441, 0.02637616
 118405952, -0.003221676, 0.01539409, 0.02589199, 0.02638929, -0.004215045, 0.0172326, 0.02589693, 0.02639936
 118605872, -0.001238849, 0.01725284, 0.02588674, 0.02640609, -0.003221676, 0.01539409, 0.02589199, 0.02638929
 118805792, -0.003572671, 0.01489293, 0.02588619, 0.02639238, -0.001238849, 0.01725284, 0.02588674, 0.02640609
 119006545, -0.00195751, 0.0176641, 0.02588107, 0.02641563, -0.003572671, 0.01489293, 0.02588619, 0.02639238
 119206465, -0.003495174, 0.01688736, 0.02587987, 0.02641284, -0.00195751, 0.0176641, 0.02588107, 0.02641563
 119406385, -0.006471486, 0.01437668, 0.02588363, 0.02639844, -0.003495174, 0.01688736, 0.02587987, 0.02641284
 119606305, -0.004820331, 0.01718849, 0.02587633, 0.02642131, -0.006471486, 0.01437668, 0.02588363, 0.02639844
 119806225, -0.004724443, 0.0171403, 0.02587314, 0.02642399, -0.004820331, 0.01718849, 0.02587633, 0.02642131
 120006145, -0.006672799, 0.01546948, 0.02587509, 0.02641502, -0.004724443, 0.0171403, 0.02587314, 0.02642399
 120206065, -0.006781691, 0.01514565, 0.02587232, 0.02641596, -0.006672799, 0.01546948, 0.02587509, 0.02641502
 120405985, -0.004829567, 0.0126368, 0.02586434, 0.02640332, -0.006781691, 0.01514565, 0.02587232, 0.02641596
 120605905, -0.00422349, 0.01550167, 0.0258596, 0.02642475, -0.004829567, 0.0126368, 0.02586434, 0.02640332
 120805825, -0.00551837, 0.01783769, 0.0258587, 0.0264458, -0.00422349, 0.01550167, 0.0258596, 0.02642475
 121006578, -0.004830339, 0.01647469, 0.02585378, 0.02643869, -0.00551837, 0.01783769, 0.0258587, 0.0264458
 121206498, -0.003601979, 0.01613933, 0.02584798, 0.02643968, -0.004830339, 0.01647469, 0.02585378, 0.02643869
 121406418, -0.004067464, 0.01726297, 0.02584488, 0.02645187, -0.003601979, 0.01613933, 0.02584798, 0.02643968
 121606338, -0.001961594, 0.01712579, 0.02583846, 0.02645429, -0.004067464, 0.01726297, 0.02584488, 0.02645187
 121806258, -0.00357035, 0.01613521, 0.02583662, 0.02645076, -0.001961594, 0.01712579, 0.02583846, 0.02645429
 122006178, -0.003852794, 0.01682626, 0.02583315, 0.02645967, -0.00357035, 0.01613521, 0.02583662, 0.02645076
 122206098, -0.003516528, 0.01516925, 0.0258289, 0.0264515, -0.003852794, 0.01682626, 0.02583315, 0.02645967
 122406018, -0.003015492, 0.01854164, 0.02582394, 0.02648083, -0.003516528, 0.01516925, 0.0258289, 0.0264515
 122605938, -0.003747683, 0.02015839, 0.02582081, 0.02649885, -0.003015492, 0.01854164, 0.02582394, 0.02648083
 122805858, -0.007655328, 0.01586004, 0.025827, 0.02646834, -0.003747683, 0.02015839, 0.02582081, 0.02649885
 123005778, -0.004629062, 0.0146461, 0.02581502, 0.02646355, -0.007655328, 0.01586004, 0.025827, 0.02646834
 123206531, -0.003737083, 0.0162207, 0.0258092, 0.02647831, -0.004629062, 0.0146461, 0.02581502, 0.02646355
 123406451, -0.006420202, 0.01721243, 0.02581084, 0.02649007, -0.003737083, 0.0162207, 0.0258092, 0.02647831
 123606371, -0.005845233, 0.01794522, 0.02580519, 0.02649969, -0.006420202, 0.01721243, 0.02581084, 0.02649007
 123806291, -0.006906811, 0.0187573, 0.025804, 0.02651044, -0.005845233, 0.01794522, 0.02580519, 0.02649969
 124006211, -0.004280147, 0.01945673, 0.02579357, 0.02651997, -0.006906811, 0.0187573, 0.025804, 0.02651044
 124206131, -0.003002891, 0.01594228, 0.02578803, 0.02649571, -0.004280147, 0.01945673, 0.02579357, 0.02651997
 124406051, -0.001745719, 0.01343159, 0.0257831, 0.02648282, -0.003002891, 0.01594228, 0.02578803, 0.02649571
 124605971, -0.003776592, 0.01334789, 0.02578153, 0.02648631, -0.001745719, 0.01343159, 0.0257831, 0.02648282
 124805891, -0.003320878, 0.01836949, 0.02577635, 0.02652588, -0.003776592, 0.01334789, 0.02578153, 0.02648631
 125005811, -0.006455326, 0.01692917, 0.02577921, 0.0265186, -0.003320878, 0.01836949, 0.02577635, 0.02652588
 125206564, -0.005560562, 0.01607951, 0.02577309, 0.02651593, -0.006455326, 0.01692917, 0.02577921, 0.0265186
 125406484, -0.001986298, 0.01636162, 0.02576349, 0.02652131, -0.005560562, 0.01607951, 0.02577309, 0.02651593
 125606404, -0.0009512281, 0.01416495, 0.02575917, 0.02650995, -0.001986298, 0.01636162, 0.02576349, 0.02652131
 125806324, -0.00213858, 0.01796613, 0.02575566, 0.0265412, -0.0009512281, 0.01416495, 0.02575917, 0.02650995
 126006244, -0.003967532, 0.01819937, 0.02575414, 0.02654701, -0.00213858, 0.01796613, 0.02575566, 0.0265412
 126206164, -0.001275278, 0.01587421, 0.02574777, 0.02653251, -0.003967532, 0.01819937, 0.02575414, 0.02654701
 126406084, -0.003311966, 0.01454544, 0.02574609, 0.02652725, -0.001275278, 0.01587421, 0.02574777, 0.02653251
 126606004, -0.00335323, 0.01301298, 0.02574262, 0.02652132, -0.003311966, 0.01454544, 0.02574609, 0.02652725
 126805924, -0.002481579, 0.01459873, 0.02573767, 0.02653467, -0.00335323, 0.01301298, 0.02574262, 0.02652132
 127005844, -0.005310101, 0.01384608, 0.02573879, 0.02653371, -0.002481579, 0.01459873, 0.02573767, 0.02653467
 127205764, -0.002322968, 0.01491729, 0.02573016, 0.02654384, -0.005310101, 0.01384608, 0.02573879, 0.02653371
 127406517, -0.000509183, 0.01579075, 0.02572542, 0.02655321, -0.002322968, 0.01491729, 0.02573016, 0.02654384
 127606437, -0.003502472, 0.01636144, 0.02572401, 0.02656129, -0.000509183, 0.01579075, 0.02572542, 0.02655321
 127806357, -0.005360754, 0.0139221, 0.02572423, 0.02654839, -0.003502472, 0.01636144, 0.02572401, 0.02656129
 128006277, -0.002781339, 0.01519833, 0.02571601, 0.02655992, -0.005360754, 0.0139221, 0.02572423, 0.02654839
 128206197, -0.004916753, 0.01525068, 0.02571587, 0.02656404, -0.002781339, 0.01519833, 0.02571601, 0.02655992
 128406117, -0.001561952, 0.01868904, 0.02570737, 0.02659325, -0.004916753, 0.01525068, 0.02571587, 0.02656404
 128606037, -0.003003971, 0.01571186, 0.02570551, 0.02657389, -0.001561952, 0.01868904, 0.02570737, 0.02659325
 128805957, -0.004848039, 0.01508181, 0.02570508, 0.02657321, -0.003003971, 0.01571186, 0.02570551, 0.02657389
 129005877, -0.001628335, 0.01537963, 0.02569717, 0.02657826, -0.004848039, 0.01508181, 0.02570508, 0.02657321
 129205797, -0.0008015038, 0.0156083, 0.02569324, 0.02658318, -0.001628335, 0.01537963, 0.02569717, 0.02657826
 129406550, -0.003485966, 0.01567635, 0.02569198, 0.02658741, -0.0008015038, 0.0156083, 0.02569324, 0.02658318
 129606470, -0.005500266, 0.01322809, 0.02569258, 0.0265752, -0.003485966, 0.01567635, 0.02569198, 0.02658741
 129806390, -0.00665795, 0.01789428, 0.02569137, 0.02661155, -0.005500266, 0.01322809, 0.02569258, 0.0265752
 130006310, -0.004154968, 0.01515583, 0.02568254, 0.02659413, -0.00665795, 0.01789428, 0.02569137, 0.02661155
 130206230, -0.004226762, 0.01505665, 0.0256792, 0.02659682, -0.004154968, 0.01515583, 0.02568254, 0.02659413
 130406150, -0.001735669, 0.01701986, 0.02567242, 0.026614, -0.004226762, 0.01505665, 0.0256792, 0.02659682
 130606070, -0.0051614, 0.01787765, 0.02567368, 0.0266246, -0.001735669, 0.01701986, 0.02567242, 0.026614
 130805990, -0.003535178, 0.01643542, 0.02566748, 0.02661654, -0.0051614, 0.01787765, 0.02567368, 0.0266246
 131005910, -0.001694715, 0.01610504, 0.02566217, 0.02661717, -0.003535178, 0.01643542, 0.02566748, 0.02661654
 131205830, -0.002583812, 0.0153034, 0.02565962, 0.02661492, -0.001694715, 0.01610504, 0.02566217, 0.02661717
 131406583, -0.003326687, 0.01587782, 0.02565701, 0.02662235, -0.002583812, 0.0153034, 0.02565962, 0.02661492
 131606503, -0.004061514, 0.01541797, 0.02565476, 0.02662254, -0.003326687, 0.01587782, 0.02565701, 0.02662235
 131806423, -0.003851333, 0.01796392, 0.0256505, 0.02664502, -0.004061514, 0.01541797, 0.02565476, 0.02662254
 132006343, 0.003285211, 0.01062444, 0.02564786, 0.0266004, -0.003851333, 0.01796392, 0.0256505, 0.02664502
 132206263, 0.02259645, -0.005970577, 0.02575547, 0.02658971, 0.003285211, 0.01062444, 0.02564786, 0.0266004
 132406183, 0.02021832, 0.01768721, 0.02573223, 0.02665087, 0.02259645, -0.005970577, 0.02575547, 0.02658971
 132606103, -0.004090053, 0.01343134, 0.02563804, 0.02662606, 0.02021832, 0.01768721, 0.02573223, 0.02665087
 132806023, -0.01861823, -0.01414457, 0.02571131, 0.02663252, -0.004090053, 0.01343134, 0.02563804, 0.02662606
 133005943, -0.01074814, 0.01941311, 0.02565141, 0.02667827, -0.01861823, -0.01414457, 0.02571131, 0.02663252
 133205863, -0.01676792, 0.01806048, 0.02568466, 0.02667159, -0.01074814, 0.01941311, 0.02565141, 0.02667827
 133405783, 0.007539566, 0.01673563, 0.02563483, 0.02665999, -0.01676792, 0.01806048, 0.02568466, 0.02667159
 133606536, 0.01685063, -0.01059645, 0.02568051, 0.02662906, 0.007539566, 0.01673563, 0.02563483, 0.02665999
 133806456, -0.01722045, -0.004596001, 0.02568252, 0.02660979, 0.01685063, -0.01059645, 0.02568051, 0.02662906
 134006376, -0.01786565, -0.021398, 0.02568509, 0.02670853, -0.01722045, -0.004596001, 0.02568252, 0.02660979
 134206296, -0.01981237, 0.01497861, 0.02569323, 0.02666545, -0.01786565, -0.021398, 0.02568509, 0.02670853
 134406216, -0.02222019, 0.02110647, 0.02571008, 0.02672014, -0.01981237, 0.01497861, 0.02569323, 0.02666545
 134606136, -3.65817E-05, 0.001097963, 0.02560205, 0.02661751, -0.02222019, 0.02110647, 0.02571008, 0.02672014
 134806056, -0.01447836, 0.004093238, 0.02564523, 0.02662563, -3.65817E-05, 0.001097963, 0.02560205, 0.02661751
 135005976, 0.008839574, 0.01853761, 0.02561301, 0.02669963, -0.01447836, 0.004093238, 0.02564523, 0.02662563
 135205896, -0.003927576, -0.001967312, 0.02559571, 0.02662761, 0.008839574, 0.01853761, 0.02561301, 0.02669963
