TimeUS,CGpN,CGpE,CGpD,CGpe,PGpN,PGpE,PGpD,PGpe
 8425795, 0, 0, 0, 0.01, 0, 0, 0, 0
 8606556, 0, 0, 0, 0.01, 0, 0, 0, 0.01
 8806476, 0, 0, 0, 0.01, 0, 0, 0, 0.01
 9006396, 0, 0, 0, 0.01, 0, 0, 0, 0.01
 9206316, 0, 0, 0, 0.01, 0, 0, 0, 0.01
 9406236, 0, 0, 0, 0.01, 0, 0, 0, 0.01
 9606156, 0, 0, 0, 0.01, 0, 0, 0, 0.01
 9806076, 0, 0, 0, 0.01, 0, 0, 0, 0.01
 10005996, 0, 0, 0, 0.01, 0, 0, 0, 0.01
 10205916, 0, 0, 0, 0.01, 0, 0, 0, 0.01
 10405836, 0, 0, 0, 0.01, 0, 0, 0, 0.01
 10606589, 0, 0, 0, 0.01, 0, 0, 0, 0.01
 10806509, 0, 0, 0, 0.01, 0, 0, 0, 0.01
 11006429, 0, 0, 0, 0.01, 0, 0, 0, 0.01
 11206349, 0, 0, 0, 0.01, 0, 0, 0, 0.01
 11406269, 0, 0, 0, 0.01, 0, 0, 0, 0.01
 11606189, 0, 0, 0, 0.01, 0, 0, 0, 0.01
 11806109, 0, 0, 0, 0.01, 0, 0, 0, 0.01
 12006029, 0, 0, 0, 0.01, 0, 0, 0, 0.01
 12205949, 0, 0, 0, 0.01, 0, 0, 0, 0.01
 12405869, 0, 0, 0, 0.01, 0, 0, 0, 0.01
 12605789, 0, 0, 0, 0.01, 0, 0, 0, 0.01
 12806542, 0, 0, 0, 0.01, 0, 0, 0, 0.01
 13006462, 0, 0, 0, 0.01, 0, 0, 0, 0.01
 13206382, 0, 0, 0, 0.01, 0, 0, 0, 0.01
 13406302, 0, 0, 0, 0.01, 0, 0, 0, 0.01
 13606222, 0, 0, 0, 0.01, 0, 0, 0, 0.01
 13806142, 0, 0, 0, 0.01, 0, 0, 0, 0.01
 14006062, 0, 0, 0, 0.01, 0, 0, 0, 0.01
 14205982, 0, 0, 0, 0.01, 0, 0, 0, 0.01
 14405902, 0, 0, 0, 0.01, 0, 0, 0, 0.01
 14605822, 0, 0, 0, 0.01, 0, 0, 0, 0.01
 14806575, 0, 0, 0, 0.01, 0, 0, 0, 0.01
 15006495, 0, 0, 0, 0.01, 0, 0, 0, 0.01
 15206415, 0, 0, 0, 0.01, 0, 0, 0, 0.01
 15406335, 0, 0, 0, 0.01, 0, 0, 0, 0.01
 15606255, 0, 0, 0, 0.01, 0, 0, 0, 0.01
 15806175, 0, 0, 0, 0.01, 0, 0, 0, 0.01
 16006095, 0, 0, 0, 0.01, 0, 0, 0, 0.01
 16206015, 0, 0, 0, 0.01, 0, 0, 0, 0.01
 16405935, 0, 0, 0, 0.01, 0, 0, 0, 0.01
 16605855, 0, 0, 0, 0.01, 0, 0, 0, 0.01
 16805775, 0, 0, 0, 0.01, 0, 0, 0, 0.01
 17006528, 0, 0, 0, 0.01, 0, 0, 0, 0.01
 17206448, 0, 0, 0, 0.01, 0, 0, 0, 0.01
 17406368, 0, 0, 0, 0.01, 0, 0, 0, 0.01
 17606288, 0, 0, 0, 0.01, 0, 0, 0, 0.01
 17806208, 0, 0, 0, 0.01, 0, 0, 0, 0.01
 18006128, 0, 0, 0, 0.01, 0, 0, 0, 0.01
 18206048, 0, 0, 0, 0.01, 0, 0, 0, 0.01
 18405968, 0, 0, 0, 0.01, 0, 0, 0, 0.01
 18605888, 0, 0, 0, 0.01, 0, 0, 0, 0.01
 18805808, 0, 0, 0, 0.01, 0, 0, 0, 0.01
 19006561, 0, 0, 0, 0.01, 0, 0, 0, 0.01
 19206481, 0, 0, 0, 0.01, 0, 0, 0, 0.01
 19406401, 0, 0, 0, 0.01, 0, 0, 0, 0.01
 19606321, 0, 0, 0, 0.01, 0, 0, 0, 0.01
 19806241, 0, 0, 0, 0.01, 0, 0, 0, 0.01
 20006161, 0, 0, 0, 0.01, 0, 0, 0, 0.01
 20206081, 0, 0, 0, 0.01, 0, 0, 0, 0.01
 20406001, 0, 0, 0, 0.01, 0, 0, 0, 0.01
 20605921, 0, 0, 0, 0.01, 0, 0, 0, 0.01
 20805841, 0, 0, 0, 0.01, 0, 0, 0, 0.01
 21005761, 0, 0, 0, 0.01, 0, 0, 0, 0.01
 21206514, 0, 0, 0, 0.01, 0, 0, 0, 0.01
 21406434, 0, 0, 0, 0.01, 0, 0, 0, 0.01
 21606354, 0, 0, 0, 0.01, 0, 0, 0, 0.01
 21806274, 0, 0, 0, 0.01, 0, 0, 0, 0.01
 22006194, 0, 0, 0, 0.01, 0, 0, 0, 0.01
 22206114, 0, 0, 0, 0.01, 0, 0, 0, 0.01
 22406034, 0, 0, 0, 0.01, 0, 0, 0, 0.01
 22605954, 0, 0, 0, 0.01, 0, 0, 0, 0.01
 22805874, 0, 0, 0, 0.01, 0, 0, 0, 0.01
 23005794, 0, 0, 0, 0.01, 0, 0, 0, 0.01
 23206547, 0, 0, 0, 0.01, 0, 0, 0, 0.01
 23406467, 0, 0, 0, 0.01, 0, 0, 0, 0.01
 23606387, 0, 0, 0, 0.01, 0, 0, 0, 0.01
 23806307, 0, 0, 0, 0.01, 0, 0, 0, 0.01
 24006227, 0, 0, 0, 0.01, 0, 0, 0, 0.01
 24206147, 0, 0, 0, 0.01, 0, 0, 0, 0.01
 24406067, 0, 0, 0, 0.01, 0, 0, 0, 0.01
 24605987, 0, 0, 0, 0.01, 0, 0, 0, 0.01
 24805907, 0, 0, 0, 0.01, 0, 0, 0, 0.01
 25005827, 0, 0, 0, 0.01, 0, 0, 0, 0.01
 25206580, 0, 0, 0, 0.01, 0, 0, 0, 0.01
 25406500, 0, 0, 0, 0.01, 0, 0, 0, 0.01
 25606420, 0, 0, 0, 0.01, 0, 0, 0, 0.01
 25806340, 0, 0, 0, 0.01, 0, 0, 0, 0.01
 26006260, 0, 0, 0, 0.01, 0, 0, 0, 0.01
 26206180, 0, 0, 0, 0.01, 0, 0, 0, 0.01
 26406100, 0, 0, 0, 0.01, 0, 0, 0, 0.01
 26606020, 0, 0, 0, 0.01, 0, 0, 0, 0.01
 26805940, 0, 0, 0, 0.01, 0, 0, 0, 0.01
 27005860, 0, 0, 0, 0.01, 0, 0, 0, 0.01
 27205780, 0, 0, 0, 0.01, 0, 0, 0, 0.01
 27406533, 0, 0, 0, 0.01, 0, 0, 0, 0.01
 27606453, 0, 0, 0, 0.01, 0, 0, 0, 0.01
 27806373, 0, 0, 0, 0.01, 0, 0, 0, 0.01
 28006293, 0, 0, 0, 0.01, 0, 0, 0, 0.01
 28206213, 0, 0, 0, 0.01, 0, 0, 0, 0.01
 28406133, 0, 0, 0, 0.01, 0, 0, 0, 0.01
 28606053, 0, 0, 0, 0.01, 0, 0, 0, 0.01
 28805973, 0, 0, 0, 0.01, 0, 0, 0, 0.01
 29005893, 0, 0, 0, 0.01, 0, 0, 0, 0.01
 29205813, 0, 0, 0, 0.01, 0, 0, 0, 0.01
 29406566, 0, 0, 0, 0.01, 0, 0, 0, 0.01
 29606486, 0, 0, 0, 0.01, 0, 0, 0, 0.01
 29806406, 0, 0, 0, 0.01, 0, 0, 0, 0.01
 30006326, 0, 0, 0, 0.01, 0, 0, 0, 0.01
 30206246, 0, 0, 0, 0.01, 0, 0, 0, 0.01
 30406166, 0, 0, 0, 0.01, 0, 0, 0, 0.01
 30606086, 0, 0, 0, 0.01, 0, 0, 0, 0.01
 30806006, 0, 0, 0, 0.01, 0, 0, 0, 0.01
 31005926, 0, 0, 0, 0.01, 0, 0, 0, 0.01
 31205846, 0, 0, 0, 0.01, 0, 0, 0, 0.01
 31405766, 0, 0, 0, 0.01, 0, 0, 0, 0.01
 31606519, 0, 0, 0, 0.01, 0, 0, 0, 0.01
 31806439, 0, 0, 0, 0.01, 0, 0, 0, 0.01
 32006359, 0, 0, 0, 0.01, 0, 0, 0, 0.01
 32206279, 0, 0, 0, 0.01, 0, 0, 0, 0.01
 32406199, 0, 0, 0, 0.01, 0, 0, 0, 0.01
 32606119, 0, 0, 0, 0.01, 0, 0, 0, 0.01
 32806039, 0, 0, 0, 0.01, 0, 0, 0, 0.01
 33005959, 0, 0, 0, 0.01, 0, 0, 0, 0.01
 33205879, 0, 0, 0, 0.01, 0, 0, 0, 0.01
 33405799, 0, 0, 0, 0.01, 0, 0, 0, 0.01
 33606552, 0, 0, 0, 0.01, 0, 0, 0, 0.01
 33806472, 0, 0, 0, 0.01, 0, 0, 0, 0.01
 34006392, 0, 0, 0, 0.01, 0, 0, 0, 0.01
 34206312, 0, 0, 0, 0.01, 0, 0, 0, 0.01
 34406232, 0, 0, 0, 0.01, 0, 0, 0, 0.01
 34606152, 0, 0, 0, 0.01, 0, 0, 0, 0.01
 34806072, 0, 0, 0, 0.01, 0, 0, 0, 0.01
 35005992, 0, 0, 0, 0.01, 0, 0, 0, 0.01
 35205912, 0, 0, 0, 0.01, 0, 0, 0, 0.01
 35405832, 0, 0, 0, 0.01, 0, 0, 0, 0.01
 35606585, 0, 0, 0, 0.01, 0, 0, 0, 0.01
 35806505, 0, 0, 0, 0.01, 0, 0, 0, 0.01
 36006425, 0, 0, 0, 0.01, 0, 0, 0, 0.01
 36206345, 0, 0, 0, 0.01, 0, 0, 0, 0.01
 36406265, 0, 0, 0, 0.01, 0, 0, 0, 0.01
 36606185, 0, 0, 0, 0.01, 0, 0, 0, 0.01
 36806105, 0, 0, 0, 0.01, 0, 0, 0, 0.01
 37006025, 0, 0, 0, 0.01, 0, 0, 0, 0.01
 37205945, 0, 0, 0, 0.01, 0, 0, 0, 0.01
 37405865, 0, 0, 0, 0.01, 0, 0, 0, 0.01
 37605785, 0, 0, 0, 0.01, 0, 0, 0, 0.01
 37806538, 0, 0, 0, 0.01, 0, 0, 0, 0.01
 38006458, 0, 0, 0, 0.01, 0, 0, 0, 0.01
 38206378, 0, 0, 0, 0.01, 0, 0, 0, 0.01
 38406298, 0, 0, 0, 0.01, 0, 0, 0, 0.01
 38606218, 0, 0, 0, 0.01, 0, 0, 0, 0.01
 38806138, 0, 0, 0, 0.01, 0, 0, 0, 0.01
 39006058, 0, 0, 0, 0.01, 0, 0, 0, 0.01
 39205978, 0, 0, 0, 0.01, 0, 0, 0, 0.01
 39405898, 0, 0, 0, 0.01, 0, 0, 0, 0.01
 39605818, 0, 0, 0, 0.01, 0, 0, 0, 0.01
 39806571, 0, 0, 0, 0.01, 0, 0, 0, 0.01
 40006491, 0, 0, 0, 0.01, 0, 0, 0, 0.01
 40206411, 0, 0, 0, 0.01, 0, 0, 0, 0.01
 40406331, 0, 0, 0, 0.01, 0, 0, 0, 0.01
 40606251, 0, 0, 0, 0.01, 0, 0, 0, 0.01
 40806171, 0, 0, 0, 0.01, 0, 0, 0, 0.01
 41006091, 0, 0, 0, 0.01, 0, 0, 0, 0.01
 41206011, 0, 0, 0, 0.01, 0, 0, 0, 0.01
 41405931, 0, 0, 0, 0.01, 0, 0, 0, 0.01
 41605851, 0, 0, 0, 0.01, 0, 0, 0, 0.01
 41805771, 0, 0, 0, 0.01, 0, 0, 0, 0.01
 42006524, 0, 0, 0, 0.01, 0, 0, 0, 0.01
 42206444, 0, 0, 0, 0.01, 0, 0, 0, 0.01
 42406364, 0, 0, 0, 0.01, 0, 0, 0, 0.01
 42606284, 0, 0, 0, 0.01, 0, 0, 0, 0.01
 42806204, 0, 0, 0, 0.01, 0, 0, 0, 0.01
 43006124, 0, 0, 0, 0.01, 0, 0, 0, 0.01
 43206044, 0, 0, 0, 0.01, 0, 0, 0, 0.01
 43405964, 0, 0, 0, 0.01, 0, 0, 0, 0.01
 43605884, 0, 0, 0, 0.01, 0, 0, 0, 0.01
 43805804, 0, 0, 0, 0.01, 0, 0, 0, 0.01
 44006557, 0, 0, 0, 0.01, 0, 0, 0, 0.01
 44206477, 0, 0, 0, 0.01, 0, 0, 0, 0.01
 44406397, 0, 0, 0, 0.01, 0, 0, 0, 0.01
 44606317, 0, 0, 0, 0.01, 0, 0, 0, 0.01
 44806237, 0, 0, 0, 0.01, 0, 0, 0, 0.01
 45006157, 0, 0, 0, 0.01, 0, 0, 0, 0.01
 45206077, 0, 0, 0, 0.01, 0, 0, 0, 0.01
 45405997, 0, 0, 0, 0.01, 0, 0, 0, 0.01
 45605917, 0, 0, 0, 0.01, 0, 0, 0, 0.01
 45805837, 0, 0, 0, 0.01, 0, 0, 0, 0.01
 46006590, 0, 0, 0, 0.01, 0, 0, 0, 0.01
 46206510, 0, 0, 0, 0.01, 0, 0, 0, 0.01
 46406430, 0, 0, 0, 0.01, 0, 0, 0, 0.01
 46606350, 0, 0, -0.043, 0.01, 0, 0, 0, 0.01
 46806270, 0, 0, -0.683, 0.01, 0, 0, -0.043, 0.01
 47006190, -0.001, -0.001, -1.679, 0.01, 0, 0, -0.683, 0.01
 47206110, -0.007, -0.008, -3.118, 0.01, -0.001, -0.001, -1.679, 0.01
 47406030, -0.015, -0.016, -3.907, 0.01, -0.007, -0.008, -3.118, 0.01
 47605950, -0.023, -0.024, -4.572, 0.01, -0.015, -0.016, -3.907, 0.01
 47805870, -0.03, -0.032, -5.21, 0.01, -0.023, -0.024, -4.572, 0.01
 48005790, -0.036, -0.039, -5.748, 0.01, -0.03, -0.032, -5.21, 0.01
 48206543, -0.042, -0.045, -6.194, 0.01, -0.036, -0.039, -5.748, 0.01
 48406463, -0.046, -0.05, -6.566, 0.01, -0.042, -0.045, -6.194, 0.01
 48606383, -0.05, -0.054, -6.875, 0.01, -0.046, -0.05, -6.566, 0.01
 48806303, -0.054, -0.056, -7.128, 0.01, -0.05, -0.054, -6.875, 0.01
 49006223, -0.057, -0.059, -7.337, 0.01, -0.054, -0.056, -7.128, 0.01
 49206143, -0.06, -0.061, -7.506001, 0.01, -0.057, -0.059, -7.337, 0.01
 49406063, -0.062, -0.063, -7.642, 0.01, -0.06, -0.061, -7.506001, 0.01
 49605983, -0.06500001, -0.064, -7.749001, 0.01, -0.062, -0.063, -7.642, 0.01
 49805903, -0.068, -0.067, -7.832, 0.01, -0.06500001, -0.064, -7.749001, 0.01
 50005823, -0.07300001, -0.07, -7.899, 0.01, -0.068, -0.067, -7.832, 0.01
 50206576, -0.078, -0.07300001, -7.951, 0.01, -0.07300001, -0.07, -7.899, 0.01
 50406496, -0.082, -0.07600001, -7.993001, 0.01, -0.078, -0.07300001, -7.951, 0.01
 50606416, -0.085, -0.078, -8.024, 0.01, -0.082, -0.07600001, -7.993001, 0.01
 50806336, -0.086, -0.079, -7.652, 0.01, -0.085, -0.078, -8.024, 0.01
 51006256, -0.085, -0.079, -7.017, 0.01, -0.086, -0.079, -7.652, 0.01
 51206176, -0.08400001, -0.08000001, -6.492, 0.01, -0.085, -0.079, -7.017, 0.01
 51406096, -0.07700001, -0.074, -6.135, 0.01, -0.08400001, -0.08000001, -6.492, 0.01
 51606016, -0.054, -0.052, -5.716, 0.01, -0.07700001, -0.074, -6.135, 0.01
 51805936, -0.039, -0.036, -5.11, 0.01, -0.054, -0.052, -5.716, 0.01
 52005856, -0.029, -0.027, -4.336, 0.01, -0.039, -0.036, -5.11, 0.01
 52205776, -0.022, -0.021, -3.572, 0.01, -0.029, -0.027, -4.336, 0.01
 52406529, -0.017, -0.016, -2.881, 0.01, -0.022, -0.021, -3.572, 0.01
 52606449, -0.013, -0.013, -2.291, 0.01, -0.017, -0.016, -2.881, 0.01
 52806369, -0.01, -0.011, -1.814, 0.01, -0.013, -0.013, -2.291, 0.01
 53006289, -0.005, -0.01, -1.514, 0.01, -0.01, -0.011, -1.814, 0.01
 53206209, 0.002, -0.011, -1.32, 0.01, -0.005, -0.01, -1.514, 0.01
 53406129, 0.011, -0.012, -1.17, 0.01, 0.002, -0.011, -1.32, 0.01
 53606049, 0.019, -0.014, -1.037, 0.01, 0.011, -0.012, -1.17, 0.01
 53805969, 0.026, -0.015, -0.906, 0.01, 0.019, -0.014, -1.037, 0.01
 54005889, 0.031, -0.016, -0.767, 0.01, 0.026, -0.015, -0.906, 0.01
 54205809, 0.035, -0.017, -0.617, 0.01, 0.031, -0.016, -0.767, 0.01
 54406562, 0.037, -0.017, -0.455, 0.01, 0.035, -0.017, -0.617, 0.01
 54606482, 0.038, -0.017, -0.284, 0.01, 0.037, -0.017, -0.455, 0.01
 54806402, 0.039, -0.017, -0.105, 0.01, 0.038, -0.017, -0.284, 0.01
 55006322, 0.037, -0.016, 0.06900001, 0.01, 0.039, -0.017, -0.105, 0.01
 55206242, 0.034, -0.016, 0.165, 0.01, 0.037, -0.016, 0.06900001, 0.01
 55406162, 0.031, -0.016, 0.192, 0.01, 0.034, -0.016, 0.165, 0.01
 55606082, 0.027, -0.017, 0.181, 0.01, 0.031, -0.016, 0.192, 0.01
 55806002, 0.023, -0.018, 0.151, 0.01, 0.027, -0.017, 0.181, 0.01
 56005922, 0.018, -0.018, 0.116, 0.01, 0.023, -0.018, 0.151, 0.01
 56205842, 0.013, -0.018, 0.083, 0.01, 0.018, -0.018, 0.116, 0.01
 56405762, 0.008, -0.017, 0.055, 0.01, 0.013, -0.018, 0.083, 0.01
 56606515, 0.004, -0.016, 0.034, 0.01, 0.008, -0.017, 0.055, 0.01
 56806435, 0.001, -0.013, 0.019, 0.01, 0.004, -0.016, 0.034, 0.01
 57006355, -0.002, -0.011, 0.008, 0.01, 0.001, -0.013, 0.019, 0.01
 57206275, -0.005, -0.009000001, 0.001, 0.01, -0.002, -0.011, 0.008, 0.01
 57406195, -0.008, -0.006, -0.002, 0.01, -0.005, -0.009000001, 0.001, 0.01
 57606115, -0.009000001, -0.004, -0.005, 0.01, -0.008, -0.006, -0.002, 0.01
 57806035, -0.01, -0.003, -0.007, 0.01, -0.009000001, -0.004, -0.005, 0.01
 58005955, -0.01, -0.001, -0.01, 0.01, -0.01, -0.003, -0.007, 0.01
 58205875, -0.01, 0, -0.012, 0.01, -0.01, -0.001, -0.01, 0.01
 58405795, -0.01, 0.001, -0.014, 0.01, -0.01, 0, -0.012, 0.01
 58606548, -0.011, 0.002, -0.017, 0.01, -0.01, 0.001, -0.014, 0.01
 58806468, -0.011, 0.003, -0.019, 0.01, -0.011, 0.002, -0.017, 0.01
 59006388, -0.011, 0.004, -0.019, 0.01, -0.011, 0.003, -0.019, 0.01
 59206308, -0.011, 0.005, -0.019, 0.01, -0.011, 0.004, -0.019, 0.01
 59406228, -0.01, 0.006, -0.019, 0.01, -0.011, 0.005, -0.019, 0.01
 59606148, -0.008, 0.006, -0.02, 0.01, -0.01, 0.006, -0.019, 0.01
 59806068, -0.007, 0.006, -0.021, 0.01, -0.008, 0.006, -0.02, 0.01
 60005988, -0.005, 0.007, -0.022, 0.01, -0.007, 0.006, -0.021, 0.01
 60205908, -0.004, 0.007, -0.024, 0.01, -0.005, 0.007, -0.022, 0.01
 60405828, -0.003, 0.008, -0.025, 0.01, -0.004, 0.007, -0.024, 0.01
 60606581, -0.002, 0.009000001, -0.026, 0.01, -0.003, 0.008, -0.025, 0.01
 60806501, -0.002, 0.009000001, -0.028, 0.01, -0.002, 0.009000001, -0.026, 0.01
 61006421, -0.003, 0.01, -0.029, 0.01, -0.002, 0.009000001, -0.028, 0.01
 61206341, -0.003, 0.009000001, -0.03, 0.01, -0.003, 0.01, -0.029, 0.01
 61406261, -0.003, 0.008, -0.031, 0.01, -0.003, 0.009000001, -0.03, 0.01
 61606181, -0.002, 0.007, -0.031, 0.01, -0.003, 0.008, -0.031, 0.01
 61806101, -0.001, 0.007, -0.031, 0.01, -0.002, 0.007, -0.031, 0.01
 62006021, 0, 0.007, -0.032, 0.01, -0.001, 0.007, -0.031, 0.01
 62205941, 0, 0.007, -0.031, 0.01, 0, 0.007, -0.032, 0.01
 62405861, 0.001, 0.006, -0.031, 0.01, 0, 0.007, -0.031, 0.01
 62605781, 0.001, 0.005, -0.03, 0.01, 0.001, 0.006, -0.031, 0.01
 62806534, 0.001, 0.004, -0.03, 0.01, 0.001, 0.005, -0.03, 0.01
 63006454, 0.002, 0.004, -0.03, 0.01, 0.001, 0.004, -0.03, 0.01
 63206374, 0.002, 0.003, -0.029, 0.01, 0.002, 0.004, -0.03, 0.01
 63406294, 0.002, 0.002, -0.029, 0.01, 0.002, 0.003, -0.029, 0.01
 63606214, 0.003, 0.002, -0.028, 0.01, 0.002, 0.002, -0.029, 0.01
 63806134, 0.003, 0.001, -0.028, 0.01, 0.003, 0.002, -0.028, 0.01
 64006054, 0.003, 0.001, -0.027, 0.01, 0.003, 0.001, -0.028, 0.01
 64205974, 0.003, 0, -0.027, 0.01, 0.003, 0.001, -0.027, 0.01
 64405894, 0.004, 0, -0.026, 0.01, 0.003, 0, -0.027, 0.01
 64605814, 0.005, 0, -0.026, 0.01, 0.004, 0, -0.026, 0.01
 64806567, 0.005, 0, -0.025, 0.01, 0.005, 0, -0.026, 0.01
 65006487, 0.005, 0, -0.025, 0.01, 0.005, 0, -0.025, 0.01
 65206407, 0.005, 0, -0.024, 0.01, 0.005, 0, -0.025, 0.01
 65406327, 0.005, 0, -0.023, 0.01, 0.005, 0, -0.024, 0.01
 65606247, 0.006, -0.001, -0.023, 0.01, 0.005, 0, -0.023, 0.01
 65806167, 0.006, -0.001, -0.022, 0.01, 0.006, -0.001, -0.023, 0.01
 66006087, 0.006, -0.002, -0.021, 0.01, 0.006, -0.001, -0.022, 0.01
 66206007, 0.007, -0.002, -0.021, 0.01, 0.006, -0.002, -0.021, 0.01
 66405927, 0.007, -0.002, -0.02, 0.01, 0.007, -0.002, -0.021, 0.01
 66605847, 0.007, -0.001, -0.019, 0.01, 0.007, -0.002, -0.02, 0.01
 66805767, 0.007, -0.001, -0.019, 0.01, 0.007, -0.001, -0.019, 0.01
 67006520, 0.007, -0.001, -0.018, 0.01, 0.007, -0.001, -0.019, 0.01
 67206440, 0.006, -0.001, -0.017, 0.01, 0.007, -0.001, -0.018, 0.01
 67406360, 0.006, -0.001, -0.017, 0.01, 0.006, -0.001, -0.017, 0.01
 67606280, 0.005, 0, -0.016, 0.01, 0.006, -0.001, -0.017, 0.01
 67806200, 0.005, 0, -0.015, 0.01, 0.005, 0, -0.016, 0.01
 68006120, 0.004, 0, -0.015, 0.01, 0.005, 0, -0.015, 0.01
 68206040, 0.004, 0, -0.014, 0.01, 0.004, 0, -0.015, 0.01
 68405960, 0.003, 0, -0.014, 0.01, 0.004, 0, -0.014, 0.01
 68605880, 0.003, 0, -0.013, 0.01, 0.003, 0, -0.014, 0.01
 68805800, 0.003, 0, -0.012, 0.01, 0.003, 0, -0.013, 0.01
 69006553, 0.002, 0, -0.012, 0.01, 0.003, 0, -0.012, 0.01
 69206473, 0.002, -0.001, -0.012, 0.01, 0.002, 0, -0.012, 0.01
 69406393, 0.001, -0.001, -0.011, 0.01, 0.002, -0.001, -0.012, 0.01
 69606313, 0, 0, -0.01, 0.01, 0.001, -0.001, -0.011, 0.01
 69806233, 0, 0, -0.01, 0.01, 0, 0, -0.01, 0.01
 70006153, 0, 0, -0.009000001, 0.01, 0, 0, -0.01, 0.01
 70206073, -0.001, 0, -0.008, 0.01, 0, 0, -0.009000001, 0.01
 70405993, -0.001, 0, -0.008, 0.01, -0.001, 0, -0.008, 0.01
 70605913, -0.001, 0, -0.007, 0.01, -0.001, 0, -0.008, 0.01
 70805833, -0.001, 0, -0.007, 0.01, -0.001, 0, -0.007, 0.01
 71006586, -0.001, 0, -0.007, 0.01, -0.001, 0, -0.007, 0.01
 71206506, 0, 0, -0.007, 0.01, -0.001, 0, -0.007, 0.01
 71406426, 0, 0, -0.006, 0.01, 0, 0, -0.007, 0.01
 71606346, 0, 0, -0.006, 0.01, 0, 0, -0.006, 0.01
 71806266, 0, 0, -0.005, 0.01, 0, 0, -0.006, 0.01
 72006186, 0, 0, -0.005, 0.01, 0, 0, -0.005, 0.01
 72206106, 0, 0, -0.004, 0.01, 0, 0, -0.005, 0.01
 72406026, -0.001, 0.001, -0.004, 0.01, 0, 0, -0.004, 0.01
 72605946, -0.001, 0.001, -0.004, 0.01, -0.001, 0.001, -0.004, 0.01
 72805866, -0.002, 0.001, -0.004, 0.01, -0.001, 0.001, -0.004, 0.01
 73005786, 0, 0.0125, -0.004, 0.01, -0.002, 0.001, -0.004, 0.01
 73206539, 0, 0.0125, -0.003, 0.01, 0, 0.0125, -0.004, 0.01
 73406459, 0, 0.0125, -0.003, 0.01, 0, 0.0125, -0.003, 0.01
 73606379, 0, 0.0125, -0.001, 0.01, 0, 0.0125, -0.003, 0.01
 73806299, 0, 0.0125, 0, 0.01, 0, 0.0125, -0.001, 0.01
 74006219, 0, 0.0125, 0, 0.01, 0, 0.0125, 0, 0.01
 74206139, 0, 0.0125, 0, 0.01, 0, 0.0125, 0, 0.01
 74406059, 0, 0.0125, 0.001, 0.01, 0, 0.0125, 0, 0.01
 74605979, 0, 0.0125, 0.004, 0.01, 0, 0.0125, 0.001, 0.01
 74805899, 0, 0.0125, 0.007, 0.01, 0, 0.0125, 0.004, 0.01
 75005819, 0, 0.0125, 0.011, 0.01, 0, 0.0125, 0.007, 0.01
 75206572, 0, 0.0125, 0.016, 0.01, 0, 0.0125, 0.011, 0.01
 75406492, 0, 0.0125, 0.023, 0.01, 0, 0.0125, 0.016, 0.01
 75606412, 0, 0.0125, 0.029, 0.01, 0, 0.0125, 0.023, 0.01
 75806332, 0, 0.0125, 0.036, 0.01, 0, 0.0125, 0.029, 0.01
 76006252, 0, 0.0125, 0.044, 0.01, 0, 0.0125, 0.036, 0.01
 76206172, 0, 0.0125, 0.052, 0.01, 0, 0.0125, 0.044, 0.01
 76406092, 0, 0.0125, 0.059, 0.01, 0, 0.0125, 0.052, 0.01
 76606012, 0, 0.0125, 0.067, 0.01, 0, 0.0125, 0.059, 0.01
 76805932, 0, 0.0125, 0.074, 0.01, 0, 0.0125, 0.067, 0.01
 77005852, 0, 0.0125, 0.081, 0.01, 0, 0.0125, 0.074, 0.01
 77205772, 0, 0.0125, 0.08800001, 0.01, 0, 0.0125, 0.081, 0.01
 77406525, 0, 0.0125, 0.094, 0.01, 0, 0.0125, 0.08800001, 0.01
 77606445, 0, 0.0125, 0.1, 0.01, 0, 0.0125, 0.094, 0.01
 77806365, 0, 0.0125, 0.105, 0.01, 0, 0.0125, 0.1, 0.01
 78006285, 0, 0.0125, 0.11, 0.01, 0, 0.0125, 0.105, 0.01
 78206205, 0, 0.0125, 0.114, 0.01, 0, 0.0125, 0.11, 0.01
 78406125, 0, 0.0125, 0.119, 0.01, 0, 0.0125, 0.114, 0.01
 78606045, 0, 0.0125, 0.123, 0.01, 0, 0.0125, 0.119, 0.01
 78805965, 0, 0.0125, 0.126, 0.01, 0, 0.0125, 0.123, 0.01
 79005885, 0, 0.0125, 0.13, 0.01, 0, 0.0125, 0.126, 0.01
 79205805, 0, 0.0125, 0.133, 0.01, 0, 0.0125, 0.13, 0.01
 79406558, 0, 0.0125, 0.135, 0.01, 0, 0.0125, 0.133, 0.01
 79606478, 0, 0.0125, 0.137, 0.01, 0, 0.0125, 0.135, 0.01
 79806398, 0, 0.0125, 0.139, 0.01, 0, 0.0125, 0.137, 0.01
 80006318, 0, 0.0125, 0.141, 0.01, 0, 0.0125, 0.139, 0.01
 80206238, 0, 0.0125, 0.142, 0.01, 0, 0.0125, 0.141, 0.01
 80406158, 0, 0.0125, 0.143, 0.01, 0, 0.0125, 0.142, 0.01
 80606078, 0, 0.0125, 0.144, 0.01, 0, 0.0125, 0.143, 0.01
 80805998, 0, 0.0125, 0.143, 0.01, 0, 0.0125, 0.144, 0.01
 81005918, 0, 0.0125, 0.143, 0.01, 0, 0.0125, 0.143, 0.01
 81205838, 0, 0.0125, 0.142, 0.01, 0, 0.0125, 0.143, 0.01
 81406591, 0, 0.0125, 0.14, 0.01, 0, 0.0125, 0.142, 0.01
 81606511, 0, 0.0125, 0.137, 0.01, 0, 0.0125, 0.14, 0.01
 81806431, 0, 0.0125, 0.132, 0.01, 0, 0.0125, 0.137, 0.01
 82006351, 0, 0.0125, 0.12, 0.01, 0, 0.0125, 0.132, 0.01
 82206271, 0, 0.0125, 0.101, 0.01, 0, 0.0125, 0.12, 0.01
 82406191, 0, 0.0125, 0.07600001, 0.01, 0, 0.0125, 0.101, 0.01
 82606111, 0, 0.0125, 0.046, 0.01, 0, 0.0125, 0.07600001, 0.01
 82806031, 0, 0.0125, 0.012, 0.01, 0, 0.0125, 0.046, 0.01
 83005951, 0, 0.0125, -0.025, 0.01, 0, 0.0125, 0.012, 0.01
 83205871, 0, 0.0125, -0.066, 0.01, 0, 0.0125, -0.025, 0.01
 83405791, 0, 0.0125, -0.107, 0.01, 0, 0.0125, -0.066, 0.01
 83606544, 0, 0.0125, -0.149, 0.01, 0, 0.0125, -0.107, 0.01
 83806464, 0, 0.0125, -0.189, 0.01, 0, 0.0125, -0.149, 0.01
 84006384, 0, 0.0125, -0.227, 0.01, 0, 0.0125, -0.189, 0.01
 84206304, 0, 0.0125, -0.261, 0.01, 0, 0.0125, -0.227, 0.01
 84406224, 0, 0.0125, -0.291, 0.01, 0, 0.0125, -0.261, 0.01
 84606144, 0, 0.0125, -0.316, 0.01, 0, 0.0125, -0.291, 0.01
 84806064, 0, 0.0125, -0.336, 0.01, 0, 0.0125, -0.316, 0.01
 85005984, 0, 0.0125, -0.351, 0.01, 0, 0.0125, -0.336, 0.01
 85205904, 0, 0.0125, -0.36, 0.01, 0, 0.0125, -0.351, 0.01
 85405824, 0, 0.0125, -0.364, 0.01, 0, 0.0125, -0.36, 0.01
 85606577, 0, 0.0125, -0.363, 0.01, 0, 0.0125, -0.364, 0.01
 85806497, 0, 0.0125, -0.357, 0.01, 0, 0.0125, -0.363, 0.01
 86006417, 0, 0.0125, -0.348, 0.01, 0, 0.0125, -0.357, 0.01
 86206337, 0, 0.0125, -0.334, 0.01, 0, 0.0125, -0.348, 0.01
 86406257, 0, 0.0125, -0.316, 0.01, 0, 0.0125, -0.334, 0.01
 86606177, 0, 0.0125, -0.296, 0.01, 0, 0.0125, -0.316, 0.01
 86806097, 0, 0.0125, -0.273, 0.01, 0, 0.0125, -0.296, 0.01
 87006017, 0, 0.0125, -0.248, 0.01, 0, 0.0125, -0.273, 0.01
 87205937, 0, 0.0125, -0.222, 0.01, 0, 0.0125, -0.248, 0.01
 87405857, 0, 0.0125, -0.195, 0.01, 0, 0.0125, -0.222, 0.01
 87605777, 0, 0.0125, -0.168, 0.01, 0, 0.0125, -0.195, 0.01
 87806530, 0, 0.0125, -0.141, 0.01, 0, 0.0125, -0.168, 0.01
 88006450, 0, 0.0125, -0.114, 0.01, 0, 0.0125, -0.141, 0.01
 88206370, 0, 0.0125, -0.089, 0.01, 0, 0.0125, -0.114, 0.01
 88406290, 0, 0.0125, -0.064, 0.01, 0, 0.0125, -0.089, 0.01
 88606210, 0, 0.0125, -0.042, 0.01, 0, 0.0125, -0.064, 0.01
 88806130, 0, 0.0125, -0.02, 0.01, 0, 0.0125, -0.042, 0.01
 89006050, 0, 0.0125, -0.001, 0.01, 0, 0.0125, -0.02, 0.01
 89205970, 0, 0.0125, 0.016, 0.01, 0, 0.0125, -0.001, 0.01
 89405890, 0, 0.0125, 0.032, 0.01, 0, 0.0125, 0.016, 0.01
 89605810, 0, 0.0125, 0.045, 0.01, 0, 0.0125, 0.032, 0.01
 89806563, 0, 0.0125, 0.057, 0.01, 0, 0.0125, 0.045, 0.01
 90006483, 0, 0.0125, 0.066, 0.01, 0, 0.0125, 0.057, 0.01
 90206403, 0, 0.0125, 0.071, 0.01, 0, 0.0125, 0.066, 0.01
 90406323, 0, 0.0125, 0.075, 0.01, 0, 0.0125, 0.071, 0.01
 90606243, 0, 0.0125, 0.07600001, 0.01, 0, 0.0125, 0.075, 0.01
 90806163, 0, 0.0125, 0.075, 0.01, 0, 0.0125, 0.07600001, 0.01
 91006083, 0, 0.0125, 0.072, 0.01, 0, 0.0125, 0.075, 0.01
 91206003, 0, 0.0125, 0.068, 0.01, 0, 0.0125, 0.072, 0.01
 91405923, 0, 0.0125, 0.061, 0.01, 0, 0.0125, 0.068, 0.01
 91605843, 0, 0.0125, 0.054, 0.01, 0, 0.0125, 0.061, 0.01
 91805763, 0, 0.0125, 0.046, 0.01, 0, 0.0125, 0.054, 0.01
 92006516, 0, 0.0125, 0.036, 0.01, 0, 0.0125, 0.046, 0.01
 92206436, 0, 0.0125, 0.026, 0.01, 0, 0.0125, 0.036, 0.01
 92406356, 0, 0.0125, 0.015, 0.01, 0, 0.0125, 0.026, 0.01
 92606276, 0, 0.0125, 0.004, 0.01, 0, 0.0125, 0.015, 0.01
 92806196, 0, 0.0125, -0.006, 0.01, 0, 0.0125, 0.004, 0.01
 93006116, 0, 0.0125, -0.016, 0.01, 0, 0.0125, -0.006, 0.01
 93206036, 0, 0.0125, -0.026, 0.01, 0, 0.0125, -0.016, 0.01
 93405956, 0, 0.0125, -0.035, 0.01, 0, 0.0125, -0.026, 0.01
 93605876, 0, 0.0125, -0.044, 0.01, 0, 0.0125, -0.035, 0.01
 93805796, 0, 0.0125, -0.051, 0.01, 0, 0.0125, -0.044, 0.01
 94006549, 0, 0.0125, -0.058, 0.01, 0, 0.0125, -0.051, 0.01
 94206469, 0, 0.0125, -0.064, 0.01, 0, 0.0125, -0.058, 0.01
 94406389, 0, 0.0125, -0.07, 0.01, 0, 0.0125, -0.064, 0.01
 94606309, 0, 0.0125, -0.075, 0.01, 0, 0.0125, -0.07, 0.01
 94806229, 0, 0.0125, -0.07700001, 0.01, 0, 0.0125, -0.075, 0.01
 95006149, 0, 0.0125, -0.078, 0.01, 0, 0.0125, -0.07700001, 0.01
 95206069, 0, 0.0125, -0.078, 0.01, 0, 0.0125, -0.078, 0.01
 95405989, 0, 0.0125, -0.078, 0.01, 0, 0.0125, -0.078, 0.01
 95605909, 0, 0.0125, -0.07700001, 0.01, 0, 0.0125, -0.078, 0.01
 95805829, 0, 0.0125, -0.075, 0.01, 0, 0.0125, -0.07700001, 0.01
 96006582, 0, 0.0125, -0.072, 0.01, 0, 0.0125, -0.075, 0.01
 96206502, 0, 0.0125, -0.068, 0.01, 0, 0.0125, -0.072, 0.01
 96406422, 0, 0.0125, -0.064, 0.01, 0, 0.0125, -0.068, 0.01
 96606342, 0, 0.0125, -0.058, 0.01, 0, 0.0125, -0.064, 0.01
 96806262, 0, 0.0125, -0.053, 0.01, 0, 0.0125, -0.058, 0.01
 97006182, 0, 0.0125, -0.047, 0.01, 0, 0.0125, -0.053, 0.01
 97206102, 0, 0.0125, -0.041, 0.01, 0, 0.0125, -0.047, 0.01
 97406022, 0, 0.0125, -0.035, 0.01, 0, 0.0125, -0.041, 0.01
 97605942, 0, 0.0125, -0.029, 0.01, 0, 0.0125, -0.035, 0.01
 97805862, 0, 0.0125, -0.024, 0.01, 0, 0.0125, -0.029, 0.01
 98005782, 0, 0.0125, -0.018, 0.01, 0, 0.0125, -0.024, 0.01
 98206535, 0, 0.0125, -0.013, 0.01, 0, 0.0125, -0.018, 0.01
 98406455, 0, 0.0125, -0.009000001, 0.01, 0, 0.0125, -0.013, 0.01
 98606375, 0, 0.0125, -0.004, 0.01, 0, 0.0125, -0.009000001, 0.01
 98806295, 0, 0.0125, 0, 0.01, 0, 0.0125, -0.004, 0.01
 99006215, 0, 0.0125, 0.003, 0.01, 0, 0.0125, 0, 0.01
 99206135, 0, 0.0125, 0.007, 0.01, 0, 0.0125, 0.003, 0.01
 99406055, 0, 0.0125, 0.01, 0.01, 0, 0.0125, 0.007, 0.01
 99605975, 0, 0.0125, 0.013, 0.01, 0, 0.0125, 0.01, 0.01
 99805895, 0, 0.0125, 0.017, 0.01, 0, 0.0125, 0.013, 0.01
 100005815, 0, 0.0125, 0.019, 0.01, 0, 0.0125, 0.017, 0.01
 100206568, 0, 0.0125, 0.022, 0.01, 0, 0.0125, 0.019, 0.01
 100406488, 0, 0.0125, 0.024, 0.01, 0, 0.0125, 0.022, 0.01
 100606408, 0, 0.0125, 0.026, 0.01, 0, 0.0125, 0.024, 0.01
 100806328, 0, 0.0125, 0.027, 0.01, 0, 0.0125, 0.026, 0.01
 101006248, 0, 0.0125, 0.028, 0.01, 0, 0.0125, 0.027, 0.01
 101206168, 0, 0.0125, 0.029, 0.01, 0, 0.0125, 0.028, 0.01
 101406088, 0, 0.0125, 0.029, 0.01, 0, 0.0125, 0.029, 0.01
 101606008, 0, 0.0125, 0.028, 0.01, 0, 0.0125, 0.029, 0.01
 101805928, 0, 0.0125, 0.028, 0.01, 0, 0.0125, 0.028, 0.01
 102005848, 0, 0.0125, 0.027, 0.01, 0, 0.0125, 0.028, 0.01
 102205768, 0, 0.0125, 0.027, 0.01, 0, 0.0125, 0.027, 0.01
 102406521, 0, 0.0125, 0.026, 0.01, 0, 0.0125, 0.027, 0.01
 102606441, 0, 0.0125, 0.025, 0.01, 0, 0.0125, 0.026, 0.01
 102806361, 0, 0.0125, 0.023, 0.01, 0, 0.0125, 0.025, 0.01
 103006281, 0, 0.0125, 0.022, 0.01, 0, 0.0125, 0.023, 0.01
 103206201, 0, 0.0125, 0.02, 0.01, 0, 0.0125, 0.022, 0.01
 103406121, 0, 0.0125, 0.019, 0.01, 0, 0.0125, 0.02, 0.01
 103606041, 0, 0.0125, 0.017, 0.01, 0, 0.0125, 0.019, 0.01
 103805961, 0, 0.0125, 0.016, 0.01, 0, 0.0125, 0.017, 0.01
 104005881, 0, 0.0125, 0.014, 0.01, 0, 0.0125, 0.016, 0.01
 104205801, 0, 0.0125, 0.013, 0.01, 0, 0.0125, 0.014, 0.01
 104406554, 0, 0.0125, 0.012, 0.01, 0, 0.0125, 0.013, 0.01
 104606474, 0, 0.0125, 0.011, 0.01, 0, 0.0125, 0.012, 0.01
 104806394, 0, 0.0125, 0.011, 0.01, 0, 0.0125, 0.011, 0.01
 105006314, 0, 0.0125, 0.01, 0.01, 0, 0.0125, 0.011, 0.01
 105206234, 0, 0.0125, 0.009000001, 0.01, 0, 0.0125, 0.01, 0.01
 105406154, 0, 0.0125, 0.008, 0.01, 0, 0.0125, 0.009000001, 0.01
 105606074, 0, 0.0125, 0.008, 0.01, 0, 0.0125, 0.008, 0.01
 105805994, 0, 0.0125, 0.007, 0.01, 0, 0.0125, 0.008, 0.01
 106005914, 0, 0.0125, 0.007, 0.01, 0, 0.0125, 0.007, 0.01
 106205834, 0, 0.0125, 0.006, 0.01, 0, 0.0125, 0.007, 0.01
 106406587, 0, 0.0125, 0.007, 0.01, 0, 0.0125, 0.006, 0.01
 106606507, 0, 0.0125, 0.006, 0.01, 0, 0.0125, 0.007, 0.01
 106806427, 0, 0.0125, 0.005, 0.01, 0, 0.0125, 0.006, 0.01
 107006347, 0, 0.0125, 0.005, 0.01, 0, 0.0125, 0.005, 0.01
 107206267, 0, 0.0125, 0.006, 0.01, 0, 0.0125, 0.005, 0.01
 107406187, 0, 0.0125, 0.007, 0.01, 0, 0.0125, 0.006, 0.01
 107606107, 0, 0.0125, 0.007, 0.01, 0, 0.0125, 0.007, 0.01
 107806027, 0, 0.0125, 0.007, 0.01, 0, 0.0125, 0.007, 0.01
 108005947, 0, 0.0125, 0.008, 0.01, 0, 0.0125, 0.007, 0.01
 108205867, 0, 0.0125, 0.009000001, 0.01, 0, 0.0125, 0.008, 0.01
 108405787, 0, 0.0125, 0.009000001, 0.01, 0, 0.0125, 0.009000001, 0.01
 108606540, 0, 0.0125, 0.01, 0.01, 0, 0.0125, 0.009000001, 0.01
 108806460, 0, 0.0125, 0.01, 0.01, 0, 0.0125, 0.01, 0.01
 109006380, 0, 0.0125, 0.01, 0.01, 0, 0.0125, 0.01, 0.01
 109206300, 0, 0.0125, 0.01, 0.01, 0, 0.0125, 0.01, 0.01
 109406220, 0, 0.0125, 0.01, 0.01, 0, 0.0125, 0.01, 0.01
 109606140, 0, 0.0125, 0.011, 0.01, 0, 0.0125, 0.01, 0.01
 109806060, 0, 0.0125, 0.012, 0.01, 0, 0.0125, 0.011, 0.01
 110005980, 0, 0.0125, 0.012, 0.01, 0, 0.0125, 0.012, 0.01
 110205900, 0, 0.0125, 0.013, 0.01, 0, 0.0125, 0.012, 0.01
 110405820, 0, 0.0125, 0.014, 0.01, 0, 0.0125, 0.013, 0.01
 110606573, 0, 0.0125, 0.015, 0.01, 0, 0.0125, 0.014, 0.01
 110806493, 0, 0.0125, 0.015, 0.01, 0, 0.0125, 0.015, 0.01
 111006413, 0, 0.0125, 0.015, 0.01, 0, 0.0125, 0.015, 0.01
 111206333, 0, 0.0125, 0.015, 0.01, 0, 0.0125, 0.015, 0.01
 111406253, 0, 0.0125, 0.015, 0.01, 0, 0.0125, 0.015, 0.01
 111606173, 0, 0.0125, 0.015, 0.01, 0, 0.0125, 0.015, 0.01
 111806093, 0, 0.0125, 0.015, 0.01, 0, 0.0125, 0.015, 0.01
 112006013, 0, 0.0125, 0.016, 0.01, 0, 0.0125, 0.015, 0.01
 112205933, 0, 0.0125, 0.016, 0.01, 0, 0.0125, 0.016, 0.01
 112405853, 0, 0.0125, 0.016, 0.01, 0, 0.0125, 0.016, 0.01
 112605773, 0, 0.0125, 0.015, 0.01, 0, 0.0125, 0.016, 0.01
 112806526, 0, 0.0125, 0.015, 0.01, 0, 0.0125, 0.015, 0.01
 113006446, 0, 0.0125, 0.015, 0.01, 0, 0.0125, 0.015, 0.01
 113206366, 0, 0.0125, 0.014, 0.01, 0, 0.0125, 0.015, 0.01
 113406286, 0, 0.0125, 0.014, 0.01, 0, 0.0125, 0.014, 0.01
 113606206, 0, 0.0125, 0.014, 0.01, 0, 0.0125, 0.014, 0.01
 113806126, 0, 0.0125, 0.013, 0.01, 0, 0.0125, 0.014, 0.01
 114006046, 0, 0.0125, 0.013, 0.01, 0, 0.0125, 0.013, 0.01
 114205966, 0, 0.0125, 0.012, 0.01, 0, 0.0125, 0.013, 0.01
 114405886, 0, 0.0125, 0.011, 0.01, 0, 0.0125, 0.012, 0.01
 114605806, 0, 0.0125, 0.011, 0.01, 0, 0.0125, 0.011, 0.01
 114806559, 0, 0.0125, 0.01, 0.01, 0, 0.0125, 0.011, 0.01
 115006479, 0, 0.0125, 0.009000001, 0.01, 0, 0.0125, 0.01, 0.01
 115206399, 0, 0.0125, 0.009000001, 0.01, 0, 0.0125, 0.009000001, 0.01
 115406319, 0, 0.0125, 0.008, 0.01, 0, 0.0125, 0.009000001, 0.01
 115606239, 0, 0.0125, 0.008, 0.01, 0, 0.0125, 0.008, 0.01
 115806159, 0, 0.0125, 0.007, 0.01, 0, 0.0125, 0.008, 0.01
 116006079, 0, 0.0125, 0.006, 0.01, 0, 0.0125, 0.007, 0.01
 116205999, 0, 0.0125, 0.005, 0.01, 0, 0.0125, 0.006, 0.01
 116405919, 0, 0.0125, 0.005, 0.01, 0, 0.0125, 0.005, 0.01
 116605839, 0, 0.0125, 0.005, 0.01, 0, 0.0125, 0.005, 0.01
 116806592, 0, 0.0125, 0.004, 0.01, 0, 0.0125, 0.005, 0.01
 117006512, 0, 0.0125, 0.003, 0.01, 0, 0.0125, 0.004, 0.01
 117206432, 0, 0.0125, 0.003, 0.01, 0, 0.0125, 0.003, 0.01
 117406352, 0, 0.0125, 0.003, 0.01, 0, 0.0125, 0.003, 0.01
 117606272, 0, 0.0125, 0.002, 0.01, 0, 0.0125, 0.003, 0.01
 117806192, 0, 0.0125, 0.001, 0.01, 0, 0.0125, 0.002, 0.01
 118006112, 0, 0.0125, 0.002, 0.01, 0, 0.0125, 0.001, 0.01
 118206032, 0, 0.0125, 0.001, 0.01, 0, 0.0125, 0.002, 0.01
 118405952, 0, 0.0125, 0.002, 0.01, 0, 0.0125, 0.001, 0.01
 118605872, 0, 0.0125, 0.001, 0.01, 0, 0.0125, 0.002, 0.01
 118805792, 0, 0.0125, 0.001, 0.01, 0, 0.0125, 0.001, 0.01
 119006545, 0, 0.0125, 0.001, 0.01, 0, 0.0125, 0.001, 0.01
 119206465, 0, 0.0125, 0, 0.01, 0, 0.0125, 0.001, 0.01
 119406385, 0, 0.0125, 0, 0.01, 0, 0.0125, 0, 0.01
 119606305, 0, 0.0125, 0, 0.01, 0, 0.0125, 0, 0.01
 119806225, 0, 0.0125, 0, 0.01, 0, 0.0125, 0, 0.01
 120006145, 0, 0.0125, 0, 0.01, 0, 0.0125, 0, 0.01
 120206065, 0, 0.0125, 0, 0.01, 0, 0.0125, 0, 0.01
 120405985, 0, 0.0125, 0, 0.01, 0, 0.0125, 0, 0.01
 120605905, 0, 0.0125, 0, 0.01, 0, 0.0125, 0, 0.01
 120805825, 0, 0.0125, 0, 0.01, 0, 0.0125, 0, 0.01
 121006578, 0, 0.0125, 0, 0.01, 0, 0.0125, 0, 0.01
 121206498, 0, 0.0125, 0, 0.01, 0, 0.0125, 0, 0.01
 121406418, 0, 0.0125, 0, 0.01, 0, 0.0125, 0, 0.01
 121606338, 0, 0.0125, -0.001, 0.01, 0, 0.0125, 0, 0.01
 121806258, 0, 0.0125, -0.002, 0.01, 0, 0.0125, -0.001, 0.01
 122006178, 0, 0.0125, -0.002, 0.01, 0, 0.0125, -0.002, 0.01
 122206098, 0, 0.0125, -0.003, 0.01, 0, 0.0125, -0.002, 0.01
 122406018, 0, 0.0125, -0.003, 0.01, 0, 0.0125, -0.003, 0.01
 122605938, 0, 0.0125, -0.003, 0.01, 0, 0.0125, -0.003, 0.01
 122805858, 0, 0.0125, -0.004, 0.01, 0, 0.0125, -0.003, 0.01
 123005778, 0, 0.0125, -0.003, 0.01, 0, 0.0125, -0.004, 0.01
 123206531, 0, 0.0125, -0.003, 0.01, 0, 0.0125, -0.003, 0.01
 123406451, 0, 0.0125, -0.004, 0.01, 0, 0.0125, -0.003, 0.01
 123606371, 0, 0.0125, -0.005, 0.01, 0, 0.0125, -0.004, 0.01
 123806291, 0, 0.0125, -0.006, 0.01, 0, 0.0125, -0.005, 0.01
 124006211, 0, 0.0125, -0.007, 0.01, 0, 0.0125, -0.006, 0.01
 124206131, 0, 0.0125, -0.007, 0.01, 0, 0.0125, -0.007, 0.01
 124406051, 0, 0.0125, -0.007, 0.01, 0, 0.0125, -0.007, 0.01
 124605971, 0, 0.0125, -0.007, 0.01, 0, 0.0125, -0.007, 0.01
 124805891, 0, 0.0125, -0.008, 0.01, 0, 0.0125, -0.007, 0.01
 125005811, 0, 0.0125, -0.008, 0.01, 0, 0.0125, -0.008, 0.01
 125206564, 0, 0.0125, -0.009000001, 0.01, 0, 0.0125, -0.008, 0.01
 125406484, 0, 0.0125, -0.009000001, 0.01, 0, 0.0125, -0.009000001, 0.01
 125606404, 0, 0.0125, -0.01, 0.01, 0, 0.0125, -0.009000001, 0.01
 125806324, 0, 0.0125, -0.01, 0.01, 0, 0.0125, -0.01, 0.01
 126006244, 0, 0.0125, -0.01, 0.01, 0, 0.0125, -0.01, 0.01
 126206164, 0, 0.0125, -0.01, 0.01, 0, 0.0125, -0.01, 0.01
 126406084, 0, 0.0125, -0.01, 0.01, 0, 0.0125, -0.01, 0.01
 126606004, 0, 0.0125, -0.01, 0.01, 0, 0.0125, -0.01, 0.01
 126805924, 0, 0.0125, -0.009000001, 0.01, 0, 0.0125, -0.01, 0.01
 127005844, 0, 0.0125, -0.01, 0.01, 0, 0.0125, -0.009000001, 0.01
 127205764, 0, 0.0125, -0.01, 0.01, 0, 0.0125, -0.01, 0.01
 127406517, 0, 0.0125, -0.01, 0.01, 0, 0.0125, -0.01, 0.01
 127606437, 0, 0.0125, -0.01, 0.01, 0, 0.0125, -0.01, 0.01
 127806357, 0, 0.0125, -0.01, 0.01, 0, 0.0125, -0.01, 0.01
 128006277, 0, 0.0125, -0.01, 0.01, 0, 0.0125, -0.01, 0.01
 128206197, 0, 0.0125, -0.01, 0.01, 0, 0.0125, -0.01, 0.01
 128406117, 0, 0.0125, -0.01, 0.01, 0, 0.0125, -0.01, 0.01
 128606037, 0, 0.0125, -0.01, 0.01, 0, 0.0125, -0.01, 0.01
 128805957, 0, 0.0125, -0.009000001, 0.01, 0, 0.0125, -0.01, 0.01
 129005877, 0, 0.0125, -0.01, 0.01, 0, 0.0125, -0.009000001, 0.01
 129205797, 0, 0.0125, -0.009000001, 0.01, 0, 0.0125, -0.01, 0.01
 129406550, 0, 0.0125, -0.009000001, 0.01, 0, 0.0125, -0.009000001, 0.01
 129606470, 0, 0.0125, -0.009000001, 0.01, 0, 0.0125, -0.009000001, 0.01
 129806390, 0, 0.0125, -0.009000001, 0.01, 0, 0.0125, -0.009000001, 0.01
 130006310, 0, 0.0125, -0.008, 0.01, 0, 0.0125, -0.009000001, 0.01
 130206230, 0, 0.0125, -0.008, 0.01, 0, 0.0125, -0.008, 0.01
 130406150, 0, 0.0125, -0.008, 0.01, 0, 0.0125, -0.008, 0.01
 130606070, 0, 0.0125, -0.008, 0.01, 0, 0.0125, -0.008, 0.01
 130805990, 0, 0.0125, -0.008, 0.01, 0, 0.0125, -0.008, 0.01
 131005910, 0, 0.0125, -0.009000001, 0.01, 0, 0.0125, -0.008, 0.01
 131205830, 0, 0.0125, -0.008, 0.01, 0, 0.0125, -0.009000001, 0.01
 131406583, 0, 0.0125, -0.008, 0.01, 0, 0.0125, -0.008, 0.01
 131606503, 0, 0.0125, -0.008, 0.01, 0, 0.0125, -0.008, 0.01
 131806423, 0, 0.0125, -0.007, 0.01, 0, 0.0125, -0.008, 0.01
 132006343, 0, 0.0125, -0.007, 0.01, 0, 0.0125, -0.007, 0.01
 132206263, 0, 0.0125, -0.006, 0.01, 0, 0.0125, -0.007, 0.01
 132406183, 0, 0.0125, -0.006, 0.01, 0, 0.0125, -0.006, 0.01
 132606103, 0, 0.0125, -0.005, 0.01, 0, 0.0125, -0.006, 0.01
 132806023, 0, 0.0125, -0.005, 0.01, 0, 0.0125, -0.005, 0.01
 133005943, 0, 0.0125, -0.005, 0.01, 0, 0.0125, -0.005, 0.01
 133205863, 0, 0.0125, -0.005, 0.01, 0, 0.0125, -0.005, 0.01
 133405783, 0, 0.0125, -0.004, 0.01, 0, 0.0125, -0.005, 0.01
 133606536, 0, 0.0125, -0.005, 0.01, 0, 0.0125, -0.004, 0.01
 133806456, 2, -10.452, -0.005, 0.01, 0, 0.0125, -0.005, 0.01
 134006376, 1.997, -10.448, -0.004, 0.01, 2, -10.452, -0.005, 0.01
 134206296, 1.994, -10.446, -0.004, 0.01, 1.997, -10.448, -0.004, 0.01
 134406216, 1.995, -10.429, 0.026, 0.01, 1.994, -10.446, -0.004, 0.01
 134606136, 2.004, -10.361, 0.17, 0.01, 1.995, -10.429, 0.026, 0.01
 134806056, 2.019, -10.277, 0.349, 0.01, 2.004, -10.361, 0.17, 0.01
 135005976, 2.038, -10.188, 0.539, 0.01, 2.019, -10.277, 0.349, 0.01
 135205896, 2.041, -10.035, 0.707, 0.01, 2.038, -10.188, 0.539, 0.01
 135405816, 1.995, -9.341001, 0.8290001, 0.01, 2.041, -10.035, 0.707, 0.01
 135606569, 1.936, -8.486, 1.091, 0.01, 1.995, -9.341001, 0.8290001, 0.01
 135806489, 1.879, -7.714, 1.37, 0.01, 1.936, -8.486, 1.091, 0.01
 136006409, 1.824, -7.039001, 1.6, 0.01, 1.879, -7.714, 1.37, 0.01
 136206329, 1.772, -6.446, 1.76, 0.01, 1.824, -7.039001, 1.6, 0.01
 136406249, 1.722, -5.923, 1.854, 0.01, 1.772, -6.446, 1.76, 0.01
 136606169, 1.675, -5.459, 1.912, 0.01, 1.722, -5.923, 1.854, 0.01
 136806089, 1.631, -5.046, 1.932, 0.01, 1.675, -5.459, 1.912, 0.01
 137006009, 1.59, -4.675, 1.916, 0.01, 1.631, -5.046, 1.932, 0.01
 137205929, 1.551, -4.342, 1.872, 0.01, 1.59, -4.675, 1.916, 0.01
 137405849, 1.515, -4.04, 1.802, 0.01, 1.551, -4.342, 1.872, 0.01
 137605769, 1.481, -3.766, 1.716, 0.01, 1.515, -4.04, 1.802, 0.01
 137806522, 1.449, -3.515, 1.626, 0.01, 1.481, -3.766, 1.716, 0.01
 138006442, 1.419, -3.288, 1.537, 0.01, 1.449, -3.515, 1.626, 0.01
 138206362, 1.391, -3.081, 1.452, 0.01, 1.419, -3.288, 1.537, 0.01
 138406282, 1.364, -2.892, 1.378, 0.01, 1.391, -3.081, 1.452, 0.01
 138606202, 1.34, -2.719, 1.32, 0.01, 1.364, -2.892, 1.378, 0.01
 138806122, 1.315, -2.56, 1.279, 0.01, 1.34, -2.719, 1.32, 0.01
 139006042, 1.292, -2.414, 1.254, 0.01, 1.315, -2.56, 1.279, 0.01
 139205962, 1.27, -2.279, 1.242, 0.01, 1.292, -2.414, 1.254, 0.01
 139405882, 1.249, -2.155, 1.242, 0.01, 1.27, -2.279, 1.242, 0.01
 139605802, 1.229, -2.041, 1.255, 0.01, 1.249, -2.155, 1.242, 0.01
 139806555, 1.209, -1.934, 1.274, 0.01, 1.229, -2.041, 1.255, 0.01
 140006475, 1.191, -1.834, 1.297, 0.01, 1.209, -1.934, 1.274, 0.01
 140206395, 1.173, -1.742, 1.322, 0.01, 1.191, -1.834, 1.297, 0.01
 140406315, 1.155, -1.657, 1.348, 0.01, 1.173, -1.742, 1.322, 0.01
 140606235, 1.139, -1.576, 1.375, 0.01, 1.155, -1.657, 1.348, 0.01
 140806155, 1.122, -1.501, 1.401, 0.01, 1.139, -1.576, 1.375, 0.01
 141006075, 1.106, -1.43, 1.423, 0.01, 1.122, -1.501, 1.401, 0.01
 141205995, 1.091, -1.364, 1.439, 0.01, 1.106, -1.43, 1.423, 0.01
 141405915, 1.077, -1.302, 1.455, 0.01, 1.091, -1.364, 1.439, 0.01
 141605835, 1.063, -1.244, 1.464, 0.01, 1.077, -1.302, 1.455, 0.01
 141806588, 1.05, -1.19, 1.471, 0.01, 1.063, -1.244, 1.464, 0.01
 142006508, 1.037, -1.14, 1.475, 0.01, 1.05, -1.19, 1.471, 0.01
 142206428, 1.024, -1.092, 1.476, 0.01, 1.037, -1.14, 1.475, 0.01
 142406348, 1.011, -1.047, 1.474, 0.01, 1.024, -1.092, 1.476, 0.01
 142606268, 0.998, -1.005, 1.467, 0.01, 1.011, -1.047, 1.474, 0.01
 142806188, 0.987, -0.966, 1.461, 0.01, 0.998, -1.005, 1.467, 0.01
 143006108, 0.975, -0.929, 1.456, 0.01, 0.987, -0.966, 1.461, 0.01
 143206028, 0.964, -0.8940001, 1.453, 0.01, 0.975, -0.929, 1.456, 0.01
 143405948, 0.9530001, -0.86, 1.449, 0.01, 0.964, -0.8940001, 1.453, 0.01
 143605868, 0.942, -0.827, 1.446, 0.01, 0.9530001, -0.86, 1.449, 0.01
 143805788, 0.932, -0.7970001, 1.443, 0.01, 0.942, -0.827, 1.446, 0.01
 144006541, 0.9210001, -0.767, 1.441, 0.01, 0.932, -0.7970001, 1.443, 0.01
 144206461, 0.9110001, -0.74, 1.439, 0.01, 0.9210001, -0.767, 1.441, 0.01
 144406381, 0.9020001, -0.714, 1.44, 0.01, 0.9110001, -0.74, 1.439, 0.01
 144606301, 0.892, -0.689, 1.441, 0.01, 0.9020001, -0.714, 1.44, 0.01
 144806221, 0.882, -0.666, 1.442, 0.01, 0.892, -0.689, 1.441, 0.01
 145006141, 0.873, -0.645, 1.442, 0.01, 0.882, -0.666, 1.442, 0.01
 145206061, 0.864, -0.625, 1.442, 0.01, 0.873, -0.645, 1.442, 0.01
 145405981, 0.855, -0.605, 1.441, 0.01, 0.864, -0.625, 1.442, 0.01
 145605901, 0.846, -0.586, 1.441, 0.01, 0.855, -0.605, 1.441, 0.01
 145805821, 0.837, -0.568, 1.442, 0.01, 0.846, -0.586, 1.441, 0.01
 146006574, 0.8290001, -0.55, 1.442, 0.01, 0.837, -0.568, 1.442, 0.01
 146206494, 0.822, -0.5330001, 1.44, 0.01, 0.8290001, -0.55, 1.442, 0.01
 146406414, 0.814, -0.518, 1.441, 0.01, 0.822, -0.5330001, 1.44, 0.01
 146606334, 0.807, -0.503, 1.441, 0.01, 0.814, -0.518, 1.441, 0.01
 146806254, 0.799, -0.49, 1.438, 0.01, 0.807, -0.503, 1.441, 0.01
 147006174, 0.7920001, -0.478, 1.403, 0.01, 0.799, -0.49, 1.438, 0.01
 147206094, 0.7870001, -0.466, 1.323, 0.01, 0.7920001, -0.478, 1.403, 0.01
 147406014, 0.7820001, -0.454, 1.199, 0.01, 0.7870001, -0.466, 1.323, 0.01
 147605934, 0.777, -0.443, 1.039, 0.01, 0.7820001, -0.454, 1.199, 0.01
 147805854, 0.774, -0.432, 0.854, 0.01, 0.777, -0.443, 1.039, 0.01
 148005774, 0.77, -0.421, 0.678, 0.01, 0.774, -0.432, 0.854, 0.01
 148206527, 0.766, -0.412, 0.523, 0.01, 0.77, -0.421, 0.678, 0.01
 148406447, 0.762, -0.403, 0.394, 0.01, 0.766, -0.412, 0.523, 0.01
 148606367, 0.757, -0.394, 0.295, 0.01, 0.762, -0.403, 0.394, 0.01
 148806287, 0.753, -0.385, 0.226, 0.01, 0.757, -0.394, 0.295, 0.01
 149006207, 0.748, -0.377, 0.184, 0.01, 0.753, -0.385, 0.226, 0.01
 149206127, 0.743, -0.369, 0.169, 0.01, 0.748, -0.377, 0.184, 0.01
 149406047, 0.738, -0.362, 0.176, 0.01, 0.743, -0.369, 0.169, 0.01
 149605967, 0.734, -0.355, 0.201, 0.01, 0.738, -0.362, 0.176, 0.01
 149805887, 0.729, -0.348, 0.239, 0.01, 0.734, -0.355, 0.201, 0.01
 150005807, 0.724, -0.341, 0.286, 0.01, 0.729, -0.348, 0.239, 0.01
 150206560, 0.7180001, -0.335, 0.338, 0.01, 0.724, -0.341, 0.286, 0.01
 150406480, 0.7130001, -0.328, 0.387, 0.01, 0.7180001, -0.335, 0.338, 0.01
 150606400, 0.708, -0.322, 0.436, 0.01, 0.7130001, -0.328, 0.387, 0.01
 150806320, 0.7040001, -0.317, 0.48, 0.01, 0.708, -0.322, 0.436, 0.01
 151006240, 0.701, -0.312, 0.517, 0.01, 0.7040001, -0.317, 0.48, 0.01
 151206160, 0.697, -0.307, 0.546, 0.01, 0.701, -0.312, 0.517, 0.01
 151406080, 0.693, -0.302, 0.543, 0.01, 0.697, -0.307, 0.546, 0.01
 151606000, 0.6900001, -0.297, 0.53, 0.01, 0.693, -0.302, 0.543, 0.01
 151805920, 0.687, -0.293, 0.52, 0.01, 0.6900001, -0.297, 0.53, 0.01
 152005840, 0.684, -0.289, 0.513, 0.01, 0.687, -0.293, 0.52, 0.01
 152205760, 0.6810001, -0.285, 0.507, 0.01, 0.684, -0.289, 0.513, 0.01
 152406513, 0.679, -0.281, 0.501, 0.01, 0.6810001, -0.285, 0.507, 0.01
 152606433, 0.678, -0.277, 0.498, 0.01, 0.679, -0.281, 0.501, 0.01
 152806353, 0.675, -0.274, 0.496, 0.01, 0.678, -0.277, 0.498, 0.01
 153006273, 0.673, -0.271, 0.495, 0.01, 0.675, -0.274, 0.496, 0.01
 153206193, 0.671, -0.269, 0.495, 0.01, 0.673, -0.271, 0.495, 0.01
 153406113, 0.669, -0.266, 0.495, 0.01, 0.671, -0.269, 0.495, 0.01
 153606033, 0.6670001, -0.264, 0.495, 0.01, 0.669, -0.266, 0.495, 0.01
 153805953, 0.666, -0.261, 0.495, 0.01, 0.6670001, -0.264, 0.495, 0.01
 154005873, 0.665, -0.259, 0.495, 0.01, 0.666, -0.261, 0.495, 0.01
 154205793, 0.664, -0.255, 0.495, 0.01, 0.665, -0.259, 0.495, 0.01
 154406546, 0.6620001, -0.252, 0.495, 0.01, 0.664, -0.255, 0.495, 0.01
 154606466, 0.661, -0.249, 0.495, 0.01, 0.6620001, -0.252, 0.495, 0.01
 154806386, 0.66, -0.246, 0.495, 0.01, 0.661, -0.249, 0.495, 0.01
 155006306, 0.66, -0.243, 0.495, 0.01, 0.66, -0.246, 0.495, 0.01
 155206226, 0.659, -0.24, 0.495, 0.01, 0.66, -0.243, 0.495, 0.01
 155406146, 0.6580001, -0.237, 0.495, 0.01, 0.659, -0.24, 0.495, 0.01
 155606066, 0.657, -0.235, 0.495, 0.01, 0.6580001, -0.237, 0.495, 0.01
 155805986, 0.657, -0.233, 0.495, 0.01, 0.657, -0.235, 0.495, 0.01
 156005906, 0.656, -0.231, 0.495, 0.01, 0.657, -0.233, 0.495, 0.01
 156205826, 0.656, -0.23, 0.495, 0.01, 0.656, -0.231, 0.495, 0.01
 156406579, 0.655, -0.228, 0.494, 0.01, 0.656, -0.23, 0.495, 0.01
 156606499, 0.655, -0.226, 0.493, 0.01, 0.655, -0.228, 0.494, 0.01
 156806419, 0.654, -0.225, 0.492, 0.01, 0.655, -0.226, 0.493, 0.01
 157006339, 0.654, -0.224, 0.492, 0.01, 0.654, -0.225, 0.492, 0.01
 157206259, 0.654, -0.223, 0.491, 0.01, 0.654, -0.224, 0.492, 0.01
 157406179, 0.6530001, -0.223, 0.491, 0.01, 0.654, -0.223, 0.491, 0.01
 157606099, 0.6530001, -0.222, 0.491, 0.01, 0.6530001, -0.223, 0.491, 0.01
 157806019, 0.6530001, -0.222, 0.491, 0.01, 0.6530001, -0.222, 0.491, 0.01
 158005939, 0.6530001, -0.222, 0.491, 0.01, 0.6530001, -0.222, 0.491, 0.01
 158205859, 0.6530001, -0.222, 0.491, 0.01, 0.6530001, -0.222, 0.491, 0.01
 158405779, 0.6530001, -0.223, 0.491, 0.01, 0.6530001, -0.222, 0.491, 0.01
 158606532, 0.6530001, -0.223, 0.49, 0.01, 0.6530001, -0.223, 0.491, 0.01
 158806452, 0.6530001, -0.223, 0.49, 0.01, 0.6530001, -0.223, 0.49, 0.01
 159006372, 0.6530001, -0.224, 0.49, 0.01, 0.6530001, -0.223, 0.49, 0.01
 159206292, 0.654, -0.224, 0.489, 0.01, 0.6530001, -0.224, 0.49, 0.01
 159406212, 0.654, -0.224, 0.489, 0.01, 0.654, -0.224, 0.489, 0.01
 159606132, 0.654, -0.223, 0.488, 0.01, 0.654, -0.224, 0.489, 0.01
 159806052, 0.654, -0.223, 0.487, 0.01, 0.654, -0.223, 0.488, 0.01
 160005972, 0.655, -0.222, 0.487, 0.01, 0.654, -0.223, 0.487, 0.01
 160205892, 0.655, -0.221, 0.487, 0.01, 0.655, -0.222, 0.487, 0.01
 160405812, 0.656, -0.221, 0.487, 0.01, 0.655, -0.221, 0.487, 0.01
 160606565, 0.657, -0.22, 0.487, 0.01, 0.656, -0.221, 0.487, 0.01
 160806485, 0.657, -0.22, 0.486, 0.01, 0.657, -0.22, 0.487, 0.01
 161006405, 0.657, -0.219, 0.486, 0.01, 0.657, -0.22, 0.486, 0.01
 161206325, 0.657, -0.219, 0.486, 0.01, 0.657, -0.219, 0.486, 0.01
 161406245, 0.657, -0.219, 0.486, 0.01, 0.657, -0.219, 0.486, 0.01
 161606165, 0.657, -0.219, 0.485, 0.01, 0.657, -0.219, 0.486, 0.01
 161806085, 0.657, -0.219, 0.485, 0.01, 0.657, -0.219, 0.485, 0.01
 162006005, 0.6580001, -0.219, 0.485, 0.01, 0.657, -0.219, 0.485, 0.01
 162205925, 0.659, -0.219, 0.485, 0.01, 0.6580001, -0.219, 0.485, 0.01
 162405845, 0.66, -0.22, 0.485, 0.01, 0.659, -0.219, 0.485, 0.01
 162605765, 0.66, -0.22, 0.485, 0.01, 0.66, -0.22, 0.485, 0.01
 162806518, 0.66, -0.221, 0.485, 0.01, 0.66, -0.22, 0.485, 0.01
 163006438, 0.66, -0.222, 0.484, 0.01, 0.66, -0.221, 0.485, 0.01
 163206358, 0.66, -0.223, 0.484, 0.01, 0.66, -0.222, 0.484, 0.01
 163406278, 0.66, -0.224, 0.484, 0.01, 0.66, -0.223, 0.484, 0.01
 163606198, 0.661, -0.225, 0.483, 0.01, 0.66, -0.224, 0.484, 0.01
 163806118, 0.661, -0.227, 0.483, 0.01, 0.661, -0.225, 0.483, 0.01
 164006038, 0.661, -0.228, 0.483, 0.01, 0.661, -0.227, 0.483, 0.01
 164205958, 0.661, -0.229, 0.483, 0.01, 0.661, -0.228, 0.483, 0.01
 164405878, 0.661, -0.229, 0.483, 0.01, 0.661, -0.229, 0.483, 0.01
 164605798, 0.6620001, -0.23, 0.483, 0.01, 0.661, -0.229, 0.483, 0.01
 164806551, 0.663, -0.23, 0.482, 0.01, 0.6620001, -0.23, 0.483, 0.01
 165006471, 0.663, -0.231, 0.482, 0.01, 0.663, -0.23, 0.482, 0.01
 165206391, 0.664, -0.232, 0.482, 0.01, 0.663, -0.231, 0.482, 0.01
 165406311, 0.664, -0.233, 0.481, 0.01, 0.664, -0.232, 0.482, 0.01
 165606231, 0.664, -0.233, 0.482, 0.01, 0.664, -0.233, 0.481, 0.01
 165806151, 0.664, -0.233, 0.481, 0.01, 0.664, -0.233, 0.482, 0.01
 166006071, 0.664, -0.232, 0.481, 0.01, 0.664, -0.233, 0.481, 0.01
 166205991, 0.664, -0.232, 0.481, 0.01, 0.664, -0.232, 0.481, 0.01
 166405911, 0.664, -0.231, 0.482, 0.01, 0.664, -0.232, 0.481, 0.01
 166605831, 0.664, -0.231, 0.482, 0.01, 0.664, -0.231, 0.482, 0.01
 166806584, 0.665, -0.231, 0.481, 0.01, 0.664, -0.231, 0.482, 0.01
 167006504, 0.665, -0.231, 0.481, 0.01, 0.665, -0.231, 0.481, 0.01
 167206424, 0.665, -0.232, 0.48, 0.01, 0.665, -0.231, 0.481, 0.01
 167406344, 0.666, -0.232, 0.48, 0.01, 0.665, -0.232, 0.48, 0.01
 167606264, 0.6670001, -0.232, 0.481, 0.01, 0.666, -0.232, 0.48, 0.01
 167806184, 0.6670001, -0.233, 0.48, 0.01, 0.6670001, -0.232, 0.481, 0.01
 168006104, 0.6670001, -0.234, 0.48, 0.01, 0.6670001, -0.233, 0.48, 0.01
 168206024, 0.6670001, -0.235, 0.48, 0.01, 0.6670001, -0.234, 0.48, 0.01
 168405944, -0.119, 0.042, -0.081, 0.01, 0.6670001, -0.235, 0.48, 0.01
 168605864, -0.108, 0.038, -0.07700001, 0.01, -0.119, 0.042, -0.081, 0.01
 168805784, 0.028, -0.01, 0.02, 0.01, -0.108, 0.038, -0.07700001, 0.01
 169006537, 0.01, -0.003, 0.007, 0.01, 0.028, -0.01, 0.02, 0.01
 169206457, -0.005, 0.001, -0.003, 0.01, 0.01, -0.003, 0.007, 0.01
 169406377, 0, 0, 0, 0.01, -0.005, 0.001, -0.003, 0.01
 169606297, 0, 0, 0, 0.01, 0, 0, 0, 0.01
 169806217, 0, 0, 0, 0.01, 0, 0, 0, 0.01
 170006137, 0, 0, 0, 0.01, 0, 0, 0, 0.01
 170206057, 0, 0, 0, 0.01, 0, 0, 0, 0.01
 170405977, 0, 0, 0, 0.01, 0, 0, 0, 0.01
 170605897, 0, 0, 0, 0.01, 0, 0, 0, 0.01
 170805817, 0, 0, 0, 0.01, 0, 0, 0, 0.01
 171006570, 0, 0, 0, 0.01, 0, 0, 0, 0.01
 171206490, 0, 0, 0, 2.5, 0, 0, 0, 0.01
