TimeUS,CAN,CAE,CAD,CAe
 2920498, 0, 0, 0, 0
 2940490, -0.003111444, 0.0001335543, -0.01782252, 0.5431398
 3040450, -0.0002515618, -4.669258E-05, -0.0009208713, 0.01859007
 3140410, -0.0001235728, 0.0001568105, -0.0008023675, 0.01859007
 3240370, -0.000208512, 6.545273E-05, -0.0008477157, 0.01859937
 3340330, -5.009122E-05, 0.0001344704, -0.0009109667, 0.01859937
 3440290, -1.728416E-05, 4.056585E-05, -0.0007941502, 0.01859937
 3540250, -9.774975E-05, 0.0002153619, -0.0008693364, 0.01859937
 3640210, -0.0001012565, -3.393849E-05, -0.000874017, 0.01859937
 3740170, -6.378624E-05, 5.749457E-05, -0.001024447, 0.01859937
 3840963, -5.87756E-05, 6.374445E-05, -0.0009802198, 0.01875436
 3940923, -0.0001337899, 2.406721E-05, -0.001017421, 0.01859937
 4040883, -0.0001955183, 3.812335E-05, -0.0008993269, 0.01859937
 4140843, -9.449072E-06, -6.003785E-05, -0.001132722, 0.01859937
 4240803, -0.0001036252, 0.0001307419, -0.00106521, 0.01859007
 4340763, 9.909093E-05, 8.582932E-05, -0.001040719, 0.01859007
 4440723, -2.807134E-05, 5.950821E-05, -0.001023074, 0.01859007
 4540683, 3.742971E-07, -3.958411E-05, -0.001063103, 0.01859007
 4640643, -6.936335E-05, 2.644554E-05, -0.000821033, 0.01859007
 4740603, -7.404562E-05, 0.0001183094, -0.001037078, 0.01859007
 4840563, 7.436646E-05, 0.0001354383, -0.0009369344, 0.01859007
 4940523, -8.299637E-05, 1.202022E-05, -0.001062197, 0.01859007
 5040483, -5.318461E-05, 0.000149204, -0.0009842272, 0.01859007
 5140443, -2.598904E-05, 7.333558E-05, -0.0008585451, 0.01859007
 5240403, 4.097634E-05, 0.0001602372, -0.001094266, 0.01859007
 5340363, -2.477368E-05, 5.802285E-06, -0.0009776495, 0.01859007
 5440323, -1.820776E-05, 4.038413E-05, -0.0009483644, 0.01859007
 5540283, 5.08087E-05, 0.0001548575, -0.0009148751, 0.01859007
 5640243, -0.0001012506, 0.0001038945, -0.0008581732, 0.01859007
 5740203, -8.985219E-05, 7.118174E-05, -0.001030328, 0.01859007
 5840163, -4.222652E-05, 0.0003020092, -0.0009907001, 0.01859007
 5940956, -0.0001178955, 2.679684E-06, -0.001170212, 0.01874498
 6040916, 0.0001030881, 3.684238E-05, -0.001008365, 0.01859007
 6140876, -5.508718E-05, 0.0001749143, -0.001076668, 0.01859007
 6240836, -5.383607E-05, 8.883818E-05, -0.001084685, 0.01859937
 6340796, -4.996351E-05, 0.000155676, -0.001009327, 0.01859937
 6440756, -5.661484E-06, 6.899158E-05, -0.001029909, 0.01859937
 6540716, -0.0001040401, 8.78052E-06, -0.0009752091, 0.01859937
 6640676, -6.891642E-07, -4.728974E-05, -0.0008999943, 0.01859937
 6740636, -5.352593E-05, 0.0001432928, -0.0009032736, 0.01859937
 6840596, -1.684185E-05, 5.303219E-05, -0.001076191, 0.01859937
 6940556, 6.793132E-05, 0.0001711375, -0.001053579, 0.01859937
 7040516, -9.093914E-05, 0.0001078705, -0.0008778874, 0.01859937
 7140476, -1.595321E-05, 0.0001232504, -0.0008765623, 0.01859937
 7240436, -0.0001880758, 8.134306E-05, -0.000929756, 0.01859007
 7340396, -3.841078E-05, 0.0002379695, -0.001017621, 0.01859007
 7440356, 7.769674E-05, 3.643559E-05, -0.0009829212, 0.01859007
 7540316, -9.109013E-05, 0.0001391198, -0.0009965914, 0.01859007
 7640276, 2.519386E-05, 0.0001399705, -0.0009178685, 0.01859007
 7740236, -0.0001180544, 0.0001632687, -0.0009765531, 0.01859007
 7840196, -0.0001139439, 6.403094E-05, -0.0008614145, 0.01859007
 7940156, -0.0001413757, 7.929932E-05, -0.001082521, 0.01859007
 8040949, -7.861937E-05, 2.760125E-05, -0.0008453332, 0.01874498
 8140909, -0.0001319086, -6.580095E-05, -0.001023827, 0.01859007
 8240869, -4.237121E-06, 3.856899E-05, -0.0009620822, 0.01859937
 8340829, 8.662832E-05, 3.829547E-05, -0.0009455903, 0.01859937
 8440789, 4.912793E-05, -6.005598E-05, -0.0009063622, 0.01859937
 8540749, -4.449012E-05, 6.240548E-05, -0.0009302804, 0.01859937
 8640709, -3.484918E-05, 0.0002150753, -0.0009366674, 0.01859937
 8740669, -0.0001838185, 0.0002017697, -0.001014666, 0.01859937
 8840629, -2.328871E-05, 0.0001105393, -0.0008964289, 0.01859937
 8940589, -0.000145301, 0.000310249, -0.001010881, 0.01859937
 9040549, -9.22769E-05, 0.000191301, -0.0008982878, 0.01859937
 9140509, -7.467976E-05, 0.0002074277, -0.0009462576, 0.01859937
 9240469, -2.995532E-05, 0.0001968422, -0.000971596, 0.01859007
 9340429, -4.651435E-05, 0.0001910708, -0.0009752949, 0.01859007
 9440389, -0.0001292201, 0.0002395716, -0.0009190506, 0.01859007
 9540349, -0.0001631256, 0.0002708294, -0.0009575159, 0.01859007
 9640309, -6.295598E-05, 0.0001286915, -0.0009939031, 0.01859007
 9740269, 1.841783E-05, 0.0002379398, -0.0009597181, 0.01859007
 9840229, -0.0001626728, 3.511343E-05, -0.001080357, 0.01859007
 9940189, -4.690225E-05, 0.000142954, -0.0009225015, 0.01859007
 10040149, -3.121779E-05, 0.0001675184, -0.0008371341, 0.01859007
 10140942, -0.0001266203, 0.0001328477, -0.0009280739, 0.01874498
 10240902, -6.504558E-05, 5.57602E-05, -0.0009620822, 0.01859007
 10340862, -0.0001907316, 0.0002197395, -0.0009231498, 0.01859007
 10440822, 2.684454E-05, 0.000177644, -0.0009613005, 0.01859007
 10540782, -6.183395E-05, 0.0002831036, -0.000938412, 0.01859007
 10640742, 2.457605E-05, 0.0001248851, -0.001018412, 0.01859007
 10740702, -0.0001477175, 0.0001682786, -0.001022006, 0.01859007
 10840662, 1.57606E-05, 0.0002347587, -0.000912654, 0.01859007
 10940622, 0.0001125087, 0.0001452991, -0.001018546, 0.01859007
 11040582, -3.818656E-05, 6.282778E-05, -0.0008042646, 0.01859007
 11140542, -0.0001185459, 0.0002430385, -0.001002807, 0.01859007
 11240502, -7.110935E-05, 6.296075E-05, -0.0009830642, 0.01859937
 11340462, -0.0001005823, 0.0001161646, -0.000940576, 0.01859937
 11440422, -0.0001275148, 0.0001026832, -0.0009893845, 0.01859937
 11540382, 8.713308E-05, -1.318358E-05, -0.001031234, 0.01859937
 11640342, -0.0002539325, 0.0001675379, -0.00110235, 0.01859937
 11740302, 1.593457E-05, 8.119447E-05, -0.0009797562, 0.01859937
 11840262, -0.0001136297, 6.723437E-05, -0.0009317293, 0.01859937
 11940222, -7.936445E-05, 0.0001782306, -0.001056258, 0.01859937
 12040182, -4.317252E-05, 0.0001121832, -0.0008926825, 0.01859937
 12140975, 6.715298E-06, 0.0003340546, -0.0009384882, 0.01859937
 12240935, -0.0001036645, 2.816375E-05, -0.0009774072, 0.01874498
 12340895, -2.001519E-05, 0.0002480308, -0.001038069, 0.01859007
 12440855, -8.858118E-05, 0.0002403091, -0.0008897082, 0.01859007
 12540815, -2.394957E-05, 0.0001364633, -0.0009695656, 0.01859007
 12640775, -5.728891E-05, 4.897852E-05, -0.0008941982, 0.01859007
 12740735, -0.0001372107, 3.819788E-05, -0.001028317, 0.01859007
 12840695, 5.834625E-05, 0.0001140034, -0.001035457, 0.01859007
 12940655, -6.564562E-05, 0.0001426687, -0.0008913765, 0.01859007
 13040615, -0.0001710673, 2.892069E-05, -0.0009521012, 0.01859007
 13140575, -9.086201E-05, 0.0001508144, -0.0009079733, 0.01859007
 13240535, -0.0001048346, 0.0001817197, -0.0009587648, 0.01859937
 13340495, -0.0001314815, 0.0001135386, -0.0009112526, 0.01859937
 13440455, -7.798762E-05, 0.0002250633, -0.0009489172, 0.01859937
 13540415, 3.788786E-05, 0.0002173633, -0.0009683167, 0.01859937
 13640375, -0.0001716066, 0.000233119, -0.0008696796, 0.01859937
 13740335, 3.90793E-05, 0.000214055, -0.001028803, 0.01859937
 13840295, -0.0001197643, 7.244827E-05, -0.00105315, 0.01859937
 13940255, -0.0001407933, 5.69711E-05, -0.001012159, 0.01859937
 14040215, -0.0001979829, 7.523644E-05, -0.0009488219, 0.01859937
 14140175, -0.0002392591, 0.0003152782, -0.0009297847, 0.01859937
 14240968, -0.000103478, 0.0001531651, -0.0008635415, 0.01874498
 14340928, -0.0002362835, 0.0002823363, -0.0009374968, 0.01859007
 14440888, 9.579475E-06, 0.0002031241, -0.0009517675, 0.01859007
 14540848, -0.0001513834, 0.0003287867, -0.0009436264, 0.01859007
 14640808, 2.049289E-05, 0.0003125159, -0.001071835, 0.01859007
 14740768, 5.426327E-05, -3.183224E-06, -0.001016372, 0.01859007
 14840728, -1.634933E-05, 0.0001753251, -0.0008855709, 0.01859007
 14940688, -0.0001017045, 6.113888E-05, -0.0009978021, 0.01859007
 15040648, -0.0002102214, 0.0001860382, -0.001158003, 0.01859007
 15140608, -4.041535E-05, 0.0001280743, -0.0009941225, 0.01859007
 15240568, -8.575352E-05, 0.0002484203, -0.001125715, 0.01859007
 15340528, -3.764647E-05, 0.0002899207, -0.0009422537, 0.01859007
 15440488, -9.683109E-05, 0.0001893011, -0.001113894, 0.01859007
 15540448, -9.271519E-05, 5.309152E-05, -0.0009015767, 0.01859007
 15640408, -1.710232E-05, 0.0002068528, -0.0009237598, 0.01859007
 15740368, 7.769201E-05, 0.0001424878, -0.0009672967, 0.01859007
 15840328, -1.937021E-05, 0.0001943168, -0.0009179829, 0.01859007
 15940288, -2.007525E-05, 0.0001678249, -0.001026716, 0.01859007
 16040248, -7.616055E-05, 0.0001958399, -0.001047964, 0.01859007
 16140208, -9.688546E-05, 9.651404E-05, -0.0009387837, 0.01859007
 16240168, -0.000201115, 0.0002311127, -0.0009635884, 0.01859937
 16340961, -4.594468E-06, 0.0003251834, -0.001032701, 0.01875436
 16440921, 0.0001281601, 0.0001564999, -0.0009031401, 0.01859937
 16540881, -0.0001496849, 0.0002718239, -0.0008904517, 0.01859937
 16640841, -0.0001548523, 2.070157E-05, -0.000964351, 0.01859937
 16740801, -5.071294E-05, 0.0002146048, -0.0009052088, 0.01859937
 16840761, -0.0002066536, 0.0002030919, -0.0009696895, 0.01859937
 16940721, -0.0003102664, 0.0002539275, -0.0008729303, 0.01859937
 17040681, -5.472323E-05, 0.0002167836, -0.001012788, 0.01859937
 17140641, -0.0001136587, 0.0001593736, -0.0009025777, 0.01859937
 17240601, -0.0002580795, 0.0003772851, -0.0009124252, 0.01859007
 17340561, -0.000194339, 9.170097E-05, -0.0009288219, 0.01859007
 17440521, -0.0001318848, 0.000300602, -0.001014265, 0.01859007
 17540481, -0.0001235093, 0.0002264476, -0.0009623111, 0.01859007
 17640441, -9.783475E-05, 0.0002123827, -0.00102214, 0.01859007
 17740401, -0.0001126333, 0.0002654538, -0.0008788502, 0.01859007
 17840361, -0.000120574, 0.0002019536, -0.0008969533, 0.01859007
 17940321, -0.0001236246, 0.0001511765, -0.0009329687, 0.01859007
 18040281, -0.0001751811, 0.0002106166, -0.0009331498, 0.01859007
 18140241, -6.810629E-05, 0.0001437845, -0.0009142079, 0.01859007
 18240201, -0.000115389, 0.0003415659, -0.0008909189, 0.01859937
 18340161, -0.0003676336, 0.0001214392, -0.001061339, 0.01859937
 18440954, -6.701893E-05, 0.0002503778, -0.001014229, 0.01875436
 18540914, -0.0002654904, 0.0002177997, -0.001020309, 0.01859937
 18640874, -7.362528E-05, 0.0003937893, -0.001062769, 0.01859937
 18740834, -0.0001606345, 0.0001604241, -0.001088174, 0.01859937
 18840794, -0.0002544725, 0.0001729635, -0.0008806805, 0.01859937
 18940754, -6.804476E-05, 9.384778E-05, -0.0009734646, 0.01859937
 19040714, -0.0002858806, 0.0002090436, -0.001009003, 0.01859937
 19140674, -0.0002571123, 7.915554E-05, -0.000973169, 0.01859937
 19240634, -0.0001891033, 0.0002484721, -0.001184209, 0.01859007
 19340594, -0.0003399173, 0.0002648939, -0.0009467628, 0.01859007
 19440554, -0.0002376882, 8.535692E-05, -0.0008752657, 0.01859007
 19540514, -0.0001932668, 0.0002383016, -0.00103866, 0.01859007
 19640474, -8.236279E-05, 0.0002294085, -0.001019794, 0.01859007
 19740434, -0.0003062401, 0.0003592614, -0.0009575541, 0.01859007
 19840394, -0.0003134198, 0.0002710317, -0.001059099, 0.01859007
 19940354, -0.0001028137, 0.0002049817, -0.0009268771, 0.01859007
 20040314, -0.0001375842, 0.0004229251, -0.000811052, 0.01859007
 20140274, -0.0001810542, 0.0002626383, -0.001067555, 0.01859007
 20240234, 6.35455E-05, 0.0003464345, -0.0009821013, 0.01859007
 20340194, -1.495084E-06, 0.0002995846, -0.001275563, 0.01859007
 20440154, -0.0003593513, 0.0003558918, -0.001056982, 0.01859007
 20540947, -0.0001200708, 0.0002416312, -0.001014282, 0.01874498
 20640907, 0.01330959, -0.002093647, -0.0009296226, 0.01859007
 20740867, 0.07515816, -0.01410185, -0.001016658, 0.01859007
 20840827, 0.165168, -0.03108973, -0.0001229748, 0.01859007
 20940787, 0.266621, -0.04928612, 0.002752805, 0.01859007
 21040747, 0.371554, -0.07011731, 0.004796341, 0.01859007
 21140707, 0.4733031, -0.08932588, 0.005005512, 0.01859007
 21240667, 0.5698925, -0.1075812, 0.003166448, 0.01859937
 21340627, 0.6600976, -0.1239381, -0.001918702, 0.01859937
 21440587, 0.7517906, -0.1406717, -0.009313623, 0.01859937
 21540547, 0.8270885, -0.1513702, -0.01911455, 0.01859937
 21640507, 0.8862924, -0.1685395, -0.03141557, 0.01859937
 21740467, 0.8905094, -0.1639114, -0.04214308, 0.01859937
 21840427, 0.8552289, -0.1630165, -0.05202428, 0.01859937
 21940387, 0.8103656, -0.1485429, -0.06111585, 0.01859937
 22040347, 0.7468979, -0.1422859, -0.06762499, 0.01859937
 22140307, 0.6930428, -0.1295023, -0.07394476, 0.01859937
 22240267, 0.6214414, -0.1154686, -0.09966663, 0.01859007
 22340227, 0.562156, -0.105065, -0.1430559, 0.01859007
 22440187, 0.5054453, -0.09139071, -0.1158768, 0.01859007
 22540147, 0.4576562, -0.08661684, -0.06915271, 0.01859007
 22640940, 0.4100251, -0.08117685, -0.05174534, 0.01874498
 22740900, 0.5411661, -0.1003081, -0.2075818, 0.01859007
 22840860, 0.5435051, -0.0970138, -0.7896919, 0.01859007
 22940820, 0.396861, -0.07427607, -0.9712045, 0.01859007
 23040780, 0.3370628, -0.0715633, -0.8016586, 0.01859007
 23140740, 0.3386023, -0.07340616, -0.5275121, 0.01859007
 23240700, 0.3567315, -0.06978546, -0.3216929, 0.01859937
 23340660, 0.3731078, -0.06736267, -0.1757154, 0.01859937
 23440620, 0.3585355, -0.07809862, -0.1268213, 0.01859937
 23540580, 0.3200342, -0.07317136, -0.1355501, 0.01859937
 23640540, 0.255086, -0.04942802, -0.1990936, 0.01859937
 23740500, 0.174837, -0.03901644, -0.2871827, 0.01859937
 23840460, 0.1117243, -0.03031557, -0.3091655, 0.01859937
 23940420, 0.06980754, -0.0284033, -0.31009, 0.01859937
 24040380, 0.03592501, -0.01873956, -0.2917696, 0.01859937
 24140340, 0.01227134, -0.08148994, -0.2390945, 0.01859937
 24240300, -0.02592445, -0.1248664, -0.2217109, 0.01859007
 24340260, -0.05588869, -0.1236763, -0.225855, 0.01859007
 24440220, -0.07024101, -0.1013164, -0.1995883, 0.01859007
 24540180, -0.05735082, -0.0858871, -0.1342469, 0.01859007
 24640973, -0.04978877, -0.07560075, -0.08767635, 0.01859007
 24740933, -0.07250851, -0.066168, -0.09887019, 0.01874498
 24840893, -0.1076168, -0.08565874, -0.1120564, 0.01859007
 24940853, -0.1120059, -0.1076482, -0.07947565, 0.01859007
 25040813, -0.1093757, -0.1068197, -0.04260384, 0.01859007
 25140773, -0.127061, -0.09178469, -0.0584498, 0.01859007
 25240733, -0.1697729, -0.08911754, -0.1004072, 0.01859007
 25340693, -0.2425703, -0.08533214, -0.1833842, 0.01859007
 25440653, -0.2933893, -0.08952316, -0.2605089, 0.01859007
 25540613, -0.3237556, -0.08836447, -0.2865408, 0.01859007
 25640573, -0.3019936, -0.0755487, -0.2263596, 0.01859007
 25740533, -0.2678178, -0.05513599, -0.1500383, 0.01859007
 25840493, -0.2420876, -0.03654481, -0.09979442, 0.01859007
 25940453, -0.1718546, -0.02769195, 0.002088084, 0.01859007
 26040413, -0.1343975, -0.02659605, 0.06917637, 0.01859007
 26140373, -0.1190548, -0.03017685, 0.08539195, 0.01859007
 26240333, -0.1247304, -0.03455099, 0.09039939, 0.01859937
 26340293, -0.1287854, -0.03012384, 0.06819185, 0.01859937
 26440253, -0.1316529, -0.02525651, 0.06844766, 0.01859937
 26540213, -0.1477853, -0.02014848, 0.03260299, 0.01859937
 26640173, -0.152913, -0.03156892, 0.02446475, 0.01859937
 26740966, -0.1442596, -0.03503907, 0.05617762, 0.01875436
 26840926, -0.1339094, -0.03901792, 0.07264519, 0.01859937
 26940886, -0.1173616, -0.02699476, 0.09805173, 0.01859937
 27040846, -0.09122681, -0.02522648, 0.1345646, 0.01859937
 27140806, -0.1108879, -0.0199602, 0.09674112, 0.01859937
 27240766, -0.1153897, -0.01766668, 0.08266297, 0.01859007
 27340726, -0.08201757, -0.01752624, 0.1328774, 0.01859007
 27440686, -0.09658597, -0.03208373, 0.1066033, 0.01859007
 27540646, -0.1320153, -0.02263609, 0.02234478, 0.01859007
 27640606, -0.1434733, -0.02474418, 0.007952503, 0.01859007
 27740566, -0.144792, -0.01947022, 0.009039313, 0.01859007
 27840526, -0.1455634, -0.01297532, 0.005637497, 0.01859007
 27940486, -0.1711383, -0.00878235, -0.0676224, 0.01859007
 28040446, -0.1574503, -0.005019651, -0.009525321, 0.01859007
 28140406, -0.1696103, 0.009590819, -0.002823701, 0.01859007
 28240366, -0.179116, 0.02025563, 0.01359007, 0.01859937
 28340326, -0.1805483, 0.03192515, 0.03219799, 0.01859937
 28440286, -0.1957534, 0.03692433, 0.05712076, 0.01859937
 28540246, -0.1960732, 0.04972257, 0.06111096, 0.01859937
 28640206, -0.1284394, -0.0006910288, 0.2936674, 0.01859937
 28740166, -0.009801172, -0.00615753, 0.5996668, 0.01859937
 28840959, 0.0824902, 0.1033184, 0.7398412, 0.01875436
 28940919, 0.1224761, 0.181525, 0.7780866, 0.01859937
 29040879, 0.09963292, 0.1985903, 0.6880841, 0.01859937
 29140839, 0.05690407, 0.2342276, 0.4772029, 0.01859937
 29240799, 0.02225025, 0.2641318, 0.2345824, 0.01859007
 29340759, -0.02012253, 0.281125, 0.03207287, 0.01859007
 29440719, -0.0535768, 0.2672462, -0.09859324, 0.01859007
 29540679, -0.06486042, 0.2220522, -0.08259541, 0.01859007
 29640639, -0.08090665, 0.1609177, -0.02488932, 0.01859007
 29740599, -0.07659715, 0.1097998, 0.0840132, 0.01859007
 29840559, -0.07942592, 0.08451952, 0.1162183, 0.01859007
 29940519, -0.07623921, 0.1040007, 0.0998514, 0.01859007
 30040479, -0.06700094, 0.1030841, 0.1526542, 0.01859007
 30140439, -0.06014384, 0.102365, 0.1562407, 0.01859007
 30240399, -0.0733811, 0.1228218, 0.1066645, 0.01859007
 30340359, -0.1275037, 0.1583766, 0.07066258, 0.01859007
 30440319, -0.2226187, 0.2182462, -0.02856103, 0.01859007
 30540279, -0.3338663, 0.2728369, -0.1587206, 0.01859007
 30640239, -0.4036847, 0.2873338, -0.1944979, 0.01859007
 30740199, -0.3966982, 0.2599699, -0.1347481, 0.01859007
 30840159, -0.3431454, 0.1983524, 0.006055116, 0.01859007
 30940952, -0.2805552, 0.1401053, 0.1684581, 0.01874498
 31040912, -0.2180623, 0.0927514, 0.2864109, 0.01859007
 31140872, -0.1757892, 0.0615383, 0.3621333, 0.01859007
 31240832, -0.1493361, 0.05553904, 0.344472, 0.01859007
 31340792, -0.1325089, 0.04921274, 0.310748, 0.01859007
 31440752, -0.1219144, 0.05410166, 0.2490091, 0.01859007
 31540712, -0.1127932, 0.05988329, 0.1741566, 0.01859007
 31640672, -0.09942491, 0.05706004, 0.1362837, 0.01859007
 31740632, -0.08966888, 0.05038072, 0.09970892, 0.01859007
 31840592, -0.07221923, 0.04750282, 0.06007483, 0.01859007
 31940552, -0.06712252, 0.04746653, 0.02554703, 0.01859007
 32040512, -0.056457, 0.04196431, 0.0352504, 0.01859007
 32140472, -0.04504731, 0.0262766, 0.05654992, 0.01859007
 32240432, -0.04004364, 0.01496446, 0.07018221, 0.01859007
 32340392, -0.03182973, 0.01571618, 0.06335199, 0.01859007
 32440352, -0.02334791, 0.006331594, 0.08211951, 0.01859007
 32540312, -0.02072292, 0.003096198, 0.1055505, 0.01859007
 32640272, -0.01366211, 0.001751794, 0.1068726, 0.01859007
 32740232, -0.009382056, -0.002397265, 0.07689185, 0.01859007
 32840192, -0.01205821, -0.003971109, 0.02951056, 0.01859007
 32940152, -0.01200642, -0.007588651, 0.02162782, 0.01859007
 33040945, -0.01516652, -0.01472525, -0.01682866, 0.01874498
 33140905, -0.01360805, -0.01550852, -0.02383586, 0.01859007
 33240865, -0.01124082, -0.01785539, -0.02213362, 0.01859007
 33340825, -0.01077312, -0.01723305, -0.005769223, 0.01859007
 33440785, -0.01384608, -0.0187514, 0.007461299, 0.01859007
 33540745, -0.01059742, -0.0217329, 0.01883872, 0.01859007
 33640705, -0.005356819, -0.01815093, 0.01968316, 0.01859007
 33740665, -0.006757111, -0.02284045, 0.0009401565, 0.01859007
 33840625, -0.008602249, -0.03009827, -0.01472804, 0.01859007
 33940585, -0.005945137, -0.02624616, -0.02898568, 0.01859007
 34040545, -0.000494501, -0.02853607, -0.01955175, 0.01859007
 34140505, -0.004259909, -0.04038599, 0.005389604, 0.01859007
 34240465, -0.007288537, -0.05038848, 0.004999945, 0.01859007
 34340425, -0.008733968, -0.04985964, 0.01088877, 0.01859007
 34440385, -0.01016102, -0.04461574, 0.005126828, 0.01859007
 34540345, -0.002562961, -0.04094335, -0.004265252, 0.01859007
 34640305, -0.0048976, -0.04679699, -0.02115022, 0.01859007
 34740265, -0.01104842, -0.05090128, -0.03256656, 0.01859007
 34840225, -0.006948695, -0.0434875, -0.04130675, 0.01859007
 34940185, -0.009268382, -0.03591016, -0.02075017, 0.01859007
 35040145, -0.006009845, -0.03381762, -0.02341719, 0.01859007
 35140938, -0.009597946, -0.04794133, -0.03054335, 0.01874498
 35240898, -0.001718431, -0.04824507, 0.0006455509, 0.01859007
 35340858, -0.004581647, -0.04905627, -0.008514907, 0.01859007
 35440818, -0.005893152, -0.04308128, -0.01212334, 0.01859007
 35540778, 0.0003110131, -0.03405804, 0.004245147, 0.01859007
 35640738, -0.004472256, -0.03127338, 0.01786964, 0.01859007
 35740698, -0.008919997, -0.03763821, -0.01917161, 0.01859007
 35840658, -0.007220905, -0.04609207, -0.03505515, 0.01859007
 35940618, -0.001853425, -0.05078992, 0.00476186, 0.01859007
 36040578, -0.007011065, -0.04853171, 0.002024126, 0.01859007
 36140538, -0.009764024, -0.04686859, -0.04093388, 0.01859007
 36240498, -0.007564371, -0.04939989, -0.05211577, 0.01859007
 36340458, -0.003656548, -0.04910243, -0.02341404, 0.01859007
 36440418, -0.007444584, -0.04874259, 0.0059536, 0.01859007
 36540378, -0.005128672, -0.03851917, 0.01300993, 0.01859007
 36640338, -0.003817812, -0.03710868, 0.03860205, 0.01859007
 36740298, -0.003278052, -0.04259737, 0.001143714, 0.01859007
 36840258, -0.0007269752, -0.04428903, -0.01560053, 0.01859007
 36940218, -0.003154156, -0.04385922, -0.004554261, 0.01859007
 37040178, -0.007413178, -0.0382421, -0.0283496, 0.01859007
 37140971, -0.005363709, -0.0433673, -0.04094251, 0.01859007
 37240931, -0.009139891, -0.0462012, -0.03907296, 0.01874498
 37340891, -0.006235676, -0.05085424, -0.03385459, 0.01859007
 37440851, -0.004128376, -0.05293459, -0.02193316, 0.01859007
 37540811, -0.01012119, -0.04851711, -0.03321011, 0.01859007
 37640771, -0.01687488, -0.03730413, -0.002727085, 0.01859007
 37740731, -0.01218258, -0.03389109, -0.001330597, 0.01859007
 37840691, -0.01786777, -0.02305347, -0.007732197, 0.01859007
 37940651, -0.01364507, -0.02652106, -0.01713828, 0.01859007
 38040611, -0.01008298, -0.03473331, -0.02548628, 0.01859007
 38140571, -0.01242941, -0.03670052, -0.01498053, 0.01859007
 38240531, -0.01285426, -0.03517172, 0.01252148, 0.01859007
 38340491, -0.0115077, -0.03589779, 0.02027134, 0.01859007
 38440451, -0.004724987, -0.0252846, -0.01784793, 0.01859007
 38540411, -0.01036419, -0.02541787, -0.04204706, 0.01859007
 38640371, -0.01330865, -0.03077743, -0.07384333, 0.01859007
 38740331, -0.0151688, -0.03780569, -0.07618664, 0.01859007
 38840291, -0.01933426, -0.03087887, -0.03845015, 0.01859007
 38940251, -0.01488479, -0.03508123, 0.02747232, 0.01859007
 39040211, -0.006372922, -0.03243663, 0.01244994, 0.01859007
 39140171, -0.01040317, -0.03407204, 0.008910304, 0.01859007
 39240964, -0.01390787, -0.03144556, -0.02845478, 0.01874498
 39340924, -0.01416442, -0.02459596, -0.04464736, 0.01859007
 39440884, -0.01933993, -0.03283314, -0.03523545, 0.01859007
 39540844, -0.02046834, -0.02882317, 0.005564237, 0.01859007
 39640804, -0.0159466, -0.02168067, -0.001090262, 0.01859007
 39740764, -0.02120959, -0.02337451, -0.001164113, 0.01859007
 39840724, -0.01173234, -0.02836448, 0.005342558, 0.01859007
 39940684, -0.01021908, -0.02978246, -0.02699808, 0.01859007
 40040644, -0.01674633, -0.02554318, -0.02356619, 0.01859007
 40140604, -0.01379387, -0.03837198, -0.02090527, 0.01859007
 40240564, -0.0132811, -0.03513582, -0.02942447, 0.01859007
 40340524, -0.01556647, -0.03291051, -0.04289277, 0.01859007
 40440484, -0.01196745, -0.03938446, -0.02895619, 0.01859007
 40540444, -0.01370638, -0.03700171, -0.02634417, 0.01859007
 40640404, -0.01278612, -0.04183824, -0.01635899, 0.01859007
 40740364, -0.01187265, -0.03351661, -0.02247271, 0.01859007
 40840324, -0.01570014, -0.02558678, -0.009102689, 0.01859007
 40940284, -0.0159122, -0.02312969, 0.01031385, 0.01859007
 41040244, -0.0195494, -0.01972903, 0.02648696, 0.01859007
 41140204, -0.01938866, -0.01937449, 0.02757416, 0.01859007
 41240164, -0.01684763, -0.02276428, 0.04700141, 0.01859007
 41340957, -0.01539847, -0.02517421, -0.01529064, 0.01874498
 41440917, -0.01451931, -0.02864381, -0.0262227, 0.01859007
 41540877, -0.009245289, -0.02074496, -0.01259519, 0.01859007
 41640837, -0.01121793, -0.02496635, -0.02591828, 0.01859007
 41740797, -0.01952719, -0.02788951, -0.04910193, 0.01859007
 41840757, -0.01625598, -0.03406443, -0.05157601, 0.01859007
 41940717, -0.01332637, -0.03580623, -0.02204791, 0.01859007
 42040677, -0.01323733, -0.03078214, -0.0195693, 0.01859007
 42140637, -0.01472746, -0.02567807, -0.0206762, 0.01859007
 42240597, -0.01324878, -0.02267492, 0.01086294, 0.01859007
 42340557, -0.009388776, -0.02291861, 0.03603101, 0.01859007
 42440517, -0.01210898, -0.02266433, 0.006269874, 0.01859007
 42540477, -0.02518613, -0.03096345, -0.03134053, 0.01859007
 42640437, -0.02395383, -0.03551742, -0.02901958, 0.01859007
 42740397, -0.02028119, -0.03376809, -0.03679597, 0.01859007
 42840357, -0.0179903, -0.0294644, -0.02077628, 0.01859007
 42940317, -0.0159356, -0.02040328, -0.01260372, 0.01859007
 43040277, -0.01716103, -0.01743799, -0.03644721, 0.01859007
 43140237, -0.02137303, -0.01958891, -0.03384348, 0.01859007
 43240197, -0.01597656, -0.02814764, 0.009323251, 0.01859007
 43340157, -0.0194747, -0.02933591, 0.022128, 0.01859007
 43440950, -0.0233595, -0.02255516, -0.01725193, 0.01874498
 43540910, -0.01419399, -0.01790105, -0.006837855, 0.01859007
 43640870, -0.01399982, -0.0208111, 0.02200054, 0.01859007
 43740830, -0.01227339, -0.02596915, 0.02688998, 0.01859007
 43840790, -0.008067816, -0.04633709, -0.01646436, 0.01859007
 43940750, -0.01354096, -0.06373689, -0.02256126, 0.01859007
 44040710, -0.01243352, -0.115339, -0.02061364, 0.01859007
 44140670, -0.02569778, -0.3106705, 0.001684554, 0.01859007
 44240630, -0.02467493, -0.385799, 0.03596644, 0.01859007
 44340590, -0.01985067, -0.1651884, -0.05643313, 0.01859007
 44440550, -0.01666371, 0.08958161, -0.1463504, 0.01859007
 44540510, -0.01161644, 0.2617983, -0.08556332, 0.01859007
 44640470, -0.008884255, 0.2839921, 0.054223, 0.01859007
 44740430, 0.002575475, 0.237671, 0.1427933, 0.01859007
 44840390, -0.004455262, 0.1801585, 0.09339787, 0.01859007
 44940350, -0.008854838, 0.1227127, 0.0400531, 0.01859007
 45040310, -0.01687535, 0.06384155, -0.01144897, 0.01859007
 45140270, -0.01197297, 0.01605826, -0.01108465, 0.01859007
 45240230, -0.01042015, -0.005205835, -0.01963509, 0.01859007
 45340190, -0.01145064, -0.001974576, -0.04323984, 0.01859007
 45440150, -0.009916148, 0.008302317, -0.03102049, 0.01859007
 45540943, -0.01123606, 0.02929777, -0.01149461, 0.01874498
 45640903, -0.006200966, 0.04279225, -0.01182745, 0.01859007
 45740863, -0.0144798, 0.05252871, -0.01881077, 0.01859007
 45840823, -0.01625878, 0.05236687, -0.03674584, 0.01859007
 45940783, -0.01312994, 0.05629292, -0.007483349, 0.01859007
 46040743, -0.01455596, 0.04792646, 0.005744619, 0.01859007
 46140703, -0.01704357, 0.04123035, 0.004034622, 0.01859007
 46240663, -0.01466993, 0.04470658, -0.01055654, 0.01859007
 46340623, -0.01188242, 0.03646768, 0.04202617, 0.01859007
 46440583, -0.01056792, 0.03503145, 0.01871678, 0.01859007
 46540543, -0.01815599, 0.02904521, -0.01822116, 0.01859007
 46640503, -0.02218944, 0.02437396, -0.02864365, 0.01859007
 46740463, -0.02467159, 0.01865603, -0.03172173, 0.01859007
 46840423, -0.02064654, 0.01758659, -0.0312049, 0.01859007
 46940383, -0.01539275, 0.01749123, -0.009919737, 0.01859007
 47040343, -0.01257743, 0.01382866, 0.04368127, 0.01859007
 47140303, -0.009727729, 0.02230115, 0.06043889, 0.01859007
 47240263, -0.01413784, 0.02368588, 0.01068297, 0.01859007
 47340223, -0.01795189, 0.03016141, 0.004238264, 0.01859007
 47440183, -0.01503662, 0.02727471, -0.01621416, 0.01859007
 47540976, -0.01547853, 0.0102389, -0.05248634, 0.01859007
 47640936, -0.01534759, 0.01038761, -0.004669753, 0.01874498
 47740896, -0.009568766, 0.02383552, -0.02537509, 0.01859007
 47840856, -0.01445615, 0.01873435, -0.01003063, 0.01859007
 47940816, -0.01248712, 0.01366662, 0.02032039, 0.01859007
 48040776, -0.01481829, 0.008230774, 0.02573432, 0.01859007
 48140736, -0.009762839, 0.01525598, 0.0216564, 0.01859007
 48240696, -0.004939232, 0.009216774, 0.01209448, 0.01859007
 48340656, -0.006168795, 0.01440928, -0.02951533, 0.01859007
 48440616, -0.009612772, 0.01319046, -0.003682323, 0.01859007
 48540576, -0.01273755, -0.0007648409, 0.02002596, 0.01859007
 48640536, -0.01268412, -0.00125716, 0.01141108, 0.01859007
 48740496, -0.009891355, -0.0004037007, 0.009823921, 0.01859007
 48840456, -0.01422596, 0.003553331, 0.001593877, 0.01859007
 48940416, -0.01263213, 0.004131031, -0.02222768, 0.01859007
 49040376, -0.00137493, 0.006064729, 0.01818171, 0.01859007
 49140336, -0.002153715, 0.002969265, 0.0603725, 0.01859007
 49240296, -0.0001901207, 0.004443246, 0.0418206, 0.01859007
 49340256, -0.003289102, 0.003980558, 0.002628372, 0.01859007
 49440216, -0.006848776, 0.004765468, -0.04018222, 0.01859007
 49540176, -0.006426278, -0.00417521, -0.03977333, 0.01859007
 49640969, -0.006138662, -0.005901665, -0.0325891, 0.01874498
 49740929, -0.004084796, -0.0008215369, -0.04427832, 0.01859007
 49840889, -0.007486532, -0.002946569, -0.0003163982, 0.01859007
 49940849, -0.01084103, -0.009630517, 0.005920006, 0.01859007
 50040809, -0.008291946, -0.008173279, -0.01176184, 0.01859007
 50140769, -0.003750743, 0.00136669, 0.03890201, 0.01859007
 50240729, -0.004420492, -0.001915546, 0.05789007, 0.01859007
 50340689, -0.00212059, -0.00666526, -0.005798404, 0.01859007
 50440649, -0.00747599, 0.003103268, -0.01980148, 0.01859007
 50540609, -0.008484841, -0.0005568682, -0.04362687, 0.01859007
 50640569, -0.007824909, -0.005875408, -0.02864533, 0.01859007
 50740529, -0.006968345, -0.009349541, -0.04113774, 0.01859007
 50840489, -0.01204583, -0.01560958, -0.03513624, 0.01859007
 50940449, -0.009104798, -0.01898601, -0.04393645, 0.01859007
 51040409, -0.0127286, -0.01015813, -0.04373195, 0.01859007
 51140369, -0.01514099, 0.002865834, -0.007737954, 0.01859007
 51240329, -0.01048961, -0.004480495, 0.03258406, 0.01859007
 51340289, -0.008788632, -0.01086464, 0.04120042, 0.01859007
 51440249, -0.0109519, -0.02350545, 0.002470754, 0.01859007
 51540209, -0.01659285, -0.02110621, 0.02860067, 0.01859007
 51640169, -0.01241763, -0.02161364, 0.03193359, 0.01859007
 51740962, -0.005209898, -0.01325904, -0.01933188, 0.01874498
 51840922, -0.008110853, -0.008748844, -0.01694607, 0.01859007
 51940882, -0.01398504, -0.01627702, -0.02121124, 0.01859007
 52040842, -0.008438095, -0.01139327, 0.004461554, 0.01859007
 52140802, -0.01009085, -0.00757798, -0.015919, 0.01859007
 52240762, -0.01048347, 0.002875536, -0.02513115, 0.01859007
 52340722, -0.00336421, 0.007811985, -0.01368677, 0.01859007
 52440682, -0.007820085, -0.01027151, 0.03397118, 0.01859007
 52540642, -0.003342639, -0.02051711, 0.04120133, 0.01859007
 52640602, -0.004292421, -0.01929113, 0.03075308, 0.01859007
 52740562, -0.002618893, -0.01146622, 0.0297744, 0.01859007
 52840522, -0.004202624, -0.009327702, 0.04475985, 0.01859007
 52940482, -0.006151601, -0.008306766, 0.04070648, 0.01859007
 53040442, -0.00392067, -0.01312616, 0.006857846, 0.01859007
 53140402, 0.001160146, -0.007992082, -0.0260981, 0.01859007
 53240362, -0.002659923, -0.0153588, -0.0333706, 0.01859007
 53340322, -0.004175187, -0.01041092, -0.05738603, 0.01859007
 53440282, -0.007157359, -0.004227223, -0.01021017, 0.01859007
 53540242, -0.006899251, -0.003767999, -0.01381741, 0.01859007
 53640202, -0.004103017, -0.009420486, 0.01816876, 0.01859007
 53740162, -0.004929804, -0.02289711, 0.002548657, 0.01859007
 53840955, -0.005695195, -0.01488094, -0.02024026, 0.01874498
 53940915, -0.004374783, -0.01502415, -0.009770727, 0.01859007
 54040875, -0.002108233, -0.01489595, 0.05571876, 0.01859007
 54140835, -0.004759085, -0.01694871, -0.009905961, 0.01859007
 54240795, 0.0008202547, -0.008233921, 0.01800247, 0.01859007
 54340755, -0.001441699, -0.0007047735, 0.01230071, 0.01859007
 54440715, -0.0004657115, -0.003928736, 0.02399716, 0.01859007
 54540675, -0.003026193, -0.0003901008, -0.02006275, 0.01859007
 54640635, -0.00780619, 0.00320891, -0.03404745, 0.01859007
 54740595, -0.01005222, -0.005795282, -0.003203998, 0.01859007
 54840555, -0.004261061, -0.0198214, -0.001011539, 0.01859007
 54940515, -0.003712602, -0.02202556, -0.02428349, 0.01859007
 55040475, -0.0003703072, -0.01180549, 0.0199142, 0.01859007
 55140435, 0.0005358691, -0.01026873, 0.02240218, 0.01859007
 55240395, 0.002472995, -0.0004740229, 0.01401838, 0.01859007
 55340355, -0.005748061, -0.009095853, -0.03229594, 0.01859007
 55440315, -0.005851476, -0.01060242, -0.01530504, 0.01859007
 55540275, -0.003621465, 0.003043111, 0.01985822, 0.01859007
 55640235, -0.001068961, 0.006858455, 0.00543764, 0.01859007
 55740195, -0.003355387, 0.001134263, -0.02850613, 0.01859007
 55840155, -0.003826095, -0.004406371, -0.03720022, 0.01859007
 55940948, 0.0001859445, -0.01694196, -0.04249365, 0.01874498
 56040908, 0.000980784, -0.01023362, 0.01062493, 0.01859007
 56140868, 0.001020326, -0.007557765, 0.01595607, 0.01859007
 56240828, -0.00396014, -0.01188069, 0.04114524, 0.01859007
 56340788, -0.002853456, -0.008951745, 0.02978287, 0.01859007
 56440748, 0.001767849, -0.006749032, 0.009789336, 0.01859007
 56540708, 0.0001372213, -0.003460763, -0.009042059, 0.01859007
 56640668, 0.001011342, 0.008571994, -0.02965688, 0.01859007
 56740628, -0.003520062, 0.005409224, -0.02790673, 0.01859007
 56840588, -0.0007791989, -0.007375614, 0.01678346, 0.01859007
 56940548, -0.0078457, -0.007726016, -0.03018019, 0.01859007
 57040508, -0.006861481, 0.001314881, -0.06923887, 0.01859007
 57140468, -0.01120383, 0.005750339, -0.04243868, 0.01859007
 57240428, -0.006672448, -0.007022296, -0.01294054, 0.01859007
 57340388, -0.01051094, -0.01108805, -0.002437198, 0.01859007
 57440348, -0.005640602, -0.01751976, 0.02160965, 0.01859007
 57540308, -0.005240048, -0.008188481, 0.006809534, 0.01859007
 57640268, -0.007486939, -0.01319278, 0.0462524, 0.01859007
 57740228, -0.005701382, 0.004211997, 0.04545366, 0.01859007
 57840188, -0.005458482, -0.004097026, -0.001771876, 0.01859007
 57940148, 0.0002008856, -0.001079686, 0.003536278, 0.01859007
 58040941, 0.001456776, -0.005079926, 0.01495828, 0.01874498
 58140901, 0.009482617, -0.004836859, 0.03143844, 0.01859007
 58240861, -0.003894885, -0.0001298698, -0.009420945, 0.01859007
 58340821, -0.002882739, -0.003404734, -0.01925865, 0.01859007
 58440781, -0.0006279126, -0.006757971, -0.04604492, 0.01859007
 58540741, -0.006197303, -0.01356983, -0.0465065, 0.01859007
 58640701, 0.001505448, -0.01721076, -0.01715152, 0.01859007
 58740661, -0.0001831186, 0.01226737, 0.02951809, 0.01859007
 58840621, 0.002018572, 0.03717062, 0.03308614, 0.01859007
 58940581, 0.005025072, 0.05926113, -0.005661321, 0.01859007
 59040541, 0.001241918, 0.05020336, 0.04070317, 0.01859007
 59140501, 0.004325392, 0.0376185, 0.0373451, 0.01859007
 59240461, 0.0009692624, 0.0332209, -0.00810195, 0.01859007
 59340421, 0.002432084, 0.02551478, -0.003817071, 0.01859007
 59440381, -0.002716752, 0.02728811, 0.01029969, 0.01859007
 59540341, -4.543165E-05, 0.01371602, -0.01887342, 0.01859007
 59640301, 0.001199261, 0.02941069, -0.007963904, 0.01859007
 59740261, 0.0003586364, 0.03079652, 0.03397153, 0.01859007
 59840221, 0.005933997, 0.02109701, 0.001507461, 0.01859007
 59940181, -0.002324838, 0.008377914, -0.01146011, 0.01859007
 60040974, 0.0005093247, -0.00103284, -0.04929072, 0.01859007
 60140934, -0.001393015, 0.01598428, -0.0403422, 0.01874498
 60240894, 0.006854946, 0.02214649, 0.02001092, 0.01859007
 60340854, 0.0004542715, 0.0193299, 0.03030872, 0.01859007
 60440814, 0.005921682, 0.01993896, 0.03463811, 0.01859007
 60540774, 0.001452736, 0.01939095, -0.001295935, 0.01859007
 60640734, 0.001574873, 0.0153955, 0.01722455, 0.01859007
 60740694, 0.001381747, 0.01514478, -0.02124875, 0.01859007
 60840654, 0.000734757, 0.01344845, -0.01559803, 0.01859007
 60940614, 0.001602425, 0.02040307, 0.003544362, 0.01859007
 61040574, -0.001973065, 0.02790114, 0.01819429, 0.01859007
 61140534, 0.0003853817, 0.02260623, 0.005860348, 0.01859007
 61240494, 0.0002997892, 0.0189807, -0.02426639, 0.01859007
 61340454, 0.002637323, 0.009525215, 0.005779452, 0.01859007
 61440414, 0.003333817, 0.009435478, 0.06264618, 0.01859007
 61540374, 0.002845693, 0.008023618, 0.04012194, 0.01859007
 61640334, 0.004209307, 0.009614835, 0.01813407, 0.01859007
 61740294, 0.007536264, 0.01433196, -0.01200134, 0.01859007
 61840254, 0.002994522, 0.0242226, -0.02811566, 0.01859007
 61940214, 0.001885012, 0.02391033, -0.02250725, 0.01859007
 62040174, 0.003075805, 0.02599557, -0.008211093, 0.01859007
 62140967, 0.00946385, 0.02557096, -0.02004428, 0.01874498
 62240927, 0.01334934, 0.02175972, -0.03447577, 0.01859007
 62340887, 0.006664844, 0.01941896, -0.04360151, 0.01859007
 62440847, -0.0007084139, 0.01775698, -0.01738347, 0.01859007
 62540807, -0.005671258, 0.02977284, 0.03212383, 0.01859007
 62640767, 1.009414E-05, 0.02739898, 0.06181579, 0.01859007
 62740727, 0.0001936644, 0.01479927, 0.04733369, 0.01859007
 62840687, 0.0008009155, 0.01127059, 0.01228207, 0.01859007
 62940647, 0.003908113, 0.001700788, 0.004679667, 0.01859007
 63040607, 0.007916381, 0.007526021, -0.008733516, 0.01859007
 63140567, 0.008266152, 0.01587784, -0.01902431, 0.01859007
 63240527, -0.001423725, 0.01414908, -0.0373375, 0.01859007
 63340487, 0.004455822, 0.01972438, -0.007768402, 0.01859007
 63440447, 0.006214384, 0.02133968, -0.03654061, 0.01859007
 63540407, 0.003130286, 0.02065929, 0.002340439, 0.01859007
 63640367, 0.002625769, 0.01965547, -0.01210174, 0.01859007
 63740327, -0.005391431, 0.01475963, 0.01272925, 0.01859007
 63840287, -0.0006439409, 0.01804254, 0.03010149, 0.01859007
 63940247, 0.003149556, 0.02784572, 0.0304996, 0.01859007
 64040207, 0.004165763, 0.02232135, 0.03530845, 0.01859007
 64140167, 0.001818562, 0.006296379, 0.01522513, 0.01859007
 64240960, 0.00336656, 0.009012457, -0.005556924, 0.01874498
 64340920, 0.004075182, 0.01014741, -0.04095218, 0.01859007
 64440880, 0.006675178, 0.01524437, -0.04840719, 0.01859007
 64540840, 0.007259833, 0.01203347, -0.02575036, 0.01859007
 64640800, 0.001012587, 0.01889862, -0.006585184, 0.01859007
 64740760, -0.001073117, 0.01868644, -0.009388914, 0.01859007
 64840720, -0.00521333, 0.0132293, 0.008406908, 0.01859007
 64940680, -0.0002603233, 0.01732747, 0.003266229, 0.01859007
 65040640, -0.006306673, 0.01888503, 0.01651527, 0.01859007
 65140600, 0.004040051, 0.01916266, 0.02930414, 0.01859007
 65240560, 0.007310527, 0.01517135, 0.01188501, 0.01859007
 65340520, 0.003611315, 0.01612032, 0.009056177, 0.01859007
 65440480, -0.002025886, 0.0173445, 0.009790823, 0.01859007
 65540440, 0.003139073, 0.01729997, 0.01781286, 0.01859007
 65640400, 0.001169998, 0.01757186, 0.004769886, 0.01859007
 65740360, 0.00310749, 0.01489751, -0.0294513, 0.01859007
 65840320, 0.003467425, 0.01528207, 0.01600131, 0.01859007
 65940280, 0.006852586, 0.01710374, -0.02789819, 0.01859007
 66040240, 0.01074396, 0.009651951, -0.01071868, 0.01859007
 66140200, 0.009435885, 0.02039704, 0.01158014, 0.01859007
 66240160, 0.008753391, 0.02671632, 0.0272989, 0.01859007
 66340953, 0.01315503, 0.02137655, 0.02878045, 0.01874498
 66440913, 0.01065308, 0.01912219, 0.006064459, 0.01859007
 66540873, 0.00641409, 0.01523199, -0.001018317, 0.01859007
 66640833, 0.007354878, 0.004125599, 0.0006668186, 0.01859007
 66740793, 0.00643132, -0.002669274, -0.01503671, 0.01859007
 66840753, -0.002292692, -4.593006E-05, 0.008899332, 0.01859007
 66940713, 0.001673149, 0.003532371, -0.008438568, 0.01859007
 67040673, 0.004655627, 0.01410402, -0.001103351, 0.01859007
 67140633, 0.006529482, 0.01662193, -0.03147857, 0.01859007
 67240593, 0.007430531, 0.02142258, -0.01995236, 0.01859007
 67340553, 0.002582748, 0.01929158, -0.03332866, 0.01859007
 67440513, 0.00544043, 0.01885971, -0.02642658, 0.01859007
 67540473, -0.0003045496, 0.01429498, -0.042063, 0.01859007
 67640433, 0.0003647238, 0.01134173, 0.01928058, 0.01859007
 67740393, -0.003137039, 0.008477646, 0.04071738, 0.01859007
 67840353, -0.004245391, 0.0003729073, 0.0418542, 0.01859007
 67940313, -0.005409031, -0.003935033, 0.003546964, 0.01859007
 68040273, 0.0005270858, -0.0059373, -0.003967757, 0.01859007
 68140233, 0.004794545, -0.0001917019, 0.01053023, 0.01859007
 68240193, 0.001291818, 0.005328023, -0.01541587, 0.01859007
 68340153, -0.00767211, 0.01673648, -0.06501339, 0.01859007
 68440946, -0.007850552, 0.02713826, -0.06197555, 0.01874498
 68540906, -0.0009917326, 0.016403, 0.00464511, 0.01859007
 68640866, -0.0001192152, 0.01455127, 0.008777691, 0.01859007
 68740826, -0.0004062422, 0.02306673, -0.009624444, 0.01859007
 68840786, -0.0004253188, 0.02190082, -0.008321932, 0.01859007
 68940746, 0.002309741, 0.01881153, -0.01607167, 0.01859007
 69040706, 0.0009235615, 0.01273017, 0.03579426, 0.01859007
 69140666, 0.005203211, 0.006827436, 0.05891395, 0.01859007
 69240626, 0.003020674, -0.000997865, 0.04056969, 0.01859007
 69340586, 0.005751064, 0.001892767, 0.04832041, 0.01859007
 69440546, 0.005421374, 0.007011439, 0.01275559, 0.01859007
 69540506, 0.00541645, 0.01342165, -0.03261811, 0.01859007
 69640466, 0.001157335, 0.02566114, -0.01088458, 0.01859007
 69740426, -0.0003971531, 0.02743631, -0.01630086, 0.01859007
 69840386, 0.003974233, 0.0174957, 0.001129986, 0.01859007
 69940346, 0.002005433, 0.01080992, -0.003174332, 0.01859007
 70040306, 0.002763, 0.001901346, -0.03922392, 0.01859007
 70140266, 0.002870538, 0.002507363, -0.03331051, 0.01859007
 70240226, 0.0003923128, -0.0002143834, 0.00776722, 0.01859007
 70340186, -0.002972824, 0.0147112, -0.01324409, 0.01859007
 70440146, 0.002375985, 0.006049419, 0.01780452, 0.01859007
 70540939, 0.0002184233, 0.01076549, -0.01309277, 0.01874498
 70640899, 0.00210782, 0.008948139, 0.01323368, 0.01859007
 70740859, 0.002629949, 0.01730774, -0.0032003, 0.01859007
 70840819, 0.004380099, 0.00843055, -0.003127487, 0.01859007
 70940779, 0.001886384, 0.005376085, 0.004175146, 0.01859007
 71040739, 0.0001669436, 0.002232889, 0.04376402, 0.01859007
 71140699, 0.0005571657, -0.006348324, 0.05348273, 0.01859007
 71240659, -0.004892822, 0.002965516, -0.01378969, 0.01859007
 71340619, -0.006132402, 0.01718984, -0.06534285, 0.01859007
 71440579, -0.008199307, 0.02037937, -0.06011942, 0.01859007
 71540539, -0.007863654, 0.021945, -0.03721368, 0.01859007
 71640499, -0.003683681, 0.01746029, -0.01780849, 0.01859007
 71740459, 0.004023286, 0.01381794, 0.02279096, 0.01859007
 71840419, 0.004181761, 0.001702864, 0.03903968, 0.01859007
 71940379, 0.006334889, -0.007881714, 0.01880801, 0.01859007
 72040339, 0.007474607, -0.01895151, 0.02806137, 0.01859007
 72140299, 0.00571204, -0.009800093, 0.03014112, 0.01859007
 72240259, 0.006508509, -0.005022864, -0.001407585, 0.01859007
 72340219, 0.002205878, -0.000620503, -0.007404378, 0.01859007
 72440179, 0.002471285, 0.01171854, -0.03017052, 0.01859007
 72540972, -0.00229897, 0.01208074, -0.01971819, 0.01859007
 72640932, 0.007056512, 0.01767318, 0.006710527, 0.01874498
 72740892, 0.002150104, 0.01686404, -0.01037369, 0.01859007
 72840852, -0.000401058, 0.01368509, 0.01078147, 0.01859007
 72940812, 0.005386855, 0.008796167, 0.03154719, 0.01859007
 73040772, -0.002270805, 0.01340765, 0.00379423, 0.01859007
 73140732, -0.00592824, 0.01095076, -0.01661753, 0.01859007
 73240692, -0.004870162, 0.003949537, -0.003981676, 0.01859007
 73340652, 0.001359487, 0.006047965, -0.01608915, 0.01859007
 73440612, 0.001449115, 0.01311522, -0.000342442, 0.01859007
 73540572, -0.007363196, 0.006634412, -0.02057216, 0.01859007
 73640532, -0.004016654, -0.001268602, -0.0001452725, 0.01859007
 73740492, -0.0007962361, 0.0003979208, 0.03009116, 0.01859007
 73840452, 0.005691477, 0.0003261727, 0.03352571, 0.01859007
 73940412, 0.005539385, 0.0009793348, 0.004438541, 0.01859007
 74040372, 0.003561321, 0.01003139, 0.0116124, 0.01859007
 74140332, 0.005372166, 0.01419596, -0.04914155, 0.01859007
 74240292, 0.001884096, 0.01150218, -0.06683309, 0.01859007
 74340252, 0.00132332, -0.001318592, -0.03695418, 0.01859007
 74440212, 0.001836866, 6.820864E-05, 0.02939217, 0.01859007
 74540172, 0.0005288827, 0.01846958, 0.0339382, 0.01859007
 74640965, 0.007838847, 0.01344497, 0.04339417, 0.01874498
 74740925, 0.005085264, 0.01031161, 0.03016517, 0.01859007
 74840885, 0.005746056, 0.001332769, 0.02010557, 0.01859007
 74940845, 0.002720894, 0.003702872, -0.03794792, 0.01859007
 75040805, 0.002349404, 0.003470814, 0.002143641, 0.01859007
 75140765, -0.001341652, 0.01062314, -0.0396276, 0.01859007
 75240725, -0.001199113, 0.0118409, -0.04259742, 0.01859007
 75340685, -0.0006951482, 0.01259961, -0.02731013, 0.01859007
 75440645, -0.0002778128, 0.005482865, -0.004998009, 0.01859007
 75540605, -0.0007350996, 0.01104932, 0.04465574, 0.01859007
 75640565, 0.000191768, 0.01409012, 0.01375903, 0.01859007
 75740525, 0.003077784, 0.01071591, 0.01830749, 0.01859007
 75840485, -0.001523924, 0.009166639, -0.003422359, 0.01859007
 75940445, -0.004218223, 0.003573463, -0.04127955, 0.01859007
 76040405, -0.005090153, 0.0137284, -0.01755643, 0.01859007
 76140365, 0.001767363, 0.01331081, -0.01050574, 0.01859007
 76240325, -0.001921545, 0.009284594, -0.003826966, 0.01859007
 76340285, 0.001298881, -0.00455396, 0.0155525, 0.01859007
 76440245, 0.003995603, -0.005448799, 0.01861649, 0.01859007
 76540205, 0.002857979, -0.004858613, 0.04138142, 0.01859007
 76640165, 0.00331243, 0.006072105, 0.009278457, 0.01859007
 76740958, 0.006280429, 0.001580689, 0.007118079, 0.01874498
 76840918, 0.006330603, -7.984808E-05, 0.03817888, 0.01859007
 76940878, 0.00621852, 0.01166594, -0.00360522, 0.01859007
 77040838, 0.005357669, 0.01179708, -0.01328937, 0.01859007
 77140798, 0.0009920526, 0.01364549, -0.008135792, 0.01859007
 77240758, 0.0007319691, 0.01163341, -0.04346867, 0.01859007
 77340718, -0.001629861, 0.007965028, -0.03336205, 0.01859007
 77440678, 0.002104078, -0.0007596314, 0.008884422, 0.01859007
 77540638, -0.0001754457, -0.002958172, 0.008736385, 0.01859007
 77640598, -0.0009564584, -0.001204176, -0.02817177, 0.01859007
 77740558, 0.003122352, 0.003129474, -0.02848908, 0.01859007
 77840518, 0.0004670104, 0.009523707, -0.006542592, 0.01859007
 77940478, 0.001227422, 0.006555868, -0.01372949, 0.01859007
 78040438, -0.006475336, 0.00925167, -0.01366299, 0.01859007
 78140398, -0.008484054, 0.01041656, 0.01581522, 0.01859007
 78240358, -0.008003993, 0.0005945005, 0.02013811, 0.01859007
 78340318, -0.0008507668, 0.003745183, 0.03020446, 0.01859007
 78440278, 0.0001621224, 0.007753958, -0.005643941, 0.01859007
 78540238, 0.0008214829, 0.005343349, -0.011505, 0.01859007
 78640198, 0.001197532, 0.005501012, 0.006419426, 0.01859007
 78740158, 0.001434367, 0.01188935, -0.0310212, 0.01859007
 78840951, -0.005765118, 0.01171166, -0.005389357, 0.01874498
 78940911, -0.007684888, 0.007118382, 0.07525975, 0.01859007
 79040871, 0.000624029, 0.00245041, 0.05319022, 0.01859007
 79140831, 0.004684242, 0.001168518, -0.01005964, 0.01859007
 79240791, 0.001802048, 0.01172526, -0.04528705, 0.01859007
 79340751, 0.004485294, 0.008888287, -0.02853115, 0.01859007
 79440711, 0.00121545, 0.001991626, -0.0181228, 0.01859007
 79540671, 0.001647875, 0.009660101, -0.01350937, 0.01859007
 79640631, -0.0003239486, 0.008037519, 0.01248198, 0.01859007
 79740591, 0.000522669, 0.01098603, 0.01834502, 0.01859007
 79840551, 0.003546962, 0.01528261, 0.02274565, 0.01859007
 79940511, 0.000111182, 0.006433933, 0.01315252, 0.01859007
 80040471, -0.003775312, -0.004965322, -0.03592014, 0.01859007
 80140431, -0.004896974, -0.005846941, -0.009845618, 0.01859007
 80240391, -0.001595517, -0.002429259, -0.01650711, 0.01859007
 80340351, 0.001906867, 0.001180412, -0.01363072, 0.01859007
 80440311, -0.0008711637, 0.02017432, -0.0236186, 0.01859007
 80540271, 0.00225148, 0.01463668, 0.02037359, 0.01859007
 80640231, 0.005933934, 0.001891719, 0.03638623, 0.01859007
 80740191, 0.005498696, 0.001956844, 0.02236014, 0.01859007
 80840151, 0.004853412, 0.005957351, -0.02661491, 0.01859007
 80940944, 0.001700691, 0.004026819, -0.01478547, 0.01874498
 81040904, 0.001431586, 0.0008280486, 0.001838425, 0.01859007
 81140864, -0.006163864, 0.005220764, -0.02398465, 0.01859007
 81240824, -0.008347758, 0.007921698, -0.07070629, 0.01859007
 81340784, -0.007046844, -0.005224025, -0.04393451, 0.01859007
 81440744, -0.005718088, 0.001477824, -0.003281901, 0.01859007
 81540704, 0.003959804, 0.01491083, 0.03063065, 0.01859007
 81640664, 0.003066539, 0.004221792, 0.05174818, 0.01859007
 81740624, 0.0009291631, 0.003076795, 0.05635116, 0.01859007
 81840584, -0.001700987, -0.002148808, 0.01269227, 0.01859007
 81940544, -0.004051617, -0.003374651, 0.03327838, 0.01859007
 82040504, -0.004689845, -0.0004851972, 0.02612539, 0.01859007
 82140464, -0.001438253, -0.001635698, 0.00811848, 0.01859007
 82240424, 0.002396882, 0.004000013, -0.05257361, 0.01859007
 82340384, -0.001282104, 0.001867224, -0.01292194, 0.01859007
 82440344, 0.002162722, -9.12681E-05, 0.009877791, 0.01859007
 82540304, 0.009537682, 0.001940673, -0.01160737, 0.01859007
 82640264, 0.004265215, 0.007173024, -0.003936718, 0.01859007
 82740224, 0.001647698, 0.009246034, 0.005902532, 0.01859007
 82840184, -0.006312822, 0.0128476, -0.04451606, 0.01859007
 82940977, -0.00705146, 0.01333819, -0.0129888, 0.01859007
 83040937, 0.0004810786, 0.004591514, -0.02576911, 0.01874498
 83140897, 0.002096981, 0.00831774, -0.01043828, 0.01859007
 83240857, 0.004117384, 0.01416036, -0.003554228, 0.01859565
 83340817, 0.005893019, 0.005720482, 0.0431936, 0.01859937
 83440777, 0.001337809, 0.002140332, 0.02998626, 0.01859937
 83540737, -0.003121648, -0.004014975, 0.02685965, 0.01859937
 83640697, -0.002085577, -0.003501518, 0.00824033, 0.01859937
 83740657, -0.002724507, 0.002542584, 0.04334996, 0.01859937
 83840617, 0.001956798, -0.0002710695, 0.02890496, 0.01859937
 83940577, 0.00859014, -0.0007805807, -0.008743984, 0.01859937
 84040537, 0.009348029, 0.003623026, -0.04156599, 0.01859937
 84140497, 0.007534995, 0.003128954, -0.04276738, 0.01859937
 84240457, -0.004642437, 0.000528347, -0.05242056, 0.01859379
 84340417, -0.007779283, -0.0009029836, -0.006702135, 0.01859007
 84440377, -0.01133025, -0.006570134, 0.001710045, 0.01859007
 84540337, -0.005814244, 0.002061703, -0.01467567, 0.01859007
 84640297, -0.009838338, 0.004840659, -0.003456315, 0.01859007
 84740257, -0.008244581, 0.002340673, 0.006238329, 0.01859007
 84840217, -0.007221358, -0.00156923, 0.0295307, 0.01859007
 84940177, -0.004295327, 0.007238198, 0.03930681, 0.01859007
 85040970, -0.001804819, 0.01279644, 0.005879605, 0.01859007
 85140930, -0.002446709, 0.01324732, -0.04297484, 0.01874498
 85240890, 0.003858148, 0.003150627, -0.02842291, 0.01859007
 85340850, 0.004037589, -0.002422125, -0.02614287, 0.01859007
 85440810, 0.008829534, -0.00538533, 0.007566953, 0.01859007
 85540770, 0.005967047, 0.001114457, 0.03035964, 0.01859007
 85640730, 0.008456233, 0.0129454, 0.03991771, 0.01859007
 85740690, 0.005849323, 0.01438573, 0.0367946, 0.01859007
 85840650, 0.0107114, 0.01391625, 0.04515419, 0.01859007
 85940610, 0.004264377, 0.008163192, -0.0178854, 0.01859007
 86040570, 0.001971028, 0.01105447, -0.0238198, 0.01859007
 86140530, 0.003464721, 0.008260241, -0.02359114, 0.01859007
 86240490, 0.003572958, -0.001851024, -0.02674723, 0.01859007
 86340450, -0.002598609, 0.001850365, -0.03208939, 0.01859007
 86440410, -0.002347419, -0.002309554, -0.0117305, 0.01859007
 86540370, 0.005972823, 0.002840972, 0.002078226, 0.01859007
 86640330, 0.001615619, 0.002579052, 0.005552959, 0.01859007
 86740290, 0.002085317, 0.005476634, 0.03084372, 0.01859007
 86840250, 0.004961918, 0.002694845, 0.02406633, 0.01859007
 86940210, 0.001929641, 0.001382909, 0.0171631, 0.01859007
 87040170, -0.006058848, 0.002437206, -0.0004691916, 0.01859007
 87140963, -0.004149362, 0.00430204, 0.006442775, 0.01874498
 87240923, -0.0001626085, 0.006645447, -0.03919163, 0.01859007
 87340883, -0.001432084, 0.008024722, -0.05543131, 0.01859007
 87440843, -0.0003406288, 0.002640308, -0.03731474, 0.01859007
 87540803, 0.005182094, -0.005245031, 0.01689018, 0.01859007
 87640763, 0.003607464, 0.001535987, 0.04350955, 0.01859007
 87740723, -0.005241697, 0.003238308, 0.03068974, 0.01859007
 87840683, -0.004878345, 0.001514833, -0.009203394, 0.01859007
 87940643, 0.0008014487, 0.006779719, -0.02320856, 0.01859007
 88040603, 0.000873815, 0.0103564, 0.0261992, 0.01859007
 88140563, 0.002400979, 0.008929083, 0.01316278, 0.01859007
 88240523, -0.0002849131, -0.003991322, -0.03686449, 0.01859565
 88340483, -0.01033244, 0.006981818, -0.02295194, 0.01859937
 88440443, -0.0104888, 0.008380823, 0.0002623557, 0.01859937
 88540403, -0.006903735, -0.003686365, -0.01076496, 0.01859937
 88640363, -0.001153411, 0.001601762, -0.02798332, 0.01859937
 88740323, 0.00268297, 0.005748899, -0.004028158, 0.01859937
 88840283, 0.002644614, -0.002050936, 0.005874744, 0.01859937
 88940243, 0.003651921, 0.002069211, 0.02146146, 0.01859937
 89040203, 0.002752758, 0.009143203, 0.04190324, 0.01859937
 89140163, 0.00294963, 0.003389282, 0.01049519, 0.01859937
 89240956, 0.00861715, -0.0006846712, 0.01804931, 0.0187487
 89340916, 0.00325119, 0.002428725, -0.01617588, 0.01859007
 89440876, 0.001575661, 0.00198679, -0.01649475, 0.01859007
 89540836, 0.001109986, -0.0024769, -0.01465439, 0.01859007
 89640796, -0.008058006, -0.003842218, 0.008224295, 0.01859007
 89740756, 5.929958E-05, 0.01083144, -0.004709905, 0.01859007
 89840716, -0.002071718, 0.009534628, 0.001294476, 0.01859007
 89940676, 0.005394417, 0.006894305, 0.01145446, 0.01859007
 90040636, -0.0008190668, -0.001932855, -0.003240185, 0.01859007
 90140596, -0.007378745, -0.003986571, -0.01873767, 0.01859007
 90240556, -0.004336101, -0.004808706, -0.01588598, 0.01859007
 90340516, -0.00931706, -0.006114314, 0.01471612, 0.01859007
 90440476, -0.005373462, -0.000194622, -0.003476659, 0.01859007
 90540436, 0.002776598, 0.002008793, -0.008944041, 0.01859007
 90640396, 0.004449332, 0.002535705, 0.03694464, 0.01859007
 90740356, 0.007746509, 0.002898178, -0.003957338, 0.01859007
 90840316, 0.001275616, 0.002189779, -0.02397584, 0.01859007
 90940276, 0.002327043, 0.001510251, 0.0005424812, 0.01859007
 91040236, 0.001201704, 0.0009126484, 0.02540355, 0.01859007
 91140196, -0.001964568, -0.002896401, -0.01796988, 0.01859007
 91240156, 0.003527848, -0.00222359, 0.007862072, 0.01859007
 91340949, 0.005223834, -0.004136809, 0.01446319, 0.01874498
 91440909, -0.00106279, -0.00020185, -0.00272738, 0.01859007
 91540869, -0.006907926, 0.00931962, -0.05568336, 0.01859007
 91640829, -0.007504246, 0.008360499, -0.009880251, 0.01859007
 91740789, -0.001176276, 0.004281749, -0.001755031, 0.01859007
 91840749, -0.008296035, 0.007441489, -0.01087627, 0.01859007
 91940709, -0.003373382, 0.001002514, -0.01476926, 0.01859007
 92040669, -0.001196157, 0.002611606, 0.001484792, 0.01859007
 92140629, -0.0009969581, 0.0005134148, 0.01351615, 0.01859007
 92240589, 0.0007463931, -0.0008096911, 0.0329729, 0.01859007
 92340549, 0.0004771755, 0.001442392, 0.02103391, 0.01859007
 92440509, 0.006391039, -0.006824482, 0.001349825, 0.01859007
 92540469, 0.001617555, -0.01230606, 0.015688, 0.01859007
 92640429, 0.002781211, -0.004855063, -0.008040177, 0.01859007
 92740389, -0.002813565, 0.01341376, -0.02062438, 0.01859007
 92840349, -0.001372726, 0.01554483, -0.03906715, 0.01859007
 92940309, 0.00126326, 0.004533515, 0.01811309, 0.01859007
 93040269, -0.0002327793, -4.052743E-05, 0.009852511, 0.01859007
 93140229, -0.003029656, 0.02056604, -0.01012905, 0.01859007
 93240189, -0.00204918, 0.02390649, -0.005005721, 0.01859565
 93340149, -0.0009189278, 0.008042867, 0.02105941, 0.01859937
 93440942, -0.005472679, 0.001212241, 0.0371239, 0.01875436
 93540902, -0.008152298, -0.007417277, 0.008099949, 0.01859937
 93640862, -0.007591455, -0.004109723, -0.02498368, 0.01859937
 93740822, -0.006673719, 0.003629284, -0.02801052, 0.01859937
 93840782, 0.0002989235, 0.0005912987, -0.02904418, 0.01859937
 93940742, -0.0008486256, -0.006658172, -0.006749247, 0.01859937
 94040702, 0.00248753, 0.007091586, 0.007402319, 0.01859937
 94140662, 0.002169138, 0.0008432944, -0.01026717, 0.01859937
 94240622, 0.001914224, -0.007382829, 0.02197535, 0.01859379
 94340582, 0.001851624, -0.01100766, 0.005787679, 0.01859007
 94440542, 0.002299336, -0.009904953, 0.04853167, 0.01859007
 94540502, 0.00895095, 0.00478333, 0.05142046, 0.01859007
 94640462, 0.008115938, 0.001967696, 0.05274496, 0.01859007
 94740422, 0.006589725, 0.006672921, -0.01896771, 0.01859007
 94840382, 0.001610142, 0.008954429, -0.03733724, 0.01859007
 94940342, 0.004362305, 0.002952951, -0.0009035214, 0.01859007
 95040302, 0.0009451815, 0.002644299, -0.01628131, 0.01859007
 95140262, 0.0009744215, 0.01108177, -0.0510259, 0.01859007
 95240222, 0.0009013365, 0.004328221, -0.04666878, 0.01859007
 95340182, -0.001460255, -0.002384019, -0.01783231, 0.01859007
 95440975, 0.0009739633, -0.01041531, -0.02471869, 0.01859007
 95540935, -0.001232822, -0.01088905, -0.02658901, 0.01874498
 95640895, -0.002997327, -0.008584186, -0.01990429, 0.01859007
 95740855, -0.000373826, 0.006486934, 0.01127087, 0.01859007
 95840815, -0.003037031, 0.01600468, 0.06657737, 0.01859007
 95940775, -0.002332876, 0.006201355, 0.02202163, 0.01859007
 96040735, -0.005770556, 0.001395123, 0.01593739, 0.01859007
 96140695, -0.008316681, 0.001747347, 4.867511E-05, 0.01859007
 96240655, -0.008347011, 0.0004468744, 0.001365535, 0.01859007
 96340615, -0.003637594, -0.002805278, -0.02782421, 0.01859007
 96440575, -0.005333931, 0.007163235, -0.03584247, 0.01859007
 96540535, -0.0006255066, 0.005863616, -0.03255279, 0.01859007
 96640495, -0.007702027, 0.003926209, -0.0196826, 0.01859007
 96740455, -0.007605643, 0.0117892, 0.04226152, 0.01859007
 96840415, -0.01139527, 0.01383473, 0.01579679, 0.01859007
 96940375, -0.01318068, 0.01838681, 0.002692843, 0.01859007
 97040335, -0.004291522, 0.01107332, 0.006995454, 0.01859007
 97140295, -0.004251606, 0.004647076, 0.02214433, 0.01859007
 97240255, 0.002925114, 0.003096679, 0.04513902, 0.01859007
 97340215, 0.001544998, -0.003334153, -0.004182553, 0.01859007
 97440175, 0.009697139, -0.01365421, -0.009995905, 0.01859007
 97540968, 0.003814201, -0.009197041, 0.00226062, 0.01874498
 97640928, 0.005989819, -0.01710899, 0.01431058, 0.01859007
 97740888, 0.002646785, -0.008527499, 0.001812009, 0.01859007
 97840848, 9.031373E-05, -0.002317395, 0.003759196, 0.01859007
 97940808, -0.001794965, 0.0009810247, -0.008202799, 0.01859007
 98040768, -0.006387406, 0.006578763, -0.005801292, 0.01859007
 98140728, -0.003507214, 0.01231065, 0.01192059, 0.01859007
 98240688, 0.001953069, 0.004643392, -0.0020263, 0.01859565
 98340648, 0.0001922721, -0.001818245, -0.05307703, 0.01859937
 98440608, -0.002911153, -0.005846228, -0.04923748, 0.01859937
 98540568, -0.01252329, 0.002130131, -0.03842358, 0.01859937
 98640528, -0.01295385, 0.006886045, 0.004587999, 0.01859937
 98740488, -0.007250573, 0.01277715, -0.0003401828, 0.01859937
 98840448, -0.005853994, 0.009247079, 0.0155549, 0.01859937
 98940408, -0.0004650896, 0.009675712, 0.03772454, 0.01859937
 99040368, 0.0003135864, 0.004742826, -0.006535604, 0.01859937
 99140328, 0.00404246, 0.001815908, -0.03484329, 0.01859937
 99240288, 0.0005631393, -0.001112235, -0.01040992, 0.01859379
 99340248, 9.324279E-05, 0.002808913, 6.759784E-05, 0.01859007
 99440208, 0.007010624, 0.006142847, 0.03777736, 0.01859007
 99540168, 0.006803648, 0.004001741, 0.02132413, 0.01859007
 99640961, 0.002373459, 0.003344826, -0.02810035, 0.01874498
 99740921, -0.0003303881, 0.01204163, 0.009759784, 0.01859007
 99840881, 0.002676181, 0.006828396, 0.02222114, 0.01859007
 99940841, 0.003686922, 0.003183839, 0.01924477, 0.01859007
 100040801, 0.004408889, 0.005477278, 4.983821E-05, 0.01859007
 100140761, 0.001510475, 0.004212669, -0.0001023455, 0.01859007
 100240721, -0.0004888372, -0.0003697937, -0.003152721, 0.01859007
 100340681, 0.002077044, -0.002767989, -0.01971827, 0.01859007
 100440641, -0.000187987, 0.008663131, -0.01536895, 0.01859007
 100540601, -0.001294661, 0.00187781, -0.05091741, 0.01859007
 100640561, -0.0007463992, -0.005520628, -0.04124373, 0.01859007
 100740521, -0.002792491, -0.01412725, -0.01879019, 0.01859007
 100840481, -0.004960855, -0.01182288, -0.008274743, 0.01859007
 100940441, -0.007136456, -0.009686426, 0.02305603, 0.01859007
 101040401, -0.01388181, -0.01137937, 0.04268012, 0.01859007
 101140361, -0.003949335, -0.003908433, 0.0219341, 0.01859007
 101240321, -0.005000567, 0.008884422, 0.005873275, 0.01859379
 101340281, -1.863089E-05, 0.01185325, 0.02402606, 0.01859937
 101440241, -0.002250388, 0.01130417, 0.00929838, 0.01859937
 101540201, 0.001412663, 0.009226095, -0.02205958, 0.01859937
 101640161, 0.001437752, -0.007415879, 0.01153829, 0.01859937
 101740954, -0.0009153563, -0.0003725719, -0.007930559, 0.01875436
 101840914, 0.005205546, -0.001672287, -0.03111695, 0.01859937
 101940874, 0.0004587275, 0.003410861, -0.02105543, 0.01859937
 102040834, 0.0003312055, -0.007724882, -0.02313275, 0.01859937
 102140794, -0.00689465, -0.009763429, 0.02422089, 0.01859937
 102240754, -0.002565638, -0.004669087, 0.03361228, 0.01859565
 102340714, -0.009624263, 0.0002665602, 0.0313347, 0.01859007
 102440674, -0.007933208, -0.001462308, 0.03601188, 0.01859007
 102540634, -0.002838121, 0.001829826, -0.007175207, 0.01859007
 102640594, 0.001223741, 0.003684813, -0.00591829, 0.01859007
 102740554, 0.001510171, 0.006959329, -0.006270808, 0.01859007
 102840514, 0.00259267, 0.005008175, -0.008915852, 0.01859007
 102940474, 0.001116146, 0.007881268, -0.00243451, 0.01859007
 103040434, -0.00257013, 0.006836361, -0.03292, 0.01859007
 103140394, 0.004300577, -0.009933178, -0.005794448, 0.01859007
 103240354, 0.00704021, 0.002398812, 0.007059029, 0.01859379
 103340314, 0.002517018, 0.004193711, -0.01680857, 0.01859937
 103440274, -0.005252776, 0.008079271, 0.009955104, 0.01859937
 103540234, 0.00507104, 0.0004788228, 0.002337388, 0.01859937
 103640194, 0.004994399, 0.0005677631, -0.003427154, 0.01859937
 103740154, -0.00307388, -0.0067666, -0.02116707, 0.01859937
 103840947, -0.004424669, 0.006110691, -0.03605705, 0.01875436
 103940907, -0.003026134, 0.007935151, 0.01656623, 0.01859937
 104040867, 0.003468798, -0.006188589, 0.05755151, 0.01859937
 104140827, 0.001449488, -0.003677821, 0.0265744, 0.01859937
 104240787, -0.004594999, 0.004065323, -0.03295929, 0.01859565
 104340747, -0.006150767, 0.01630858, -0.03194096, 0.01859007
 104440707, -0.006017162, -0.00403952, 4.380377E-05, 0.01859007
 104540667, -3.162673E-05, -0.007676398, 0.004117281, 0.01859007
 104640627, -0.001294298, -0.005556908, -0.007390441, 0.01859007
 104740587, -0.000177465, -0.005706094, -0.01784708, 0.01859007
 104840547, 0.0009801554, -0.009766146, -0.01652508, 0.01859007
 104940507, 0.005497937, -0.01076372, -0.02061274, 0.01859007
 105040467, -0.001546851, -0.002877875, 0.02964141, 0.01859007
 105140427, 0.00275088, -0.002452414, 0.05870242, 0.01859007
 105240387, -0.0007752564, -0.01076884, -0.009515627, 0.01859007
 105340347, 0.002305393, -0.01249347, -0.03533472, 0.01859007
 105440307, 0.003477619, -0.009310109, 0.005347096, 0.01859007
 105540267, -0.0005624463, -0.00751574, -0.01672363, 0.01859007
 105640227, -0.003175987, -0.007930049, -0.02070249, 0.01859007
 105740187, -0.01107918, -0.01004301, -0.02021011, 0.01859007
 105840147, -0.005737322, -0.01670154, 0.03397521, 0.01859007
 105940940, -0.002969128, -0.006643067, 0.01801182, 0.01874498
 106040900, 0.0002820597, 0.002279524, 0.01520219, 0.01859007
 106140860, 0.0002414613, 0.005895751, 0.02385737, 0.01859007
 106240820, -0.002961133, 0.005460736, 0.02226704, 0.01859379
 106340780, -0.0006628572, 0.01301827, 0.01238552, 0.01859937
 106440740, 0.001006638, 0.007332379, 0.01417629, 0.01859937
 106540700, -2.1427E-05, 0.0150415, -0.01496512, 0.01859937
 106640660, 0.0001830948, 0.008994514, -0.01637912, 0.01859937
 106740620, -0.004449494, 0.01630673, -0.001469501, 0.01859937
 106840580, 0.0009065588, 0.0155292, -0.03158332, 0.01859937
 106940540, 0.002827921, -0.00365438, 0.009593682, 0.01859937
 107040500, 0.002279901, -0.005830491, -0.002637628, 0.01859937
 107140460, 0.003050765, -0.01123923, -0.02620367, 0.01859937
 107240420, -0.0009295507, -0.008006641, -0.009571785, 0.01859565
 107340380, 0.0004104026, -0.004704146, -0.03193926, 0.01859007
 107440340, -0.004072014, -0.008599279, -0.02153747, 0.01859007
 107540300, -0.009590341, -0.001383149, -0.03588188, 0.01859007
 107640260, -0.005984289, 0.000296461, 0.0005576769, 0.01859007
 107740220, -0.004728456, -0.003606598, 0.06464711, 0.01859007
 107840180, -0.006590162, -0.00307249, 0.04813669, 0.01859007
 107940973, -0.004363021, -0.006016943, 0.03060092, 0.01859007
 108040933, -0.006472892, -0.006531501, -0.0310206, 0.01874498
 108140893, -0.009604002, 0.005330284, -0.07099619, 0.01859007
 108240853, 0.002391622, -0.0302458, -0.04643883, 0.01859379
 108340813, -0.04269559, 0.009177212, -0.0341192, 0.01859937
 108440773, -0.494529, 0.09719664, -0.03262188, 0.01859937
 108540733, -0.7786012, 0.1669436, 0.04226451, 0.01859937
 108640693, -0.8733686, 0.2055697, 0.11196, 0.01859937
 108740653, -0.8916526, 0.2522923, 0.1460578, 0.01859937
 108840613, -0.8827879, 0.3177938, 0.1559925, 0.01859937
 108940573, -0.8754887, 0.4088864, 0.1697306, 0.01859937
 109040533, -0.8727291, 0.4908238, 0.1589146, 0.01859937
 109140493, -0.8759716, 0.5644969, 0.0841691, 0.01859937
