TimeUS,CGpN,CGpE,CGpD,CGpe,PGpN,PGpE,PGpD,PGpe
 8425795, 0, 0, 0, 2.5, 0, 0, 0, 0
 8606556, 0, 0, 0, 2.5, 0, 0, 0, 2.5
 8806476, 0, 0, 0, 2.5, 0, 0, 0, 2.5
 9006396, 0, 0, 0, 2.5, 0, 0, 0, 2.5
 9206316, 0, 0, 0, 2.5, 0, 0, 0, 2.5
 9406236, 0, 0, 0, 2.5, 0, 0, 0, 2.5
 9606156, 0, 0, 0, 2.5, 0, 0, 0, 2.5
 9806076, 0, 0, 0, 2.5, 0, 0, 0, 2.5
 10005996, 0, 0, 0, 2.5, 0, 0, 0, 2.5
 10205916, 0, 0, 0, 2.5, 0, 0, 0, 2.5
 10405836, 0, 0, 0, 2.5, 0, 0, 0, 2.5
 10606589, 0, 0, 0, 2.5, 0, 0, 0, 2.5
 10806509, 0, 0, 0, 2.5, 0, 0, 0, 2.5
 11006429, 0, 0, 0, 2.5, 0, 0, 0, 2.5
 11206349, 0, 0, 0, 2.5, 0, 0, 0, 2.5
 11406269, 0, 0, 0, 2.5, 0, 0, 0, 2.5
 11606189, 0, 0, 0, 2.5, 0, 0, 0, 2.5
 11806109, 0, 0, 0, 2.5, 0, 0, 0, 2.5
 12006029, 0, 0, 0, 2.5, 0, 0, 0, 2.5
 12205949, 0, 0, 0, 2.5, 0, 0, 0, 2.5
 12405869, 0, 0, 0, 2.5, 0, 0, 0, 2.5
 12605789, 0, 0, 0, 2.5, 0, 0, 0, 2.5
 12806542, 0, 0, 0, 2.5, 0, 0, 0, 2.5
 13006462, 0, 0, 0, 2.5, 0, 0, 0, 2.5
 13206382, 0, 0, 0, 2.5, 0, 0, 0, 2.5
 13406302, 0, 0, 0, 2.5, 0, 0, 0, 2.5
 13606222, 0, 0, 0, 2.5, 0, 0, 0, 2.5
 13806142, 0, 0, 0, 2.5, 0, 0, 0, 2.5
 14006062, 0, 0, 0, 2.5, 0, 0, 0, 2.5
 14205982, 0, 0, 0, 2.5, 0, 0, 0, 2.5
 14405902, 0, 0, 0, 2.5, 0, 0, 0, 2.5
 14605822, 0, 0, 0, 2.5, 0, 0, 0, 2.5
 14806575, 0, 0, 0, 2.5, 0, 0, 0, 2.5
 15006495, 0, 0, 0, 2.5, 0, 0, 0, 2.5
 15206415, 0, 0, 0, 2.5, 0, 0, 0, 2.5
 15406335, 0, 0, 0, 2.5, 0, 0, 0, 2.5
 15606255, 0, 0, 0, 2.5, 0, 0, 0, 2.5
 15806175, 0, 0, 0, 2.5, 0, 0, 0, 2.5
 16006095, 0, 0, 0, 2.5, 0, 0, 0, 2.5
 16206015, 0, 0, 0, 2.5, 0, 0, 0, 2.5
 16405935, 0, 0, 0, 2.5, 0, 0, 0, 2.5
 16605855, 0, 0, 0, 2.5, 0, 0, 0, 2.5
 16805775, 0, 0, 0, 2.5, 0, 0, 0, 2.5
 17006528, 0, 0, 0, 2.5, 0, 0, 0, 2.5
 17206448, 0, 0, 0, 2.5, 0, 0, 0, 2.5
 17406368, 0, 0, 0, 2.5, 0, 0, 0, 2.5
 17606288, 0, 0, 0, 2.5, 0, 0, 0, 2.5
 17806208, 0, 0, 0, 2.5, 0, 0, 0, 2.5
 18006128, 0, 0, 0, 2.5, 0, 0, 0, 2.5
 18206048, 0, 0, 0, 2.5, 0, 0, 0, 2.5
 18405968, 0, 0, 0, 2.5, 0, 0, 0, 2.5
 18605888, 0, 0, 0, 2.5, 0, 0, 0, 2.5
 18805808, 0, 0, 0, 2.5, 0, 0, 0, 2.5
 19006561, 0, 0, 0, 2.5, 0, 0, 0, 2.5
 19206481, 0, 0, 0, 2.5, 0, 0, 0, 2.5
 19406401, 0, 0, 0, 2.5, 0, 0, 0, 2.5
 19606321, 0, 0, 0, 2.5, 0, 0, 0, 2.5
 19806241, 0, 0, 0, 2.5, 0, 0, 0, 2.5
 20006161, 0, 0, 0, 2.5, 0, 0, 0, 2.5
 20206081, 0, 0, 0, 2.5, 0, 0, 0, 2.5
 20406001, 0, 0, 0, 2.5, 0, 0, 0, 2.5
 20605921, 0, 0, 0, 2.5, 0, 0, 0, 2.5
 20805841, 0, 0, 0, 2.5, 0, 0, 0, 2.5
 21005761, 0, 0, 0, 2.5, 0, 0, 0, 2.5
 21206514, 0, 0, 0, 2.5, 0, 0, 0, 2.5
 21406434, 0, 0, 0, 2.5, 0, 0, 0, 2.5
 21606354, 0, 0, 0, 2.5, 0, 0, 0, 2.5
 21806274, 0, 0, 0, 2.5, 0, 0, 0, 2.5
 22006194, 0, 0, 0, 2.5, 0, 0, 0, 2.5
 22206114, 0, 0, 0, 2.5, 0, 0, 0, 2.5
 22406034, 0, 0, 0, 2.5, 0, 0, 0, 2.5
 22605954, 0, 0, 0, 2.5, 0, 0, 0, 2.5
 22805874, 0, 0, 0, 2.5, 0, 0, 0, 2.5
 23005794, 0, 0, 0, 2.5, 0, 0, 0, 2.5
 23206547, 0, 0, 0, 2.5, 0, 0, 0, 2.5
 23406467, 0, 0, 0, 2.5, 0, 0, 0, 2.5
 23606387, 0, 0, 0, 2.5, 0, 0, 0, 2.5
 23806307, 0, 0, 0, 2.5, 0, 0, 0, 2.5
 24006227, 0, 0, 0, 2.5, 0, 0, 0, 2.5
 24206147, 0, 0, 0, 2.5, 0, 0, 0, 2.5
 24406067, 0, 0, 0, 2.5, 0, 0, 0, 2.5
 24605987, 0, 0, 0, 2.5, 0, 0, 0, 2.5
 24805907, 0, 0, 0, 2.5, 0, 0, 0, 2.5
 25005827, 0, 0, 0, 2.5, 0, 0, 0, 2.5
 25206580, 0, 0, 0, 2.5, 0, 0, 0, 2.5
 25406500, 0, 0, 0, 2.5, 0, 0, 0, 2.5
 25606420, 0, 0, 0, 2.5, 0, 0, 0, 2.5
 25806340, 0, 0, 0, 2.5, 0, 0, 0, 2.5
 26006260, 0, 0, 0, 2.5, 0, 0, 0, 2.5
 26206180, 0, 0, 0, 2.5, 0, 0, 0, 2.5
 26406100, 0, 0, 0, 2.5, 0, 0, 0, 2.5
 26606020, 0, 0, 0, 2.5, 0, 0, 0, 2.5
 26805940, 0, 0, 0, 2.5, 0, 0, 0, 2.5
 27005860, 0, 0, 0, 2.5, 0, 0, 0, 2.5
 27205780, 0, 0, 0, 2.5, 0, 0, 0, 2.5
 27406533, 0, 0, 0, 2.5, 0, 0, 0, 2.5
 27606453, 0, 0, 0, 2.5, 0, 0, 0, 2.5
 27806373, 0, 0, 0, 2.5, 0, 0, 0, 2.5
 28006293, 0, 0, 0, 2.5, 0, 0, 0, 2.5
 28206213, 0, 0, 0, 2.5, 0, 0, 0, 2.5
 28406133, 0, 0, 0, 2.5, 0, 0, 0, 2.5
 28606053, 0, 0, 0, 2.5, 0, 0, 0, 2.5
 28805973, 0, 0, 0, 2.5, 0, 0, 0, 2.5
 29005893, 0, 0, 0, 2.5, 0, 0, 0, 2.5
 29205813, 0, 0, 0, 2.5, 0, 0, 0, 2.5
 29406566, 0, 0, 0, 2.5, 0, 0, 0, 2.5
 29606486, 0, 0, 0, 2.5, 0, 0, 0, 2.5
 29806406, 0, 0, 0, 2.5, 0, 0, 0, 2.5
 30006326, 0, 0, 0, 2.5, 0, 0, 0, 2.5
 30206246, 0, 0, 0, 2.5, 0, 0, 0, 2.5
 30406166, 0, 0, 0, 2.5, 0, 0, 0, 2.5
 30606086, 0, 0, 0, 2.5, 0, 0, 0, 2.5
 30806006, 0, 0, 0, 2.5, 0, 0, 0, 2.5
 31005926, 0, 0, 0, 2.5, 0, 0, 0, 2.5
 31205846, 0, 0, 0, 2.5, 0, 0, 0, 2.5
 31405766, 0, 0, 0, 2.5, 0, 0, 0, 2.5
 31606519, 0, 0, 0, 2.5, 0, 0, 0, 2.5
 31806439, 0, 0, 0, 2.5, 0, 0, 0, 2.5
 32006359, 0, 0, 0, 2.5, 0, 0, 0, 2.5
 32206279, 0, 0, 0, 2.5, 0, 0, 0, 2.5
 32406199, 0, 0, 0, 2.5, 0, 0, 0, 2.5
 32606119, 0, 0, 0, 2.5, 0, 0, 0, 2.5
 32806039, 0, 0, 0, 2.5, 0, 0, 0, 2.5
 33005959, 0, 0, 0, 2.5, 0, 0, 0, 2.5
 33205879, 0, 0, 0, 2.5, 0, 0, 0, 2.5
 33405799, 0, 0, 0, 2.5, 0, 0, 0, 2.5
 33606552, 0, 0, 0, 2.5, 0, 0, 0, 2.5
 33806472, 0, 0, 0, 2.5, 0, 0, 0, 2.5
 34006392, 0, 0, 0, 2.5, 0, 0, 0, 2.5
 34206312, 0, 0, 0, 2.5, 0, 0, 0, 2.5
 34406232, 0, 0, 0, 2.5, 0, 0, 0, 2.5
 34606152, 0, 0, 0, 2.5, 0, 0, 0, 2.5
 34806072, 0, 0, 0, 2.5, 0, 0, 0, 2.5
 35005992, 0, 0, 0, 2.5, 0, 0, 0, 2.5
 35205912, 0, 0, 0, 2.5, 0, 0, 0, 2.5
 35405832, 0, 0, 0, 2.5, 0, 0, 0, 2.5
 35606585, 0, 0, 0, 2.5, 0, 0, 0, 2.5
 35806505, 0, 0, 0, 2.5, 0, 0, 0, 2.5
 36006425, 0, 0, 0, 2.5, 0, 0, 0, 2.5
 36206345, 0, 0, 0, 2.5, 0, 0, 0, 2.5
 36406265, 0, 0, 0, 2.5, 0, 0, 0, 2.5
 36606185, 0, 0, 0, 2.5, 0, 0, 0, 2.5
 36806105, 0, 0, 0, 2.5, 0, 0, 0, 2.5
 37006025, 0, 0, 0, 2.5, 0, 0, 0, 2.5
 37205945, 0, 0, 0, 2.5, 0, 0, 0, 2.5
 37405865, 0, 0, 0, 2.5, 0, 0, 0, 2.5
 37605785, 0, 0, 0, 2.5, 0, 0, 0, 2.5
 37806538, 0, 0, 0, 2.5, 0, 0, 0, 2.5
 38006458, 0, 0, 0, 2.5, 0, 0, 0, 2.5
 38206378, 0, 0, 0, 2.5, 0, 0, 0, 2.5
 38406298, 0, 0, 0, 2.5, 0, 0, 0, 2.5
 38606218, 0, 0, 0, 2.5, 0, 0, 0, 2.5
 38806138, 0, 0, 0, 2.5, 0, 0, 0, 2.5
 39006058, 0, 0, 0, 2.5, 0, 0, 0, 2.5
 39205978, 0, 0, 0, 2.5, 0, 0, 0, 2.5
 39405898, 0, 0, 0, 2.5, 0, 0, 0, 2.5
 39605818, 0, 0, 0, 2.5, 0, 0, 0, 2.5
 39806571, 0, 0, 0, 2.5, 0, 0, 0, 2.5
 40006491, 0, 0, 0, 2.5, 0, 0, 0, 2.5
 40206411, 0, 0, 0, 2.5, 0, 0, 0, 2.5
 40406331, 0, 0, 0, 2.5, 0, 0, 0, 2.5
 40606251, 0, 0, 0, 2.5, 0, 0, 0, 2.5
 40806171, 0, 0, 0, 2.5, 0, 0, 0, 2.5
 41006091, 0, 0, 0, 2.5, 0, 0, 0, 2.5
 41206011, 0, 0, 0, 2.5, 0, 0, 0, 2.5
 41405931, 0, 0, 0, 2.5, 0, 0, 0, 2.5
 41605851, 0, 0, 0, 2.5, 0, 0, 0, 2.5
 41805771, 0, 0, 0, 2.5, 0, 0, 0, 2.5
 42006524, 0, 0, 0, 2.5, 0, 0, 0, 2.5
 42206444, 0, 0, 0, 2.5, 0, 0, 0, 2.5
 42406364, 0, 0, 0, 2.5, 0, 0, 0, 2.5
 42606284, 0, 0, 0, 2.5, 0, 0, 0, 2.5
 42806204, 0, 0, 0, 2.5, 0, 0, 0, 2.5
 43006124, 0, 0, 0, 2.5, 0, 0, 0, 2.5
 43206044, 0, 0, 0, 2.5, 0, 0, 0, 2.5
 43405964, 0, 0, 0, 2.5, 0, 0, 0, 2.5
 43605884, 0, 0, 0, 2.5, 0, 0, 0, 2.5
 43805804, 0, 0, 0, 2.5, 0, 0, 0, 2.5
 44006557, 0, 0, 0, 2.5, 0, 0, 0, 2.5
 44206477, 0, 0, 0, 2.5, 0, 0, 0, 2.5
 44406397, 0, 0, 0, 2.5, 0, 0, 0, 2.5
 44606317, 0, 0, 0, 2.5, 0, 0, 0, 2.5
 44806237, 0, 0, 0, 2.5, 0, 0, 0, 2.5
 45006157, 0, 0, 0, 2.5, 0, 0, 0, 2.5
 45206077, 0, 0, 0, 2.5, 0, 0, 0, 2.5
 45405997, 0, 0, 0, 2.5, 0, 0, 0, 2.5
 45605917, 0, 0, 0, 2.5, 0, 0, 0, 2.5
 45805837, 0, 0, 0, 2.5, 0, 0, 0, 2.5
 46006590, 0, 0, 0, 2.5, 0, 0, 0, 2.5
 46206510, 0, 0, 0, 2.5, 0, 0, 0, 2.5
 46406430, 0, 0, 0, 2.5, 0, 0, 0, 2.5
 46606350, 0, 0, -0.033, 2.5, 0, 0, 0, 2.5
 46806270, 0, 0, -0.678, 2.5, 0, 0, -0.033, 2.5
 47006190, -0.001, -0.001, -1.637, 2.5, 0, 0, -0.678, 2.5
 47206110, -0.007, -0.008, -3.092, 2.5, -0.001, -0.001, -1.637, 2.5
 47406030, -0.014, -0.017, -3.891, 2.5, -0.007, -0.008, -3.092, 2.5
 47605950, -0.021, -0.026, -4.555, 2.5, -0.014, -0.017, -3.891, 2.5
 47805870, -0.027, -0.036, -5.195, 2.5, -0.021, -0.026, -4.555, 2.5
 48005790, -0.033, -0.044, -5.737, 2.5, -0.027, -0.036, -5.195, 2.5
 48206543, -0.037, -0.052, -6.186, 2.5, -0.033, -0.044, -5.737, 2.5
 48406463, -0.042, -0.057, -6.559, 2.5, -0.037, -0.052, -6.186, 2.5
 48606383, -0.047, -0.06, -6.87, 2.5, -0.042, -0.057, -6.559, 2.5
 48806303, -0.051, -0.062, -7.126, 2.5, -0.047, -0.06, -6.87, 2.5
 49006223, -0.056, -0.06500001, -7.334, 2.5, -0.051, -0.062, -7.126, 2.5
 49206143, -0.061, -0.067, -7.503, 2.5, -0.056, -0.06500001, -7.334, 2.5
 49406063, -0.066, -0.071, -7.639, 2.5, -0.061, -0.067, -7.503, 2.5
 49605983, -0.06900001, -0.07300001, -7.746, 2.5, -0.066, -0.071, -7.639, 2.5
 49805903, -0.071, -0.07700001, -7.83, 2.5, -0.06900001, -0.07300001, -7.746, 2.5
 50005823, -0.072, -0.08000001, -7.897, 2.5, -0.071, -0.07700001, -7.83, 2.5
 50206576, -0.072, -0.08400001, -7.951, 2.5, -0.072, -0.08000001, -7.897, 2.5
 50406496, -0.07300001, -0.08800001, -7.993001, 2.5, -0.072, -0.08400001, -7.951, 2.5
 50606416, -0.074, -0.09100001, -8.024, 2.5, -0.07300001, -0.08800001, -7.993001, 2.5
 50806336, -0.075, -0.09200001, -7.556, 2.5, -0.074, -0.09100001, -8.024, 2.5
 51006256, -0.075, -0.09200001, -6.938, 2.5, -0.075, -0.09200001, -7.556, 2.5
 51206176, -0.07600001, -0.09200001, -6.426, 2.5, -0.075, -0.09200001, -6.938, 2.5
 51406096, -0.072, -0.083, -6.075, 2.5, -0.07600001, -0.09200001, -6.426, 2.5
 51606016, -0.064, -0.053, -5.654, 2.5, -0.072, -0.083, -6.075, 2.5
 51805936, -0.04, -0.028, -5.045, 2.5, -0.064, -0.053, -5.654, 2.5
 52005856, -0.017, -0.012, -4.273, 2.5, -0.04, -0.028, -5.045, 2.5
 52205776, -0.003, -0.006, -3.516, 2.5, -0.017, -0.012, -4.273, 2.5
 52406529, 0.003, -0.008, -2.832, 2.5, -0.003, -0.006, -3.516, 2.5
 52606449, 0.01, -0.014, -2.251, 2.5, 0.003, -0.008, -2.832, 2.5
 52806369, 0.02, -0.018, -1.785, 2.5, 0.01, -0.014, -2.251, 2.5
 53006289, 0.039, -0.028, -1.497, 2.5, 0.02, -0.018, -1.785, 2.5
 53206209, 0.051, -0.056, -1.307, 2.5, 0.039, -0.028, -1.497, 2.5
 53406129, 0.047, -0.086, -1.158, 2.5, 0.051, -0.056, -1.307, 2.5
 53606049, 0.031, -0.113, -1.025, 2.5, 0.047, -0.086, -1.158, 2.5
 53805969, 0.018, -0.13, -0.892, 2.5, 0.031, -0.113, -1.025, 2.5
 54005889, -0.003, -0.131, -0.752, 2.5, 0.018, -0.13, -0.892, 2.5
 54205809, -0.03, -0.111, -0.6, 2.5, -0.003, -0.131, -0.752, 2.5
 54406562, -0.047, -0.082, -0.437, 2.5, -0.03, -0.111, -0.6, 2.5
 54606482, -0.043, -0.04, -0.266, 2.5, -0.047, -0.082, -0.437, 2.5
 54806402, -0.047, -0.001, -0.086, 2.5, -0.043, -0.04, -0.266, 2.5
 55006322, -0.05, 0.021, 0.083, 2.5, -0.047, -0.001, -0.086, 2.5
 55206242, -0.053, 0.03, 0.17, 2.5, -0.05, 0.021, 0.083, 2.5
 55406162, -0.041, 0.031, 0.193, 2.5, -0.053, 0.03, 0.17, 2.5
 55606082, -0.02, 0.014, 0.179, 2.5, -0.041, 0.031, 0.193, 2.5
 55806002, 0.009000001, -0.01, 0.149, 2.5, -0.02, 0.014, 0.179, 2.5
 56005922, 0.026, -0.043, 0.114, 2.5, 0.009000001, -0.01, 0.149, 2.5
 56205842, 0.05, -0.071, 0.081, 2.5, 0.026, -0.043, 0.114, 2.5
 56405762, 0.086, -0.082, 0.054, 2.5, 0.05, -0.071, 0.081, 2.5
 56606515, 0.114, -0.06900001, 0.033, 2.5, 0.086, -0.082, 0.054, 2.5
 56806435, 0.113, -0.032, 0.018, 2.5, 0.114, -0.06900001, 0.033, 2.5
 57006355, 0.104, 0.01, 0.008, 2.5, 0.113, -0.032, 0.018, 2.5
 57206275, 0.079, 0.049, 0.001, 2.5, 0.104, 0.01, 0.008, 2.5
 57406195, 0.061, 0.06500001, -0.001, 2.5, 0.079, 0.049, 0.001, 2.5
 57606115, 0.053, 0.061, -0.004, 2.5, 0.061, 0.06500001, -0.001, 2.5
 57806035, 0.053, 0.051, -0.006, 2.5, 0.053, 0.061, -0.004, 2.5
 58005955, 0.062, 0.045, -0.008, 2.5, 0.053, 0.051, -0.006, 2.5
 58205875, 0.081, 0.038, -0.01, 2.5, 0.062, 0.045, -0.008, 2.5
 58405795, 0.09200001, 0.029, -0.012, 2.5, 0.081, 0.038, -0.01, 2.5
 58606548, 0.087, 0.022, -0.014, 2.5, 0.09200001, 0.029, -0.012, 2.5
 58806468, 0.081, 0.011, -0.015, 2.5, 0.087, 0.022, -0.014, 2.5
 59006388, 0.07600001, 0.002, -0.016, 2.5, 0.081, 0.011, -0.015, 2.5
 59206308, 0.067, -0.002, -0.015, 2.5, 0.07600001, 0.002, -0.016, 2.5
 59406228, 0.061, -0.015, -0.016, 2.5, 0.067, -0.002, -0.015, 2.5
 59606148, 0.059, -0.029, -0.017, 2.5, 0.061, -0.015, -0.016, 2.5
 59806068, 0.061, -0.034, -0.019, 2.5, 0.059, -0.029, -0.017, 2.5
 60005988, 0.067, -0.032, -0.021, 2.5, 0.061, -0.034, -0.019, 2.5
 60205908, 0.071, -0.022, -0.023, 2.5, 0.067, -0.032, -0.021, 2.5
 60405828, 0.074, 0, -0.025, 2.5, 0.071, -0.022, -0.023, 2.5
 60606581, 0.07700001, 0.015, -0.027, 2.5, 0.074, 0, -0.025, 2.5
 60806501, 0.054, 0.035, -0.029, 2.5, 0.07700001, 0.015, -0.027, 2.5
 61006421, 0.026, 0.052, -0.03, 2.5, 0.054, 0.035, -0.029, 2.5
 61206341, 0.014, 0.049, -0.031, 2.5, 0.026, 0.052, -0.03, 2.5
 61406261, 0.01, 0.042, -0.031, 2.5, 0.014, 0.049, -0.031, 2.5
 61606181, 0.013, 0.034, -0.032, 2.5, 0.01, 0.042, -0.031, 2.5
 61806101, 0.023, 0.045, -0.031, 2.5, 0.013, 0.034, -0.032, 2.5
 62006021, 0.027, 0.054, -0.032, 2.5, 0.023, 0.045, -0.031, 2.5
 62205941, 0.027, 0.056, -0.032, 2.5, 0.027, 0.054, -0.032, 2.5
 62405861, 0.017, 0.049, -0.031, 2.5, 0.027, 0.056, -0.032, 2.5
 62605781, 0.01, 0.044, -0.031, 2.5, 0.017, 0.049, -0.031, 2.5
 62806534, 0.007, 0.045, -0.03, 2.5, 0.01, 0.044, -0.031, 2.5
 63006454, 0.002, 0.044, -0.03, 2.5, 0.007, 0.045, -0.03, 2.5
 63206374, 0, 0.031, -0.029, 2.5, 0.002, 0.044, -0.03, 2.5
 63406294, 0.008, 0.018, -0.028, 2.5, 0, 0.031, -0.029, 2.5
 63606214, 0.01, -0.002, -0.028, 2.5, 0.008, 0.018, -0.028, 2.5
 63806134, 0.001, -0.031, -0.027, 2.5, 0.01, -0.002, -0.028, 2.5
 64006054, -0.009000001, -0.047, -0.027, 2.5, 0.001, -0.031, -0.027, 2.5
 64205974, -0.015, -0.057, -0.027, 2.5, -0.009000001, -0.047, -0.027, 2.5
 64405894, -0.008, -0.06, -0.027, 2.5, -0.015, -0.057, -0.027, 2.5
 64605814, 0, -0.068, -0.026, 2.5, -0.008, -0.06, -0.027, 2.5
 64806567, -0.005, -0.078, -0.025, 2.5, 0, -0.068, -0.026, 2.5
 65006487, -0.012, -0.08000001, -0.025, 2.5, -0.005, -0.078, -0.025, 2.5
 65206407, -0.012, -0.082, -0.024, 2.5, -0.012, -0.08000001, -0.025, 2.5
 65406327, 0.002, -0.082, -0.023, 2.5, -0.012, -0.082, -0.024, 2.5
 65606247, 0.033, -0.08400001, -0.023, 2.5, 0.002, -0.082, -0.023, 2.5
 65806167, 0.063, -0.08400001, -0.022, 2.5, 0.033, -0.08400001, -0.023, 2.5
 66006087, 0.081, -0.085, -0.021, 2.5, 0.063, -0.08400001, -0.022, 2.5
 66206007, 0.096, -0.082, -0.021, 2.5, 0.081, -0.085, -0.021, 2.5
 66405927, 0.097, -0.071, -0.02, 2.5, 0.096, -0.082, -0.021, 2.5
 66605847, 0.075, -0.059, -0.019, 2.5, 0.097, -0.071, -0.02, 2.5
 66805767, 0.045, -0.049, -0.019, 2.5, 0.075, -0.059, -0.019, 2.5
 67006520, 0.021, -0.055, -0.019, 2.5, 0.045, -0.049, -0.019, 2.5
 67206440, -0.007, -0.056, -0.018, 2.5, 0.021, -0.055, -0.019, 2.5
 67406360, -0.026, -0.051, -0.018, 2.5, -0.007, -0.056, -0.018, 2.5
 67606280, -0.038, -0.042, -0.017, 2.5, -0.026, -0.051, -0.018, 2.5
 67806200, -0.041, -0.037, -0.016, 2.5, -0.038, -0.042, -0.017, 2.5
 68006120, -0.042, -0.035, -0.015, 2.5, -0.041, -0.037, -0.016, 2.5
 68206040, -0.047, -0.034, -0.015, 2.5, -0.042, -0.035, -0.015, 2.5
 68405960, -0.055, -0.036, -0.014, 2.5, -0.047, -0.034, -0.015, 2.5
 68605880, -0.061, -0.04, -0.013, 2.5, -0.055, -0.036, -0.014, 2.5
 68805800, -0.075, -0.051, -0.012, 2.5, -0.061, -0.04, -0.013, 2.5
 69006553, -0.075, -0.06, -0.011, 2.5, -0.075, -0.051, -0.012, 2.5
 69206473, -0.061, -0.064, -0.01, 2.5, -0.075, -0.06, -0.011, 2.5
 69406393, -0.062, -0.053, -0.01, 2.5, -0.061, -0.064, -0.01, 2.5
 69606313, -0.067, -0.04, -0.009000001, 2.5, -0.062, -0.053, -0.01, 2.5
 69806233, -0.071, -0.03, -0.009000001, 2.5, -0.067, -0.04, -0.009000001, 2.5
 70006153, -0.071, -0.02, -0.008, 2.5, -0.071, -0.03, -0.009000001, 2.5
 70206073, -0.06, -0.002, -0.008, 2.5, -0.071, -0.02, -0.008, 2.5
 70405993, -0.05, 0.016, -0.007, 2.5, -0.06, -0.002, -0.008, 2.5
 70605913, -0.049, 0.036, -0.007, 2.5, -0.05, 0.016, -0.007, 2.5
 70805833, -0.043, 0.047, -0.007, 2.5, -0.049, 0.036, -0.007, 2.5
 71006586, -0.032, 0.039, -0.007, 2.5, -0.043, 0.047, -0.007, 2.5
 71206506, -0.009000001, 0.033, -0.007, 2.5, -0.032, 0.039, -0.007, 2.5
 71406426, 0.017, 0.037, -0.007, 2.5, -0.009000001, 0.033, -0.007, 2.5
 71606346, 0.043, 0.025, -0.006, 2.5, 0.017, 0.037, -0.007, 2.5
 71806266, 0.053, 0.02, -0.006, 2.5, 0.043, 0.025, -0.006, 2.5
 72006186, 0.042, 0.025, -0.005, 2.5, 0.053, 0.02, -0.006, 2.5
 72206106, 0.018, 0.032, -0.004, 2.5, 0.042, 0.025, -0.005, 2.5
 72406026, -0.009000001, 0.049, -0.004, 2.5, 0.018, 0.032, -0.004, 2.5
 72605946, -0.028, 0.066, -0.004, 2.5, -0.009000001, 0.049, -0.004, 2.5
 72805866, -0.047, 0.093, -0.004, 2.5, -0.028, 0.066, -0.004, 2.5
 73005786, 0, 0.0125, -0.004, 2.5, -0.047, 0.093, -0.004, 2.5
 73206539, 0, 0.0125, -0.003, 2.5, 0, 0.0125, -0.004, 2.5
 73406459, 0, 0.0125, -0.003, 2.5, 0, 0.0125, -0.003, 2.5
 73606379, 0, 0.0125, -0.002, 2.5, 0, 0.0125, -0.003, 2.5
 73806299, 0, 0.0125, -0.002, 2.5, 0, 0.0125, -0.002, 2.5
 74006219, 0, 0.0125, -0.002, 2.5, 0, 0.0125, -0.002, 2.5
 74206139, 0, 0.0125, -0.002, 2.5, 0, 0.0125, -0.002, 2.5
 74406059, 0, 0.0125, -0.002, 2.5, 0, 0.0125, -0.002, 2.5
 74605979, 0, 0.0125, -0.001, 2.5, 0, 0.0125, -0.002, 2.5
 74805899, 0, 0.0125, -0.002, 2.5, 0, 0.0125, -0.001, 2.5
 75005819, 0, 0.0125, -0.001, 2.5, 0, 0.0125, -0.002, 2.5
 75206572, 0, 0.0125, -0.001, 2.5, 0, 0.0125, -0.001, 2.5
 75406492, 0, 0.0125, -0.001, 2.5, 0, 0.0125, -0.001, 2.5
 75606412, 0, 0.0125, -0.001, 2.5, 0, 0.0125, -0.001, 2.5
 75806332, 0, 0.0125, -0.001, 2.5, 0, 0.0125, -0.001, 2.5
 76006252, 0, 0.0125, 0, 2.5, 0, 0.0125, -0.001, 2.5
 76206172, 0, 0.0125, 0, 2.5, 0, 0.0125, 0, 2.5
 76406092, 0, 0.0125, 0, 2.5, 0, 0.0125, 0, 2.5
 76606012, 0, 0.0125, 0, 2.5, 0, 0.0125, 0, 2.5
 76805932, 0, 0.0125, 0.001, 2.5, 0, 0.0125, 0, 2.5
 77005852, 0, 0.0125, 0.002, 2.5, 0, 0.0125, 0.001, 2.5
 77205772, 0, 0.0125, 0.002, 2.5, 0, 0.0125, 0.002, 2.5
 77406525, 0, 0.0125, 0.003, 2.5, 0, 0.0125, 0.002, 2.5
 77606445, 0, 0.0125, 0.004, 2.5, 0, 0.0125, 0.003, 2.5
 77806365, 0, 0.0125, 0.005, 2.5, 0, 0.0125, 0.004, 2.5
 78006285, 0, 0.0125, 0.006, 2.5, 0, 0.0125, 0.005, 2.5
 78206205, 0, 0.0125, 0.007, 2.5, 0, 0.0125, 0.006, 2.5
 78406125, 0, 0.0125, 0.009000001, 2.5, 0, 0.0125, 0.007, 2.5
 78606045, 0, 0.0125, 0.01, 2.5, 0, 0.0125, 0.009000001, 2.5
 78805965, 0, 0.0125, 0.011, 2.5, 0, 0.0125, 0.01, 2.5
 79005885, 0, 0.0125, 0.013, 2.5, 0, 0.0125, 0.011, 2.5
 79205805, 0, 0.0125, 0.015, 2.5, 0, 0.0125, 0.013, 2.5
 79406558, 0, 0.0125, 0.016, 2.5, 0, 0.0125, 0.015, 2.5
 79606478, 0, 0.0125, 0.017, 2.5, 0, 0.0125, 0.016, 2.5
 79806398, 0, 0.0125, 0.019, 2.5, 0, 0.0125, 0.017, 2.5
 80006318, 0, 0.0125, 0.02, 2.5, 0, 0.0125, 0.019, 2.5
 80206238, 0, 0.0125, 0.021, 2.5, 0, 0.0125, 0.02, 2.5
 80406158, 0, 0.0125, 0.023, 2.5, 0, 0.0125, 0.021, 2.5
 80606078, 0, 0.0125, 0.024, 2.5, 0, 0.0125, 0.023, 2.5
 80805998, 0, 0.0125, 0.025, 2.5, 0, 0.0125, 0.024, 2.5
 81005918, 0, 0.0125, 0.027, 2.5, 0, 0.0125, 0.025, 2.5
 81205838, 0, 0.0125, 0.029, 2.5, 0, 0.0125, 0.027, 2.5
 81406591, 0, 0.0125, 0.03, 2.5, 0, 0.0125, 0.029, 2.5
 81606511, 0, 0.0125, 0.031, 2.5, 0, 0.0125, 0.03, 2.5
 81806431, 0, 0.0125, 0.033, 2.5, 0, 0.0125, 0.031, 2.5
 82006351, 0, 0.0125, 0.033, 2.5, 0, 0.0125, 0.033, 2.5
 82206271, 0, 0.0125, 0.034, 2.5, 0, 0.0125, 0.033, 2.5
 82406191, 0, 0.0125, 0.035, 2.5, 0, 0.0125, 0.034, 2.5
 82606111, 0, 0.0125, 0.036, 2.5, 0, 0.0125, 0.035, 2.5
 82806031, 0, 0.0125, 0.038, 2.5, 0, 0.0125, 0.036, 2.5
 83005951, 0, 0.0125, 0.039, 2.5, 0, 0.0125, 0.038, 2.5
 83205871, 0, 0.0125, 0.04, 2.5, 0, 0.0125, 0.039, 2.5
 83405791, 0, 0.0125, 0.041, 2.5, 0, 0.0125, 0.04, 2.5
 83606544, 0, 0.0125, 0.043, 2.5, 0, 0.0125, 0.041, 2.5
 83806464, 0, 0.0125, 0.044, 2.5, 0, 0.0125, 0.043, 2.5
 84006384, 0, 0.0125, 0.045, 2.5, 0, 0.0125, 0.044, 2.5
 84206304, 0, 0.0125, 0.047, 2.5, 0, 0.0125, 0.045, 2.5
 84406224, 0, 0.0125, 0.048, 2.5, 0, 0.0125, 0.047, 2.5
 84606144, 0, 0.0125, 0.049, 2.5, 0, 0.0125, 0.048, 2.5
 84806064, 0, 0.0125, 0.05, 2.5, 0, 0.0125, 0.049, 2.5
 85005984, 0, 0.0125, 0.051, 2.5, 0, 0.0125, 0.05, 2.5
 85205904, 0, 0.0125, 0.052, 2.5, 0, 0.0125, 0.051, 2.5
 85405824, 0, 0.0125, 0.053, 2.5, 0, 0.0125, 0.052, 2.5
 85606577, 0, 0.0125, 0.054, 2.5, 0, 0.0125, 0.053, 2.5
 85806497, 0, 0.0125, 0.054, 2.5, 0, 0.0125, 0.054, 2.5
 86006417, 0, 0.0125, 0.055, 2.5, 0, 0.0125, 0.054, 2.5
 86206337, 0, 0.0125, 0.055, 2.5, 0, 0.0125, 0.055, 2.5
 86406257, 0, 0.0125, 0.056, 2.5, 0, 0.0125, 0.055, 2.5
 86606177, 0, 0.0125, 0.056, 2.5, 0, 0.0125, 0.056, 2.5
 86806097, 0, 0.0125, 0.056, 2.5, 0, 0.0125, 0.056, 2.5
 87006017, 0, 0.0125, 0.056, 2.5, 0, 0.0125, 0.056, 2.5
 87205937, 0, 0.0125, 0.056, 2.5, 0, 0.0125, 0.056, 2.5
 87405857, 0, 0.0125, 0.056, 2.5, 0, 0.0125, 0.056, 2.5
 87605777, 0, 0.0125, 0.056, 2.5, 0, 0.0125, 0.056, 2.5
 87806530, 0, 0.0125, 0.056, 2.5, 0, 0.0125, 0.056, 2.5
 88006450, 0, 0.0125, 0.055, 2.5, 0, 0.0125, 0.056, 2.5
 88206370, 0, 0.0125, 0.055, 2.5, 0, 0.0125, 0.055, 2.5
 88406290, 0, 0.0125, 0.054, 2.5, 0, 0.0125, 0.055, 2.5
 88606210, 0, 0.0125, 0.054, 2.5, 0, 0.0125, 0.054, 2.5
 88806130, 0, 0.0125, 0.053, 2.5, 0, 0.0125, 0.054, 2.5
 89006050, 0, 0.0125, 0.053, 2.5, 0, 0.0125, 0.053, 2.5
 89205970, 0, 0.0125, 0.052, 2.5, 0, 0.0125, 0.053, 2.5
 89405890, 0, 0.0125, 0.052, 2.5, 0, 0.0125, 0.052, 2.5
 89605810, 0, 0.0125, 0.051, 2.5, 0, 0.0125, 0.052, 2.5
 89806563, 0, 0.0125, 0.05, 2.5, 0, 0.0125, 0.051, 2.5
 90006483, 0, 0.0125, 0.048, 2.5, 0, 0.0125, 0.05, 2.5
 90206403, 0, 0.0125, 0.04, 2.5, 0, 0.0125, 0.048, 2.5
 90406323, 0, 0.0125, 0.028, 2.5, 0, 0.0125, 0.04, 2.5
 90606243, 0, 0.0125, 0.013, 2.5, 0, 0.0125, 0.028, 2.5
 90806163, 0, 0.0125, -0.004, 2.5, 0, 0.0125, 0.013, 2.5
 91006083, 0, 0.0125, -0.023, 2.5, 0, 0.0125, -0.004, 2.5
 91206003, 0, 0.0125, -0.044, 2.5, 0, 0.0125, -0.023, 2.5
 91405923, 0, 0.0125, -0.06500001, 2.5, 0, 0.0125, -0.044, 2.5
 91605843, 0, 0.0125, -0.087, 2.5, 0, 0.0125, -0.06500001, 2.5
 91805763, 0, 0.0125, -0.108, 2.5, 0, 0.0125, -0.087, 2.5
 92006516, 0, 0.0125, -0.128, 2.5, 0, 0.0125, -0.108, 2.5
 92206436, 0, 0.0125, -0.146, 2.5, 0, 0.0125, -0.128, 2.5
 92406356, 0, 0.0125, -0.162, 2.5, 0, 0.0125, -0.146, 2.5
 92606276, 0, 0.0125, -0.177, 2.5, 0, 0.0125, -0.162, 2.5
 92806196, 0, 0.0125, -0.19, 2.5, 0, 0.0125, -0.177, 2.5
 93006116, 0, 0.0125, -0.199, 2.5, 0, 0.0125, -0.19, 2.5
 93206036, 0, 0.0125, -0.206, 2.5, 0, 0.0125, -0.199, 2.5
 93405956, 0, 0.0125, -0.21, 2.5, 0, 0.0125, -0.206, 2.5
 93605876, 0, 0.0125, -0.212, 2.5, 0, 0.0125, -0.21, 2.5
 93805796, 0, 0.0125, -0.211, 2.5, 0, 0.0125, -0.212, 2.5
 94006549, 0, 0.0125, -0.207, 2.5, 0, 0.0125, -0.211, 2.5
 94206469, 0, 0.0125, -0.202, 2.5, 0, 0.0125, -0.207, 2.5
 94406389, 0, 0.0125, -0.194, 2.5, 0, 0.0125, -0.202, 2.5
 94606309, 0, 0.0125, -0.186, 2.5, 0, 0.0125, -0.194, 2.5
 94806229, 0, 0.0125, -0.175, 2.5, 0, 0.0125, -0.186, 2.5
 95006149, 0, 0.0125, -0.162, 2.5, 0, 0.0125, -0.175, 2.5
 95206069, 0, 0.0125, -0.149, 2.5, 0, 0.0125, -0.162, 2.5
 95405989, 0, 0.0125, -0.135, 2.5, 0, 0.0125, -0.149, 2.5
 95605909, 0, 0.0125, -0.12, 2.5, 0, 0.0125, -0.135, 2.5
 95805829, 0, 0.0125, -0.105, 2.5, 0, 0.0125, -0.12, 2.5
 96006582, 0, 0.0125, -0.09100001, 2.5, 0, 0.0125, -0.105, 2.5
 96206502, 0, 0.0125, -0.07600001, 2.5, 0, 0.0125, -0.09100001, 2.5
 96406422, 0, 0.0125, -0.061, 2.5, 0, 0.0125, -0.07600001, 2.5
 96606342, 0, 0.0125, -0.047, 2.5, 0, 0.0125, -0.061, 2.5
 96806262, 0, 0.0125, -0.033, 2.5, 0, 0.0125, -0.047, 2.5
 97006182, 0, 0.0125, -0.02, 2.5, 0, 0.0125, -0.033, 2.5
 97206102, 0, 0.0125, -0.009000001, 2.5, 0, 0.0125, -0.02, 2.5
 97406022, 0, 0.0125, 0.002, 2.5, 0, 0.0125, -0.009000001, 2.5
 97605942, 0, 0.0125, 0.012, 2.5, 0, 0.0125, 0.002, 2.5
 97805862, 0, 0.0125, 0.021, 2.5, 0, 0.0125, 0.012, 2.5
 98005782, 0, 0.0125, 0.029, 2.5, 0, 0.0125, 0.021, 2.5
 98206535, 0, 0.0125, 0.036, 2.5, 0, 0.0125, 0.029, 2.5
 98406455, 0, 0.0125, 0.041, 2.5, 0, 0.0125, 0.036, 2.5
 98606375, 0, 0.0125, 0.046, 2.5, 0, 0.0125, 0.041, 2.5
 98806295, 0, 0.0125, 0.049, 2.5, 0, 0.0125, 0.046, 2.5
 99006215, 0, 0.0125, 0.051, 2.5, 0, 0.0125, 0.049, 2.5
 99206135, 0, 0.0125, 0.052, 2.5, 0, 0.0125, 0.051, 2.5
 99406055, 0, 0.0125, 0.053, 2.5, 0, 0.0125, 0.052, 2.5
 99605975, 0, 0.0125, 0.052, 2.5, 0, 0.0125, 0.053, 2.5
 99805895, 0, 0.0125, 0.051, 2.5, 0, 0.0125, 0.052, 2.5
 100005815, 0, 0.0125, 0.049, 2.5, 0, 0.0125, 0.051, 2.5
 100206568, 0, 0.0125, 0.047, 2.5, 0, 0.0125, 0.049, 2.5
 100406488, 0, 0.0125, 0.044, 2.5, 0, 0.0125, 0.047, 2.5
 100606408, 0, 0.0125, 0.041, 2.5, 0, 0.0125, 0.044, 2.5
 100806328, 0, 0.0125, 0.037, 2.5, 0, 0.0125, 0.041, 2.5
 101006248, 0, 0.0125, 0.034, 2.5, 0, 0.0125, 0.037, 2.5
 101206168, 0, 0.0125, 0.031, 2.5, 0, 0.0125, 0.034, 2.5
 101406088, 0, 0.0125, 0.027, 2.5, 0, 0.0125, 0.031, 2.5
 101606008, 0, 0.0125, 0.024, 2.5, 0, 0.0125, 0.027, 2.5
 101805928, 0, 0.0125, 0.022, 2.5, 0, 0.0125, 0.024, 2.5
 102005848, 0, 0.0125, 0.019, 2.5, 0, 0.0125, 0.022, 2.5
 102205768, 0, 0.0125, 0.015, 2.5, 0, 0.0125, 0.019, 2.5
 102406521, 0, 0.0125, 0.013, 2.5, 0, 0.0125, 0.015, 2.5
 102606441, 0, 0.0125, 0.011, 2.5, 0, 0.0125, 0.013, 2.5
 102806361, 0, 0.0125, 0.01, 2.5, 0, 0.0125, 0.011, 2.5
 103006281, 0, 0.0125, 0.008, 2.5, 0, 0.0125, 0.01, 2.5
 103206201, 0, 0.0125, 0.008, 2.5, 0, 0.0125, 0.008, 2.5
 103406121, 0, 0.0125, 0.007, 2.5, 0, 0.0125, 0.008, 2.5
 103606041, 0, 0.0125, 0.006, 2.5, 0, 0.0125, 0.007, 2.5
 103805961, 0, 0.0125, 0.006, 2.5, 0, 0.0125, 0.006, 2.5
 104005881, 0, 0.0125, 0.007, 2.5, 0, 0.0125, 0.006, 2.5
 104205801, 0, 0.0125, 0.007, 2.5, 0, 0.0125, 0.007, 2.5
 104406554, 0, 0.0125, 0.007, 2.5, 0, 0.0125, 0.007, 2.5
 104606474, 0, 0.0125, 0.008, 2.5, 0, 0.0125, 0.007, 2.5
 104806394, 0, 0.0125, 0.008, 2.5, 0, 0.0125, 0.008, 2.5
 105006314, 0, 0.0125, 0.009000001, 2.5, 0, 0.0125, 0.008, 2.5
 105206234, 0, 0.0125, 0.009000001, 2.5, 0, 0.0125, 0.009000001, 2.5
 105406154, 0, 0.0125, 0.01, 2.5, 0, 0.0125, 0.009000001, 2.5
 105606074, 0, 0.0125, 0.01, 2.5, 0, 0.0125, 0.01, 2.5
 105805994, 0, 0.0125, 0.011, 2.5, 0, 0.0125, 0.01, 2.5
 106005914, 0, 0.0125, 0.012, 2.5, 0, 0.0125, 0.011, 2.5
 106205834, 0, 0.0125, 0.012, 2.5, 0, 0.0125, 0.012, 2.5
 106406587, 0, 0.0125, 0.013, 2.5, 0, 0.0125, 0.012, 2.5
 106606507, 0, 0.0125, 0.013, 2.5, 0, 0.0125, 0.013, 2.5
 106806427, 0, 0.0125, 0.012, 2.5, 0, 0.0125, 0.013, 2.5
 107006347, 0, 0.0125, 0.012, 2.5, 0, 0.0125, 0.012, 2.5
 107206267, 0, 0.0125, 0.012, 2.5, 0, 0.0125, 0.012, 2.5
 107406187, 0, 0.0125, 0.012, 2.5, 0, 0.0125, 0.012, 2.5
 107606107, 0, 0.0125, 0.011, 2.5, 0, 0.0125, 0.012, 2.5
 107806027, 0, 0.0125, 0.01, 2.5, 0, 0.0125, 0.011, 2.5
 108005947, 0, 0.0125, 0.01, 2.5, 0, 0.0125, 0.01, 2.5
 108205867, 0, 0.0125, 0.009000001, 2.5, 0, 0.0125, 0.01, 2.5
 108405787, 0, 0.0125, 0.007, 2.5, 0, 0.0125, 0.009000001, 2.5
 108606540, 0, 0.0125, 0.007, 2.5, 0, 0.0125, 0.007, 2.5
 108806460, 0, 0.0125, 0.006, 2.5, 0, 0.0125, 0.007, 2.5
 109006380, 0, 0.0125, 0.005, 2.5, 0, 0.0125, 0.006, 2.5
 109206300, 0, 0.0125, 0.004, 2.5, 0, 0.0125, 0.005, 2.5
 109406220, 0, 0.0125, 0.003, 2.5, 0, 0.0125, 0.004, 2.5
 109606140, 0, 0.0125, 0.002, 2.5, 0, 0.0125, 0.003, 2.5
 109806060, 0, 0.0125, 0.002, 2.5, 0, 0.0125, 0.002, 2.5
 110005980, 0, 0.0125, 0.001, 2.5, 0, 0.0125, 0.002, 2.5
 110205900, 0, 0.0125, 0, 2.5, 0, 0.0125, 0.001, 2.5
 110405820, 0, 0.0125, 0, 2.5, 0, 0.0125, 0, 2.5
 110606573, 0, 0.0125, 0, 2.5, 0, 0.0125, 0, 2.5
 110806493, 0, 0.0125, 0, 2.5, 0, 0.0125, 0, 2.5
 111006413, 0, 0.0125, 0, 2.5, 0, 0.0125, 0, 2.5
 111206333, 0, 0.0125, 0, 2.5, 0, 0.0125, 0, 2.5
 111406253, 0, 0.0125, 0, 2.5, 0, 0.0125, 0, 2.5
 111606173, 0, 0.0125, 0, 2.5, 0, 0.0125, 0, 2.5
 111806093, 0, 0.0125, 0, 2.5, 0, 0.0125, 0, 2.5
 112006013, 0, 0.0125, 0, 2.5, 0, 0.0125, 0, 2.5
 112205933, 0, 0.0125, 0, 2.5, 0, 0.0125, 0, 2.5
 112405853, 0, 0.0125, 0.001, 2.5, 0, 0.0125, 0, 2.5
 112605773, 0, 0.0125, 0.001, 2.5, 0, 0.0125, 0.001, 2.5
 112806526, 0, 0.0125, 0.001, 2.5, 0, 0.0125, 0.001, 2.5
 113006446, 0, 0.0125, 0.002, 2.5, 0, 0.0125, 0.001, 2.5
 113206366, 0, 0.0125, 0.002, 2.5, 0, 0.0125, 0.002, 2.5
 113406286, 0, 0.0125, 0.002, 2.5, 0, 0.0125, 0.002, 2.5
 113606206, 0, 0.0125, 0.003, 2.5, 0, 0.0125, 0.002, 2.5
 113806126, 0, 0.0125, 0.003, 2.5, 0, 0.0125, 0.003, 2.5
 114006046, 0, 0.0125, 0.004, 2.5, 0, 0.0125, 0.003, 2.5
 114205966, 0, 0.0125, 0.004, 2.5, 0, 0.0125, 0.004, 2.5
 114405886, 0, 0.0125, 0.005, 2.5, 0, 0.0125, 0.004, 2.5
 114605806, 0, 0.0125, 0.005, 2.5, 0, 0.0125, 0.005, 2.5
 114806559, 0, 0.0125, 0.005, 2.5, 0, 0.0125, 0.005, 2.5
 115006479, 0, 0.0125, 0.005, 2.5, 0, 0.0125, 0.005, 2.5
 115206399, 0, 0.0125, 0.005, 2.5, 0, 0.0125, 0.005, 2.5
 115406319, 0, 0.0125, 0.006, 2.5, 0, 0.0125, 0.005, 2.5
 115606239, 0, 0.0125, 0.006, 2.5, 0, 0.0125, 0.006, 2.5
 115806159, 0, 0.0125, 0.007, 2.5, 0, 0.0125, 0.006, 2.5
 116006079, 0, 0.0125, 0.007, 2.5, 0, 0.0125, 0.007, 2.5
 116205999, 0, 0.0125, 0.007, 2.5, 0, 0.0125, 0.007, 2.5
 116405919, 0, 0.0125, 0.007, 2.5, 0, 0.0125, 0.007, 2.5
 116605839, 0, 0.0125, 0.007, 2.5, 0, 0.0125, 0.007, 2.5
 116806592, 0, 0.0125, 0.008, 2.5, 0, 0.0125, 0.007, 2.5
 117006512, 0, 0.0125, 0.008, 2.5, 0, 0.0125, 0.008, 2.5
 117206432, 0, 0.0125, 0.008, 2.5, 0, 0.0125, 0.008, 2.5
 117406352, 0, 0.0125, 0.008, 2.5, 0, 0.0125, 0.008, 2.5
 117606272, 0, 0.0125, 0.008, 2.5, 0, 0.0125, 0.008, 2.5
 117806192, 0, 0.0125, 0.008, 2.5, 0, 0.0125, 0.008, 2.5
 118006112, 0, 0.0125, 0.008, 2.5, 0, 0.0125, 0.008, 2.5
 118206032, 0, 0.0125, 0.007, 2.5, 0, 0.0125, 0.008, 2.5
 118405952, 0, 0.0125, 0.007, 2.5, 0, 0.0125, 0.007, 2.5
 118605872, 0, 0.0125, 0.007, 2.5, 0, 0.0125, 0.007, 2.5
 118805792, 0, 0.0125, 0.006, 2.5, 0, 0.0125, 0.007, 2.5
 119006545, 0, 0.0125, 0.005, 2.5, 0, 0.0125, 0.006, 2.5
 119206465, 0, 0.0125, 0.004, 2.5, 0, 0.0125, 0.005, 2.5
 119406385, 0, 0.0125, 0.004, 2.5, 0, 0.0125, 0.004, 2.5
 119606305, 0, 0.0125, 0.003, 2.5, 0, 0.0125, 0.004, 2.5
 119806225, 0, 0.0125, 0.002, 2.5, 0, 0.0125, 0.003, 2.5
 120006145, 0, 0.0125, 0.001, 2.5, 0, 0.0125, 0.002, 2.5
 120206065, 0, 0.0125, 0, 2.5, 0, 0.0125, 0.001, 2.5
 120405985, 0, 0.0125, 0, 2.5, 0, 0.0125, 0, 2.5
 120605905, 0, 0.0125, 0, 2.5, 0, 0.0125, 0, 2.5
 120805825, 0, 0.0125, -0.001, 2.5, 0, 0.0125, 0, 2.5
 121006578, 0, 0.0125, -0.002, 2.5, 0, 0.0125, -0.001, 2.5
 121206498, 0, 0.0125, -0.003, 2.5, 0, 0.0125, -0.002, 2.5
 121406418, 0, 0.0125, -0.003, 2.5, 0, 0.0125, -0.003, 2.5
 121606338, 0, 0.0125, -0.005, 2.5, 0, 0.0125, -0.003, 2.5
 121806258, 0, 0.0125, -0.006, 2.5, 0, 0.0125, -0.005, 2.5
 122006178, 0, 0.0125, -0.006, 2.5, 0, 0.0125, -0.006, 2.5
 122206098, 0, 0.0125, -0.008, 2.5, 0, 0.0125, -0.006, 2.5
 122406018, 0, 0.0125, -0.009000001, 2.5, 0, 0.0125, -0.008, 2.5
 122605938, 0, 0.0125, -0.011, 2.5, 0, 0.0125, -0.009000001, 2.5
 122805858, 0, 0.0125, -0.011, 2.5, 0, 0.0125, -0.011, 2.5
 123005778, 0, 0.0125, -0.013, 2.5, 0, 0.0125, -0.011, 2.5
 123206531, 0, 0.0125, -0.014, 2.5, 0, 0.0125, -0.013, 2.5
 123406451, 0, 0.0125, -0.015, 2.5, 0, 0.0125, -0.014, 2.5
 123606371, 0, 0.0125, -0.015, 2.5, 0, 0.0125, -0.015, 2.5
 123806291, 0, 0.0125, -0.017, 2.5, 0, 0.0125, -0.015, 2.5
 124006211, 0, 0.0125, -0.017, 2.5, 0, 0.0125, -0.017, 2.5
 124206131, 0, 0.0125, -0.017, 2.5, 0, 0.0125, -0.017, 2.5
 124406051, 0, 0.0125, -0.018, 2.5, 0, 0.0125, -0.017, 2.5
 124605971, 0, 0.0125, -0.019, 2.5, 0, 0.0125, -0.018, 2.5
 124805891, 0, 0.0125, -0.019, 2.5, 0, 0.0125, -0.019, 2.5
 125005811, 0, 0.0125, -0.019, 2.5, 0, 0.0125, -0.019, 2.5
 125206564, 0, 0.0125, -0.02, 2.5, 0, 0.0125, -0.019, 2.5
 125406484, 0, 0.0125, -0.021, 2.5, 0, 0.0125, -0.02, 2.5
 125606404, 0, 0.0125, -0.021, 2.5, 0, 0.0125, -0.021, 2.5
 125806324, 0, 0.0125, -0.021, 2.5, 0, 0.0125, -0.021, 2.5
 126006244, 0, 0.0125, -0.021, 2.5, 0, 0.0125, -0.021, 2.5
 126206164, 0, 0.0125, -0.021, 2.5, 0, 0.0125, -0.021, 2.5
 126406084, 0, 0.0125, -0.021, 2.5, 0, 0.0125, -0.021, 2.5
 126606004, 0, 0.0125, -0.021, 2.5, 0, 0.0125, -0.021, 2.5
 126805924, 0, 0.0125, -0.021, 2.5, 0, 0.0125, -0.021, 2.5
 127005844, 0, 0.0125, -0.021, 2.5, 0, 0.0125, -0.021, 2.5
 127205764, 0, 0.0125, -0.02, 2.5, 0, 0.0125, -0.021, 2.5
 127406517, 0, 0.0125, -0.02, 2.5, 0, 0.0125, -0.02, 2.5
 127606437, 0, 0.0125, -0.02, 2.5, 0, 0.0125, -0.02, 2.5
 127806357, 0, 0.0125, -0.02, 2.5, 0, 0.0125, -0.02, 2.5
 128006277, 0, 0.0125, -0.019, 2.5, 0, 0.0125, -0.02, 2.5
 128206197, 0, 0.0125, -0.019, 2.5, 0, 0.0125, -0.019, 2.5
 128406117, 0, 0.0125, -0.018, 2.5, 0, 0.0125, -0.019, 2.5
 128606037, 0, 0.0125, -0.018, 2.5, 0, 0.0125, -0.018, 2.5
 128805957, 0, 0.0125, -0.017, 2.5, 0, 0.0125, -0.018, 2.5
 129005877, 0, 0.0125, -0.016, 2.5, 0, 0.0125, -0.017, 2.5
 129205797, 0, 0.0125, -0.016, 2.5, 0, 0.0125, -0.016, 2.5
 129406550, 0, 0.0125, -0.016, 2.5, 0, 0.0125, -0.016, 2.5
 129606470, 0, 0.0125, -0.015, 2.5, 0, 0.0125, -0.016, 2.5
 129806390, 0, 0.0125, -0.015, 2.5, 0, 0.0125, -0.015, 2.5
 130006310, 0, 0.0125, -0.014, 2.5, 0, 0.0125, -0.015, 2.5
 130206230, 0, 0.0125, -0.013, 2.5, 0, 0.0125, -0.014, 2.5
 130406150, 0, 0.0125, -0.012, 2.5, 0, 0.0125, -0.013, 2.5
 130606070, 0, 0.0125, -0.011, 2.5, 0, 0.0125, -0.012, 2.5
 130805990, 0, 0.0125, -0.01, 2.5, 0, 0.0125, -0.011, 2.5
 131005910, 0, 0.0125, -0.009000001, 2.5, 0, 0.0125, -0.01, 2.5
 131205830, 0, 0.0125, -0.008, 2.5, 0, 0.0125, -0.009000001, 2.5
 131406583, 0, 0.0125, -0.008, 2.5, 0, 0.0125, -0.008, 2.5
 131606503, 0, 0.0125, -0.007, 2.5, 0, 0.0125, -0.008, 2.5
 131806423, 0, 0.0125, -0.006, 2.5, 0, 0.0125, -0.007, 2.5
 132006343, 0, 0.0125, -0.005, 2.5, 0, 0.0125, -0.006, 2.5
 132206263, 0, 0.0125, -0.003, 2.5, 0, 0.0125, -0.005, 2.5
 132406183, 0, 0.0125, -0.003, 2.5, 0, 0.0125, -0.003, 2.5
 132606103, 0, 0.0125, -0.001, 2.5, 0, 0.0125, -0.003, 2.5
 132806023, 0, 0.0125, -0.001, 2.5, 0, 0.0125, -0.001, 2.5
 133005943, 0, 0.0125, 0, 2.5, 0, 0.0125, -0.001, 2.5
 133205863, 0, 0.0125, 0, 2.5, 0, 0.0125, 0, 2.5
 133405783, 0, 0.0125, 0.001, 2.5, 0, 0.0125, 0, 2.5
 133606536, 0, 0.0125, 0.002, 2.5, 0, 0.0125, 0.001, 2.5
 133806456, 5.476, 8.989, 0.002, 2.5, 0, 0.0125, 0.002, 2.5
 134006376, 5.483, 8.981001, 0.003, 2.5, 5.476, 8.989, 0.002, 2.5
 134206296, 5.491, 8.974, 0.004, 2.5, 5.483, 8.981001, 0.003, 2.5
 134406216, 5.472, 8.966001, 0.034, 2.5, 5.491, 8.974, 0.004, 2.5
 134606136, 5.397, 8.928, 0.185, 2.5, 5.472, 8.966001, 0.034, 2.5
 134806056, 5.292, 8.888, 0.377, 2.5, 5.397, 8.928, 0.185, 2.5
 135005976, 5.172, 8.845, 0.585, 2.5, 5.292, 8.888, 0.377, 2.5
 135205896, 5.012, 8.747001, 0.774, 2.5, 5.172, 8.845, 0.585, 2.5
 135405816, 4.664, 8.155001, 0.933, 2.5, 5.012, 8.747001, 0.774, 2.5
 135606569, 4.282, 7.408, 1.222, 2.5, 4.664, 8.155001, 0.933, 2.5
 135806489, 3.93, 6.731, 1.505, 2.5, 4.282, 7.408, 1.222, 2.5
 136006409, 3.607, 6.136, 1.718, 2.5, 3.93, 6.731, 1.505, 2.5
 136206329, 3.31, 5.614, 1.852, 2.5, 3.607, 6.136, 1.718, 2.5
 136406249, 3.036, 5.155, 1.918, 2.5, 3.31, 5.614, 1.852, 2.5
 136606169, 2.784, 4.748, 1.937, 2.5, 3.036, 5.155, 1.918, 2.5
 136806089, 2.551, 4.386, 1.919, 2.5, 2.784, 4.748, 1.937, 2.5
 137006009, 2.334, 4.062, 1.868, 2.5, 2.551, 4.386, 1.919, 2.5
 137205929, 2.131, 3.769, 1.794, 2.5, 2.334, 4.062, 1.868, 2.5
 137405849, 1.942, 3.505, 1.705, 2.5, 2.131, 3.769, 1.794, 2.5
 137605769, 1.766, 3.266, 1.609, 2.5, 1.942, 3.505, 1.705, 2.5
 137806522, 1.6, 3.049, 1.512, 2.5, 1.766, 3.266, 1.609, 2.5
 138006442, 1.447, 2.852, 1.423, 2.5, 1.6, 3.049, 1.512, 2.5
 138206362, 1.305, 2.673, 1.346, 2.5, 1.447, 2.852, 1.423, 2.5
 138406282, 1.172, 2.51, 1.283, 2.5, 1.305, 2.673, 1.346, 2.5
 138606202, 1.049, 2.361, 1.236, 2.5, 1.172, 2.51, 1.283, 2.5
 138806122, 0.9350001, 2.225, 1.205, 2.5, 1.049, 2.361, 1.236, 2.5
 139006042, 0.8290001, 2.1, 1.189, 2.5, 0.9350001, 2.225, 1.205, 2.5
 139205962, 0.731, 1.986, 1.185, 2.5, 0.8290001, 2.1, 1.189, 2.5
 139405882, 0.641, 1.881, 1.193, 2.5, 0.731, 1.986, 1.185, 2.5
 139605802, 0.557, 1.784, 1.21, 2.5, 0.641, 1.881, 1.193, 2.5
 139806555, 0.479, 1.694, 1.232, 2.5, 0.557, 1.784, 1.21, 2.5
 140006475, 0.407, 1.612, 1.259, 2.5, 0.479, 1.694, 1.232, 2.5
 140206395, 0.339, 1.536, 1.286, 2.5, 0.407, 1.612, 1.259, 2.5
 140406315, 0.277, 1.466, 1.312, 2.5, 0.339, 1.536, 1.286, 2.5
 140606235, 0.22, 1.4, 1.339, 2.5, 0.277, 1.466, 1.312, 2.5
 140806155, 0.166, 1.338, 1.364, 2.5, 0.22, 1.4, 1.339, 2.5
 141006075, 0.117, 1.28, 1.385, 2.5, 0.166, 1.338, 1.364, 2.5
 141205995, 0.072, 1.225, 1.403, 2.5, 0.117, 1.28, 1.385, 2.5
 141405915, 0.03, 1.174, 1.418, 2.5, 0.072, 1.225, 1.403, 2.5
 141605835, -0.008, 1.125, 1.428, 2.5, 0.03, 1.174, 1.418, 2.5
 141806588, -0.044, 1.08, 1.435, 2.5, -0.008, 1.125, 1.428, 2.5
 142006508, -0.07700001, 1.037, 1.438, 2.5, -0.044, 1.08, 1.435, 2.5
 142206428, -0.108, 0.997, 1.439, 2.5, -0.07700001, 1.037, 1.438, 2.5
 142406348, -0.136, 0.9580001, 1.436, 2.5, -0.108, 0.997, 1.439, 2.5
 142606268, -0.161, 0.9220001, 1.431, 2.5, -0.136, 0.9580001, 1.436, 2.5
 142806188, -0.183, 0.8880001, 1.427, 2.5, -0.161, 0.9220001, 1.431, 2.5
 143006108, -0.203, 0.8560001, 1.422, 2.5, -0.183, 0.8880001, 1.427, 2.5
 143206028, -0.222, 0.825, 1.418, 2.5, -0.203, 0.8560001, 1.422, 2.5
 143405948, -0.238, 0.795, 1.415, 2.5, -0.222, 0.825, 1.418, 2.5
 143605868, -0.253, 0.765, 1.412, 2.5, -0.238, 0.795, 1.415, 2.5
 143805788, -0.267, 0.7360001, 1.411, 2.5, -0.253, 0.765, 1.412, 2.5
 144006541, -0.279, 0.7090001, 1.41, 2.5, -0.267, 0.7360001, 1.411, 2.5
 144206461, -0.29, 0.682, 1.411, 2.5, -0.279, 0.7090001, 1.41, 2.5
 144406381, -0.299, 0.656, 1.412, 2.5, -0.29, 0.682, 1.411, 2.5
 144606301, -0.307, 0.6300001, 1.414, 2.5, -0.299, 0.656, 1.412, 2.5
 144806221, -0.314, 0.606, 1.416, 2.5, -0.307, 0.6300001, 1.414, 2.5
 145006141, -0.32, 0.5840001, 1.417, 2.5, -0.314, 0.606, 1.416, 2.5
 145206061, -0.325, 0.563, 1.417, 2.5, -0.32, 0.5840001, 1.417, 2.5
 145405981, -0.329, 0.541, 1.419, 2.5, -0.325, 0.563, 1.417, 2.5
 145605901, -0.333, 0.52, 1.42, 2.5, -0.329, 0.541, 1.419, 2.5
 145805821, -0.336, 0.499, 1.422, 2.5, -0.333, 0.52, 1.42, 2.5
 146006574, -0.338, 0.478, 1.423, 2.5, -0.336, 0.499, 1.422, 2.5
 146206494, -0.339, 0.459, 1.424, 2.5, -0.338, 0.478, 1.423, 2.5
 146406414, -0.339, 0.441, 1.424, 2.5, -0.339, 0.459, 1.424, 2.5
 146606334, -0.338, 0.425, 1.426, 2.5, -0.339, 0.441, 1.424, 2.5
 146806254, -0.336, 0.408, 1.427, 2.5, -0.338, 0.425, 1.426, 2.5
 147006174, -0.333, 0.391, 1.427, 2.5, -0.336, 0.408, 1.427, 2.5
 147206094, -0.329, 0.375, 1.428, 2.5, -0.333, 0.391, 1.427, 2.5
 147406014, -0.325, 0.358, 1.428, 2.5, -0.329, 0.375, 1.428, 2.5
 147605934, -0.322, 0.341, 1.428, 2.5, -0.325, 0.358, 1.428, 2.5
 147805854, -0.318, 0.327, 1.428, 2.5, -0.322, 0.341, 1.428, 2.5
 148005774, -0.315, 0.313, 1.429, 2.5, -0.318, 0.327, 1.428, 2.5
 148206527, -0.311, 0.301, 1.43, 2.5, -0.315, 0.313, 1.429, 2.5
 148406447, -0.307, 0.29, 1.429, 2.5, -0.311, 0.301, 1.43, 2.5
 148606367, -0.303, 0.278, 1.429, 2.5, -0.307, 0.29, 1.429, 2.5
 148806287, -0.299, 0.267, 1.429, 2.5, -0.303, 0.278, 1.429, 2.5
 149006207, -0.296, 0.254, 1.429, 2.5, -0.299, 0.267, 1.429, 2.5
 149206127, -0.292, 0.243, 1.43, 2.5, -0.296, 0.254, 1.429, 2.5
 149406047, -0.288, 0.232, 1.429, 2.5, -0.292, 0.243, 1.43, 2.5
 149605967, -0.285, 0.22, 1.428, 2.5, -0.288, 0.232, 1.429, 2.5
 149805887, -0.281, 0.21, 1.428, 2.5, -0.285, 0.22, 1.428, 2.5
 150005807, -0.278, 0.199, 1.427, 2.5, -0.281, 0.21, 1.428, 2.5
 150206560, -0.274, 0.188, 1.428, 2.5, -0.278, 0.199, 1.427, 2.5
 150406480, -0.271, 0.178, 1.428, 2.5, -0.274, 0.188, 1.428, 2.5
 150606400, -0.267, 0.17, 1.428, 2.5, -0.271, 0.178, 1.428, 2.5
 150806320, -0.263, 0.163, 1.429, 2.5, -0.267, 0.17, 1.428, 2.5
 151006240, -0.259, 0.155, 1.429, 2.5, -0.263, 0.163, 1.429, 2.5
 151206160, -0.255, 0.149, 1.431, 2.5, -0.259, 0.155, 1.429, 2.5
 151406080, -0.252, 0.143, 1.418, 2.5, -0.255, 0.149, 1.431, 2.5
 151606000, -0.25, 0.136, 1.408, 2.5, -0.252, 0.143, 1.418, 2.5
 151805920, -0.248, 0.13, 1.406, 2.5, -0.25, 0.136, 1.408, 2.5
 152005840, -0.246, 0.125, 1.408, 2.5, -0.248, 0.13, 1.406, 2.5
 152205760, -0.244, 0.119, 1.412, 2.5, -0.246, 0.125, 1.408, 2.5
 152406513, -0.242, 0.114, 1.417, 2.5, -0.244, 0.119, 1.412, 2.5
 152606433, -0.24, 0.11, 1.422, 2.5, -0.242, 0.114, 1.417, 2.5
 152806353, -0.239, 0.105, 1.425, 2.5, -0.24, 0.11, 1.422, 2.5
 153006273, -0.238, 0.1, 1.428, 2.5, -0.239, 0.105, 1.425, 2.5
 153206193, -0.237, 0.096, 1.432, 2.5, -0.238, 0.1, 1.428, 2.5
 153406113, -0.236, 0.09200001, 1.434, 2.5, -0.237, 0.096, 1.432, 2.5
 153606033, -0.235, 0.08800001, 1.434, 2.5, -0.236, 0.09200001, 1.434, 2.5
 153805953, -0.234, 0.08400001, 1.435, 2.5, -0.235, 0.08800001, 1.434, 2.5
 154005873, -0.234, 0.081, 1.434, 2.5, -0.234, 0.08400001, 1.435, 2.5
 154205793, -0.233, 0.078, 1.432, 2.5, -0.234, 0.081, 1.434, 2.5
 154406546, -0.232, 0.075, 1.432, 2.5, -0.233, 0.078, 1.432, 2.5
 154606466, -0.232, 0.072, 1.431, 2.5, -0.232, 0.075, 1.432, 2.5
 154806386, -0.232, 0.07, 1.43, 2.5, -0.232, 0.072, 1.431, 2.5
 155006306, -0.232, 0.068, 1.431, 2.5, -0.232, 0.07, 1.43, 2.5
 155206226, -0.233, 0.066, 1.432, 2.5, -0.232, 0.068, 1.431, 2.5
 155406146, -0.233, 0.064, 1.433, 2.5, -0.233, 0.066, 1.432, 2.5
 155606066, -0.233, 0.062, 1.434, 2.5, -0.233, 0.064, 1.433, 2.5
 155805986, -0.234, 0.06, 1.434, 2.5, -0.233, 0.062, 1.434, 2.5
 156005906, -0.234, 0.059, 1.435, 2.5, -0.234, 0.06, 1.434, 2.5
 156205826, -0.235, 0.057, 1.434, 2.5, -0.234, 0.059, 1.435, 2.5
 156406579, -0.235, 0.056, 1.432, 2.5, -0.235, 0.057, 1.434, 2.5
 156606499, -0.236, 0.055, 1.431, 2.5, -0.235, 0.056, 1.432, 2.5
 156806419, -0.236, 0.054, 1.43, 2.5, -0.236, 0.055, 1.431, 2.5
 157006339, -0.237, 0.053, 1.392, 2.5, -0.236, 0.054, 1.43, 2.5
 157206259, -0.238, 0.052, 1.259, 2.5, -0.237, 0.053, 1.392, 2.5
 157406179, -0.239, 0.052, 1.062, 2.5, -0.238, 0.052, 1.259, 2.5
 157606099, -0.241, 0.051, 0.8430001, 2.5, -0.239, 0.052, 1.062, 2.5
 157806019, -0.242, 0.052, 0.619, 2.5, -0.241, 0.051, 0.8430001, 2.5
 158005939, -0.243, 0.052, 0.453, 2.5, -0.242, 0.052, 0.619, 2.5
 158205859, -0.243, 0.052, 0.375, 2.5, -0.243, 0.052, 0.453, 2.5
 158405779, -0.243, 0.052, 0.352, 2.5, -0.243, 0.052, 0.375, 2.5
 158606532, -0.244, 0.052, 0.36, 2.5, -0.243, 0.052, 0.352, 2.5
 158806452, -0.243, 0.052, 0.381, 2.5, -0.244, 0.052, 0.36, 2.5
 159006372, -0.244, 0.052, 0.405, 2.5, -0.243, 0.052, 0.381, 2.5
 159206292, -0.244, 0.052, 0.428, 2.5, -0.244, 0.052, 0.405, 2.5
 159406212, -0.244, 0.052, 0.445, 2.5, -0.244, 0.052, 0.428, 2.5
 159606132, -0.245, 0.053, 0.459, 2.5, -0.244, 0.052, 0.445, 2.5
 159806052, -0.246, 0.054, 0.468, 2.5, -0.245, 0.053, 0.459, 2.5
 160005972, -0.246, 0.055, 0.474, 2.5, -0.246, 0.054, 0.468, 2.5
 160205892, -0.247, 0.057, 0.476, 2.5, -0.246, 0.055, 0.474, 2.5
 160405812, -0.247, 0.058, 0.477, 2.5, -0.247, 0.057, 0.476, 2.5
 160606565, -0.248, 0.06, 0.477, 2.5, -0.247, 0.058, 0.477, 2.5
 160806485, -0.248, 0.061, 0.477, 2.5, -0.248, 0.06, 0.477, 2.5
 161006405, -0.249, 0.062, 0.477, 2.5, -0.248, 0.061, 0.477, 2.5
 161206325, -0.25, 0.064, 0.478, 2.5, -0.249, 0.062, 0.477, 2.5
 161406245, -0.25, 0.06500001, 0.478, 2.5, -0.25, 0.064, 0.478, 2.5
 161606165, -0.251, 0.067, 0.479, 2.5, -0.25, 0.06500001, 0.478, 2.5
 161806085, -0.252, 0.068, 0.48, 2.5, -0.251, 0.067, 0.479, 2.5
 162006005, -0.252, 0.07, 0.481, 2.5, -0.252, 0.068, 0.48, 2.5
 162205925, -0.253, 0.071, 0.482, 2.5, -0.252, 0.07, 0.481, 2.5
 162405845, -0.254, 0.07300001, 0.483, 2.5, -0.253, 0.071, 0.482, 2.5
 162605765, -0.255, 0.075, 0.483, 2.5, -0.254, 0.07300001, 0.483, 2.5
 162806518, -0.255, 0.07600001, 0.484, 2.5, -0.255, 0.075, 0.483, 2.5
 163006438, -0.256, 0.07700001, 0.484, 2.5, -0.255, 0.07600001, 0.484, 2.5
 163206358, -0.257, 0.079, 0.485, 2.5, -0.256, 0.07700001, 0.484, 2.5
 163406278, -0.257, 0.08000001, 0.485, 2.5, -0.257, 0.079, 0.485, 2.5
 163606198, -0.258, 0.081, 0.485, 2.5, -0.257, 0.08000001, 0.485, 2.5
 163806118, -0.258, 0.083, 0.486, 2.5, -0.258, 0.081, 0.485, 2.5
 164006038, -0.259, 0.08400001, 0.487, 2.5, -0.258, 0.083, 0.486, 2.5
 164205958, -0.26, 0.085, 0.487, 2.5, -0.259, 0.08400001, 0.487, 2.5
 164405878, -0.261, 0.087, 0.487, 2.5, -0.26, 0.085, 0.487, 2.5
 164605798, -0.262, 0.08800001, 0.487, 2.5, -0.261, 0.087, 0.487, 2.5
 164806551, -0.262, 0.09, 0.487, 2.5, -0.262, 0.08800001, 0.487, 2.5
 165006471, -0.263, 0.09100001, 0.488, 2.5, -0.262, 0.09, 0.487, 2.5
 165206391, -0.264, 0.093, 0.489, 2.5, -0.263, 0.09100001, 0.488, 2.5
 165406311, -0.265, 0.09500001, 0.489, 2.5, -0.264, 0.093, 0.489, 2.5
 165606231, -0.266, 0.096, 0.489, 2.5, -0.265, 0.09500001, 0.489, 2.5
 165806151, -0.267, 0.098, 0.489, 2.5, -0.266, 0.096, 0.489, 2.5
 166006071, -0.267, 0.1, 0.488, 2.5, -0.267, 0.098, 0.489, 2.5
 166205991, -0.268, 0.102, 0.488, 2.5, -0.267, 0.1, 0.488, 2.5
 166405911, -0.268, 0.104, 0.488, 2.5, -0.268, 0.102, 0.488, 2.5
 166605831, -0.269, 0.106, 0.488, 2.5, -0.268, 0.104, 0.488, 2.5
 166806584, -0.27, 0.107, 0.488, 2.5, -0.269, 0.106, 0.488, 2.5
 167006504, -0.271, 0.109, 0.489, 2.5, -0.27, 0.107, 0.488, 2.5
 167206424, -0.272, 0.111, 0.488, 2.5, -0.271, 0.109, 0.489, 2.5
 167406344, -0.272, 0.113, 0.488, 2.5, -0.272, 0.111, 0.488, 2.5
 167606264, -0.272, 0.115, 0.487, 2.5, -0.272, 0.113, 0.488, 2.5
 167806184, -0.273, 0.117, 0.487, 2.5, -0.272, 0.115, 0.487, 2.5
 168006104, -0.273, 0.12, 0.487, 2.5, -0.273, 0.117, 0.487, 2.5
 168206024, -0.274, 0.122, 0.486, 2.5, -0.273, 0.12, 0.487, 2.5
 168405944, -0.274, 0.123, 0.486, 2.5, -0.274, 0.122, 0.486, 2.5
 168605864, -0.275, 0.125, 0.485, 2.5, -0.274, 0.123, 0.486, 2.5
 168805784, -0.275, 0.126, 0.485, 2.5, -0.275, 0.125, 0.485, 2.5
 169006537, -0.276, 0.128, 0.484, 2.5, -0.275, 0.126, 0.485, 2.5
 169206457, -0.277, 0.129, 0.484, 2.5, -0.276, 0.128, 0.484, 2.5
 169406377, -0.278, 0.13, 0.483, 2.5, -0.277, 0.129, 0.484, 2.5
 169606297, -0.279, 0.132, 0.483, 2.5, -0.278, 0.13, 0.483, 2.5
 169806217, -0.279, 0.133, 0.484, 2.5, -0.279, 0.132, 0.483, 2.5
 170006137, -0.28, 0.134, 0.485, 2.5, -0.279, 0.133, 0.484, 2.5
 170206057, -0.28, 0.135, 0.485, 2.5, -0.28, 0.134, 0.485, 2.5
 170405977, -0.28, 0.136, 0.485, 2.5, -0.28, 0.135, 0.485, 2.5
 170605897, -0.281, 0.137, 0.484, 2.5, -0.28, 0.136, 0.485, 2.5
 170805817, -0.281, 0.138, 0.484, 2.5, -0.281, 0.137, 0.484, 2.5
 171006570, -0.281, 0.139, 0.484, 2.5, -0.281, 0.138, 0.484, 2.5
 171206490, -0.281, 0.14, 0.483, 2.5, -0.281, 0.139, 0.484, 2.5
 171406410, -0.281, 0.14, 0.483, 2.5, -0.281, 0.14, 0.483, 2.5
 171606330, -0.281, 0.142, 0.482, 2.5, -0.281, 0.14, 0.483, 2.5
 171806250, -0.281, 0.143, 0.482, 2.5, -0.281, 0.142, 0.482, 2.5
 172006170, -0.281, 0.144, 0.482, 2.5, -0.281, 0.143, 0.482, 2.5
 172206090, -0.281, 0.144, 0.483, 2.5, -0.281, 0.144, 0.482, 2.5
 172406010, -0.281, 0.145, 0.483, 2.5, -0.281, 0.144, 0.483, 2.5
 172605930, -0.282, 0.146, 0.482, 2.5, -0.281, 0.145, 0.483, 2.5
 172805850, -0.282, 0.147, 0.482, 2.5, -0.282, 0.146, 0.482, 2.5
 173005770, -0.282, 0.148, 0.481, 2.5, -0.282, 0.147, 0.482, 2.5
 173206523, -0.282, 0.149, 0.481, 2.5, -0.282, 0.148, 0.481, 2.5
 173406443, -0.282, 0.15, 0.481, 2.5, -0.282, 0.149, 0.481, 2.5
 173606363, -0.282, 0.151, 0.481, 2.5, -0.282, 0.15, 0.481, 2.5
 173806283, -0.282, 0.152, 0.481, 2.5, -0.282, 0.151, 0.481, 2.5
 174006203, -0.282, 0.153, 0.481, 2.5, -0.282, 0.152, 0.481, 2.5
 174206123, -0.282, 0.154, 0.481, 2.5, -0.282, 0.153, 0.481, 2.5
 174406043, -0.282, 0.155, 0.481, 2.5, -0.282, 0.154, 0.481, 2.5
 174605963, -0.282, 0.157, 0.481, 2.5, -0.282, 0.155, 0.481, 2.5
 174805883, -0.282, 0.158, 0.481, 2.5, -0.282, 0.157, 0.481, 2.5
 175005803, -0.282, 0.159, 0.481, 2.5, -0.282, 0.158, 0.481, 2.5
 175206556, -0.282, 0.16, 0.48, 2.5, -0.282, 0.159, 0.481, 2.5
 175406476, -0.282, 0.162, 0.48, 2.5, -0.282, 0.16, 0.48, 2.5
 175606396, -0.282, 0.163, 0.481, 2.5, -0.282, 0.162, 0.48, 2.5
 175806316, -0.283, 0.164, 0.481, 2.5, -0.282, 0.163, 0.481, 2.5
 176006236, -0.283, 0.165, 0.481, 2.5, -0.283, 0.164, 0.481, 2.5
 176206156, -0.283, 0.166, 0.481, 2.5, -0.283, 0.165, 0.481, 2.5
 176406076, -0.283, 0.167, 0.482, 2.5, -0.283, 0.166, 0.481, 2.5
 176605996, -0.284, 0.168, 0.482, 2.5, -0.283, 0.167, 0.482, 2.5
 176805916, -0.285, 0.169, 0.482, 2.5, -0.284, 0.168, 0.482, 2.5
 177005836, -0.285, 0.17, 0.481, 2.5, -0.285, 0.169, 0.482, 2.5
 177206589, -0.286, 0.171, 0.481, 2.5, -0.285, 0.17, 0.481, 2.5
 177406509, -0.287, 0.172, 0.481, 2.5, -0.286, 0.171, 0.481, 2.5
 177606429, -0.287, 0.173, 0.48, 2.5, -0.287, 0.172, 0.481, 2.5
 177806349, -0.056, 0.033, 0.098, 2.5, -0.287, 0.173, 0.48, 2.5
 178006269, 0.07700001, -0.046, -0.127, 2.5, -0.056, 0.033, 0.098, 2.5
 178206189, -0.001, 0, 0.001, 2.5, 0.07700001, -0.046, -0.127, 2.5
 178406109, -0.01, 0.006, 0.016, 2.5, -0.001, 0, 0.001, 2.5
 178606029, 0.001, 0, -0.002, 2.5, -0.01, 0.006, 0.016, 2.5
 178805949, 0.001, 0, -0.001, 2.5, 0.001, 0, -0.002, 2.5
 179005869, 0, 0, 0, 2.5, 0.001, 0, -0.001, 2.5
 179205789, 0, 0, 0, 2.5, 0, 0, 0, 2.5
 179406542, 0, 0, 0, 2.5, 0, 0, 0, 2.5
 179606462, 0, 0, 0, 2.5, 0, 0, 0, 2.5
 179806382, 0, 0, 0, 2.5, 0, 0, 0, 2.5
 180006302, 0, 0, 0, 2.5, 0, 0, 0, 2.5
 180206222, 0, 0, 0, 2.5, 0, 0, 0, 2.5
