TimeUS,COFN,COFE,CNe,CEe,POFN,POFE,PNe,PEe
 2920498, -0.04536099, -0.01093578, 0.09737181, 0.04831755, 0, 0, 0, 0
 2940490, 0.04126954, 0.04308421, 0.09737015, 0.0483719, -0.04536099, -0.01093578, 0.09737181, 0.04831755
 3040450, 0.01141571, -0.06232408, 0.09738465, 0.04835951, 0.04126954, 0.04308421, 0.09737015, 0.0483719
 3140410, 0.04402138, -0.02086678, 0.09739874, 0.04827052, 0.01141571, -0.06232408, 0.09738465, 0.04835951
 3240370, 0.01468283, -0.06398149, 0.09740129, 0.04833686, 0.04402138, -0.02086678, 0.09739874, 0.04827052
 3340330, 0.04070722, -0.001881744, 0.0973915, 0.04825876, 0.01468283, -0.06398149, 0.09740129, 0.04833686
 3440290, -0.06596766, 0.008326987, 0.09745568, 0.04823123, 0.04070722, -0.001881744, 0.0973915, 0.04825876
 3540250, 0.03580652, -0.02839673, 0.0974072, 0.0482429, -0.06596766, 0.008326987, 0.09745568, 0.04823123
 3640210, -0.04361825, 0.02494833, 0.09742214, 0.04822887, 0.03580652, -0.02839673, 0.0974072, 0.0482429
 3740170, 0.0498712, 0.05193242, 0.09742266, 0.04832609, -0.04361825, 0.02494833, 0.09742214, 0.04822887
 3840963, 0.06246474, 0.03381602, 0.09744401, 0.0482779, 0.0498712, 0.05193242, 0.09742266, 0.04832609
 3940923, 0.07634086, 0.05262674, 0.09748282, 0.04833077, 0.06246474, 0.03381602, 0.09744401, 0.0482779
 4040883, 0.0517934, 0.02598514, 0.09742479, 0.04825431, 0.07634086, 0.05262674, 0.09748282, 0.04833077
 4140843, -0.0521013, 0.0645248, 0.09749936, 0.04823384, 0.0517934, 0.02598514, 0.09742479, 0.04825431
 4240803, -0.03877479, 0.06994449, 0.09747656, 0.04826208, -0.0521013, 0.0645248, 0.09749936, 0.04823384
 4340763, 0.04948513, 0.02873358, 0.0974243, 0.04825221, -0.03877479, 0.06994449, 0.09747656, 0.04826208
 4440723, -0.03973649, 0.03899752, 0.09743997, 0.04821412, 0.04948513, 0.02873358, 0.0974243, 0.04825221
 4540683, 0.02227764, -0.02403283, 0.09740137, 0.04821712, -0.03973649, 0.03899752, 0.09743997, 0.04821412
 4640643, 0.08124859, 0.02952708, 0.09750405, 0.04824637, 0.02227764, -0.02403283, 0.09740137, 0.04821712
 4740603, 0.01047713, -0.0469032, 0.09740906, 0.0482473, 0.08124859, 0.02952708, 0.09750405, 0.04824637
 4840563, 0.03391341, -0.02952352, 0.09742355, 0.04820741, 0.01047713, -0.0469032, 0.09740906, 0.0482473
 4940523, -0.0383092, 0.07454969, 0.09748849, 0.04826123, 0.03391341, -0.02952352, 0.09742355, 0.04820741
 5040483, -0.01644444, -0.03043321, 0.09739326, 0.04823805, -0.0383092, 0.07454969, 0.09748849, 0.04826123
 5140443, -0.009602817, 0.04453981, 0.09740742, 0.04824201, -0.01644444, -0.03043321, 0.09739326, 0.04823805
 5240403, 0.04172176, -0.0519473, 0.09746298, 0.04821715, -0.009602817, 0.04453981, 0.09740742, 0.04824201
 5340363, 0.06223866, 0.004978864, 0.09746103, 0.04820108, 0.04172176, -0.0519473, 0.09746298, 0.04821715
 5440323, 0.0385509, -0.06400885, 0.0974732, 0.04823881, 0.06223866, 0.004978864, 0.09746103, 0.04820108
 5540283, -0.0312572, 0.02846595, 0.09742016, 0.0482056, 0.0385509, -0.06400885, 0.0974732, 0.04823881
 5640243, -0.02621727, 0.005652737, 0.09740159, 0.04820358, -0.0312572, 0.02846595, 0.09742016, 0.0482056
 5740203, 0.02249201, 0.009633903, 0.09739611, 0.0482102, -0.02621727, 0.005652737, 0.09740159, 0.04820358
 5840163, -0.05454541, 0.01977128, 0.09746166, 0.04818013, 0.02249201, 0.009633903, 0.09739611, 0.0482102
 5940956, 0.03884807, -0.03864963, 0.09744577, 0.04819878, -0.05454541, 0.01977128, 0.09746166, 0.04818013
 6040916, 0.02091916, -0.01022931, 0.09740044, 0.04819934, 0.03884807, -0.03864963, 0.09744577, 0.04819878
 6140876, 0.01599568, 0.02641969, 0.09739664, 0.04822224, 0.02091916, -0.01022931, 0.09740044, 0.04819934
 6240836, 0.02261427, 0.01572479, 0.0973987, 0.04821089, 0.01599568, 0.02641969, 0.09739664, 0.04822224
 6340796, -0.05329061, 0.05753478, 0.09750433, 0.04819685, 0.02261427, 0.01572479, 0.0973987, 0.04821089
 6440756, -0.02606918, -0.03781868, 0.09740806, 0.04824197, -0.05329061, 0.05753478, 0.09750433, 0.04819685
 6540716, -0.04209225, 0.03161924, 0.09744753, 0.04818667, -0.02606918, -0.03781868, 0.09740806, 0.04824197
 6640676, 0.03330882, 0.06391174, 0.09743136, 0.0483089, -0.04209225, 0.03161924, 0.09744753, 0.04818667
 6740636, -0.01182087, -0.07022174, 0.09743093, 0.04830521, 0.03330882, 0.06391174, 0.09743136, 0.0483089
 6840596, -0.07909182, -0.02802663, 0.09750745, 0.04822351, -0.01182087, -0.07022174, 0.09743093, 0.04830521
 6940556, -0.01872795, 0.02206923, 0.09740745, 0.04819609, -0.07909182, -0.02802663, 0.09750745, 0.04822351
 7040516, -0.07039335, -0.05083003, 0.09748575, 0.04828576, -0.01872795, 0.02206923, 0.09740745, 0.04819609
 7140476, 0.01652784, 0.04460327, 0.09740998, 0.0482437, -0.07039335, -0.05083003, 0.09748575, 0.04828576
 7240436, -0.05379093, -0.007703069, 0.09744957, 0.04818927, 0.01652784, 0.04460327, 0.09740998, 0.0482437
 7340396, 0.06820737, 0.05757044, 0.09748371, 0.04830566, -0.05379093, -0.007703069, 0.09744957, 0.04818927
 7440356, 0.06965273, 0.0160758, 0.09748525, 0.04819695, 0.06820737, 0.05757044, 0.09748371, 0.04830566
 7540316, -0.03489352, -0.05983736, 0.09743162, 0.04829375, 0.06965273, 0.0160758, 0.09748525, 0.04819695
 7640276, -0.03978673, 0.0593014, 0.09747752, 0.04821219, -0.03489352, -0.05983736, 0.09743162, 0.04829375
 7740236, -0.07551125, 0.008955819, 0.09751602, 0.04815959, -0.03978673, 0.0593014, 0.09747752, 0.04821219
 7840196, 3.177021E-05, -0.04935534, 0.0974139, 0.0482422, -0.07551125, 0.008955819, 0.09751602, 0.04815959
 7940156, -0.01807427, 0.04507904, 0.09742381, 0.04821933, 3.177021E-05, -0.04935534, 0.0974139, 0.0482422
 8040949, 0.003025366, 0.02048891, 0.09739482, 0.04820651, -0.01807427, 0.04507904, 0.09742381, 0.04821933
 8140909, 0.03769814, 0.002086398, 0.09741974, 0.04819302, 0.003025366, 0.02048891, 0.09739482, 0.04820651
 8240869, 0.03712898, 0.003965658, 0.09741834, 0.04819471, 0.03769814, 0.002086398, 0.09741974, 0.04819302
 8340829, -0.05627162, -0.05932755, 0.09745826, 0.04830976, 0.03712898, 0.003965658, 0.09741834, 0.04819471
 8440789, 0.05345031, -0.02227978, 0.09746528, 0.0481723, -0.05627162, -0.05932755, 0.09745826, 0.04830976
 8540749, 0.001941545, 0.06306197, 0.09742671, 0.04827346, 0.05345031, -0.02227978, 0.09746528, 0.0481723
 8640709, 0.003543038, -0.04803054, 0.09741512, 0.04823544, 0.001941545, 0.06306197, 0.09742671, 0.04827346
 8740669, -0.0413032, 0.05801276, 0.09747955, 0.04820705, 0.003543038, -0.04803054, 0.09741512, 0.04823544
 8840629, -0.05007659, -0.0003964556, 0.09744537, 0.04818128, -0.0413032, 0.05801276, 0.09747955, 0.04820705
 8940589, -0.04850525, 0.03336866, 0.09746748, 0.04817204, -0.05007659, -0.0003964556, 0.09744537, 0.04818128
 9040549, 0.02624586, -0.03455229, 0.09742887, 0.0481915, -0.04850525, 0.03336866, 0.09746748, 0.04817204
 9140509, -0.01134006, -0.04156854, 0.09741084, 0.04822697, 0.02624586, -0.03455229, 0.09742887, 0.0481915
 9240469, -0.0227875, -0.00484988, 0.09740742, 0.04818526, -0.01134006, -0.04156854, 0.09741084, 0.04822697
 9340429, 0.04234486, -0.09239626, 0.09754534, 0.04826853, -0.0227875, -0.00484988, 0.09740742, 0.04818526
 9440389, -0.02644728, 0.009150547, 0.09741531, 0.04817821, 0.04234486, -0.09239626, 0.09754534, 0.04826853
 9540349, -0.0894148, -0.03352977, 0.09754548, 0.04822348, -0.02644728, 0.009150547, 0.09741531, 0.04817821
 9640309, 0.01732413, 0.07418077, 0.09744193, 0.04831007, -0.0894148, -0.03352977, 0.09754548, 0.04822348
 9740269, 0.0235809, -0.05228768, 0.09744459, 0.04821181, 0.01732413, 0.07418077, 0.09744193, 0.04831007
 9840229, -0.03261518, 0.02782892, 0.09743441, 0.04817865, 0.0235809, -0.05228768, 0.09744459, 0.04821181
 9940189, 0.04817348, -0.02265761, 0.09745926, 0.04816525, -0.03261518, 0.02782892, 0.09743441, 0.04817865
 10040149, 0.03485406, -0.02889222, 0.09743884, 0.04817751, 0.04817348, -0.02265761, 0.09745926, 0.04816525
 10140942, 0.0584164, -0.01278195, 0.09747602, 0.04815881, 0.03485406, -0.02889222, 0.09743884, 0.04817751
 10240902, 0.06459926, 0.01909477, 0.09747633, 0.04819378, 0.0584164, -0.01278195, 0.09747602, 0.04815881
 10340862, -0.0041302, 0.07980908, 0.09745882, 0.04829755, 0.06459926, 0.01909477, 0.09747633, 0.04819378
 10440822, -0.0005899305, 0.04057134, 0.09741376, 0.04821333, -0.0041302, 0.07980908, 0.09745882, 0.04829755
 10540782, -0.04551201, 0.03125012, 0.09746256, 0.04816651, -0.0005899305, 0.04057134, 0.09741376, 0.04821333
 10640742, 0.006009547, 0.01059545, 0.09739988, 0.04818591, -0.04551201, 0.03125012, 0.09746256, 0.04816651
 10740702, 0.07657544, 0.03774523, 0.09750563, 0.04823634, 0.006009547, 0.01059545, 0.09739988, 0.04818591
 10840662, 0.03249034, -0.07677897, 0.09749394, 0.04824747, 0.07657544, 0.03774523, 0.09750563, 0.04823634
 10940622, 0.02809044, -0.06932157, 0.09747332, 0.04823899, 0.03249034, -0.07677897, 0.09749394, 0.04824747
 11040582, -0.005170673, 0.01475828, 0.09739965, 0.04818989, 0.02809044, -0.06932157, 0.09747332, 0.04823899
 11140542, 0.02742453, -0.006350847, 0.09741344, 0.04818233, -0.005170673, 0.01475828, 0.09739965, 0.04818989
 11240502, -0.03639112, 0.04918034, 0.09746042, 0.04819658, 0.02742453, -0.006350847, 0.09741344, 0.04818233
 11340462, -0.06554188, -0.01511761, 0.09747712, 0.04819172, -0.03639112, 0.04918034, 0.09746042, 0.04819658
 11440422, -0.04026157, -0.02966503, 0.09742634, 0.04821949, -0.06554188, -0.01511761, 0.09747712, 0.04819172
 11540382, -0.02718764, -0.02687947, 0.097411, 0.04821204, -0.04026157, -0.02966503, 0.09742634, 0.04821949
 11640342, -0.02622544, -0.01744643, 0.0974086, 0.04819949, -0.02718764, -0.02687947, 0.097411, 0.04821204
 11740302, 0.06040993, -0.001555292, 0.09747156, 0.04817067, -0.02622544, -0.01744643, 0.0974086, 0.04819949
 11840262, 0.008019949, 0.0186676, 0.09739934, 0.04819678, 0.06040993, -0.001555292, 0.09747156, 0.04817067
 11940222, 0.006381919, 0.03274354, 0.09740523, 0.04821079, 0.008019949, 0.0186676, 0.09739934, 0.04819678
 12040182, 0.03776344, -0.03384798, 0.09744769, 0.04817896, 0.006381919, 0.03274354, 0.09740523, 0.04821079
 12140975, -0.007157473, 0.02177584, 0.09740376, 0.04819202, 0.03776344, -0.03384798, 0.09744769, 0.04817896
 12240935, 0.04109459, 0.006335904, 0.09742969, 0.04818415, -0.007157473, 0.02177584, 0.09740376, 0.04819202
 12340895, 0.07101664, 0.03884719, 0.09748925, 0.04824224, 0.04109459, 0.006335904, 0.09742969, 0.04818415
 12440855, -0.02469321, 0.04180345, 0.09743366, 0.04819936, 0.07101664, 0.03884719, 0.09748925, 0.04824224
 12540815, 0.06611817, 0.02938799, 0.09747624, 0.0482198, -0.02469321, 0.04180345, 0.09743366, 0.04819936
 12640775, -0.01866644, 0.01556673, 0.0974075, 0.04818685, 0.06611817, 0.02938799, 0.09747624, 0.0482198
 12740735, -0.03961761, -0.05753256, 0.09743655, 0.04828683, -0.01866644, 0.01556673, 0.0974075, 0.04818685
 12840695, -0.07099722, -0.02108962, 0.09748842, 0.04820444, -0.03961761, -0.05753256, 0.09743655, 0.04828683
 12940655, -0.01161921, 0.008801522, 0.09739833, 0.04819141, -0.07099722, -0.02108962, 0.09748842, 0.04820444
 13040615, -0.0001577511, -0.06395902, 0.09743014, 0.04827059, -0.01161921, 0.008801522, 0.09739833, 0.04819141
 13140575, 0.08430773, 0.02479726, 0.09752627, 0.04821066, -0.0001577511, -0.06395902, 0.09743014, 0.04827059
 13240535, 0.006065285, 0.07389908, 0.09743918, 0.04830436, 0.08430773, 0.02479726, 0.09752627, 0.04821066
 13340495, -0.01483594, -0.007040867, 0.09739809, 0.04819401, 0.006065285, 0.07389908, 0.09743918, 0.04830436
 13440455, -0.01602777, -0.01865867, 0.09740037, 0.04820181, -0.01483594, -0.007040867, 0.09739809, 0.04819401
 13540415, 0.03403002, -0.03361684, 0.09743902, 0.04818597, -0.01602777, -0.01865867, 0.09740037, 0.04820181
 13640375, -0.04786287, -0.05737278, 0.0974474, 0.04829089, 0.03403002, -0.03361684, 0.09743902, 0.04818597
 13740335, -0.06633946, 0.01796849, 0.09749895, 0.04815491, -0.04786287, -0.05737278, 0.0974474, 0.04829089
 13840295, -0.04907599, 0.06753387, 0.09751453, 0.04820655, -0.06633946, 0.01796849, 0.09749895, 0.04815491
 13940255, -0.006164732, -0.02592653, 0.09740043, 0.04820556, -0.04907599, 0.06753387, 0.09751453, 0.04820655
 14040215, -0.0105014, -0.01004681, 0.09739728, 0.04819348, -0.006164732, -0.02592653, 0.09740043, 0.04820556
 14140175, 0.006267605, -0.01306556, 0.09739829, 0.04819141, -0.0105014, -0.01004681, 0.09739728, 0.04819348
 14240968, -0.04471407, -0.004031066, 0.09743512, 0.04818377, 0.006267605, -0.01306556, 0.09739829, 0.04819141
 14340928, -0.04842082, 0.08269433, 0.09754052, 0.04823589, -0.04471407, -0.004031066, 0.09743512, 0.04818377
 14440888, -0.05511291, 0.02714619, 0.0974791, 0.04815994, -0.04842082, 0.08269433, 0.09754052, 0.04823589
 14540848, 0.04130854, 0.02334299, 0.09742954, 0.04820377, -0.05511291, 0.02714619, 0.0974791, 0.04815994
 14640808, -0.05386425, -0.0603109, 0.09746231, 0.04829612, 0.04130854, 0.02334299, 0.09742954, 0.04820377
 14740768, 0.03191763, 0.06644786, 0.09744112, 0.04829808, -0.05386425, -0.0603109, 0.09746231, 0.04829612
 14840728, 0.04307429, -0.09257261, 0.09754936, 0.04826391, 0.03191763, 0.06644786, 0.09744112, 0.04829808
 14940688, -0.004374629, 0.07427718, 0.09745201, 0.04827987, 0.04307429, -0.09257261, 0.09754936, 0.04826391
 15040648, 0.08739758, 0.0499792, 0.09753949, 0.04827319, -0.004374629, 0.07427718, 0.09745201, 0.04827987
 15140608, -0.04094108, 0.02363757, 0.0974471, 0.04816769, 0.08739758, 0.0499792, 0.09753949, 0.04827319
 15240568, -0.0247127, -0.001127196, 0.09741156, 0.04817947, -0.04094108, 0.02363757, 0.0974471, 0.04816769
 15340528, 0.0570241, 0.008694392, 0.09746236, 0.04817728, -0.0247127, -0.001127196, 0.09741156, 0.04817947
 15440488, -0.06422031, 0.00671856, 0.09748827, 0.04815601, 0.0570241, 0.008694392, 0.09746236, 0.04817728
 15540448, -0.04120502, 0.01106188, 0.09743936, 0.04816798, -0.06422031, 0.00671856, 0.09748827, 0.04815601
 15640408, -0.03671928, 0.07952305, 0.09750901, 0.04824368, -0.04120502, 0.01106188, 0.09743936, 0.04816798
 15740368, 0.01495105, 0.01253577, 0.0974033, 0.04818758, -0.03671928, 0.07952305, 0.09750901, 0.04824368
 15840328, -0.01660527, -0.05039383, 0.09741982, 0.04824429, 0.01495105, 0.01253577, 0.0974033, 0.04818758
 15940288, -0.01972011, -0.03451813, 0.09741137, 0.04821566, -0.01660527, -0.05039383, 0.09741982, 0.04824429
 16040248, 0.02007055, -0.07351398, 0.09746813, 0.04825735, -0.01972011, -0.03451813, 0.09741137, 0.04821566
 16140208, -0.03956148, 0.07140596, 0.09750091, 0.0482228, 0.02007055, -0.07351398, 0.09746813, 0.04825735
 16240168, -0.06412224, -0.04034258, 0.09747414, 0.04824273, -0.03956148, 0.07140596, 0.09750091, 0.0482228
 16340961, -0.03689006, -0.04954148, 0.09743157, 0.04825751, -0.06412224, -0.04034258, 0.09747414, 0.04824273
 16440921, -0.03533807, 0.09013471, 0.09752379, 0.04827672, -0.03689006, -0.04954148, 0.09743157, 0.04825751
 16540881, 0.009824192, 0.03326773, 0.09740611, 0.04821234, -0.03533807, 0.09013471, 0.09752379, 0.04827672
 16640841, 0.0511077, -0.04195491, 0.09748471, 0.04817074, 0.009824192, 0.03326773, 0.09740611, 0.04821234
 16740801, -0.0588368, -0.04799164, 0.09746252, 0.04826712, 0.0511077, -0.04195491, 0.09748471, 0.04817074
 16840761, -0.02782074, 0.008499424, 0.09741443, 0.04818232, -0.0588368, -0.04799164, 0.09746252, 0.04826712
 16940721, 0.03090365, -0.004231188, 0.09741692, 0.04818196, -0.02782074, 0.008499424, 0.09741443, 0.04818232
 17040681, -0.02747003, 0.07708228, 0.09748338, 0.04825941, 0.03090365, -0.004231188, 0.09741692, 0.04818196
 17140641, 0.0128838, -0.0317725, 0.09741242, 0.04819857, -0.02747003, 0.07708228, 0.09748338, 0.04825941
 17240601, -0.02992232, -0.04303683, 0.09742026, 0.0482409, 0.0128838, -0.0317725, 0.09741242, 0.04819857
 17340561, -0.01058384, 0.02753327, 0.09740905, 0.04819406, -0.02992232, -0.04303683, 0.09742026, 0.0482409
 17440521, -0.006258507, -0.007519186, 0.09739893, 0.04818585, -0.01058384, 0.02753327, 0.09740905, 0.04819406
 17540481, -0.05605551, 0.02704241, 0.09748256, 0.04815658, -0.006258507, -0.007519186, 0.09739893, 0.04818585
 17640441, 0.06358802, -0.01608607, 0.09749251, 0.04815236, -0.05605551, 0.02704241, 0.09748256, 0.04815658
 17740401, -0.01597476, -0.01023412, 0.09740289, 0.04818764, 0.06358802, -0.01608607, 0.09749251, 0.04815236
 17840361, -0.03346532, 0.05404405, 0.09746289, 0.04820258, -0.01597476, -0.01023412, 0.09740289, 0.04818764
 17940321, 0.0539874, -0.06985971, 0.09753418, 0.04819737, -0.03346532, 0.05404405, 0.09746289, 0.04820258
 18040281, -0.04578888, 0.02966773, 0.09746023, 0.04816861, 0.0539874, -0.06985971, 0.09753418, 0.04819737
 18140241, -0.054584, -0.02724268, 0.09745192, 0.04821299, -0.04578888, 0.02966773, 0.09746023, 0.04816861
 18240201, -0.07556286, -0.0467682, 0.0975028, 0.04826457, -0.054584, -0.02724268, 0.09745192, 0.04821299
 18340161, -0.01247658, -0.03007694, 0.09740572, 0.04820784, -0.07556286, -0.0467682, 0.0975028, 0.04826457
 18440954, 0.08125891, 0.04052598, 0.09751906, 0.04824457, -0.01247658, -0.03007694, 0.09740572, 0.04820784
 18540914, -0.03042076, 0.05493544, 0.09745933, 0.04820619, 0.08125891, 0.04052598, 0.09751906, 0.04824457
 18640874, 0.06282298, 0.05602502, 0.09747689, 0.0482869, -0.03042076, 0.05493544, 0.09745933, 0.04820619
 18740834, 0.02179882, -0.03379645, 0.0974258, 0.04818786, 0.06282298, 0.05602502, 0.09747689, 0.0482869
 18840794, -0.03788213, 0.04756543, 0.09746491, 0.04818583, 0.02179882, -0.03379645, 0.0974258, 0.04818786
 18940754, -0.004152641, 0.06496675, 0.09743967, 0.0482568, -0.03788213, 0.04756543, 0.09746491, 0.04818583
 19040714, 0.00932905, 0.01560012, 0.09740184, 0.04818868, -0.004152641, 0.06496675, 0.09743967, 0.0482568
 19140674, 0.004978979, -0.05817202, 0.09743237, 0.04824089, 0.00932905, 0.01560012, 0.09740184, 0.04818868
 19240634, 0.03161547, -0.07780679, 0.09749528, 0.04824861, 0.004978979, -0.05817202, 0.09743237, 0.04824089
 19340594, 0.01181184, -0.05860443, 0.09743873, 0.04823417, 0.03161547, -0.07780679, 0.09749528, 0.04824861
 19440554, 0.07775071, 0.0279003, 0.09739207, 0.04844814, 0.01181184, -0.05860443, 0.09743873, 0.04823417
 19540514, 0.05057651, -0.007927492, 0.09719524, 0.04868809, 0.07775071, 0.0279003, 0.09739207, 0.04844814
 19640474, -0.02166085, 0.03301464, 0.0969595, 0.04911729, 0.05057651, -0.007927492, 0.09719524, 0.04868809
 19740434, 0.05923495, 0.02466233, 0.09673358, 0.04965275, -0.02166085, 0.03301464, 0.0969595, 0.04911729
 19840394, -0.003364878, -0.03779808, 0.09636132, 0.05027649, 0.05923495, 0.02466233, 0.09673358, 0.04965275
 19940354, 0.02008295, 0.06441104, 0.09601966, 0.05103486, -0.003364878, -0.03779808, 0.09636132, 0.05027649
 20040314, -0.0392151, -0.05700657, 0.09563204, 0.05176567, 0.02008295, 0.06441104, 0.09601966, 0.05103486
 20140274, -0.00790948, 0.04884937, 0.09519631, 0.05248325, -0.0392151, -0.05700657, 0.09563204, 0.05176567
 20240234, 0.05194517, 0.02015567, 0.09478939, 0.05323662, -0.00790948, 0.04884937, 0.09519631, 0.05248325
 20340194, -0.01731801, -0.0005016117, 0.09430088, 0.05400469, 0.05194517, 0.02015567, 0.09478939, 0.05323662
 20440154, 0.05574954, 0.06209096, 0.09391449, 0.05489083, -0.01731801, -0.0005016117, 0.09430088, 0.05400469
 20540947, 0.07243469, 0.01865104, 0.09351103, 0.05553144, 0.05574954, 0.06209096, 0.09391449, 0.05489083
 20640907, -0.008296526, 0.04735776, 0.09299117, 0.05629371, 0.07243469, 0.01865104, 0.09351103, 0.05553144
 20740867, 0.04378378, -0.08349861, 0.09266043, 0.05704255, -0.008296526, 0.04735776, 0.09299117, 0.05629371
 20840827, 0.339258, -0.03013037, 0.09467625, 0.05708262, 0.04378378, -0.08349861, 0.09266043, 0.05704255
 20940787, 0.6096466, -0.1951822, 0.1004526, 0.05638702, 0.339258, -0.03013037, 0.09467625, 0.05708262
 21040747, 0.9880146, -0.1925158, 0.1115987, 0.05449334, 0.6096466, -0.1951822, 0.1004526, 0.05638702
 21140707, 1.500789, -0.3397489, 0.1330107, 0.05065127, 0.9880146, -0.1925158, 0.1115987, 0.05449334
 21240667, 2.150983, -0.3889009, 0.1637453, 0.04520124, 1.500789, -0.3397489, 0.1330107, 0.05065127
 21340627, 2.997447, -0.5406128, 0.2085818, 0.03728945, 2.150983, -0.3889009, 0.1637453, 0.04520124
 21440587, 3.693847, -0.7345852, 0.2478305, 0.03090937, 2.997447, -0.5406128, 0.2085818, 0.03728945
 21540547, 4.728426, -0.8940392, 0.3063288, 0.02143536, 3.693847, -0.7345852, 0.2478305, 0.03090937
 21640507, 5.667853, -1.039962, 0.3602598, 0.01345459, 4.728426, -0.8940392, 0.3063288, 0.02143536
 21740467, 6.757704, -1.195827, 0.4232405, 0.004706845, 5.667853, -1.039962, 0.3602598, 0.01345459
 21840427, 7.811454, -1.309934, 0.4840759, -0.002913125, 6.757704, -1.195827, 0.4232405, 0.004706845
 21940387, 8.730293, -1.400325, 0.5371322, -0.008057542, 7.811454, -1.309934, 0.4840759, -0.002913125
 22040347, 9.644149, -1.469066, 0.589757, -0.01236334, 8.730293, -1.400325, 0.5371322, -0.008057542
 22140307, 10.60641, -1.590872, 0.6456707, -0.01590368, 9.644149, -1.469066, 0.589757, -0.01236334
 22240267, 11.31704, -1.598278, 0.6860723, -0.01664005, 10.60641, -1.590872, 0.6456707, -0.01590368
 22340227, 12.16641, -1.511659, 0.7329286, -0.01678592, 11.31704, -1.598278, 0.6860723, -0.01664005
 22440187, 12.99038, -1.667236, 0.7778845, -0.01566628, 12.16641, -1.511659, 0.7329286, -0.01678592
 22540147, 13.68283, -1.569092, 0.8146902, -0.01363251, 12.99038, -1.667236, 0.7778845, -0.01566628
 22640940, 14.19594, -1.557086, 0.8424969, -0.0107453, 13.68283, -1.569092, 0.8146902, -0.01363251
 22740900, 15.09845, -1.581463, 0.8911694, -0.009250358, 14.19594, -1.557086, 0.8424969, -0.0107453
 22840860, 15.88344, -1.551113, 0.9254357, -0.004474342, 15.09845, -1.581463, 0.8911694, -0.009250358
 22940820, 16.29266, -1.494809, 0.9302205, 0.004964694, 15.88344, -1.551113, 0.9254357, -0.004474342
 23040780, 16.56692, -1.442854, 0.9221422, 0.01838782, 16.29266, -1.494809, 0.9302205, 0.004964694
 23140740, 16.99586, -1.335171, 0.9209575, 0.03410336, 16.56692, -1.442854, 0.9221422, 0.01838782
 23240700, 17.65528, -1.21933, 0.9348442, 0.05274354, 16.99586, -1.335171, 0.9209575, 0.03410336
 23340660, 18.20872, -1.249928, 0.9490545, 0.07009149, 17.65528, -1.21933, 0.9348442, 0.05274354
 23440620, 18.93164, -1.381434, 0.9757851, 0.08758067, 18.20872, -1.249928, 0.9490545, 0.07009149
 23540580, 19.81278, -1.471604, 1.011346, 0.1077541, 18.93164, -1.381434, 0.9757851, 0.08758067
 23640540, 20.69184, -1.484021, 1.047084, 0.1262219, 19.81278, -1.471604, 1.011346, 0.1077541
 23740500, 21.48538, -1.311387, 1.078303, 0.1456796, 20.69184, -1.484021, 1.047084, 0.1262219
 23840460, 21.93469, -1.290599, 1.095299, 0.1672837, 21.48538, -1.311387, 1.078303, 0.1456796
 23940420, 22.60686, -1.457751, 1.124827, 0.1893362, 21.93469, -1.290599, 1.095299, 0.1672837
 24040380, 23.01628, -1.392892, 1.143434, 0.2107923, 22.60686, -1.457751, 1.124827, 0.1893362
 24140340, 23.59832, -1.868394, 1.172971, 0.2322116, 23.01628, -1.392892, 1.143434, 0.2107923
 24240300, 24.50385, -2.048709, 1.215744, 0.258611, 23.59832, -1.868394, 1.172971, 0.2322116
 24340260, 24.43109, -1.872275, 1.215478, 0.2905772, 24.50385, -2.048709, 1.215744, 0.258611
 24440220, 25.34172, -1.261621, 1.260638, 0.3196678, 24.43109, -1.872275, 1.215478, 0.2905772
 24540180, 25.9288, -1.744605, 1.298918, 0.3449108, 25.34172, -1.261621, 1.260638, 0.3196678
 24640973, 25.81672, -2.07596, 1.307614, 0.3745325, 25.9288, -1.744605, 1.298918, 0.3449108
 24740933, 25.86936, -1.889862, 1.32201, 0.4015096, 25.81672, -2.07596, 1.307614, 0.3745325
 24840893, 26.67971, -1.862897, 1.369412, 0.4271928, 25.86936, -1.889862, 1.32201, 0.4015096
 24940853, 26.32462, -2.321296, 1.369194, 0.4623654, 26.67971, -1.862897, 1.369412, 0.4271928
 25040813, 26.49668, -2.083587, 1.390777, 0.4967791, 26.32462, -2.321296, 1.369194, 0.4623654
 25140773, 27.43954, -1.885334, 1.444914, 0.5272408, 26.49668, -2.083587, 1.390777, 0.4967791
 25240733, 27.06651, -1.60774, 1.4471, 0.5608715, 27.43954, -1.885334, 1.444914, 0.5272408
 25340693, 27.67067, -2.787571, 1.494068, 0.5899711, 27.06651, -1.60774, 1.4471, 0.5608715
 25440653, 27.81045, -2.189157, 1.518524, 0.6201176, 27.67067, -2.787571, 1.494068, 0.5899711
 25540613, 27.54053, -2.155939, 1.531205, 0.6548862, 27.81045, -2.189157, 1.518524, 0.6201176
 25640573, 28.51463, -2.04479, 1.593322, 0.6869212, 27.54053, -2.155939, 1.531205, 0.6548862
 25740533, 28.56036, -1.806441, 1.622154, 0.7228565, 28.51463, -2.04479, 1.593322, 0.6869212
 25840493, 27.92557, -3.003748, 1.63182, 0.76013, 28.56036, -1.806441, 1.622154, 0.7228565
 25940453, 28.17542, -3.179977, 1.67266, 0.7917784, 27.92557, -3.003748, 1.63182, 0.76013
 26040413, 29.17054, -2.480302, 1.736215, 0.8218067, 28.17542, -3.179977, 1.67266, 0.7917784
 26140373, 28.27989, -2.977558, 1.736098, 0.85787, 29.17054, -2.480302, 1.736215, 0.8218067
 26240333, 29.13301, -2.419415, 1.794278, 0.8900256, 28.27989, -2.977558, 1.736098, 0.85787
 26340293, 29.4212, -2.875809, 1.834257, 0.9250151, 29.13301, -2.419415, 1.794278, 0.8900256
 26440253, 27.55412, -2.830141, 1.798194, 0.9666489, 29.4212, -2.875809, 1.834257, 0.9250151
 26540213, 29.34996, -1.73278, 1.886732, 0.9944501, 27.55412, -2.830141, 1.798194, 0.9666489
 26640173, 28.63603, -3.514038, 1.897539, 1.029581, 29.34996, -1.73278, 1.886732, 0.9944501
 26740966, 29.48908, -2.889449, 1.955317, 1.056515, 28.63603, -3.514038, 1.897539, 1.029581
 26840926, 28.0243, -2.844746, 1.936382, 1.092705, 29.48908, -2.889449, 1.955317, 1.056515
 26940886, 28.46872, -1.459076, 1.975661, 1.125004, 28.0243, -2.844746, 1.936382, 1.092705
 27040846, 28.56568, -1.375565, 2.007902, 1.154831, 28.46872, -1.459076, 1.975661, 1.125004
 27140806, 27.83121, -2.528038, 2.017596, 1.183215, 28.56568, -1.375565, 2.007902, 1.154831
 27240766, 27.83446, -3.557038, 2.049382, 1.212736, 27.83121, -2.528038, 2.017596, 1.183215
 27340726, 30.32989, -3.316831, 2.159397, 1.227606, 27.83446, -3.557038, 2.049382, 1.212736
 27440686, 28.87164, -1.640201, 2.135846, 1.261715, 30.32989, -3.316831, 2.159397, 1.227606
 27540646, 28.98802, -3.858713, 2.176525, 1.284115, 28.87164, -1.640201, 2.135846, 1.261715
 27640606, 30.53661, -2.724876, 2.252468, 1.302541, 28.98802, -3.858713, 2.176525, 1.284115
 27740566, 30.28383, -2.0524, 2.270822, 1.329389, 30.53661, -2.724876, 2.252468, 1.302541
 27840526, 29.05756, -1.618438, 2.261888, 1.356123, 30.28383, -2.0524, 2.270822, 1.329389
 27940486, 29.97904, -2.299327, 2.322703, 1.376961, 29.05756, -1.618438, 2.261888, 1.356123
 28040446, 27.52583, -4.509497, 2.287999, 1.407697, 29.97904, -2.299327, 2.322703, 1.376961
 28140406, 29.2915, -1.931976, 2.362123, 1.42667, 27.52583, -4.509497, 2.287999, 1.407697
 28240366, 29.75208, -2.708823, 2.409416, 1.446799, 29.2915, -1.931976, 2.362123, 1.42667
 28340326, 28.85654, -2.148013, 2.411946, 1.472816, 29.75208, -2.708823, 2.409416, 1.446799
 28440286, 30.46322, -3.543122, 2.494573, 1.4862, 28.85654, -2.148013, 2.411946, 1.472816
 28540246, 30.00154, -2.63259, 2.506821, 1.508826, 30.46322, -3.543122, 2.494573, 1.4862
 28640206, 29.74637, -3.369848, 2.518725, 1.533547, 30.00154, -2.63259, 2.506821, 1.508826
 28740166, 28.27971, -1.265829, 2.473349, 1.580581, 29.74637, -3.369848, 2.518725, 1.533547
 28840959, 27.15872, -0.573153, 2.46145, 1.627173, 28.27971, -1.265829, 2.473349, 1.580581
 28940919, 29.17311, -1.548078, 2.571533, 1.655797, 27.15872, -0.573153, 2.46145, 1.627173
 29040879, 30.0458, -4.3837, 2.664934, 1.68646, 29.17311, -1.548078, 2.571533, 1.655797
 29140839, 29.02691, -4.369829, 2.684208, 1.715037, 30.0458, -4.3837, 2.664934, 1.68646
 29240799, 27.78528, -5.586886, 2.676244, 1.735592, 29.02691, -4.369829, 2.684208, 1.715037
 29340759, 28.27779, -4.613287, 2.677597, 1.747286, 27.78528, -5.586886, 2.676244, 1.735592
 29440719, 27.27394, -5.476062, 2.632463, 1.765212, 28.27779, -4.613287, 2.677597, 1.747286
 29540679, 27.50264, -5.098278, 2.610987, 1.775656, 27.27394, -5.476062, 2.632463, 1.765212
 29640639, 28.19515, -3.889318, 2.602906, 1.782475, 27.50264, -5.098278, 2.610987, 1.775656
 29740599, 27.61922, -1.39831, 2.565117, 1.793717, 28.19515, -3.889318, 2.602906, 1.782475
 29840559, 27.83908, -4.12279, 2.562353, 1.811541, 27.61922, -1.39831, 2.565117, 1.793717
 29940519, 28.95048, -3.011742, 2.578495, 1.827143, 27.83908, -4.12279, 2.562353, 1.811541
 30040479, 29.78444, -2.209238, 2.593819, 1.840095, 28.95048, -3.011742, 2.578495, 1.827143
 30140439, 29.03099, -2.083456, 2.567329, 1.856279, 29.78444, -2.209238, 2.593819, 1.840095
 30240399, 29.73664, -1.239621, 2.579332, 1.872268, 29.03099, -2.083456, 2.567329, 1.856279
 30340359, 27.90306, -0.6886386, 2.519481, 1.893962, 29.73664, -1.239621, 2.579332, 1.872268
 30440319, 26.95656, -1.618682, 2.485815, 1.91431, 27.90306, -0.6886386, 2.519481, 1.893962
 30540279, 28.12261, -0.8525181, 2.507703, 1.93162, 26.95656, -1.618682, 2.485815, 1.91431
 30640239, 27.65749, 0.5260639, 2.483652, 1.953842, 28.12261, -0.8525181, 2.507703, 1.93162
 30740199, 25.03198, -2.410239, 2.409039, 1.970704, 27.65749, 0.5260639, 2.483652, 1.953842
 30840159, 27.7921, 0.08908105, 2.473964, 1.978065, 25.03198, -2.410239, 2.409039, 1.970704
 30940952, 25.88191, -1.674123, 2.419462, 1.985602, 27.7921, 0.08908105, 2.473964, 1.978065
 31040912, 25.64276, 0.4862673, 2.409764, 1.987134, 25.88191, -1.674123, 2.419462, 1.985602
 31140872, 25.56645, 0.7949206, 2.406366, 1.989254, 25.64276, 0.4862673, 2.409764, 1.987134
 31240832, 27.36745, 0.1728059, 2.455206, 1.990384, 25.56645, 0.7949206, 2.406366, 1.989254
 31340792, 24.03218, 0.7979783, 2.3648, 1.991633, 27.36745, 0.1728059, 2.455206, 1.990384
 31440752, 27.3458, -2.093299, 2.451571, 1.992481, 24.03218, 0.7979783, 2.3648, 1.991633
 31540712, 26.69338, 1.194154, 2.429014, 1.991749, 27.3458, -2.093299, 2.451571, 1.992481
 31640672, 27.06322, -1.557549, 2.435735, 1.989931, 26.69338, 1.194154, 2.429014, 1.991749
 31740632, 24.61811, -0.8985506, 2.364835, 1.98714, 27.06322, -1.557549, 2.435735, 1.989931
 31840592, 25.20967, -1.714691, 2.371674, 1.988225, 24.61811, -0.8985506, 2.364835, 1.98714
 31940552, 23.59587, 1.106292, 2.322071, 1.985692, 25.20967, -1.714691, 2.371674, 1.988225
 32040512, 23.33937, -0.3365682, 2.306783, 1.982756, 23.59587, 1.106292, 2.322071, 1.985692
 32140472, 25.37909, -1.651088, 2.35288, 1.980834, 23.33937, -0.3365682, 2.306783, 1.982756
 32240432, 24.58582, 0.4015073, 2.321396, 1.979164, 25.37909, -1.651088, 2.35288, 1.980834
 32340392, 24.01155, -0.3127145, 2.296896, 1.977207, 24.58582, 0.4015073, 2.321396, 1.979164
 32440352, 25.94705, 1.746514, 2.337722, 1.977261, 24.01155, -0.3127145, 2.296896, 1.977207
 32540312, 26.28794, 1.684722, 2.335883, 1.976261, 25.94705, 1.746514, 2.337722, 1.977261
 32640272, 23.43376, 0.6404151, 2.248987, 1.971722, 26.28794, 1.684722, 2.335883, 1.976261
 32740232, 24.52373, 1.25222, 2.266506, 1.969485, 23.43376, 0.6404151, 2.248987, 1.971722
 32840192, 27.14773, 0.05692565, 2.326221, 1.967493, 24.52373, 1.25222, 2.266506, 1.969485
 32940152, 25.21662, 1.817494, 2.262603, 1.962025, 27.14773, 0.05692565, 2.326221, 1.967493
 33040945, 26.4394, -1.175183, 2.283493, 1.959293, 25.21662, 1.817494, 2.262603, 1.962025
 33140905, 26.60998, -0.1651025, 2.276322, 1.95485, 26.4394, -1.175183, 2.283493, 1.959293
 33240865, 27.35728, -0.5106886, 2.285168, 1.952104, 26.60998, -0.1651025, 2.276322, 1.95485
 33340825, 26.55334, -0.3762872, 2.250497, 1.946556, 27.35728, -0.5106886, 2.285168, 1.952104
 33440785, 26.81177, -1.124472, 2.245524, 1.944101, 26.55334, -0.3762872, 2.250497, 1.946556
 33540745, 26.49563, 1.987692, 2.227201, 1.938215, 26.81177, -1.124472, 2.245524, 1.944101
 33640705, 25.5743, -0.8148561, 2.186189, 1.934217, 26.49563, 1.987692, 2.227201, 1.938215
 33740665, 25.15174, 0.7133695, 2.166842, 1.924161, 25.5743, -0.8148561, 2.186189, 1.934217
 33840625, 26.2155, -0.02771658, 2.184548, 1.920942, 25.15174, 0.7133695, 2.166842, 1.924161
 33940585, 27.2719, -0.2036555, 2.203337, 1.917791, 26.2155, -0.02771658, 2.184548, 1.920942
 34040545, 27.66772, 1.266046, 2.207638, 1.909784, 27.2719, -0.2036555, 2.203337, 1.917791
 34140505, 27.31801, -0.3140922, 2.187704, 1.901839, 27.66772, 1.266046, 2.207638, 1.909784
 34240465, 24.99758, 1.191137, 2.112514, 1.890529, 27.31801, -0.3140922, 2.187704, 1.901839
 34340425, 24.89179, 0.6033251, 2.098797, 1.884301, 24.99758, 1.191137, 2.112514, 1.890529
 34440385, 26.62763, 0.7959176, 2.138028, 1.881007, 24.89179, 0.6033251, 2.098797, 1.884301
 34540345, 27.8112, 1.040468, 2.166653, 1.873423, 26.62763, 0.7959176, 2.138028, 1.881007
 34640305, 25.39725, 0.9135402, 2.087398, 1.861194, 27.8112, 1.040468, 2.166653, 1.873423
 34740265, 27.7213, 2.651953, 2.149776, 1.858967, 25.39725, 0.9135402, 2.087398, 1.861194
 34840225, 27.44197, -0.3763688, 2.126904, 1.853433, 27.7213, 2.651953, 2.149776, 1.858967
 34940185, 26.72882, 2.091035, 2.100235, 1.843755, 27.44197, -0.3763688, 2.126904, 1.853433
 35040145, 25.3314, -0.0005395412, 2.050632, 1.830594, 26.72882, 2.091035, 2.100235, 1.843755
 35140938, 27.24466, 2.651705, 2.106573, 1.824006, 25.3314, -0.0005395412, 2.050632, 1.830594
 35240898, 27.36559, 0.396533, 2.098683, 1.816791, 27.24466, 2.651705, 2.106573, 1.824006
 35340858, 25.07893, 0.6696969, 2.021628, 1.805982, 27.36559, 0.396533, 2.098683, 1.816791
 35440818, 26.63308, 2.487198, 2.062806, 1.803232, 25.07893, 0.6696969, 2.021628, 1.805982
 35540778, 24.86114, 1.201829, 1.999846, 1.792676, 26.63308, 2.487198, 2.062806, 1.803232
 35640738, 25.70901, 0.572538, 2.017115, 1.786662, 24.86114, 1.201829, 1.999846, 1.792676
 35740698, 27.32032, 0.6345372, 2.061766, 1.779412, 25.70901, 0.572538, 2.017115, 1.786662
 35840658, 25.80283, 0.2750877, 2.008945, 1.768262, 27.32032, 0.6345372, 2.061766, 1.779412
 35940618, 27.95675, 1.824653, 2.072966, 1.762607, 25.80283, 0.2750877, 2.008945, 1.768262
 36040578, 27.96584, 0.08395386, 2.062762, 1.757697, 27.95675, 1.824653, 2.072966, 1.762607
 36140538, 28.26059, 1.058775, 2.069403, 1.747055, 27.96584, 0.08395386, 2.062762, 1.757697
 36240498, 27.3818, -0.1355217, 2.033465, 1.737927, 28.26059, 1.058775, 2.069403, 1.747055
 36340458, 26.2092, 2.259396, 1.995247, 1.726627, 27.3818, -0.1355217, 2.033465, 1.737927
 36440418, 26.59334, 0.8547706, 1.998726, 1.720218, 26.2092, 2.259396, 1.995247, 1.726627
 36540378, 26.99217, 0.2979987, 2.003286, 1.71644, 26.59334, 0.8547706, 1.998726, 1.720218
 36640338, 26.2737, 2.96326, 1.979969, 1.707774, 26.99217, 0.2979987, 2.003286, 1.71644
 36740298, 25.45038, 1.044668, 1.946476, 1.695137, 26.2737, 2.96326, 1.979969, 1.707774
 36840258, 26.13072, 2.326281, 1.96404, 1.689274, 25.45038, 1.044668, 1.946476, 1.695137
 36940218, 27.02326, 2.426789, 1.986488, 1.683335, 26.13072, 2.326281, 1.96404, 1.689274
 37040178, 26.82114, 0.9545699, 1.972952, 1.673259, 27.02326, 2.426789, 1.986488, 1.683335
 37140971, 26.81321, 2.215392, 1.971704, 1.665033, 26.82114, 0.9545699, 1.972952, 1.673259
 37240931, 26.5076, 1.798566, 1.958518, 1.656096, 26.81321, 2.215392, 1.971704, 1.665033
 37340891, 25.95791, 1.9254, 1.938573, 1.647246, 26.5076, 1.798566, 1.958518, 1.656096
 37440851, 28.41864, 0.7589132, 2.013545, 1.645655, 25.95791, 1.9254, 1.938573, 1.647246
 37540811, 27.19536, 0.1994979, 1.967098, 1.639486, 28.41864, 0.7589132, 2.013545, 1.645655
 37640771, 25.93643, 2.636964, 1.925751, 1.634303, 27.19536, 0.1994979, 1.967098, 1.639486
 37740731, 27.98979, 1.706414, 1.987889, 1.631138, 25.93643, 2.636964, 1.925751, 1.634303
 37840691, 28.67388, 1.732992, 2.008036, 1.62656, 27.98979, 1.706414, 1.987889, 1.631138
 37940651, 28.56956, 2.779831, 2.004212, 1.621216, 28.67388, 1.732992, 2.008036, 1.62656
 38040611, 27.11686, 1.18797, 1.950265, 1.610703, 28.56956, 2.779831, 2.004212, 1.621216
 38140571, 28.54896, 0.2405607, 1.993503, 1.609669, 27.11686, 1.18797, 1.950265, 1.610703
 38240531, 26.9222, -0.07899141, 1.936173, 1.601529, 28.54896, 0.2405607, 1.993503, 1.609669
 38340491, 28.44378, 1.2027, 1.985174, 1.599357, 26.9222, -0.07899141, 1.936173, 1.601529
 38440451, 27.9692, 0.330833, 1.962711, 1.596053, 28.44378, 1.2027, 1.985174, 1.599357
 38540411, 28.29047, 2.277933, 1.975096, 1.589142, 27.9692, 0.330833, 1.962711, 1.596053
 38640371, 27.19443, 1.824882, 1.936293, 1.580199, 28.29047, 2.277933, 1.975096, 1.589142
 38740331, 27.23889, 0.02584219, 1.931325, 1.577156, 27.19443, 1.824882, 1.936293, 1.580199
 38840291, 26.59395, 1.691685, 1.910228, 1.570345, 27.23889, 0.02584219, 1.931325, 1.577156
 38940251, 28.57918, 0.8056036, 1.975805, 1.567394, 26.59395, 1.691685, 1.910228, 1.570345
 39040211, 27.52588, 1.831596, 1.939707, 1.5609, 28.57918, 0.8056036, 1.975805, 1.567394
 39140171, 27.90745, 1.418458, 1.949264, 1.557777, 27.52588, 1.831596, 1.939707, 1.5609
 39240964, 27.50721, 2.110343, 1.933917, 1.554267, 27.90745, 1.418458, 1.949264, 1.557777
 39340924, 27.7436, 1.600792, 1.94064, 1.54849, 27.50721, 2.110343, 1.933917, 1.554267
 39440884, 27.72057, 0.8090037, 1.937221, 1.544078, 27.7436, 1.600792, 1.94064, 1.54849
 39540844, 28.87129, 0.1177171, 1.97338, 1.544534, 27.72057, 0.8090037, 1.937221, 1.544078
 39640804, 26.79894, 1.081746, 1.901199, 1.536586, 28.87129, 0.1177171, 1.97338, 1.544534
 39740764, 26.73423, 0.09557235, 1.897288, 1.531805, 26.79894, 1.081746, 1.901199, 1.536586
 39840724, 27.59495, 1.014806, 1.92641, 1.528591, 26.73423, 0.09557235, 1.897288, 1.531805
 39940684, 27.90458, 2.4986, 1.93701, 1.527128, 27.59495, 1.014806, 1.92641, 1.528591
 40040644, 26.36643, 0.4755195, 1.8813, 1.517736, 27.90458, 2.4986, 1.93701, 1.527128
 40140604, 28.78513, 0.08797598, 1.963939, 1.517544, 26.36643, 0.4755195, 1.8813, 1.517736
 40240564, 27.71767, 0.5335773, 1.925405, 1.512803, 28.78513, 0.08797598, 1.963939, 1.517544
 40340524, 26.48118, 0.4825307, 1.882008, 1.506935, 27.71767, 0.5335773, 1.925405, 1.512803
 40440484, 26.63609, -0.2930384, 1.885503, 1.50396, 26.48118, 0.4825307, 1.882008, 1.506935
 40540444, 28.63519, 1.141925, 1.956456, 1.501482, 26.63609, -0.2930384, 1.885503, 1.50396
 40640404, 27.47179, 0.05964863, 1.91466, 1.496874, 28.63519, 1.141925, 1.956456, 1.501482
 40740364, 26.76879, 1.79842, 1.893079, 1.496691, 27.47179, 0.05964863, 1.91466, 1.496874
 40840324, 26.76228, 1.051569, 1.893836, 1.496956, 26.76879, 1.79842, 1.893079, 1.496691
 40940284, 26.88777, 0.6455222, 1.900652, 1.497898, 26.76228, 1.051569, 1.893836, 1.496956
 41040244, 28.76649, 0.1811808, 1.967618, 1.502919, 26.88777, 0.6455222, 1.900652, 1.497898
 41140204, 28.19807, 2.158884, 1.95376, 1.503068, 28.76649, 0.1811808, 1.967618, 1.502919
 41240164, 27.84332, -0.05939996, 1.941607, 1.503699, 28.19807, 2.158884, 1.95376, 1.503068
 41340957, 27.51745, 1.756202, 1.935724, 1.503369, 27.84332, -0.05939996, 1.941607, 1.503699
 41440917, 29.14834, 0.09562725, 1.991099, 1.508968, 27.51745, 1.756202, 1.935724, 1.503369
 41540877, 29.1531, 0.4573009, 1.994047, 1.510245, 29.14834, 0.09562725, 1.991099, 1.508968
 41640837, 28.22274, 1.001341, 1.965533, 1.509464, 29.1531, 0.4573009, 1.994047, 1.510245
 41740797, 28.07182, 0.2514349, 1.962747, 1.510455, 28.22274, 1.001341, 1.965533, 1.509464
 41840757, 27.24404, 0.6768297, 1.937696, 1.510407, 28.07182, 0.2514349, 1.962747, 1.510455
 41940717, 28.38522, 0.7923243, 1.980039, 1.513998, 27.24404, 0.6768297, 1.937696, 1.510407
 42040677, 29.00316, 1.050208, 2.005692, 1.515632, 28.38522, 0.7923243, 1.980039, 1.513998
 42140637, 27.49035, 0.3391473, 1.955631, 1.516495, 29.00316, 1.050208, 2.005692, 1.515632
 42240597, 28.98838, 1.64125, 2.012641, 1.520449, 27.49035, 0.3391473, 1.955631, 1.516495
 42340557, 28.63396, 1.185262, 2.003078, 1.522033, 28.98838, 1.64125, 2.012641, 1.520449
 42440517, 27.91224, 2.152643, 1.983585, 1.523467, 28.63396, 1.185262, 2.003078, 1.522033
 42540477, 27.20217, 0.7512413, 1.962707, 1.521421, 27.91224, 2.152643, 1.983585, 1.523467
 42640437, 27.07269, 1.360778, 1.961933, 1.525166, 27.20217, 0.7512413, 1.962707, 1.521421
 42740397, 26.73269, 1.574294, 1.953963, 1.528074, 27.07269, 1.360778, 1.961933, 1.525166
 42840357, 27.42377, 1.673254, 1.981179, 1.530359, 26.73269, 1.574294, 1.953963, 1.528074
 42940317, 27.31361, -0.06330472, 1.978698, 1.532995, 27.42377, 1.673254, 1.981179, 1.530359
 43040277, 27.21387, 0.329032, 1.980496, 1.534387, 27.31361, -0.06330472, 1.978698, 1.532995
 43140237, 28.6035, -0.1221212, 2.032891, 1.537229, 27.21387, 0.329032, 1.980496, 1.534387
 43240197, 28.22449, 1.863514, 2.026525, 1.539303, 28.6035, -0.1221212, 2.032891, 1.537229
 43340157, 28.33868, 0.3301127, 2.033921, 1.540789, 28.22449, 1.863514, 2.026525, 1.539303
 43440950, 28.79946, -0.653718, 2.054538, 1.543173, 28.33868, 0.3301127, 2.033921, 1.540789
 43540910, 27.90248, 0.5588495, 2.029732, 1.54292, 28.79946, -0.653718, 2.054538, 1.543173
 43640870, 29.64417, -0.3984455, 2.094174, 1.546624, 27.90248, 0.5588495, 2.029732, 1.54292
 43740830, 27.33936, 0.524621, 2.023624, 1.543698, 29.64417, -0.3984455, 2.094174, 1.546624
 43840790, 27.00007, -0.288524, 2.020712, 1.542483, 27.33936, 0.524621, 2.023624, 1.543698
 43940750, 28.89192, -0.1169458, 2.095442, 1.540321, 27.00007, -0.288524, 2.020712, 1.542483
 44040710, 26.87119, 0.04806428, 2.050613, 1.537219, 28.89192, -0.1169458, 2.095442, 1.540321
 44140670, 28.92006, -1.394164, 2.128194, 1.560205, 26.87119, 0.04806428, 2.050613, 1.537219
 44240630, 27.16624, 1.464927, 2.0555, 1.592258, 28.92006, -1.394164, 2.128194, 1.560205
 44340590, 29.35019, 2.26063, 2.111148, 1.593771, 27.16624, 1.464927, 2.0555, 1.592258
 44440550, 29.43834, 2.400743, 2.115603, 1.583271, 29.35019, 2.26063, 2.111148, 1.593771
 44540510, 29.70655, 1.213759, 2.1398, 1.573401, 29.43834, 2.400743, 2.115603, 1.583271
 44640470, 27.99611, -0.05211707, 2.105861, 1.568699, 29.70655, 1.213759, 2.1398, 1.573401
 44740430, 26.99654, 1.16504, 2.09417, 1.568961, 27.99611, -0.05211707, 2.105861, 1.568699
 44840390, 27.73806, -1.597501, 2.130176, 1.564557, 26.99654, 1.16504, 2.09417, 1.568961
 44940350, 28.49542, -1.098592, 2.157083, 1.560695, 27.73806, -1.597501, 2.130176, 1.564557
 45040310, 27.32201, 0.4456103, 2.116267, 1.562072, 28.49542, -1.098592, 2.157083, 1.560695
 45140270, 27.02774, -1.854193, 2.103317, 1.568457, 27.32201, 0.4456103, 2.116267, 1.562072
 45240230, 27.33155, -0.7752261, 2.106574, 1.577267, 27.02774, -1.854193, 2.103317, 1.568457
 45340190, 29.74828, -0.3674845, 2.181577, 1.589008, 27.33155, -0.7752261, 2.106574, 1.577267
 45440150, 29.95496, -0.2603389, 2.184505, 1.601495, 29.74828, -0.3674845, 2.181577, 1.589008
 45540943, 28.27921, -0.006068975, 2.125665, 1.612795, 29.95496, -0.2603389, 2.184505, 1.601495
 45640903, 29.47771, 1.593439, 2.167857, 1.621283, 28.27921, -0.006068975, 2.125665, 1.612795
 45740863, 26.86878, -0.6721281, 2.083094, 1.627511, 29.47771, 1.593439, 2.167857, 1.621283
 45840823, 28.77323, 0.9585081, 2.147559, 1.634895, 26.86878, -0.6721281, 2.083094, 1.627511
 45940783, 27.03235, 0.1379073, 2.092385, 1.641077, 28.77323, 0.9585081, 2.147559, 1.634895
 46040743, 27.48973, 1.133546, 2.111143, 1.647296, 27.03235, 0.1379073, 2.092385, 1.641077
 46140703, 29.12979, 1.650631, 2.166115, 1.656214, 27.48973, 1.133546, 2.111143, 1.647296
 46240663, 29.07246, -0.2427722, 2.164533, 1.66251, 29.12979, 1.650631, 2.166115, 1.656214
 46340623, 28.66287, 0.1251682, 2.152499, 1.669819, 29.07246, -0.2427722, 2.164533, 1.66251
 46440583, 28.41698, 0.8249826, 2.14617, 1.676694, 28.66287, 0.1251682, 2.152499, 1.669819
 46540543, 28.07963, 1.025689, 2.137803, 1.682569, 28.41698, 0.8249826, 2.14617, 1.676694
 46640503, 28.39349, -0.8676916, 2.148951, 1.690171, 28.07963, 1.025689, 2.137803, 1.682569
 46740463, 27.97355, -0.5445032, 2.136955, 1.696419, 28.39349, -0.8676916, 2.148951, 1.690171
 46840423, 26.7751, 1.091953, 2.101478, 1.702188, 27.97355, -0.5445032, 2.136955, 1.696419
 46940383, 27.2975, 1.58572, 2.120267, 1.709275, 26.7751, 1.091953, 2.101478, 1.702188
 47040343, 28.69831, 0.8109161, 2.165089, 1.718012, 27.2975, 1.58572, 2.120267, 1.709275
 47140303, 29.1629, 1.533688, 2.184431, 1.723941, 28.69831, 0.8109161, 2.165089, 1.718012
 47240263, 28.30713, 0.5911384, 2.15573, 1.732527, 29.1629, 1.533688, 2.184431, 1.723941
 47340223, 27.48997, 0.3629145, 2.131882, 1.738406, 28.30713, 0.5911384, 2.15573, 1.732527
 47440183, 28.32826, 0.08012706, 2.162245, 1.742667, 27.48997, 0.3629145, 2.131882, 1.738406
 47540976, 28.45418, 0.2138917, 2.168972, 1.747678, 28.32826, 0.08012706, 2.162245, 1.742667
 47640936, 30.005, 1.460799, 2.221674, 1.755876, 28.45418, 0.2138917, 2.168972, 1.747678
 47740896, 28.1205, 1.424955, 2.160652, 1.761172, 30.005, 1.460799, 2.221674, 1.755876
 47840856, 27.0612, -0.8029304, 2.125919, 1.764951, 28.1205, 1.424955, 2.160652, 1.761172
 47940816, 28.40431, -0.08833581, 2.168574, 1.770234, 27.0612, -0.8029304, 2.125919, 1.764951
 48040776, 29.40502, 0.2754272, 2.201167, 1.774166, 28.40431, -0.08833581, 2.168574, 1.770234
 48140736, 30.001, -0.6197646, 2.22028, 1.779321, 29.40502, 0.2754272, 2.201167, 1.774166
 48240696, 27.06079, 1.240129, 2.126944, 1.778224, 30.001, -0.6197646, 2.22028, 1.779321
 48340656, 28.30899, -0.7477117, 2.163232, 1.786236, 27.06079, 1.240129, 2.126944, 1.778224
 48440616, 29.76736, -0.6479663, 2.211636, 1.788171, 28.30899, -0.7477117, 2.163232, 1.786236
 48540576, 30.1423, 1.056967, 2.227075, 1.78924, 29.76736, -0.6479663, 2.211636, 1.788171
 48640536, 29.61923, 2.201138, 2.211207, 1.791714, 30.1423, 1.056967, 2.227075, 1.78924
 48740496, 29.65378, 0.9800559, 2.210492, 1.794477, 29.61923, 2.201138, 2.211207, 1.791714
 48840456, 29.39677, 1.600995, 2.201439, 1.798104, 29.65378, 0.9800559, 2.210492, 1.794477
 48940416, 28.07737, 2.164461, 2.158375, 1.800965, 29.39677, 1.600995, 2.201439, 1.798104
 49040376, 28.37617, 0.4300981, 2.167418, 1.801991, 28.07737, 2.164461, 2.158375, 1.800965
 49140336, 28.88943, 1.608487, 2.185544, 1.804442, 28.37617, 0.4300981, 2.167418, 1.801991
 49240296, 29.87669, 2.57865, 2.218369, 1.810476, 28.88943, 1.608487, 2.185544, 1.804442
 49340256, 28.81035, 1.259849, 2.182293, 1.809146, 29.87669, 2.57865, 2.218369, 1.810476
 49440216, 27.6402, 0.9282137, 2.146352, 1.8068, 28.81035, 1.259849, 2.182293, 1.809146
 49540176, 29.50263, 2.432339, 2.208806, 1.808976, 27.6402, 0.9282137, 2.146352, 1.8068
 49640969, 27.6633, 1.164418, 2.150043, 1.807365, 29.50263, 2.432339, 2.208806, 1.808976
 49740929, 29.75759, 2.273821, 2.219518, 1.810703, 27.6633, 1.164418, 2.150043, 1.807365
 49840889, 27.85656, 1.927249, 2.162634, 1.806527, 29.75759, 2.273821, 2.219518, 1.810703
 49940849, 28.61223, 1.30006, 2.18873, 1.805152, 27.85656, 1.927249, 2.162634, 1.806527
 50040809, 28.86966, 2.45546, 2.200334, 1.807756, 28.61223, 1.30006, 2.18873, 1.805152
 50140769, 27.06521, 2.464837, 2.146434, 1.80572, 28.86966, 2.45546, 2.200334, 1.807756
 50240729, 28.76523, 1.658352, 2.202373, 1.805369, 27.06521, 2.464837, 2.146434, 1.80572
 50340689, 27.16828, 1.252817, 2.152897, 1.804624, 28.76523, 1.658352, 2.202373, 1.805369
 50440649, 30.35172, 0.2142306, 2.254591, 1.806981, 27.16828, 1.252817, 2.152897, 1.804624
 50540609, 30.2021, 2.429315, 2.254259, 1.808306, 30.35172, 0.2142306, 2.254591, 1.806981
 50640569, 27.98192, 2.08012, 2.185008, 1.804998, 30.2021, 2.429315, 2.254259, 1.808306
 50740529, 29.53151, -0.8622065, 2.23651, 1.804133, 27.98192, 2.08012, 2.185008, 1.804998
 50840489, 27.71578, 0.7234538, 2.182744, 1.800337, 29.53151, -0.8622065, 2.23651, 1.804133
 50940449, 28.17808, -0.4418252, 2.198691, 1.801951, 27.71578, 0.7234538, 2.182744, 1.800337
 51040409, 28.49829, -0.5236619, 2.209365, 1.804445, 28.17808, -0.4418252, 2.198691, 1.801951
 51140369, 27.32224, 0.7857097, 2.175751, 1.803801, 28.49829, -0.5236619, 2.209365, 1.804445
 51240329, 27.18308, 2.182878, 2.174456, 1.804843, 27.32224, 0.7857097, 2.175751, 1.803801
 51340289, 30.48338, 0.6903924, 2.281285, 1.800833, 27.18308, 2.182878, 2.174456, 1.804843
 51440249, 28.28741, -1.08245, 2.210054, 1.798775, 30.48338, 0.6903924, 2.281285, 1.800833
 51540209, 29.78946, 0.6195353, 2.260296, 1.795332, 28.28741, -1.08245, 2.210054, 1.798775
 51640169, 30.06187, -0.2691184, 2.268276, 1.793188, 29.78946, 0.6195353, 2.260296, 1.795332
 51740962, 28.89943, 0.9380367, 2.230183, 1.791453, 30.06187, -0.2691184, 2.268276, 1.793188
 51840922, 29.04399, 1.99776, 2.235727, 1.789182, 28.89943, 0.9380367, 2.230183, 1.791453
 51940882, 30.46497, 2.032512, 2.282242, 1.787155, 29.04399, 1.99776, 2.235727, 1.789182
 52040842, 28.13403, -1.104568, 2.204894, 1.78344, 30.46497, 2.032512, 2.282242, 1.787155
 52140802, 29.91381, 1.481523, 2.263258, 1.781548, 28.13403, -1.104568, 2.204894, 1.78344
 52240762, 28.94863, -0.444412, 2.220685, 1.79039, 29.91381, 1.481523, 2.263258, 1.781548
 52340722, 28.59459, 1.162145, 2.213471, 1.78454, 28.94863, -0.444412, 2.220685, 1.79039
 52440682, 30.08647, 0.936831, 2.264061, 1.778919, 28.59459, 1.162145, 2.213471, 1.78454
 52540642, 28.43332, 0.6860936, 2.210544, 1.775438, 30.08647, 0.936831, 2.264061, 1.778919
 52640602, 27.864, 0.8326864, 2.191935, 1.773972, 28.43332, 0.6860936, 2.210544, 1.775438
 52740562, 29.62661, 1.217242, 2.2465, 1.774179, 27.864, 0.8326864, 2.191935, 1.773972
 52840522, 29.07437, -0.1160558, 2.2274, 1.771304, 29.62661, 1.217242, 2.2465, 1.774179
 52940482, 28.38862, -0.1063866, 2.204919, 1.76771, 29.07437, -0.1160558, 2.2274, 1.771304
 53040442, 28.3326, -0.164774, 2.202002, 1.76476, 28.38862, -0.1063866, 2.204919, 1.76771
 53140402, 27.65857, -0.885303, 2.181442, 1.759461, 28.3326, -0.164774, 2.202002, 1.76476
 53240362, 30.44408, 0.04750076, 2.271327, 1.75535, 27.65857, -0.885303, 2.181442, 1.759461
 53340322, 27.65611, 0.2399596, 2.179648, 1.75227, 30.44408, 0.04750076, 2.271327, 1.75535
 53440282, 29.26505, -1.096781, 2.230023, 1.751297, 27.65611, 0.2399596, 2.179648, 1.75227
 53540242, 29.35879, -0.7724257, 2.232938, 1.746741, 29.26505, -1.096781, 2.230023, 1.751297
 53640202, 29.48738, 1.353127, 2.242145, 1.738714, 29.35879, -0.7724257, 2.232938, 1.746741
 53740162, 30.50303, -0.9886094, 2.274071, 1.736406, 29.48738, 1.353127, 2.242145, 1.738714
 53840955, 28.7108, 1.774708, 2.216867, 1.733378, 30.50303, -0.9886094, 2.274071, 1.736406
 53940915, 29.89694, 0.3353914, 2.256098, 1.726536, 28.7108, 1.774708, 2.216867, 1.733378
 54040875, 30.30813, -0.1878414, 2.270469, 1.721862, 29.89694, 0.3353914, 2.256098, 1.726536
 54140835, 30.28049, 1.551725, 2.269158, 1.720772, 30.30813, -0.1878414, 2.270469, 1.721862
 54240795, 27.82774, 1.098934, 2.190092, 1.715361, 30.28049, 1.551725, 2.269158, 1.720772
 54340755, 27.31868, 1.603499, 2.173453, 1.713497, 27.82774, 1.098934, 2.190092, 1.715361
 54440715, 27.91388, 0.07973125, 2.191594, 1.708348, 27.31868, 1.603499, 2.173453, 1.713497
 54540675, 28.33715, 1.188748, 2.202967, 1.707379, 27.91388, 0.07973125, 2.191594, 1.708348
 54640635, 28.92207, -0.6549456, 2.223414, 1.702016, 28.33715, 1.188748, 2.202967, 1.707379
 54740595, 27.76462, 0.1706687, 2.190768, 1.697427, 28.92207, -0.6549456, 2.223414, 1.702016
 54840555, 28.89404, -0.5339916, 2.23076, 1.694404, 27.76462, 0.1706687, 2.190768, 1.697427
 54940515, 27.97878, 0.3598759, 2.203442, 1.695046, 28.89404, -0.5339916, 2.23076, 1.694404
 55040475, 28.12753, 0.3032334, 2.211855, 1.693904, 27.97878, 0.3598759, 2.203442, 1.695046
 55140435, 29.63857, -1.808558, 2.263608, 1.694902, 28.12753, 0.3032334, 2.211855, 1.693904
 55240395, 29.46807, 0.2284584, 2.261114, 1.691794, 29.63857, -1.808558, 2.263608, 1.694902
 55340355, 28.4029, 0.5001535, 2.230712, 1.689516, 29.46807, 0.2284584, 2.261114, 1.691794
 55440315, 27.69219, -1.572562, 2.210691, 1.691635, 28.4029, 0.5001535, 2.230712, 1.689516
 55540275, 30.38635, -1.621511, 2.298697, 1.69243, 27.69219, -1.572562, 2.210691, 1.691635
 55640235, 29.77429, -0.8892726, 2.282072, 1.690807, 30.38635, -1.621511, 2.298697, 1.69243
 55740195, 29.30164, 0.7231175, 2.268844, 1.690773, 29.77429, -0.8892726, 2.282072, 1.690807
 55840155, 28.3002, -1.732237, 2.243111, 1.688138, 29.30164, 0.7231175, 2.268844, 1.690773
 55940948, 29.63854, 1.233555, 2.288657, 1.686686, 28.3002, -1.732237, 2.243111, 1.688138
 56040908, 28.4127, -1.911766, 2.253531, 1.686982, 29.63854, 1.233555, 2.288657, 1.686686
 56140868, 28.72978, 0.6625925, 2.267154, 1.683599, 28.4127, -1.911766, 2.253531, 1.686982
 56240828, 28.02278, 0.8411485, 2.247668, 1.684343, 28.72978, 0.6625925, 2.267154, 1.683599
 56340788, 28.4367, 0.02608913, 2.26463, 1.681254, 28.02278, 0.8411485, 2.247668, 1.684343
 56440748, 27.16476, -1.222358, 2.229264, 1.681697, 28.4367, 0.02608913, 2.26463, 1.681254
 56540708, 27.6926, -1.814541, 2.246108, 1.684167, 27.16476, -1.222358, 2.229264, 1.681697
 56640668, 27.49928, -0.8090492, 2.242239, 1.683186, 27.6926, -1.814541, 2.246108, 1.684167
 56740628, 29.71967, -0.1279998, 2.316791, 1.678285, 27.49928, -0.8090492, 2.242239, 1.683186
 56840588, 28.01353, 0.134841, 2.267339, 1.677031, 29.71967, -0.1279998, 2.316791, 1.678285
 56940548, 29.22342, 0.01905519, 2.30809, 1.67585, 28.01353, 0.134841, 2.267339, 1.677031
 57040508, 29.43247, -1.173653, 2.31867, 1.675688, 29.22342, 0.01905519, 2.30809, 1.67585
 57140468, 27.48339, 0.422284, 2.258985, 1.677661, 29.43247, -1.173653, 2.31867, 1.675688
 57240428, 27.22879, -0.5500317, 2.257898, 1.673968, 27.48339, 0.422284, 2.258985, 1.677661
 57340388, 30.12896, -0.05474567, 2.355539, 1.668204, 27.22879, -0.5500317, 2.257898, 1.673968
 57440348, 29.41948, 0.7603131, 2.335046, 1.670647, 30.12896, -0.05474567, 2.355539, 1.668204
 57540308, 29.71973, -2.52123, 2.352226, 1.66912, 29.41948, 0.7603131, 2.335046, 1.670647
 57640268, 27.61497, 0.5019724, 2.284481, 1.673776, 29.71973, -2.52123, 2.352226, 1.66912
 57740228, 28.48047, -0.7953309, 2.317213, 1.669504, 27.61497, 0.5019724, 2.284481, 1.673776
 57840188, 27.93207, -1.148897, 2.304742, 1.667945, 28.48047, -0.7953309, 2.317213, 1.669504
 57940148, 29.50843, -2.272297, 2.359174, 1.665829, 27.93207, -1.148897, 2.304742, 1.667945
 58040941, 27.84323, -1.643033, 2.310686, 1.663898, 29.50843, -2.272297, 2.359174, 1.665829
 58140901, 29.51697, -2.583241, 2.368423, 1.661951, 27.84323, -1.643033, 2.310686, 1.663898
 58240861, 29.0052, -2.331808, 2.355355, 1.662452, 29.51697, -2.583241, 2.368423, 1.661951
 58340821, 27.59457, -1.876877, 2.31638, 1.661756, 29.0052, -2.331808, 2.355355, 1.662452
 58440781, 27.5198, -0.7265658, 2.286074, 1.703418, 27.59457, -1.876877, 2.31638, 1.661756
 58540741, 29.43332, 0.03530359, 2.349461, 1.701273, 27.5198, -0.7265658, 2.286074, 1.703418
 58640701, 28.70302, -0.3516256, 2.326346, 1.707846, 29.43332, 0.03530359, 2.349461, 1.701273
 58740661, 28.3367, 0.7881287, 2.314518, 1.715541, 28.70302, -0.3516256, 2.326346, 1.707846
 58840621, 30.34321, 0.8693675, 2.380852, 1.717406, 28.3367, 0.7881287, 2.314518, 1.715541
 58940581, 28.54339, -0.2293513, 2.328692, 1.718938, 30.34321, 0.8693675, 2.380852, 1.717406
 59040541, 29.40508, -0.5488033, 2.36118, 1.717955, 28.54339, -0.2293513, 2.328692, 1.718938
 59140501, 27.67914, -2.106447, 2.312264, 1.722462, 29.40508, -0.5488033, 2.36118, 1.717955
 59240461, 29.60348, -0.8660443, 2.374066, 1.721437, 27.67914, -2.106447, 2.312264, 1.722462
 59340421, 28.1154, 0.5915633, 2.328246, 1.727268, 29.60348, -0.8660443, 2.374066, 1.721437
 59440381, 30.09306, -0.701199, 2.394293, 1.725506, 28.1154, 0.5915633, 2.328246, 1.727268
 59540341, 28.04888, -1.050906, 2.329708, 1.733557, 30.09306, -0.701199, 2.394293, 1.725506
 59640301, 28.35855, 0.8603676, 2.338832, 1.739444, 28.04888, -1.050906, 2.329708, 1.733557
 59740261, 28.80462, 0.1250376, 2.355176, 1.741029, 28.35855, 0.8603676, 2.338832, 1.739444
 59840221, 29.22762, -1.958412, 2.373308, 1.741825, 28.80462, 0.1250376, 2.355176, 1.741029
 59940181, 29.84719, -0.544472, 2.395352, 1.740076, 29.22762, -1.958412, 2.373308, 1.741825
 60040974, 28.3793, -2.584598, 2.354045, 1.745427, 29.84719, -0.544472, 2.395352, 1.740076
 60140934, 29.94034, -0.07390422, 2.3993, 1.75014, 28.3793, -2.584598, 2.354045, 1.745427
 60240894, 29.4301, -2.484046, 2.387336, 1.755771, 29.94034, -0.07390422, 2.3993, 1.75014
 60340854, 30.46923, 0.9539928, 2.420426, 1.757716, 29.4301, -2.484046, 2.387336, 1.755771
 60440814, 28.55197, 0.1154776, 2.362929, 1.760978, 30.46923, 0.9539928, 2.420426, 1.757716
 60540774, 29.37708, -2.545628, 2.394018, 1.763024, 28.55197, 0.1154776, 2.362929, 1.760978
 60640734, 30.1958, 0.1432151, 2.420546, 1.76247, 29.37708, -2.545628, 2.394018, 1.763024
 60740694, 27.45101, 0.1439705, 2.337995, 1.767006, 30.1958, 0.1432151, 2.420546, 1.76247
 60840654, 29.8515, -1.626741, 2.414094, 1.768403, 27.45101, 0.1439705, 2.337995, 1.767006
 60940614, 30.30026, -2.256779, 2.428829, 1.774713, 29.8515, -1.626741, 2.414094, 1.768403
 61040574, 27.48309, 0.9894379, 2.342784, 1.779388, 30.30026, -2.256779, 2.428829, 1.774713
 61140534, 29.46089, -0.5208439, 2.406934, 1.777221, 27.48309, 0.9894379, 2.342784, 1.779388
 61240494, 30.50328, -0.4325735, 2.442226, 1.778451, 29.46089, -0.5208439, 2.406934, 1.777221
 61340454, 28.49616, 0.261049, 2.381598, 1.78346, 30.50328, -0.4325735, 2.442226, 1.778451
 61440414, 28.89118, -1.730903, 2.398182, 1.78467, 28.49616, 0.261049, 2.381598, 1.78346
 61540374, 28.04976, -0.07403427, 2.372745, 1.788108, 28.89118, -1.730903, 2.398182, 1.78467
 61640334, 28.1745, -0.2353556, 2.376452, 1.791393, 28.04976, -0.07403427, 2.372745, 1.788108
 61740294, 28.36118, 0.7396267, 2.380886, 1.794758, 28.1745, -0.2353556, 2.376452, 1.791393
 61840254, 28.12001, 0.333534, 2.373784, 1.795202, 28.36118, 0.7396267, 2.380886, 1.794758
 61940214, 30.56245, -0.7477357, 2.449137, 1.794122, 28.12001, 0.333534, 2.373784, 1.795202
 62040174, 29.82475, -0.5874622, 2.426293, 1.797602, 30.56245, -0.7477357, 2.449137, 1.794122
 62140967, 29.1106, 0.9395205, 2.403744, 1.800765, 29.82475, -0.5874622, 2.426293, 1.797602
 62240927, 30.41971, -0.1782185, 2.446664, 1.797097, 29.1106, 0.9395205, 2.403744, 1.800765
 62340887, 28.92367, -1.264434, 2.402014, 1.800617, 30.41971, -0.1782185, 2.446664, 1.797097
 62440847, 28.1027, -1.988317, 2.37568, 1.807636, 28.92367, -1.264434, 2.402014, 1.800617
 62540807, 27.56625, 1.054981, 2.357433, 1.812855, 28.1027, -1.988317, 2.37568, 1.807636
 62640767, 29.95716, -1.404182, 2.433786, 1.81031, 27.56625, 1.054981, 2.357433, 1.812855
 62740727, 28.32146, -2.400946, 2.387695, 1.811806, 29.95716, -1.404182, 2.433786, 1.81031
 62840687, 28.45745, 0.9374034, 2.390828, 1.810922, 28.32146, -2.400946, 2.387695, 1.811806
 62940647, 30.06152, 0.7454658, 2.440481, 1.811756, 28.45745, 0.9374034, 2.390828, 1.810922
 63040607, 27.46053, -2.357972, 2.36261, 1.817968, 30.06152, 0.7454658, 2.440481, 1.811756
 63140567, 29.2087, -1.710809, 2.4156, 1.815366, 27.46053, -2.357972, 2.36261, 1.817968
 63240527, 28.4036, -0.8878755, 2.389621, 1.818019, 29.2087, -1.710809, 2.4156, 1.815366
 63340487, 29.11987, -0.4219642, 2.411785, 1.819626, 28.4036, -0.8878755, 2.389621, 1.818019
 63440447, 27.16063, 0.6744642, 2.353278, 1.822688, 29.11987, -0.4219642, 2.411785, 1.819626
 63540407, 29.65064, 0.1324784, 2.429363, 1.822793, 27.16063, 0.6744642, 2.353278, 1.822688
 63640367, 30.58858, 1.163854, 2.458958, 1.82493, 29.65064, 0.1324784, 2.429363, 1.822793
 63740327, 28.35454, -0.3782457, 2.393023, 1.825342, 30.58858, 1.163854, 2.458958, 1.82493
 63840287, 30.20956, 1.271232, 2.44575, 1.832617, 28.35454, -0.3782457, 2.393023, 1.825342
 63940247, 30.30423, 0.1527914, 2.451064, 1.831903, 30.20956, 1.271232, 2.44575, 1.832617
 64040207, 27.40535, -1.865761, 2.366174, 1.834477, 30.30423, 0.1527914, 2.451064, 1.831903
 64140167, 28.09591, 0.3573483, 2.386412, 1.832938, 27.40535, -1.865761, 2.366174, 1.834477
 64240960, 30.27085, -0.1557102, 2.453389, 1.833573, 28.09591, 0.3573483, 2.386412, 1.832938
 64340920, 30.18256, -0.3365227, 2.450444, 1.835805, 30.27085, -0.1557102, 2.453389, 1.833573
 64440880, 30.29853, -2.180346, 2.455721, 1.837732, 30.18256, -0.3365227, 2.450444, 1.835805
 64540840, 30.69711, -1.071685, 2.466249, 1.83974, 30.29853, -2.180346, 2.455721, 1.837732
 64640800, 29.95745, -1.362568, 2.44288, 1.84387, 30.69711, -1.071685, 2.466249, 1.83974
 64740760, 29.782, -1.415254, 2.439332, 1.845188, 29.95745, -1.362568, 2.44288, 1.84387
 64840720, 29.67039, -0.7586045, 2.437372, 1.845099, 29.782, -1.415254, 2.439332, 1.845188
 64940680, 30.36665, -1.081056, 2.458452, 1.849228, 29.67039, -0.7586045, 2.437372, 1.845099
 65040640, 27.11677, -0.2050861, 2.36111, 1.854142, 30.36665, -1.081056, 2.458452, 1.849228
 65140600, 26.98719, 0.2806135, 2.359019, 1.856221, 27.11677, -0.2050861, 2.36111, 1.854142
 65240560, 27.72742, 0.4731425, 2.381713, 1.859621, 26.98719, 0.2806135, 2.359019, 1.856221
 65340520, 28.35631, 0.7438735, 2.400504, 1.863919, 27.72742, 0.4731425, 2.381713, 1.859621
 65440480, 27.43079, 1.431318, 2.373587, 1.868253, 28.35631, 0.7438735, 2.400504, 1.863919
 65540440, 29.724, 1.317673, 2.443416, 1.868895, 27.43079, 1.431318, 2.373587, 1.868253
 65640400, 29.68368, -1.463547, 2.444219, 1.869938, 29.724, 1.317673, 2.443416, 1.868895
 65740360, 27.6183, -0.4813118, 2.38202, 1.873826, 29.68368, -1.463547, 2.444219, 1.869938
 65840320, 29.34564, 0.133334, 2.434746, 1.875745, 27.6183, -0.4813118, 2.38202, 1.873826
 65940280, 29.47874, 1.2802, 2.43981, 1.879614, 29.34564, 0.133334, 2.434746, 1.875745
 66040240, 30.69666, -0.352909, 2.477541, 1.881442, 29.47874, 1.2802, 2.43981, 1.879614
 66140200, 29.18771, -0.7684711, 2.431315, 1.88688, 30.69666, -0.352909, 2.477541, 1.881442
 66240160, 27.99549, -0.3852192, 2.396282, 1.890687, 29.18771, -0.7684711, 2.431315, 1.88688
 66340953, 29.5602, -1.94259, 2.443991, 1.894782, 27.99549, -0.3852192, 2.396282, 1.890687
 66440913, 28.79066, 1.554946, 2.420035, 1.89934, 29.5602, -1.94259, 2.443991, 1.894782
 66540873, 28.70276, 0.4694662, 2.419349, 1.898752, 28.79066, 1.554946, 2.420035, 1.89934
 66640833, 30.78233, -2.072181, 2.486032, 1.900063, 28.70276, 0.4694662, 2.419349, 1.898752
 66740793, 29.42995, -1.367033, 2.444607, 1.90165, 30.78233, -2.072181, 2.486032, 1.900063
 66840753, 28.83923, 1.495219, 2.426989, 1.905564, 29.42995, -1.367033, 2.444607, 1.90165
 66940713, 30.7113, -2.213069, 2.485108, 1.908295, 28.83923, 1.495219, 2.426989, 1.905564
 67040673, 27.72067, -1.335559, 2.39441, 1.911102, 30.7113, -2.213069, 2.485108, 1.908295
 67140633, 27.80762, 0.9076782, 2.398461, 1.912728, 27.72067, -1.335559, 2.39441, 1.911102
 67240593, 27.81657, 1.597807, 2.397848, 1.917488, 27.80762, 0.9076782, 2.398461, 1.912728
 67340553, 27.51548, 0.3462176, 2.390832, 1.918234, 27.81657, 1.597807, 2.397848, 1.917488
 67440513, 27.53105, 1.310531, 2.392422, 1.922642, 27.51548, 0.3462176, 2.390832, 1.918234
 67540473, 30.68878, 0.357477, 2.488496, 1.92312, 27.53105, 1.310531, 2.392422, 1.922642
 67640433, 29.70687, 1.439898, 2.46017, 1.927249, 30.68878, 0.357477, 2.488496, 1.92312
 67740393, 27.02166, -0.2161053, 2.383487, 1.928426, 29.70687, 1.439898, 2.46017, 1.927249
 67840353, 30.22321, -1.33629, 2.480195, 1.930966, 27.02166, -0.2161053, 2.383487, 1.928426
 67940313, 29.8204, -0.9290387, 2.469551, 1.932947, 30.22321, -1.33629, 2.480195, 1.930966
 68040273, 30.38537, 0.1775476, 2.487918, 1.934058, 29.8204, -0.9290387, 2.469551, 1.932947
 68140233, 30.36138, 0.4260485, 2.488444, 1.937345, 30.38537, 0.1775476, 2.487918, 1.934058
 68240193, 28.17912, 0.8149987, 2.422863, 1.942079, 30.36138, 0.4260485, 2.488444, 1.937345
 68340153, 28.1716, 0.03443222, 2.421426, 1.946163, 28.17912, 0.8149987, 2.422863, 1.942079
 68440946, 28.37984, -1.211472, 2.431021, 1.947693, 28.1716, 0.03443222, 2.421426, 1.946163
 68540906, 30.47298, 1.527508, 2.495393, 1.950335, 28.37984, -1.211472, 2.431021, 1.947693
 68640866, 30.34873, -1.544696, 2.491486, 1.955224, 30.47298, 1.527508, 2.495393, 1.950335
 68740826, 28.34244, 0.3842118, 2.431533, 1.958266, 30.34873, -1.544696, 2.491486, 1.955224
 68840786, 27.44401, -0.1835345, 2.40704, 1.961457, 28.34244, 0.3842118, 2.431533, 1.958266
 68940746, 30.90398, 0.2313138, 2.510578, 1.964978, 27.44401, -0.1835345, 2.40704, 1.961457
 69040706, 28.0294, -1.567446, 2.427258, 1.968857, 30.90398, 0.2313138, 2.510578, 1.964978
 69140666, 27.16763, -1.103741, 2.404133, 1.971264, 28.0294, -1.567446, 2.427258, 1.968857
 69240626, 28.72259, 1.296033, 2.452193, 1.971955, 27.16763, -1.103741, 2.404133, 1.971264
 69340586, 29.13071, -0.1912076, 2.463913, 1.975452, 28.72259, 1.296033, 2.452193, 1.971955
 69440546, 29.88089, -0.8613772, 2.486701, 1.977901, 29.13071, -0.1912076, 2.463913, 1.975452
 69540506, 27.48709, 0.7741895, 2.4141, 1.982745, 29.88089, -0.8613772, 2.486701, 1.977901
 69640466, 29.56502, -0.4818575, 2.472329, 1.98797, 27.48709, 0.7741895, 2.4141, 1.982745
 69740426, 28.06122, -1.884412, 2.428599, 1.991017, 29.56502, -0.4818575, 2.472329, 1.98797
 69840386, 29.94456, 0.6097101, 2.486052, 1.990768, 28.06122, -1.884412, 2.428599, 1.991017
 69940346, 28.77065, 1.552727, 2.453132, 1.991716, 29.94456, 0.6097101, 2.486052, 1.990768
 70040306, 27.12171, -0.7965878, 2.407007, 1.993208, 28.77065, 1.552727, 2.453132, 1.991716
 70140266, 29.72223, -0.1744993, 2.482574, 1.994615, 27.12171, -0.7965878, 2.407007, 1.993208
 70240226, 30.05301, 0.4416685, 2.491239, 2.000379, 29.72223, -0.1744993, 2.482574, 1.994615
 70340186, 30.3201, 0.44905, 2.501523, 2.00186, 30.05301, 0.4416685, 2.491239, 2.000379
 70440146, 27.91492, -1.195302, 2.43101, 2.005406, 30.3201, 0.44905, 2.501523, 2.00186
 70540939, 27.83658, -1.484516, 2.429552, 2.008953, 27.91492, -1.195302, 2.43101, 2.005406
 70640899, 28.06571, 0.02391824, 2.435903, 2.011822, 27.83658, -1.484516, 2.429552, 2.008953
 70740859, 28.91829, 1.472218, 2.461118, 2.015987, 28.06571, 0.02391824, 2.435903, 2.011822
 70840819, 30.97819, -0.7393068, 2.523152, 2.018754, 28.91829, 1.472218, 2.461118, 2.015987
 70940779, 27.83165, -0.817031, 2.43295, 2.018124, 30.97819, -0.7393068, 2.523152, 2.018754
 71040739, 28.45802, 0.3780574, 2.454483, 2.017986, 27.83165, -0.817031, 2.43295, 2.018124
 71140699, 28.26857, 0.7794131, 2.448883, 2.021663, 28.45802, 0.3780574, 2.454483, 2.017986
 71240659, 27.80832, -1.512605, 2.433708, 2.027668, 28.26857, 0.7794131, 2.448883, 2.021663
 71340619, 27.62391, -0.4481499, 2.426949, 2.029402, 27.80832, -1.512605, 2.433708, 2.027668
 71440579, 30.54739, 2.146856, 2.512464, 2.036318, 27.62391, -0.4481499, 2.426949, 2.029402
 71540539, 29.19908, 1.028596, 2.472933, 2.036767, 30.54739, 2.146856, 2.512464, 2.036318
 71640499, 27.11581, -1.157167, 2.41363, 2.039902, 29.19908, 1.028596, 2.472933, 2.036767
 71740459, 28.95819, 1.165696, 2.469125, 2.041296, 27.11581, -1.157167, 2.41363, 2.039902
 71840419, 29.71262, -0.8167998, 2.493117, 2.044013, 28.95819, 1.165696, 2.469125, 2.041296
 71940379, 28.35898, 1.337439, 2.45752, 2.04227, 29.71262, -0.8167998, 2.493117, 2.044013
 72040339, 27.74583, -0.971314, 2.439724, 2.045504, 28.35898, 1.337439, 2.45752, 2.04227
 72140299, 28.70312, 0.8999522, 2.466509, 2.048574, 27.74583, -0.971314, 2.439724, 2.045504
 72240259, 27.29442, 0.5530967, 2.426906, 2.048718, 28.70312, 0.8999522, 2.466509, 2.048574
 72340219, 30.80455, 1.53438, 2.527112, 2.053282, 27.29442, 0.5530967, 2.426906, 2.048718
 72440179, 30.88222, -0.539716, 2.528975, 2.05596, 30.80455, 1.53438, 2.527112, 2.053282
 72540972, 27.74768, -0.4266351, 2.437947, 2.056446, 30.88222, -0.539716, 2.528975, 2.05596
 72640932, 29.32577, -0.9449757, 2.482661, 2.058729, 27.74768, -0.4266351, 2.437947, 2.056446
 72740892, 27.03398, 2.29332, 2.418248, 2.063008, 29.32577, -0.9449757, 2.482661, 2.058729
 72840852, 27.86835, 2.299366, 2.442555, 2.064089, 27.03398, 2.29332, 2.418248, 2.063008
 72940812, 30.88562, -0.1592205, 2.528369, 2.065975, 27.86835, 2.299366, 2.442555, 2.064089
 73040772, 29.54108, 2.371892, 2.489853, 2.069603, 30.88562, -0.1592205, 2.528369, 2.065975
 73140732, 30.25021, 0.543574, 2.511408, 2.067096, 29.54108, 2.371892, 2.489853, 2.069603
 73240692, 29.34834, 0.2365033, 2.483142, 2.069217, 30.25021, 0.543574, 2.511408, 2.067096
 73340652, 30.45873, -0.1724004, 2.513305, 2.073079, 29.34834, 0.2365033, 2.483142, 2.069217
 73440612, 30.92335, -1.453088, 2.527085, 2.077897, 30.45873, -0.1724004, 2.513305, 2.073079
 73540572, 27.69193, -0.5285247, 2.436588, 2.072993, 30.92335, -1.453088, 2.527085, 2.077897
 73640532, 27.56376, -0.2256313, 2.432785, 2.07544, 27.69193, -0.5285247, 2.436588, 2.072993
 73740492, 30.97551, -1.01845, 2.532226, 2.079659, 27.56376, -0.2256313, 2.432785, 2.07544
 73840452, 28.76314, 1.093744, 2.468662, 2.078341, 30.97551, -1.01845, 2.532226, 2.079659
 73940412, 28.90559, -0.4119641, 2.470887, 2.081332, 28.76314, 1.093744, 2.468662, 2.078341
 74040372, 29.59914, 1.195314, 2.49021, 2.086135, 28.90559, -0.4119641, 2.470887, 2.081332
 74140332, 30.54502, 0.01665229, 2.51839, 2.086486, 29.59914, 1.195314, 2.49021, 2.086135
 74240292, 27.27282, -1.594414, 2.425496, 2.085908, 30.54502, 0.01665229, 2.51839, 2.086486
 74340252, 28.62754, 0.9049048, 2.46452, 2.085736, 27.27282, -1.594414, 2.425496, 2.085908
 74440212, 30.55208, 0.7272046, 2.518794, 2.091709, 28.62754, 0.9049048, 2.46452, 2.085736
 74540172, 30.7139, 1.491602, 2.52208, 2.096909, 30.55208, 0.7272046, 2.518794, 2.091709
 74640965, 30.05247, -0.7163087, 2.50214, 2.099119, 30.7139, 1.491602, 2.52208, 2.096909
 74740925, 28.95435, -1.206827, 2.470621, 2.100187, 30.05247, -0.7163087, 2.50214, 2.099119
 74840885, 28.30686, -1.147759, 2.451549, 2.100805, 28.95435, -1.206827, 2.470621, 2.100187
 74940845, 28.42106, -1.217729, 2.455956, 2.102926, 28.30686, -1.147759, 2.451549, 2.100805
 75040805, 28.39534, 0.7701765, 2.454357, 2.104982, 28.42106, -1.217729, 2.455956, 2.102926
 75140765, 28.79459, 0.1056505, 2.465198, 2.106089, 28.39534, 0.7701765, 2.454357, 2.104982
 75240725, 27.26154, 2.105317, 2.421412, 2.10918, 28.79459, 0.1056505, 2.465198, 2.106089
 75340685, 28.97355, 2.032881, 2.469711, 2.110162, 27.26154, 2.105317, 2.421412, 2.10918
 75440645, 29.45783, 0.8120898, 2.482837, 2.109842, 28.97355, 2.032881, 2.469711, 2.110162
 75540605, 30.91929, -0.4128278, 2.521671, 2.115702, 29.45783, 0.8120898, 2.482837, 2.109842
 75640565, 27.16725, 1.042586, 2.415628, 2.111714, 30.91929, -0.4128278, 2.521671, 2.115702
 75740525, 27.69281, -0.8153629, 2.427104, 2.11524, 27.16725, 1.042586, 2.415628, 2.111714
 75840485, 29.5556, -0.870804, 2.479251, 2.117282, 27.69281, -0.8153629, 2.427104, 2.11524
 75940445, 27.18365, -0.2552242, 2.410773, 2.114104, 29.5556, -0.870804, 2.479251, 2.117282
 76040405, 28.54597, -1.112252, 2.444108, 2.1197, 27.18365, -0.2552242, 2.410773, 2.114104
 76140365, 30.98438, 2.210427, 2.515255, 2.123018, 28.54597, -1.112252, 2.444108, 2.1197
 76240325, 29.66319, 2.281907, 2.478131, 2.119705, 30.98438, 2.210427, 2.515255, 2.123018
 76340285, 30.12014, -1.298207, 2.489581, 2.119989, 29.66319, 2.281907, 2.478131, 2.119705
 76440245, 29.4791, 2.068917, 2.473479, 2.117998, 30.12014, -1.298207, 2.489581, 2.119989
 76540205, 28.02178, 2.345622, 2.427935, 2.120604, 29.4791, 2.068917, 2.473479, 2.117998
 76640165, 30.52856, 0.2882362, 2.498589, 2.119058, 28.02178, 2.345622, 2.427935, 2.120604
 76740958, 27.59929, 0.5109657, 2.41452, 2.115647, 30.52856, 0.2882362, 2.498589, 2.119058
 76840918, 28.4895, 2.25624, 2.438171, 2.120187, 27.59929, 0.5109657, 2.41452, 2.115647
 76940878, 29.59693, -0.07642895, 2.464465, 2.122533, 28.4895, 2.25624, 2.438171, 2.120187
 77040838, 29.13585, 0.9928347, 2.449621, 2.121979, 29.59693, -0.07642895, 2.464465, 2.122533
 77140798, 27.63578, 2.195041, 2.406661, 2.122174, 29.13585, 0.9928347, 2.449621, 2.121979
 77240758, 29.76947, 2.225901, 2.465356, 2.123482, 27.63578, 2.195041, 2.406661, 2.122174
 77340718, 27.79536, 2.360206, 2.409108, 2.119976, 29.76947, 2.225901, 2.465356, 2.123482
 77440678, 27.33473, 2.421059, 2.395766, 2.119545, 27.79536, 2.360206, 2.409108, 2.119976
 77540638, 27.5757, -0.4886695, 2.398365, 2.120582, 27.33473, 2.421059, 2.395766, 2.119545
 77640598, 28.08713, -1.02217, 2.410534, 2.121021, 27.5757, -0.4886695, 2.398365, 2.120582
 77740558, 27.28806, -0.4520398, 2.385943, 2.120673, 28.08713, -1.02217, 2.410534, 2.121021
 77840518, 29.07663, 2.864294, 2.439414, 2.122951, 27.28806, -0.4520398, 2.385943, 2.120673
 77940478, 30.44039, 1.925846, 2.476045, 2.125056, 29.07663, 2.864294, 2.439414, 2.122951
 78040438, 29.96228, 0.01493728, 2.458006, 2.126814, 30.44039, 1.925846, 2.476045, 2.125056
 78140398, 29.21166, 2.452385, 2.436676, 2.12889, 29.96228, 0.01493728, 2.458006, 2.126814
 78240358, 27.60497, -0.8998754, 2.387586, 2.128148, 29.21166, 2.452385, 2.436676, 2.12889
 78340318, 29.55171, 2.059331, 2.444226, 2.130884, 27.60497, -0.8998754, 2.387586, 2.128148
 78440278, 28.95877, -0.2208196, 2.423358, 2.129868, 29.55171, 2.059331, 2.444226, 2.130884
 78540238, 29.53864, 2.063269, 2.441546, 2.129492, 28.95877, -0.2208196, 2.423358, 2.129868
 78640198, 29.84751, 3.082483, 2.449614, 2.133014, 29.53864, 2.063269, 2.441546, 2.129492
 78740158, 29.46757, 1.593611, 2.434897, 2.132082, 29.84751, 3.082483, 2.449614, 2.133014
 78840951, 28.72387, 2.870408, 2.413833, 2.134248, 29.46757, 1.593611, 2.434897, 2.132082
 78940911, 30.69991, 1.422487, 2.470551, 2.136801, 28.72387, 2.870408, 2.413833, 2.134248
 79040871, 27.29859, -0.4555275, 2.369773, 2.136372, 30.69991, 1.422487, 2.470551, 2.136801
 79140831, 29.05333, -0.594731, 2.416724, 2.141842, 27.29859, -0.4555275, 2.369773, 2.136372
 79240791, 30.82138, 3.120896, 2.472147, 2.145854, 29.05333, -0.594731, 2.416724, 2.141842
 79340751, 29.49727, 2.882141, 2.432317, 2.144381, 30.82138, 3.120896, 2.472147, 2.145854
 79440711, 27.92174, 0.3713748, 2.382439, 2.144694, 29.49727, 2.882141, 2.432317, 2.144381
 79540671, 28.93743, 2.369172, 2.413867, 2.148607, 27.92174, 0.3713748, 2.382439, 2.144694
 79640631, 28.53055, -0.5544196, 2.396958, 2.152206, 28.93743, 2.369172, 2.413867, 2.148607
 79740591, 27.21421, 0.6934689, 2.360155, 2.151861, 28.53055, -0.5544196, 2.396958, 2.152206
 79840551, 30.63764, 1.769776, 2.459969, 2.158992, 27.21421, 0.6934689, 2.360155, 2.151861
 79940511, 27.06406, 0.7918348, 2.359144, 2.152228, 30.63764, 1.769776, 2.459969, 2.158992
 80040471, 30.85412, 2.312701, 2.470037, 2.158091, 27.06406, 0.7918348, 2.359144, 2.152228
 80140431, 27.40712, 1.719362, 2.367823, 2.155695, 30.85412, 2.312701, 2.470037, 2.158091
 80240391, 28.34417, 2.6861, 2.394291, 2.160029, 27.40712, 1.719362, 2.367823, 2.155695
 80340351, 29.78791, 1.760965, 2.431344, 2.167243, 28.34417, 2.6861, 2.394291, 2.160029
 80440311, 27.84636, 1.853517, 2.373301, 2.168963, 29.78791, 1.760965, 2.431344, 2.167243
 80540271, 30.29368, 3.137959, 2.446923, 2.174677, 27.84636, 1.853517, 2.373301, 2.168963
 80640231, 30.5381, 0.785365, 2.451013, 2.175915, 30.29368, 3.137959, 2.446923, 2.174677
 80740191, 27.69124, 0.02403724, 2.367679, 2.173982, 30.5381, 0.785365, 2.451013, 2.175915
 80840151, 28.53867, 2.338918, 2.393543, 2.17641, 27.69124, 0.02403724, 2.367679, 2.173982
 80940944, 28.17415, 0.6976286, 2.380432, 2.177211, 28.53867, 2.338918, 2.393543, 2.17641
 81040904, 29.26575, 1.77803, 2.412633, 2.181826, 28.17415, 0.6976286, 2.380432, 2.177211
 81140864, 30.55617, 2.494182, 2.450387, 2.186529, 29.26575, 1.77803, 2.412633, 2.181826
 81240824, 27.74306, 1.620424, 2.368039, 2.18243, 30.55617, 2.494182, 2.450387, 2.186529
 81340784, 28.61064, 3.104766, 2.395262, 2.185934, 27.74306, 1.620424, 2.368039, 2.18243
 81440744, 29.80941, 0.4450032, 2.421731, 2.194232, 28.61064, 3.104766, 2.395262, 2.185934
 81540704, 29.49788, 1.4127, 2.414993, 2.195369, 29.80941, 0.4450032, 2.421731, 2.194232
 81640664, 28.81865, 1.40361, 2.396848, 2.196135, 29.49788, 1.4127, 2.414993, 2.195369
 81740624, 27.09044, 2.990274, 2.351357, 2.196852, 28.81865, 1.40361, 2.396848, 2.196135
 81840584, 29.99581, 1.409917, 2.43114, 2.202057, 27.09044, 2.990274, 2.351357, 2.196852
 81940544, 28.42944, 0.8001528, 2.38501, 2.201069, 29.99581, 1.409917, 2.43114, 2.202057
 82040504, 28.67195, -0.2785081, 2.38904, 2.20461, 28.42944, 0.8001528, 2.38501, 2.201069
 82140464, 29.92386, 2.528135, 2.427989, 2.206969, 28.67195, -0.2785081, 2.38904, 2.20461
 82240424, 29.72401, 1.219645, 2.419691, 2.206557, 29.92386, 2.528135, 2.427989, 2.206969
 82340384, 29.10657, 2.89077, 2.404836, 2.209422, 29.72401, 1.219645, 2.419691, 2.206557
 82440344, 27.05043, 2.29872, 2.345901, 2.207424, 29.10657, 2.89077, 2.404836, 2.209422
 82540304, 26.88133, 2.237775, 2.340543, 2.208479, 27.05043, 2.29872, 2.345901, 2.207424
 82640264, 28.96417, 1.720397, 2.3959, 2.213934, 26.88133, 2.237775, 2.340543, 2.208479
 82740224, 26.8441, 3.210495, 2.33576, 2.21576, 28.96417, 1.720397, 2.3959, 2.213934
 82840184, 28.39052, 2.713103, 2.375524, 2.220728, 26.8441, 3.210495, 2.33576, 2.21576
 82940977, 30.10209, 2.200343, 2.424406, 2.225583, 28.39052, 2.713103, 2.375524, 2.220728
 83040937, 27.41955, 0.3671201, 2.345323, 2.222878, 30.10209, 2.200343, 2.424406, 2.225583
 83140897, 29.9426, 0.06958914, 2.413375, 2.23257, 27.41955, 0.3671201, 2.345323, 2.222878
 83240857, 27.84274, 3.652321, 2.360674, 2.231747, 29.9426, 0.06958914, 2.413375, 2.23257
 83340817, 28.55674, 0.1240065, 2.37313, 2.234989, 27.84274, 3.652321, 2.360674, 2.231747
 83440777, 30.19867, 3.054039, 2.427842, 2.238157, 28.55674, 0.1240065, 2.37313, 2.234989
 83540737, 30.24035, 3.10503, 2.42869, 2.240534, 30.19867, 3.054039, 2.427842, 2.238157
 83640697, 28.13346, 2.492198, 2.365565, 2.238829, 30.24035, 3.10503, 2.42869, 2.240534
 83740657, 28.14944, 0.05380201, 2.359384, 2.242845, 28.13346, 2.492198, 2.365565, 2.238829
 83840617, 30.31015, 2.106295, 2.425171, 2.245276, 28.14944, 0.05380201, 2.359384, 2.242845
 83940577, 27.28649, 3.673301, 2.34062, 2.243325, 30.31015, 2.106295, 2.425171, 2.245276
 84040537, 30.61097, 1.561442, 2.429629, 2.249296, 27.28649, 3.673301, 2.34062, 2.243325
 84140497, 30.79004, 1.488388, 2.434939, 2.249418, 30.61097, 1.561442, 2.429629, 2.249296
 84240457, 30.49249, 4.095133, 2.430918, 2.25435, 30.79004, 1.488388, 2.434939, 2.249418
 84340417, 26.83776, 3.422672, 2.327557, 2.246697, 30.49249, 4.095133, 2.430918, 2.25435
 84440377, 27.60237, 1.046426, 2.341949, 2.249722, 26.83776, 3.422672, 2.327557, 2.246697
 84540337, 27.23764, 3.745323, 2.334807, 2.253626, 27.60237, 1.046426, 2.341949, 2.249722
 84640297, 29.22895, 4.173351, 2.390675, 2.262248, 27.23764, 3.745323, 2.334807, 2.253626
 84740257, 27.98174, 0.3623713, 2.348912, 2.258785, 29.22895, 4.173351, 2.390675, 2.262248
 84840217, 27.05386, 1.80679, 2.324673, 2.2583, 27.98174, 0.3623713, 2.348912, 2.258785
 84940177, 28.75202, 4.094209, 2.37337, 2.270528, 27.05386, 1.80679, 2.324673, 2.2583
 85040970, 28.39204, 0.2699925, 2.354564, 2.270998, 28.75202, 4.094209, 2.37337, 2.270528
 85140930, 27.29178, 1.453232, 2.326213, 2.268313, 28.39204, 0.2699925, 2.354564, 2.270998
 85240890, 29.01212, 3.664232, 2.379637, 2.272704, 27.29178, 1.453232, 2.326213, 2.268313
 85340850, 29.87145, 2.631416, 2.401004, 2.274607, 29.01212, 3.664232, 2.379637, 2.272704
 85440810, 27.24207, 0.8605481, 2.324377, 2.27177, 29.87145, 2.631416, 2.401004, 2.274607
 85540770, 29.5036, 1.644705, 2.386464, 2.280341, 27.24207, 0.8605481, 2.324377, 2.27177
 85640730, 29.97271, 2.62143, 2.399221, 2.286284, 29.5036, 1.644705, 2.386464, 2.280341
 85740690, 28.57576, 1.349746, 2.356656, 2.286817, 29.97271, 2.62143, 2.399221, 2.286284
 85840650, 30.7676, 2.338066, 2.421176, 2.294924, 28.57576, 1.349746, 2.356656, 2.286817
 85940610, 29.49267, 4.425735, 2.388517, 2.299185, 30.7676, 2.338066, 2.421176, 2.294924
 86040570, 30.52743, 2.438184, 2.412808, 2.302772, 29.49267, 4.425735, 2.388517, 2.299185
 86140530, 28.40261, 2.530764, 2.353421, 2.300117, 30.52743, 2.438184, 2.412808, 2.302772
 86240490, 30.48495, 1.586416, 2.410952, 2.308945, 28.40261, 2.530764, 2.353421, 2.300117
 86340450, 28.14085, 3.110038, 2.347971, 2.307328, 30.48495, 1.586416, 2.410952, 2.308945
 86440410, 30.7344, 3.508029, 2.423125, 2.317705, 28.14085, 3.110038, 2.347971, 2.307328
 86540370, 27.39772, 3.912405, 2.33024, 2.31513, 30.7344, 3.508029, 2.423125, 2.317705
 86640330, 27.25185, 1.883772, 2.321392, 2.317993, 27.39772, 3.912405, 2.33024, 2.31513
 86740290, 29.79672, 1.027595, 2.389667, 2.330238, 27.25185, 1.883772, 2.321392, 2.317993
 86840250, 27.65676, 3.442075, 2.336653, 2.328439, 29.79672, 1.027595, 2.389667, 2.330238
 86940210, 28.75245, 2.780668, 2.366472, 2.333905, 27.65676, 3.442075, 2.336653, 2.328439
 87040170, 28.84203, 3.24038, 2.368618, 2.340077, 28.75245, 2.780668, 2.366472, 2.333905
 87140963, 27.09127, 3.266914, 2.32104, 2.339025, 28.84203, 3.24038, 2.368618, 2.340077
 87240923, 29.90847, 1.299594, 2.393137, 2.351278, 27.09127, 3.266914, 2.32104, 2.339025
 87340883, 30.91977, 0.7068906, 2.422072, 2.357842, 29.90847, 1.299594, 2.393137, 2.351278
 87440843, 30.77367, 2.481527, 2.423615, 2.358896, 30.91977, 0.7068906, 2.422072, 2.357842
 87540803, 29.88222, 1.768363, 2.395969, 2.362218, 30.77367, 2.481527, 2.423615, 2.358896
 87640763, 27.72161, 1.218937, 2.336025, 2.361586, 29.88222, 1.768363, 2.395969, 2.362218
 87740723, 30.4078, 4.678703, 2.42085, 2.37441, 27.72161, 1.218937, 2.336025, 2.361586
 87840683, 28.0431, 2.501423, 2.348939, 2.369861, 30.4078, 4.678703, 2.42085, 2.37441
 87940643, 29.33298, 1.580243, 2.380273, 2.379484, 28.0431, 2.501423, 2.348939, 2.369861
 88040603, 29.3892, 1.332273, 2.380775, 2.384809, 29.33298, 1.580243, 2.380273, 2.379484
 88140563, 28.06063, 2.036367, 2.348949, 2.381847, 29.3892, 1.332273, 2.380775, 2.384809
 88240523, 27.14909, 2.845719, 2.32462, 2.386023, 28.06063, 2.036367, 2.348949, 2.381847
 88340483, 30.7944, 4.134955, 2.42809, 2.402643, 27.14909, 2.845719, 2.32462, 2.386023
 88440443, 27.97018, 1.135699, 2.342275, 2.397906, 30.7944, 4.134955, 2.42809, 2.402643
 88540403, 28.61669, 1.378056, 2.360861, 2.403837, 27.97018, 1.135699, 2.342275, 2.397906
 88640363, 28.0584, 4.612978, 2.353616, 2.409752, 28.61669, 1.378056, 2.360861, 2.403837
 88740323, 30.52594, 4.476304, 2.423679, 2.418924, 28.0584, 4.612978, 2.353616, 2.409752
 88840283, 28.27609, 4.191054, 2.359687, 2.418226, 30.52594, 4.476304, 2.423679, 2.418924
 88940243, 28.86058, 4.70754, 2.375424, 2.427549, 28.27609, 4.191054, 2.359687, 2.418226
 89040203, 26.56738, 4.387097, 2.31464, 2.424263, 28.86058, 4.70754, 2.375424, 2.427549
 89140163, 28.31074, 2.308651, 2.358265, 2.428637, 26.56738, 4.387097, 2.31464, 2.424263
 89240956, 28.85483, 4.751677, 2.379964, 2.435725, 28.31074, 2.308651, 2.358265, 2.428637
 89340916, 28.74115, 2.45829, 2.368778, 2.439026, 28.85483, 4.751677, 2.379964, 2.435725
 89440876, 29.29229, 2.281409, 2.384343, 2.442659, 28.74115, 2.45829, 2.368778, 2.439026
 89540836, 26.91553, 0.7832398, 2.315945, 2.441532, 29.29229, 2.281409, 2.384343, 2.442659
 89640796, 29.40624, 4.57486, 2.390636, 2.455477, 26.91553, 0.7832398, 2.315945, 2.441532
 89740756, 27.07028, 2.778553, 2.322445, 2.451027, 29.40624, 4.57486, 2.390636, 2.455477
 89840716, 28.33107, 3.498757, 2.356986, 2.459055, 27.07028, 2.778553, 2.322445, 2.451027
 89940676, 29.02803, 4.58156, 2.379898, 2.46601, 28.33107, 3.498757, 2.356986, 2.459055
 90040636, 31.05842, 1.376388, 2.427071, 2.475879, 29.02803, 4.58156, 2.379898, 2.46601
 90140596, 28.00198, 4.242764, 2.352478, 2.467803, 31.05842, 1.376388, 2.427071, 2.475879
 90240556, 26.99798, 1.545061, 2.318293, 2.468324, 28.00198, 4.242764, 2.352478, 2.467803
 90340516, 29.31134, 3.216465, 2.383971, 2.480018, 26.99798, 1.545061, 2.318293, 2.468324
 90440476, 29.12806, 5.364141, 2.385014, 2.486943, 29.31134, 3.216465, 2.383971, 2.480018
 90540436, 29.63159, 5.258396, 2.397722, 2.492659, 29.12806, 5.364141, 2.385014, 2.486943
 90640396, 28.88732, 1.203667, 2.364381, 2.493439, 29.63159, 5.258396, 2.397722, 2.492659
 90740356, 30.71697, 4.321508, 2.425687, 2.501675, 28.88732, 1.203667, 2.364381, 2.493439
 90840316, 27.56922, 1.946391, 2.333286, 2.495082, 30.71697, 4.321508, 2.425687, 2.501675
 90940276, 30.39123, 5.327181, 2.418905, 2.511201, 27.56922, 1.946391, 2.333286, 2.495082
 91040236, 26.91657, 1.554313, 2.314599, 2.501637, 30.39123, 5.327181, 2.418905, 2.511201
 91140196, 27.24135, 1.30882, 2.323802, 2.506002, 26.91657, 1.554313, 2.314599, 2.501637
 91240156, 26.9845, 4.985102, 2.328494, 2.510773, 27.24135, 1.30882, 2.323802, 2.506002
 91340949, 30.60351, 3.27226, 2.419907, 2.52455, 26.9845, 4.985102, 2.328494, 2.510773
 91440909, 26.98564, 4.831248, 2.324847, 2.520034, 30.60351, 3.27226, 2.419907, 2.52455
 91540869, 26.77776, 5.06874, 2.31855, 2.525547, 26.98564, 4.831248, 2.324847, 2.520034
 91640829, 30.70288, 1.601779, 2.412904, 2.541044, 26.77776, 5.06874, 2.31855, 2.525547
 91740789, 31.2149, 1.588322, 2.428206, 2.546945, 30.70288, 1.601779, 2.412904, 2.541044
 91840749, 27.08711, 5.519794, 2.329368, 2.539346, 31.2149, 1.588322, 2.428206, 2.546945
 91940709, 28.89717, 5.723602, 2.377279, 2.550486, 27.08711, 5.519794, 2.329368, 2.539346
 92040669, 26.98089, 1.908466, 2.315815, 2.545694, 28.89717, 5.723602, 2.377279, 2.550486
 92140629, 27.4451, 2.526215, 2.330291, 2.551508, 26.98089, 1.908466, 2.315815, 2.545694
 92240589, 29.13976, 3.625327, 2.377499, 2.56255, 27.4451, 2.526215, 2.330291, 2.551508
 92340549, 30.19548, 5.171692, 2.414526, 2.569669, 29.13976, 3.625327, 2.377499, 2.56255
 92440509, 27.16996, 5.566487, 2.33641, 2.564246, 30.19548, 5.171692, 2.414526, 2.569669
 92540469, 26.6716, 3.466148, 2.317061, 2.561876, 27.16996, 5.566487, 2.33641, 2.564246
 92640429, 30.5225, 6.076003, 2.422801, 2.584128, 26.6716, 3.466148, 2.317061, 2.561876
 92740389, 29.62456, 4.398546, 2.388141, 2.582281, 30.5225, 6.076003, 2.422801, 2.584128
 92840349, 30.11182, 2.611267, 2.395984, 2.583511, 29.62456, 4.398546, 2.388141, 2.582281
 92940309, 28.48771, 1.816836, 2.349649, 2.578724, 30.11182, 2.611267, 2.395984, 2.583511
 93040269, 26.90374, 5.771655, 2.315699, 2.581534, 28.48771, 1.816836, 2.349649, 2.578724
 93140229, 30.29506, 3.394634, 2.391136, 2.595775, 26.90374, 5.771655, 2.315699, 2.581534
 93240189, 29.58075, 6.17671, 2.381091, 2.595824, 30.29506, 3.394634, 2.391136, 2.595775
 93340149, 28.96982, 3.365477, 2.353281, 2.589913, 29.58075, 6.17671, 2.381091, 2.595824
 93440942, 28.90649, 2.065256, 2.347914, 2.588799, 28.96982, 3.365477, 2.353281, 2.589913
 93540902, 27.33207, 5.336418, 2.315746, 2.586328, 28.90649, 2.065256, 2.347914, 2.588799
 93640862, 29.96222, 3.919261, 2.375853, 2.59762, 27.33207, 5.336418, 2.315746, 2.586328
 93740822, 29.30513, 5.923288, 2.363117, 2.59814, 29.96222, 3.919261, 2.375853, 2.59762
 93840782, 27.00015, 2.049121, 2.288884, 2.585826, 29.30513, 5.923288, 2.363117, 2.59814
 93940742, 26.64626, 2.808873, 2.278181, 2.587242, 27.00015, 2.049121, 2.288884, 2.585826
 94040702, 28.91979, 5.527834, 2.344973, 2.598862, 26.64626, 2.808873, 2.278181, 2.587242
 94140662, 28.11715, 4.570441, 2.318669, 2.595743, 28.91979, 5.527834, 2.344973, 2.598862
 94240622, 30.18952, 3.629659, 2.370613, 2.602997, 28.11715, 4.570441, 2.318669, 2.595743
 94340582, 30.68567, 6.071115, 2.393564, 2.605994, 30.18952, 3.629659, 2.370613, 2.602997
 94440542, 27.65803, 5.538331, 2.305322, 2.596579, 30.68567, 6.071115, 2.393564, 2.605994
 94540502, 27.1209, 3.226559, 2.279387, 2.594868, 27.65803, 5.538331, 2.305322, 2.596579
 94640462, 27.40682, 2.405694, 2.281736, 2.597342, 27.1209, 3.226559, 2.279387, 2.594868
 94740422, 27.45057, 5.578781, 2.289733, 2.600675, 27.40682, 2.405694, 2.281736, 2.597342
 94840382, 30.49273, 2.475493, 2.357585, 2.610826, 27.45057, 5.578781, 2.289733, 2.600675
 94940342, 28.21335, 2.803844, 2.295969, 2.599414, 30.49273, 2.475493, 2.357585, 2.610826
 95040302, 30.57776, 6.228059, 2.367974, 2.614236, 28.21335, 2.803844, 2.295969, 2.599414
 95140262, 27.16784, 5.40061, 2.270846, 2.599248, 30.57776, 6.228059, 2.367974, 2.614236
 95240222, 26.77587, 3.881153, 2.253674, 2.595279, 27.16784, 5.40061, 2.270846, 2.599248
 95340182, 27.87468, 2.220803, 2.274778, 2.599879, 26.77587, 3.881153, 2.253674, 2.595279
 95440975, 27.80765, 4.085826, 2.27904, 2.597335, 27.87468, 2.220803, 2.274778, 2.599879
 95540935, 29.57285, 3.87647, 2.322129, 2.604784, 27.80765, 4.085826, 2.27904, 2.597335
 95640895, 27.39512, 3.967977, 2.261365, 2.598301, 29.57285, 3.87647, 2.322129, 2.604784
 95740855, 26.60086, 3.895269, 2.235649, 2.599625, 27.39512, 3.967977, 2.261365, 2.598301
 95840815, 28.52987, 2.223452, 2.276013, 2.610458, 26.60086, 3.895269, 2.235649, 2.599625
 95940775, 28.53634, 2.203805, 2.273609, 2.612426, 28.52987, 2.223452, 2.276013, 2.610458
 96040735, 26.52827, 4.811608, 2.232982, 2.604121, 28.53634, 2.203805, 2.273609, 2.612426
 96140695, 27.83535, 4.832378, 2.26535, 2.612813, 26.52827, 4.811608, 2.232982, 2.604121
 96240655, 26.66076, 2.760032, 2.22883, 2.610103, 27.83535, 4.832378, 2.26535, 2.612813
 96340615, 29.58353, 3.920031, 2.306435, 2.628801, 26.66076, 2.760032, 2.22883, 2.610103
 96440575, 29.75585, 6.521332, 2.321182, 2.637768, 29.58353, 3.920031, 2.306435, 2.628801
 96540535, 27.86528, 2.771214, 2.25518, 2.631396, 29.75585, 6.521332, 2.321182, 2.637768
 96640495, 28.78616, 5.323114, 2.288687, 2.641805, 27.86528, 2.771214, 2.25518, 2.631396
 96740455, 29.45464, 6.480763, 2.307368, 2.655232, 28.78616, 5.323114, 2.288687, 2.641805
 96840415, 29.75142, 4.943482, 2.30649, 2.660485, 29.45464, 6.480763, 2.307368, 2.655232
 96940375, 29.42166, 4.570617, 2.297253, 2.66267, 29.75142, 4.943482, 2.30649, 2.660485
 97040335, 27.76453, 3.854278, 2.251534, 2.659547, 29.42166, 4.570617, 2.297253, 2.66267
 97140295, 27.09415, 6.656953, 2.24526, 2.666738, 27.76453, 3.854278, 2.251534, 2.659547
 97240255, 27.4848, 4.403111, 2.24586, 2.668821, 27.09415, 6.656953, 2.24526, 2.666738
 97340215, 28.22245, 5.723003, 2.271914, 2.676039, 27.4848, 4.403111, 2.24586, 2.668821
 97440175, 26.66906, 3.342199, 2.22142, 2.673346, 28.22245, 5.723003, 2.271914, 2.676039
 97540968, 28.80187, 5.721145, 2.287322, 2.687327, 26.66906, 3.342199, 2.22142, 2.673346
 97640928, 28.23011, 6.678254, 2.275488, 2.69205, 28.80187, 5.721145, 2.287322, 2.687327
 97740888, 29.67603, 4.822733, 2.30582, 2.699394, 28.23011, 6.678254, 2.275488, 2.69205
 97840848, 26.6419, 2.63884, 2.21799, 2.691226, 29.67603, 4.822733, 2.30582, 2.699394
 97940808, 28.59178, 6.28753, 2.283019, 2.706101, 26.6419, 2.63884, 2.21799, 2.691226
 98040768, 29.73463, 4.003742, 2.300845, 2.715568, 28.59178, 6.28753, 2.283019, 2.706101
 98140728, 26.53022, 4.886656, 2.222973, 2.706562, 29.73463, 4.003742, 2.300845, 2.715568
 98240688, 26.70406, 6.865895, 2.237672, 2.714049, 26.53022, 4.886656, 2.222973, 2.706562
 98340648, 28.10199, 3.035141, 2.258841, 2.718578, 26.70406, 6.865895, 2.237672, 2.714049
 98440608, 29.64749, 3.34845, 2.297591, 2.732588, 28.10199, 3.035141, 2.258841, 2.718578
 98540568, 26.02433, 5.858355, 2.214113, 2.725101, 29.64749, 3.34845, 2.297591, 2.732588
 98640528, 27.53847, 6.808224, 2.25377, 2.740539, 26.02433, 5.858355, 2.214113, 2.725101
 98740488, 27.59259, 4.961685, 2.245727, 2.744333, 27.53847, 6.808224, 2.25377, 2.740539
 98840448, 27.08038, 6.129425, 2.237511, 2.750213, 27.59259, 4.961685, 2.245727, 2.744333
 98940408, 29.16263, 5.939851, 2.289937, 2.766008, 27.08038, 6.129425, 2.237511, 2.750213
 99040368, 27.28167, 4.729168, 2.239153, 2.760119, 29.16263, 5.939851, 2.289937, 2.766008
 99140328, 29.5793, 6.961931, 2.309684, 2.778407, 27.28167, 4.729168, 2.239153, 2.760119
 99240288, 27.07719, 6.492776, 2.242635, 2.773379, 29.5793, 6.961931, 2.309684, 2.778407
 99340248, 28.08496, 3.210093, 2.25183, 2.782665, 27.07719, 6.492776, 2.242635, 2.773379
 99440208, 27.17526, 4.20172, 2.232943, 2.784022, 28.08496, 3.210093, 2.25183, 2.782665
 99540168, 29.7503, 6.167653, 2.307236, 2.800131, 27.17526, 4.20172, 2.232943, 2.784022
 99640961, 29.78683, 5.312068, 2.299499, 2.804269, 29.7503, 6.167653, 2.307236, 2.800131
 99740921, 29.91848, 3.701793, 2.291342, 2.808622, 29.78683, 5.312068, 2.299499, 2.804269
 99840881, 28.58564, 6.664582, 2.270702, 2.802465, 29.91848, 3.701793, 2.291342, 2.808622
 99940841, 28.81803, 6.986016, 2.274397, 2.805956, 28.58564, 6.664582, 2.270702, 2.802465
 100040801, 30.00802, 7.434268, 2.303392, 2.815482, 28.81803, 6.986016, 2.274397, 2.805956
 100140761, 29.67836, 7.755729, 2.294661, 2.815075, 30.00802, 7.434268, 2.303392, 2.815482
 100240721, 26.89477, 5.051401, 2.209464, 2.796155, 29.67836, 7.755729, 2.294661, 2.815075
 100340681, 27.2206, 4.384099, 2.207823, 2.801398, 26.89477, 5.051401, 2.209464, 2.796155
 100440641, 27.95345, 4.214776, 2.221466, 2.805164, 27.2206, 4.384099, 2.207823, 2.801398
 100540601, 27.54114, 4.59521, 2.211938, 2.802312, 27.95345, 4.214776, 2.221466, 2.805164
 100640561, 28.0531, 4.642704, 2.226388, 2.802933, 27.54114, 4.59521, 2.211938, 2.802312
 100740521, 29.74409, 4.473885, 2.265874, 2.813822, 28.0531, 4.642704, 2.226388, 2.802933
 100840481, 29.41707, 4.056302, 2.252286, 2.812328, 29.74409, 4.473885, 2.265874, 2.813822
 100940441, 29.98423, 6.069829, 2.275653, 2.816252, 29.41707, 4.056302, 2.252286, 2.812328
 101040401, 26.69501, 6.58656, 2.192475, 2.80193, 29.98423, 6.069829, 2.275653, 2.816252
 101140361, 29.43944, 6.54223, 2.255538, 2.819579, 26.69501, 6.58656, 2.192475, 2.80193
 101240321, 29.7793, 3.803953, 2.244161, 2.824892, 29.43944, 6.54223, 2.255538, 2.819579
 101340281, 26.70711, 6.727002, 2.179551, 2.812591, 29.7793, 3.803953, 2.244161, 2.824892
 101440241, 29.42217, 6.374248, 2.242694, 2.827298, 26.70711, 6.727002, 2.179551, 2.812591
 101540201, 27.97356, 5.430335, 2.199765, 2.817301, 29.42217, 6.374248, 2.242694, 2.827298
 101640161, 30.29476, 5.644092, 2.259414, 2.829785, 27.97356, 5.430335, 2.199765, 2.817301
 101740954, 30.87086, 5.302569, 2.269924, 2.833904, 30.29476, 5.644092, 2.259414, 2.829785
 101840914, 26.56055, 3.534301, 2.147843, 2.810909, 30.87086, 5.302569, 2.269924, 2.833904
 101940874, 29.83142, 6.583214, 2.244658, 2.829339, 26.56055, 3.534301, 2.147843, 2.810909
 102040834, 28.86297, 4.416039, 2.207257, 2.82289, 29.83142, 6.583214, 2.244658, 2.829339
 102140794, 28.75726, 5.524268, 2.208548, 2.823922, 28.86297, 4.416039, 2.207257, 2.82289
 102240754, 27.90566, 7.788524, 2.193464, 2.827636, 28.75726, 5.524268, 2.208548, 2.823922
 102340714, 28.0236, 8.082501, 2.19484, 2.828538, 27.90566, 7.788524, 2.193464, 2.827636
 102440674, 26.60139, 4.158125, 2.138407, 2.814861, 28.0236, 8.082501, 2.19484, 2.828538
 102540634, 27.26838, 3.597376, 2.147483, 2.821052, 26.60139, 4.158125, 2.138407, 2.814861
 102640594, 27.47028, 5.951576, 2.161613, 2.824767, 27.26838, 3.597376, 2.147483, 2.821052
 102740554, 28.41716, 6.126006, 2.184903, 2.828256, 27.47028, 5.951576, 2.161613, 2.824767
 102840514, 26.81607, 7.606016, 2.148026, 2.825332, 28.41716, 6.126006, 2.184903, 2.828256
 102940474, 28.39345, 7.084484, 2.18025, 2.833084, 26.81607, 7.606016, 2.148026, 2.825332
 103040434, 30.56156, 5.607444, 2.229228, 2.837741, 28.39345, 7.084484, 2.18025, 2.833084
 103140394, 27.35701, 8.041531, 2.153607, 2.823752, 30.56156, 5.607444, 2.229228, 2.837741
 103240354, 27.04909, 5.259561, 2.123861, 2.816791, 27.35701, 8.041531, 2.153607, 2.823752
 103340314, 26.33252, 6.583658, 2.107765, 2.812567, 27.04909, 5.259561, 2.123861, 2.816791
 103440274, 29.22374, 4.478372, 2.165357, 2.823356, 26.33252, 6.583658, 2.107765, 2.812567
 103540234, 27.24927, 6.918694, 2.124665, 2.81136, 29.22374, 4.478372, 2.165357, 2.823356
 103640194, 27.40175, 7.387269, 2.127749, 2.808755, 27.24927, 6.918694, 2.124665, 2.81136
 103740154, 26.55617, 5.15752, 2.087439, 2.800231, 27.40175, 7.387269, 2.127749, 2.808755
 103840947, 30.2897, 7.174288, 2.189161, 2.822006, 26.55617, 5.15752, 2.087439, 2.800231
 103940907, 27.72876, 7.805837, 2.123333, 2.804465, 30.2897, 7.174288, 2.189161, 2.822006
 104040867, 28.21196, 6.720453, 2.125996, 2.801618, 27.72876, 7.805837, 2.123333, 2.804465
 104140827, 28.9026, 4.856926, 2.126645, 2.802915, 28.21196, 6.720453, 2.125996, 2.801618
 104240787, 30.11994, 8.399948, 2.171096, 2.814398, 28.9026, 4.856926, 2.126645, 2.802915
 104340747, 26.97929, 4.978958, 2.066501, 2.786945, 30.11994, 8.399948, 2.171096, 2.814398
 104440707, 26.23356, 6.829733, 2.0567, 2.779881, 26.97929, 4.978958, 2.066501, 2.786945
 104540667, 26.01777, 6.824604, 2.04756, 2.774966, 26.23356, 6.829733, 2.0567, 2.779881
 104640627, 27.95782, 8.117212, 2.098782, 2.785938, 26.01777, 6.824604, 2.04756, 2.774966
 104740587, 28.14535, 4.406931, 2.0785, 2.77861, 27.95782, 8.117212, 2.098782, 2.785938
 104840547, 30.74558, 5.445604, 2.150729, 2.789156, 28.14535, 4.406931, 2.0785, 2.77861
 104940507, 29.75336, 7.984477, 2.133239, 2.784533, 30.74558, 5.445604, 2.150729, 2.789156
 105040467, 28.0044, 4.302759, 2.061516, 2.768014, 29.75336, 7.984477, 2.133239, 2.784533
 105140427, 30.0933, 7.602674, 2.134155, 2.778592, 28.0044, 4.302759, 2.061516, 2.768014
 105240387, 29.56376, 8.997714, 2.125294, 2.775141, 30.0933, 7.602674, 2.134155, 2.778592
 105340347, 29.22307, 5.403821, 2.091072, 2.761923, 29.56376, 8.997714, 2.125294, 2.775141
 105440307, 26.90532, 6.669422, 2.034684, 2.745427, 29.22307, 5.403821, 2.091072, 2.761923
 105540267, 27.55955, 4.567654, 2.034286, 2.744822, 26.90532, 6.669422, 2.034684, 2.745427
 105640227, 28.50674, 6.683672, 2.067882, 2.747703, 27.55955, 4.567654, 2.034286, 2.744822
 105740187, 28.67542, 5.113862, 2.059747, 2.743906, 28.50674, 6.683672, 2.067882, 2.747703
 105840147, 26.3135, 6.902803, 2.00683, 2.728117, 28.67542, 5.113862, 2.059747, 2.743906
 105940940, 27.16965, 7.151937, 2.02383, 2.731345, 26.3135, 6.902803, 2.00683, 2.728117
 106040900, 29.48003, 8.807013, 2.089882, 2.74697, 27.16965, 7.151937, 2.02383, 2.731345
 106140860, 26.68675, 6.959142, 2.002057, 2.722083, 29.48003, 8.807013, 2.089882, 2.74697
 106240820, 26.18964, 7.128053, 1.986124, 2.715937, 26.68675, 6.959142, 2.002057, 2.722083
 106340780, 29.48549, 8.720307, 2.076812, 2.737019, 26.18964, 7.128053, 1.986124, 2.715937
 106440740, 29.3567, 6.054747, 2.05326, 2.729518, 29.48549, 8.720307, 2.076812, 2.737019
 106540700, 26.75003, 5.65617, 1.977324, 2.71258, 29.3567, 6.054747, 2.05326, 2.729518
 106640660, 27.81679, 6.23555, 2.003651, 2.720776, 26.75003, 5.65617, 1.977324, 2.71258
 106740620, 26.89807, 7.61579, 1.983356, 2.720181, 27.81679, 6.23555, 2.003651, 2.720776
 106840580, 26.47979, 5.6079, 1.960496, 2.712611, 26.89807, 7.61579, 1.983356, 2.720181
 106940540, 26.34738, 8.386558, 1.972152, 2.716744, 26.47979, 5.6079, 1.960496, 2.712611
 107040500, 30.47667, 5.599545, 2.060799, 2.739349, 26.34738, 8.386558, 1.972152, 2.716744
 107140460, 26.0745, 8.238641, 1.961309, 2.715267, 30.47667, 5.599545, 2.060799, 2.739349
 107240420, 30.20201, 6.82393, 2.05784, 2.738483, 26.0745, 8.238641, 1.961309, 2.715267
 107340380, 29.73371, 6.264683, 2.039826, 2.734218, 30.20201, 6.82393, 2.05784, 2.738483
 107440340, 26.40027, 7.73241, 1.959599, 2.716071, 29.73371, 6.264683, 2.039826, 2.734218
 107540300, 30.15831, 5.947329, 2.043432, 2.740171, 26.40027, 7.73241, 1.959599, 2.716071
 107640260, 27.86101, 8.20453, 1.995115, 2.729817, 30.15831, 5.947329, 2.043432, 2.740171
 107740220, 29.84222, 5.616396, 2.028111, 2.741398, 27.86101, 8.20453, 1.995115, 2.729817
 107840180, 29.38252, 8.396923, 2.035113, 2.740792, 29.84222, 5.616396, 2.028111, 2.741398
 107940973, 29.58542, 9.081552, 2.04338, 2.743229, 29.38252, 8.396923, 2.035113, 2.740792
 108040933, 29.03887, 4.244924, 2.147335, 2.615592, 29.58542, 9.081552, 2.04338, 2.743229
 108140893, 26.95852, 5.662011, 2.094337, 2.60753, 29.03887, 4.244924, 2.147335, 2.615592
 108240853, 26.61438, 5.499659, 2.053542, 2.630383, 26.95852, 5.662011, 2.094337, 2.60753
 108340813, 26.51002, 5.940722, 2.005544, 2.684683, 26.61438, 5.499659, 2.053542, 2.630383
 108440773, 28.81553, 6.021217, 2.029737, 2.786919, 26.51002, 5.940722, 2.005544, 2.684683
 108540733, 26.75739, 9.485826, 1.998709, 2.918577, 28.81553, 6.021217, 2.029737, 2.786919
 108640693, 26.67716, 8.551959, 2.01973, 3.120473, 26.75739, 9.485826, 1.998709, 2.918577
 108740653, 23.74949, 8.839056, 2.039384, 3.415374, 26.67716, 8.551959, 2.01973, 3.120473
 108840613, 21.3789, 5.889278, 2.11376, 3.839414, 23.74949, 8.839056, 2.039384, 3.415374
 108940573, 19.69125, 8.343799, 2.231771, 4.383837, 21.3789, 5.889278, 2.11376, 3.839414
 109040533, 17.82117, 6.685272, 2.258556, 4.863979, 19.69125, 8.343799, 2.231771, 4.383837
 109140493, 20.49456, 4.302715, 2.128078, 5.142641, 17.82117, 6.685272, 2.258556, 4.863979
